"id","Scenario","Actual Range","Protocol","Buildings","Total nodes","Nodes on circ","Total coverage","Coverage on circ","Alert received mean time","Hops","Slots","Messages sent","Messages received", "Starting x", "Starting y","Starting node", "Vehicle distance", "Received node ids", "Node ids", "Transmission map", "Received on circ nodes", "Transmission vector"
0,1,500,500,0,1776,80,1776,80,1365,3.4375,3.9875,695,1776,1153.84,1884.7,310,25,309_311_308_312_294_314_293_275_274_315_276_287_273_277_316_286_272_699_249_285_317_278_851_250_698_700_248_284_318_850_852_251_325_697_701_271_1196_252_849_279_283_323_1197_853_296_295_319_297_270_244_253_1198_298_847_848_281_233_268_1200_245_320_259_299_254_260_232_703_231_1201_282_307_306_300_246_261_321_257_234_1202_704_1190_1189_1191_1747_255_1187_263_262_1750_1186_230_256_1748_1749_1746_1203_1195_1220_1751_235_1223_326_1185_330_229_264_322_1745_237_1460_1756_1757_1758_1165_1755_228_265_1759_1753_327_1164_301_331_1752_1192_1204_202_288_238_1219_1760_266_1163_227_1167_1175_1174_328_1461_332_239_1741_1742_1740_1193_1205_303_289_191_267_1744_226_1218_1761_240_1130_1168_1176_1733_333_1131_1739_1734_329_1462_1731_304_223_1730_290_1169_1194_1206_241_1735_1217_1729_1762_1132_1129_1178_1728_222_1463_1738_686_1170_236_1134_435_225_1717_1718_447_1736_1727_1719_1128_458_213_292_242_705_1207_469_1216_305_1179_1140_1720_221_1726_1767_1763_480_1184_1135_1171_1464_1737_491_180_1725_1774_220_1722_243_695_696_1127_1141_1768_342_646_1716_694_502_1214_693_1180_1215_1723_334_1172_1136_1208_513_1126_1769_1213_1142_1764_690_1459_169_4_341_635_1260_1181_1775_216_1616_1239_1137_1125_1770_1261_1143_1173_524_1615_657_181_5_1457_845_1138_217_1452_1263_1614_1079_624_1451_1458_1237_669_680_613_691_702_713_602_535_158_546_1258_591_558_147_247_569_580_136_258_770_771_1080_125_269_769_759_767_733_114_1073_760_280_380_766_1072_758_1074_884_102_765_291_391_885_1071_764_883_91_302_763_402_882_80_734_762_886_413_324_736_69_424_336_47_369_738_347_890_548_739_358_551_740_544_1724_1212_1211_1617_1492_6_1209_1145_1224_1618_1491_1240_692_7_1146_1225_186_1619_1490_1226_185_8_1147_1238_1156_1489_184_1257_9_1148_1227_187_1236_1157_1149_183_1228_1486_10_1485_1235_1465_188_74_1158_1487_1456_182_1473_1229_1150_1139_1234_11_1256_1467_1159_1623_1160_1161_1474_1468_1151_1454_190_1475_1484_1254_1123_189_1232_1230_73_1162_192_1476_1231_179_1124_99_683_1241_1469_1472_98_1471_193_1152_1470_72_1453_1253_97_1121_1478_684_1563_1091_194_96_1092_71_1090_1494_1242_1153_1479_1252_685_1089_1093_95_195_1120_1562_1087_100_1057_1058_1480_1094_94_70_1059_1154_1243_178_86_1108_1561_1495_75_1575_1574_1481_1060_1573_68_1056_1183_93_1572_1245_1182_670_671_177_1107_1116_667_1496_87_1482_1576_1095_1061_666_1109_1112_1113_1114_92_1115_1117_1097_665_1483_1098_1096_1497_215_1247_101_176_214_664_1054_803_706_809_1118_212_1498_1100_89_1493_175_211_1119_1053_801_707_808_210_1101_804_1062_103_800_1052_708_805_807_1399_1102_1388_104_1051_826_1103_1104_887_761_737_756_768_757_547_755_891_780_553_552_545_746_58_550_716_754_791_715_892_36_549_714_724_753_881_712_752_735_313_893_711_717_732_25_543_802_880_729_907_742_728_14_731_542_906_727_908_813_879_726_894_3_824_905_730_541_743_725_909_794_870_868_869_871_1765_878_1070_904_895_872_910_744_540_1078_835_793_1754_873_723_903_741_876_782_783_874_896_781_846_539_841_745_867_1743_778_722_842_792_1075_1069_777_721_719_720_875_1076_857_790_538_776_1732_843_865_784_747_775_1068_897_912_1721_537_864_844_913_785_774_531_466_1067_465_464_898_536_1710_899_748_463_914_532_773_786_467_534_901_462_1065_526_1699_455_533_915_461_355_772_902_787_468_456_460_1064_525_916_1063_554_1081_561_371_356_354_459_1688_749_718_457_454_370_788_1082_917_523_368_359_710_470_1083_562_453_1677_750_366_507_789_361_709_522_452_563_350_365_471_372_919_408_527_564_595_1040_90_673_88_663_674_662_675_67_109_110_108_111_60_66_59_76_107_61_63_672_65_77_62_106_85_57_38_64_105_78_648_56_84_37_79_647_55_117_81_112_35_82_116_645_12_13_34_115_15_644_16_54_33_83_118_17_614_615_53_18_617_32_618_119_661_642_619_616_641_608_19_660_52_620_640_659_639_31_120_621_20_638_658_51_622_632_609_21_637_121_623_30_610_50_1712_631_1711_1713_22_1709_625_1714_126_611_27_28_26_29_24_626_39_612_23_679_1715_630_122_124_40_627_681_682_123_656_655_1708_629_628_633_41_1707_643_196_1706_46_42_197_127_1705_636_48_198_43_1704_654_653_49_652_199_129_677_1450_1449_1448_1447_1564_1560_1446_1581_1565_1582_1445_1567_1568_1442_1556_1569_1441_1553_1570_1552_1557_1571_1551_1506_1558_1507_1505_1559_1508_1500_1440_1583_1509_1439_1501_1511_1504_1512_1438_1584_1513_1523_1502_1437_1503_1436_1514_1522_1527_1528_1435_1526_1520_1434_1525_1524_1515_1531_1578_1519_1433_1518_1517_1516_1530_1579_1431_1529_1541_1580_1430_1542_1544_1425_1545_1426_1333_1321_1427_1266_1246_1377_310_337_338_218_751_339_219_340_173_172_343_171_174_344_170_345_203_168_204_167_200_205_574_1613_1771_1620_1772_1773_1622_1766_1264_1624_1625_1626_1262_1693_1627_1265_1692_1601_1691_1267_1690_1628_1268_1286_1259_1629_1269_1689_1285_1630_1270_1687_1284_1271_1686_1631_1283_1272_1633_1602_1282_1273_1634_1603_1679_1680_1281_1681_1682_1274_1678_1635_1604_1280_1703_1676_1683_1275_1636_1605_1700_1279_1702_1698_1675_1276_1637_1697_1684_1606_1701_1696_1674_1251_1638_1607_1673_1639_1661_1672_827_1410_828_1421_1014_1018_806_1366_1019_1432_1013_1444_1355_1020_1012_825_1455_1021_799_823_1002_1023_1466_798_1344_1024_1015_797_1477_1001_1188_1244_1199_1233_1255_1010_1210_1222_1016_1025_1009_796_1000_1177_1488_998_1008_1017_1003_944_1277_795_1499_955_933_1007_1510_922_1105_1288_997_1004_1521_1299_966_1310_911_812_1532_814_977_1006_1106_1005_810_900_815_1543_816_988_996_817_993_0_1555_889_811_818_938_939_937_1050_936_992_1566_819_940_935_995_950_1_1049_934_877_941_820_932_1577_991_1048_931_1011_942_994_821_1588_866_1047_930_949_822_943_929_1022_779_951_952_953_1034_928_945_948_1035_946_927_1032_1110_926_1632_1429_1248_1278_1428_1249_1287_1250_1289_1292_1290_1291_1608_1424_1295_1609_1294_1293_1611_1423_840_367_363_364_362_377_376_375_374_360_373_384_378_567_379_568_381_382_385_592_918_163_1412_1413_1422_1414_1411_1409_1420_1419_1396_1415_1416_1398_1395_1417_1397_1546_1394_1418_1401_1400_1547_1585_1404_1393_1392_1586_1548_1403_1391_1549_1407_1402_1386_1406_1535_1385_1550_1587_1405_1384_1589_1383_1408_1533_1387_1382_863_1590_1534_1591_1381_1389_861_1380_1390_1537_860_1296_45_44_676_678_634_1695_1694_1664_1667_1663_1666_920_1086_1085_1654_1084_1643_1039_921_1038_1041_923_1621_1037_1042_924_1610_1043_1036_1045_1599_925_1046_472_473_201_128_651_140_139_206_141_138_207_137_142_130_208_143_209_131_132_599_605_134_598_144_888_1536_999_1538_1540_1539_1221_862_133_145_606_135_607_649_146_650_148_600_601_597_583_584_581_603_582_149_585_604_578_577_150_579_586_153_576_152_151_154_164_573_157_590_155_589_596_156_575_588_159_160_166_346_1332_1443_506_1660_687_1662_1685_688_1659_689_1671_1670_1658_1669_1657_1668_1656_1647_1648_1649_1641_1640_1642_1644_1645_1650_1646_1651_1652_1653_1655_856_855_854_830_829_831_836_1554_668_557_1665_2_113_224_335_1379_1378_1376_1374_1373_1592_1594_1593_1598_1372_1595_1309_1308_1307_832_833_834_1375_1597_1596_1371_859_1362_1370_858_1361_1341_1360_1336_1364_1335_1365_1363_1337_1359_1338_1334_1367_1343_1339_1368_1342_1340_1369_1327_1328_1345_1346_161_162_587_440_165_439_441_438_572_437_571_593_348_436_594_386_349_570_387_351_383_434_352_353_388_433_357_389_432_390_431_392_566_430_565_393_429_399_398_442_394_443_444_400_428_395_396_427_407_1297_1303_1302_1301_1306_1305_1298_1600_1300_1304_1311_1312_1326_1325_1324_1323_1316_1329_1317_1322_1318_1330_1319_1331_1315_1320_1313_1356_1354_1314_1353_1347_1348_1349_1352_1350_1357_1351_1358_1612_839_838_837_954_989_956_1033_947_957_990_1111_1099_1122_1088_1133_1077_1044_1066_958_962_1055_1030_961_1144_969_960_959_446_1031_1155_968_963_967_1166_964_1026_965_987_1027_986_981_970_985_984_971_1029_982_555_556_406_559_560_405_401_404_403_397_409_410_412_449_521_520_474_475_489_476_488_477_490_487_478_486_479_492_485_481_493_484_482_499_483_498_508_494_497_495_509_528_496_510_500_529_530_511_501_450_503_514_505_451_448_445_411_414_415_416_504_423_419_420_418_421_417_425_422_426_519_512_518_515_516_517_972_980_973_983_979_1028_974_975_976_978_,0_1_2_3_4_5_6_7_8_9_10_11_12_13_14_15_16_17_18_19_20_21_22_23_24_25_26_27_28_29_30_31_32_33_34_35_36_37_38_39_40_41_42_43_44_45_46_47_48_49_50_51_52_53_54_55_56_57_58_59_60_61_62_63_64_65_66_67_68_69_70_71_72_73_74_75_76_77_78_79_80_81_82_83_84_85_86_87_88_89_90_91_92_93_94_95_96_97_98_99_100_101_102_103_104_105_106_107_108_109_110_111_112_113_114_115_116_117_118_119_120_121_122_123_124_125_126_127_128_129_130_131_132_133_134_135_136_137_138_139_140_141_142_143_144_145_146_147_148_149_150_151_152_153_154_155_156_157_158_159_160_161_162_163_164_165_166_167_168_169_170_171_172_173_174_175_176_177_178_179_180_181_182_183_184_185_186_187_188_189_190_191_192_193_194_195_196_197_198_199_200_201_202_203_204_205_206_207_208_209_210_211_212_213_214_215_216_217_218_219_220_221_222_223_224_225_226_227_228_229_230_231_232_233_234_235_236_237_238_239_240_241_242_243_244_245_246_247_248_249_250_251_252_253_254_255_256_257_258_259_260_261_262_263_264_265_266_267_268_269_270_271_272_273_274_275_276_277_278_279_280_281_282_283_284_285_286_287_288_289_290_291_292_293_294_295_296_297_298_299_300_301_302_303_304_305_306_307_308_309_310_311_312_313_314_315_316_317_318_319_320_321_322_323_324_325_326_327_328_329_330_331_332_333_334_335_336_337_338_339_340_341_342_343_344_345_346_347_348_349_350_351_352_353_354_355_356_357_358_359_360_361_362_363_364_365_366_367_368_369_370_371_372_373_374_375_376_377_378_379_380_381_382_383_384_385_386_387_388_389_390_391_392_393_394_395_396_397_398_399_400_401_402_403_404_405_406_407_408_409_410_411_412_413_414_415_416_417_418_419_420_421_422_423_424_425_426_427_428_429_430_431_432_433_434_435_436_437_438_439_440_441_442_443_444_445_446_447_448_449_450_451_452_453_454_455_456_457_458_459_460_461_462_463_464_465_466_467_468_469_470_471_472_473_474_475_476_477_478_479_480_481_482_483_484_485_486_487_488_489_490_491_492_493_494_495_496_497_498_499_500_501_502_503_504_505_506_507_508_509_510_511_512_513_514_515_516_517_518_519_520_521_522_523_524_525_526_527_528_529_530_531_532_533_534_535_536_537_538_539_540_541_542_543_544_545_546_547_548_549_550_551_552_553_554_555_556_557_558_559_560_561_562_563_564_565_566_567_568_569_570_571_572_573_574_575_576_577_578_579_580_581_582_583_584_585_586_587_588_589_590_591_592_593_594_595_596_597_598_599_600_601_602_603_604_605_606_607_608_609_610_611_612_613_614_615_616_617_618_619_620_621_622_623_624_625_626_627_628_629_630_631_632_633_634_635_636_637_638_639_640_641_642_643_644_645_646_647_648_649_650_651_652_653_654_655_656_657_658_659_660_661_662_663_664_665_666_667_668_669_670_671_672_673_674_675_676_677_678_679_680_681_682_683_684_685_686_687_688_689_690_691_692_693_694_695_696_697_698_699_700_701_702_703_704_705_706_707_708_709_710_711_712_713_714_715_716_717_718_719_720_721_722_723_724_725_726_727_728_729_730_731_732_733_734_735_736_737_738_739_740_741_742_743_744_745_746_747_748_749_750_751_752_753_754_755_756_757_758_759_760_761_762_763_764_765_766_767_768_769_770_771_772_773_774_775_776_777_778_779_780_781_782_783_784_785_786_787_788_789_790_791_792_793_794_795_796_797_798_799_800_801_802_803_804_805_806_807_808_809_810_811_812_813_814_815_816_817_818_819_820_821_822_823_824_825_826_827_828_829_830_831_832_833_834_835_836_837_838_839_840_841_842_843_844_845_846_847_848_849_850_851_852_853_854_855_856_857_858_859_860_861_862_863_864_865_866_867_868_869_870_871_872_873_874_875_876_877_878_879_880_881_882_883_884_885_886_887_888_889_890_891_892_893_894_895_896_897_898_899_900_901_902_903_904_905_906_907_908_909_910_911_912_913_914_915_916_917_918_919_920_921_922_923_924_925_926_927_928_929_930_931_932_933_934_935_936_937_938_939_940_941_942_943_944_945_946_947_948_949_950_951_952_953_954_955_956_957_958_959_960_961_962_963_964_965_966_967_968_969_970_971_972_973_974_975_976_977_978_979_980_981_982_983_984_985_986_987_988_989_990_991_992_993_994_995_996_997_998_999_1000_1001_1002_1003_1004_1005_1006_1007_1008_1009_1010_1011_1012_1013_1014_1015_1016_1017_1018_1019_1020_1021_1022_1023_1024_1025_1026_1027_1028_1029_1030_1031_1032_1033_1034_1035_1036_1037_1038_1039_1040_1041_1042_1043_1044_1045_1046_1047_1048_1049_1050_1051_1052_1053_1054_1055_1056_1057_1058_1059_1060_1061_1062_1063_1064_1065_1066_1067_1068_1069_1070_1071_1072_1073_1074_1075_1076_1077_1078_1079_1080_1081_1082_1083_1084_1085_1086_1087_1088_1089_1090_1091_1092_1093_1094_1095_1096_1097_1098_1099_1100_1101_1102_1103_1104_1105_1106_1107_1108_1109_1110_1111_1112_1113_1114_1115_1116_1117_1118_1119_1120_1121_1122_1123_1124_1125_1126_1127_1128_1129_1130_1131_1132_1133_1134_1135_1136_1137_1138_1139_1140_1141_1142_1143_1144_1145_1146_1147_1148_1149_1150_1151_1152_1153_1154_1155_1156_1157_1158_1159_1160_1161_1162_1163_1164_1165_1166_1167_1168_1169_1170_1171_1172_1173_1174_1175_1176_1177_1178_1179_1180_1181_1182_1183_1184_1185_1186_1187_1188_1189_1190_1191_1192_1193_1194_1195_1196_1197_1198_1199_1200_1201_1202_1203_1204_1205_1206_1207_1208_1209_1210_1211_1212_1213_1214_1215_1216_1217_1218_1219_1220_1221_1222_1223_1224_1225_1226_1227_1228_1229_1230_1231_1232_1233_1234_1235_1236_1237_1238_1239_1240_1241_1242_1243_1244_1245_1246_1247_1248_1249_1250_1251_1252_1253_1254_1255_1256_1257_1258_1259_1260_1261_1262_1263_1264_1265_1266_1267_1268_1269_1270_1271_1272_1273_1274_1275_1276_1277_1278_1279_1280_1281_1282_1283_1284_1285_1286_1287_1288_1289_1290_1291_1292_1293_1294_1295_1296_1297_1298_1299_1300_1301_1302_1303_1304_1305_1306_1307_1308_1309_1310_1311_1312_1313_1314_1315_1316_1317_1318_1319_1320_1321_1322_1323_1324_1325_1326_1327_1328_1329_1330_1331_1332_1333_1334_1335_1336_1337_1338_1339_1340_1341_1342_1343_1344_1345_1346_1347_1348_1349_1350_1351_1352_1353_1354_1355_1356_1357_1358_1359_1360_1361_1362_1363_1364_1365_1366_1367_1368_1369_1370_1371_1372_1373_1374_1375_1376_1377_1378_1379_1380_1381_1382_1383_1384_1385_1386_1387_1388_1389_1390_1391_1392_1393_1394_1395_1396_1397_1398_1399_1400_1401_1402_1403_1404_1405_1406_1407_1408_1409_1410_1411_1412_1413_1414_1415_1416_1417_1418_1419_1420_1421_1422_1423_1424_1425_1426_1427_1428_1429_1430_1431_1432_1433_1434_1435_1436_1437_1438_1439_1440_1441_1442_1443_1444_1445_1446_1447_1448_1449_1450_1451_1452_1453_1454_1455_1456_1457_1458_1459_1460_1461_1462_1463_1464_1465_1466_1467_1468_1469_1470_1471_1472_1473_1474_1475_1476_1477_1478_1479_1480_1481_1482_1483_1484_1485_1486_1487_1488_1489_1490_1491_1492_1493_1494_1495_1496_1497_1498_1499_1500_1501_1502_1503_1504_1505_1506_1507_1508_1509_1510_1511_1512_1513_1514_1515_1516_1517_1518_1519_1520_1521_1522_1523_1524_1525_1526_1527_1528_1529_1530_1531_1532_1533_1534_1535_1536_1537_1538_1539_1540_1541_1542_1543_1544_1545_1546_1547_1548_1549_1550_1551_1552_1553_1554_1555_1556_1557_1558_1559_1560_1561_1562_1563_1564_1565_1566_1567_1568_1569_1570_1571_1572_1573_1574_1575_1576_1577_1578_1579_1580_1581_1582_1583_1584_1585_1586_1587_1588_1589_1590_1591_1592_1593_1594_1595_1596_1597_1598_1599_1600_1601_1602_1603_1604_1605_1606_1607_1608_1609_1610_1611_1612_1613_1614_1615_1616_1617_1618_1619_1620_1621_1622_1623_1624_1625_1626_1627_1628_1629_1630_1631_1632_1633_1634_1635_1636_1637_1638_1639_1640_1641_1642_1643_1644_1645_1646_1647_1648_1649_1650_1651_1652_1653_1654_1655_1656_1657_1658_1659_1660_1661_1662_1663_1664_1665_1666_1667_1668_1669_1670_1671_1672_1673_1674_1675_1676_1677_1678_1679_1680_1681_1682_1683_1684_1685_1686_1687_1688_1689_1690_1691_1692_1693_1694_1695_1696_1697_1698_1699_1700_1701_1702_1703_1704_1705_1706_1707_1708_1709_1710_1711_1712_1713_1714_1715_1716_1717_1718_1719_1720_1721_1722_1723_1724_1725_1726_1727_1728_1729_1730_1731_1732_1733_1734_1735_1736_1737_1738_1739_1740_1741_1742_1743_1744_1745_1746_1747_1748_1749_1750_1751_1752_1753_1754_1755_1756_1757_1758_1759_1760_1761_1762_1763_1764_1765_1766_1767_1768_1769_1770_1771_1772_1773_1774_1775_,5:{6;7;186;185;8;184;9;187;183;10;188;74;182;11;190;189;73;192;179;99;683;98;193;72;97;684;194;96;71;685;95;195;100;94;70;178;86;75;68;93;670;671;177;667;87;666;92;665;215;101;176;214;664;212;89;175;211;210;103;104;}54:{45;44;676;678;634;1695;1694;1664;1667;1663;}89:{90;673;88;663;674;662;675;67;109;110;108;111;60;66;59;76;107;61;63;672;65;77;62;106;85;57;38;64;105;78;648;56;84;37;79;647;55;117;81;112;35;82;116;645;12;13;34;115;15;644;16;54;33;83;118;17;614;615;53;18;617;32;618;119;661;642;619;616;641;608;19;660;52;620;640;659;639;31;120;621;20;638;658;51;622;632;609;21;637;121;623;30;610;50;1712;631;1711;1713;22;1709;625;1714;126;611;27;28;26;29;24;626;39;612;23;679;1715;630;122;124;40;627;681;682;123;656;655;1708;629;628;633;41;1707;643;196;1706;46;42;197;127;1705;636;48;198;43;1704;654;653;49;652;199;129;677;}123:{133;145;606;135;607;649;146;650;148;600;601;597;583;584;581;603;582;149;585;604;578;577;150;579;586;153;576;152;151;154;164;573;157;590;155;589;596;156;575;588;159;160;166;346;}188:{201;128;651;140;139;206;141;138;207;137;142;130;208;143;209;131;132;599;605;134;598;144;}310:{309;311;308;312;294;314;293;275;274;315;276;287;273;277;316;286;272;699;249;285;317;278;851;250;698;700;248;284;318;850;852;251;325;697;701;271;1196;252;849;279;283;323;1197;853;296;295;319;297;270;244;253;1198;298;847;848;281;233;268;1200;245;320;259;299;254;260;232;703;231;1201;282;307;306;300;246;261;321;257;234;1202;704;1190;1189;1191;1747;255;1187;263;262;1750;1186;230;256;1748;1749;1746;1203;1195;1220;1751;235;1223;326;1185;330;229;264;322;1745;237;1460;1756;1757;1758;1165;1755;228;265;1759;1753;327;1164;301;331;1752;1192;1204;202;288;238;1219;1760;266;1163;227;1167;1175;1174;328;1461;332;239;1741;1742;1740;1193;1205;303;289;191;267;1744;226;1218;1761;240;1130;1168;1176;1733;333;1131;1739;1734;329;1462;1731;304;223;1730;290;1169;1194;1206;241;1735;1217;1729;1762;1132;1129;1178;1728;222;1463;1738;686;1170;236;1134;435;225;1717;1718;447;1736;1727;1719;1128;458;213;292;242;705;1207;469;1216;305;1179;1140;1720;221;1726;1767;1763;480;1184;1135;1171;1464;1737;491;180;1725;1774;220;1722;243;695;696;1127;1141;1768;342;646;1716;694;502;1214;693;1180;1215;1723;334;1172;1136;1208;513;1126;1769;1213;1142;1764;690;1459;169;4;341;635;1260;1181;1775;216;1616;1239;1137;1125;1770;1261;1143;1173;524;1615;657;181;5;1457;845;1138;217;1452;1263;1614;1079;624;1451;1458;1237;}366:{367;363;364;362;377;376;375;374;360;373;384;378;567;379;568;381;382;385;592;163;}561:{451;448;445;411;414;415;416;504;423;419;420;418;421;417;425;422;426;519;512;518;515;516;517;}585:{161;162;587;440;165;439;441;438;572;437;571;593;348;436;594;386;349;570;387;351;383;434;352;353;388;433;357;389;432;390;431;392;566;430;565;393;429;399;398;442;394;443;444;400;428;395;396;427;407;}646:{669;680;613;691;702;713;602;535;158;546;591;558;147;247;569;580;136;258;770;771;1080;125;269;769;759;767;733;114;1073;760;280;380;766;1072;758;1074;884;102;765;291;391;885;1071;764;883;91;302;763;402;882;80;734;762;886;413;324;736;69;424;336;47;369;738;347;890;548;739;358;551;740;544;}696:{1212;1211;1209;1224;1240;692;1225;1226;1238;1257;1227;1236;1228;1235;1229;1234;1256;1254;1232;1230;1231;1241;1253;1242;1252;1243;1575;1574;1573;1572;1245;1576;1247;}725:{506;}727:{521;520;474;475;489;476;488;477;490;487;478;486;479;492;485;481;493;484;482;499;483;498;508;494;497;495;509;528;496;510;500;529;530;511;501;450;503;514;505;}769:{887;761;737;756;768;757;547;755;891;780;553;552;545;746;58;550;716;754;791;715;892;36;549;714;724;753;881;712;752;735;313;893;711;717;732;25;543;802;880;729;907;742;728;14;731;542;906;727;908;813;879;726;894;3;824;905;730;541;743;725;909;794;870;868;869;871;1765;878;1070;904;895;872;910;744;540;1078;835;793;1754;873;723;903;741;876;782;783;874;896;781;846;539;841;745;867;1743;778;722;842;792;1075;1069;777;721;719;720;875;1076;857;790;538;776;1732;843;865;784;747;775;1068;897;912;1721;537;864;844;913;785;774;531;466;1067;465;464;898;536;1710;899;748;463;914;532;773;786;467;534;901;462;1065;526;1699;455;533;915;461;355;772;902;787;468;456;460;1064;525;916;1063;554;1081;561;371;356;354;459;1688;749;718;457;454;370;788;1082;917;523;368;359;710;470;1083;562;453;1677;750;366;507;789;361;709;522;452;563;350;365;471;372;919;408;527;564;595;1040;}794:{1666;920;1086;1085;1654;1084;1643;1039;921;1038;1041;923;1621;1037;1042;924;1610;1043;1036;1045;1599;925;1046;472;473;}850:{310;337;338;218;751;339;219;340;173;172;343;171;174;344;170;345;203;168;204;167;200;205;574;}867:{555;556;406;559;560;405;401;404;403;397;409;410;412;449;}903:{918;}993:{972;980;973;983;979;1028;974;975;976;978;}1019:{954;989;956;1033;947;957;990;1111;1099;1122;1088;1133;1077;1044;1066;958;962;1055;1030;961;1144;969;960;959;446;1031;1155;968;963;967;1166;964;1026;965;987;1027;986;981;970;985;984;971;1029;982;}1172:{1492;1145;1491;1146;1490;1147;1156;1489;1148;1157;1149;1486;1485;1465;1158;1487;1456;1473;1150;1139;1467;1159;1160;1161;1474;1468;1151;1454;1475;1484;1123;1162;1476;1124;1469;1472;1471;1152;1470;1453;1121;1478;1563;1091;1092;1090;1494;1153;1479;1089;1093;1120;1562;1087;1057;1058;1480;1094;1059;1154;1108;1561;1495;1481;1060;1056;1183;1182;1107;1116;1496;1482;1095;1061;1109;1112;1113;1114;1115;1117;1097;1483;1098;1096;1497;1054;803;706;809;1118;1498;1100;1493;1119;1053;801;707;808;1101;804;1062;800;1052;708;805;807;1399;1102;1388;1051;826;1103;1104;}1213:{1429;1248;1278;1428;1249;1287;1250;1289;1292;1290;1291;1608;1424;1295;1609;1294;1293;1611;1423;840;}1218:{1258;}1296:{1612;839;838;837;}1307:{1325;1324;1323;1316;1329;1317;1322;1318;1330;1319;1331;1315;1320;1313;1356;1354;1314;1353;1347;1348;1349;1352;1350;1357;1351;1358;}1413:{1379;1378;1376;1374;1373;1592;1594;1593;1598;1372;1595;1309;1308;1307;}1418:{1375;1597;1596;1371;859;1362;1370;858;1361;1341;1360;1336;1364;1335;1365;1363;1337;1359;1338;1334;1367;1343;1339;1368;1342;1340;1369;1327;1328;1345;1346;}1425:{1297;1303;1302;1301;1306;1305;1298;1600;1300;1304;1311;1312;1326;}1434:{1412;1413;1422;1414;1411;1409;1420;1419;1396;1415;1416;1398;1395;1417;1397;1546;1394;1418;1401;1400;1547;1585;1404;1393;1392;1586;1548;1403;1391;1549;1407;1402;1386;1406;1535;1385;1550;1587;1405;1384;1589;1383;1408;1533;1387;1382;863;1590;1534;1591;1381;1389;861;1380;1390;1537;860;1296;}1452:{1450;1449;1448;1447;1564;1560;1446;1581;1565;1582;1445;1567;1568;1442;1556;1569;1441;1553;1570;1552;1557;1571;1551;1506;1558;1507;1505;1559;1508;1500;1440;1583;1509;1439;1501;1511;1504;1512;1438;1584;1513;1523;1502;1437;1503;1436;1514;1522;1527;1528;1435;1526;1520;1434;1525;1524;1515;1531;1578;1519;1433;1518;1517;1516;1530;1579;1431;1529;1541;1580;1430;1542;1544;1425;1545;1426;1333;1321;1427;1266;1246;1377;}1483:{827;1410;828;1421;1014;1018;806;1366;1019;1432;1013;1444;1355;1020;1012;825;1455;1021;799;823;1002;1023;1466;798;1344;1024;1015;797;1477;1001;1188;1244;1199;1233;1255;1010;1210;1222;1016;1025;1009;796;1000;1177;1488;998;1008;1017;1003;944;1277;795;1499;955;933;1007;1510;922;1105;1288;997;1004;1521;1299;966;1310;911;812;1532;814;977;1006;1106;1005;810;900;815;1543;816;988;996;817;993;0;1555;889;811;818;938;939;937;1050;936;992;1566;819;940;935;995;950;1;1049;934;877;941;820;932;1577;991;1048;931;1011;942;994;821;1588;866;1047;930;949;822;943;929;1022;779;951;952;953;1034;928;945;948;1035;946;927;1032;1110;926;1632;}1513:{888;1536;999;1538;1540;1539;1221;862;}1523:{1332;1443;}1528:{1554;668;557;1665;2;113;224;335;}1616:{1613;1771;1620;1772;1773;1622;1766;1264;1624;1625;1626;1262;1693;1627;1265;1692;1601;1691;1267;1690;1628;1268;1286;1259;1629;1269;1689;1285;1630;1270;1687;1284;1271;1686;1631;1283;1272;1633;1602;1282;1273;1634;1603;1679;1680;1281;1681;1682;1274;1678;1635;1604;1280;1703;1676;1683;1275;1636;1605;1700;1279;1702;1698;1675;1276;1637;1697;1684;1606;1701;1696;1674;1251;1638;1607;1673;1639;1661;1672;}1647:{832;833;834;}1661:{1660;687;1662;1685;688;1659;689;1671;1670;1658;1669;1657;1668;1656;1647;1648;1649;1641;1640;1642;1644;1645;1650;1646;1651;1652;1653;1655;856;855;854;830;829;831;836;}1727:{1724;1617;1618;1619;1623;},1_29_30_39_51_52_53_54_392_397_398_401_403_404_405_432_433_434_454_455_462_463_464_465_466_467_562_563_565_566_608_615_616_617_642_645_688_689_810_811_833_834_836_897_898_899_901_935_936_937_1002_1021_1023_1041_1042_1199_1210_1222_1233_1288_1302_1303_1344_1396_1398_1415_1533_1534_1546_1547_1548_1549_1550_1642_1644_1658_1659_1664_1667_1671_,310-309*0_310-311*0_310-308*0_310-312*0_310-294*0_310-314*0_310-293*0_310-275*0_310-274*0_310-315*0_310-276*0_310-287*0_310-273*0_310-277*0_310-316*0_310-286*0_310-272*0_310-699*0_310-249*0_310-285*0_310-317*0_310-278*0_310-851*0_310-250*0_310-698*0_310-700*0_310-248*0_310-284*0_310-318*0_310-850*0_310-852*0_310-251*0_310-325*0_310-697*0_310-701*0_310-271*0_310-1196*0_310-252*0_310-849*0_310-279*0_310-283*0_310-323*0_310-1197*0_310-853*0_310-296*0_310-295*0_310-319*0_310-297*0_310-270*0_310-244*0_310-253*0_310-1198*0_310-298*0_310-847*0_310-848*0_310-281*0_310-233*0_310-268*0_310-1200*0_310-245*0_310-320*0_310-259*0_310-299*0_310-254*0_310-260*0_310-232*0_310-703*0_310-231*0_310-1201*0_310-282*0_310-307*0_310-306*0_310-300*0_310-246*0_310-261*0_310-321*0_310-257*0_310-234*0_310-1202*0_310-704*0_310-1190*0_310-1189*0_310-1191*0_310-1747*0_310-255*0_310-1187*0_310-263*0_310-262*0_310-1750*0_310-1186*0_310-230*0_310-256*0_310-1748*0_310-1749*0_310-1746*0_310-1203*0_310-1195*0_310-1220*0_310-1751*0_310-235*0_310-1223*0_310-326*0_310-1185*0_310-330*0_310-229*0_310-264*0_310-322*0_310-1745*0_310-237*0_310-1460*0_310-1756*0_310-1757*0_310-1758*0_310-1165*0_310-1755*0_310-228*0_310-265*0_310-1759*0_310-1753*0_310-327*0_310-1164*0_310-301*0_310-331*0_310-1752*0_310-1192*0_310-1204*0_310-202*0_310-288*0_310-238*0_310-1219*0_310-1760*0_310-266*0_310-1163*0_310-227*0_310-1167*0_310-1175*0_310-1174*0_310-328*0_310-1461*0_310-332*0_310-239*0_310-1741*0_310-1742*0_310-1740*0_310-1193*0_310-1205*0_310-303*0_310-289*0_310-191*0_310-267*0_310-1744*0_310-226*0_310-1218*0_310-1761*0_310-240*0_310-1130*0_310-1168*0_310-1176*0_310-1733*0_310-333*0_310-1131*0_310-1739*0_310-1734*0_310-329*0_310-1462*0_310-1731*0_310-304*0_310-223*0_310-1730*0_310-290*0_310-1169*0_310-1194*0_310-1206*0_310-241*0_310-1735*0_310-1217*0_310-1729*0_310-1762*0_310-1132*0_310-1129*0_310-1178*0_310-1728*0_310-222*0_310-1463*0_310-1738*0_310-686*0_310-1170*0_310-236*0_310-1134*0_310-435*0_310-225*0_310-1717*0_310-1718*0_310-447*0_310-1736*0_310-1727*0_310-1719*0_310-1128*0_310-458*0_310-213*0_310-292*0_310-242*0_310-705*0_310-1207*0_310-469*0_310-1216*0_310-305*0_310-1179*0_310-1140*0_310-1720*0_310-221*0_310-1726*0_310-1767*0_310-1763*0_310-480*0_310-1184*0_310-1135*0_310-1171*0_310-1464*0_310-1737*0_310-491*0_310-180*0_310-1725*0_310-1774*0_310-220*0_310-1722*0_310-243*0_310-695*0_310-696*0_310-1127*0_310-1141*0_310-1768*0_310-342*0_310-646*0_310-1716*0_310-694*0_310-502*0_310-1214*0_310-693*0_310-1180*0_310-1215*0_310-1723*0_310-334*0_310-1172*0_310-1136*0_310-1208*0_310-513*0_310-1126*0_310-1769*0_310-1213*0_310-1142*0_310-1764*0_310-690*0_310-1459*0_310-169*0_310-4*0_310-341*0_310-635*0_310-1260*0_310-1181*0_310-1775*0_310-216*0_310-1616*0_310-1239*0_310-1137*0_310-1125*0_310-1770*0_310-1261*0_310-1143*0_310-1173*0_310-524*0_310-1615*0_310-657*0_310-181*0_310-5*0_310-1457*0_310-845*0_310-1138*0_310-217*0_310-1452*0_310-1263*0_310-1614*0_310-1079*0_310-624*0_310-1451*0_310-1458*0_310-1237*0_646-669*1_646-680*1_646-613*1_646-691*1_646-702*1_646-713*1_646-602*1_646-535*1_646-158*1_646-546*1_1218-1258*1_646-591*1_646-558*1_646-147*1_646-247*1_646-569*1_646-580*1_646-136*1_646-258*1_646-770*1_646-771*1_646-1080*1_646-125*1_646-269*1_646-769*1_646-759*1_646-767*1_646-733*1_646-114*1_646-1073*1_646-760*1_646-280*1_646-380*1_646-766*1_646-1072*1_646-758*1_646-1074*1_646-884*1_646-102*1_646-765*1_646-291*1_646-391*1_646-885*1_646-1071*1_646-764*1_646-883*1_646-91*1_646-302*1_646-763*1_646-402*1_646-882*1_646-80*1_646-734*1_646-762*1_646-886*1_646-413*1_646-324*1_646-736*1_646-69*1_646-424*1_646-336*1_646-47*1_646-369*1_646-738*1_646-347*1_646-890*1_646-548*1_646-739*1_646-358*1_646-551*1_646-740*1_646-544*1_1727-1724*1_696-1212*1_696-1211*1_1727-1617*1_1172-1492*1_5-6*1_696-1209*1_1172-1145*1_696-1224*1_1727-1618*1_1172-1491*1_696-1240*1_696-692*1_5-7*1_1172-1146*1_696-1225*1_5-186*1_1727-1619*1_1172-1490*1_696-1226*1_5-185*1_5-8*1_1172-1147*1_696-1238*1_1172-1156*1_1172-1489*1_5-184*1_696-1257*1_5-9*1_1172-1148*1_696-1227*1_5-187*1_696-1236*1_1172-1157*1_1172-1149*1_5-183*1_696-1228*1_1172-1486*1_5-10*1_1172-1485*1_696-1235*1_1172-1465*1_5-188*1_5-74*1_1172-1158*1_1172-1487*1_1172-1456*1_5-182*1_1172-1473*1_696-1229*1_1172-1150*1_1172-1139*1_696-1234*1_5-11*1_696-1256*1_1172-1467*1_1172-1159*1_1727-1623*1_1172-1160*1_1172-1161*1_1172-1474*1_1172-1468*1_1172-1151*1_1172-1454*1_5-190*1_1172-1475*1_1172-1484*1_696-1254*1_1172-1123*1_5-189*1_696-1232*1_696-1230*1_5-73*1_1172-1162*1_5-192*1_1172-1476*1_696-1231*1_5-179*1_1172-1124*1_5-99*1_5-683*1_696-1241*1_1172-1469*1_1172-1472*1_5-98*1_1172-1471*1_5-193*1_1172-1152*1_1172-1470*1_5-72*1_1172-1453*1_696-1253*1_5-97*1_1172-1121*1_1172-1478*1_5-684*1_1172-1563*1_1172-1091*1_5-194*1_5-96*1_1172-1092*1_5-71*1_1172-1090*1_1172-1494*1_696-1242*1_1172-1153*1_1172-1479*1_696-1252*1_5-685*1_1172-1089*1_1172-1093*1_5-95*1_5-195*1_1172-1120*1_1172-1562*1_1172-1087*1_5-100*1_1172-1057*1_1172-1058*1_1172-1480*1_1172-1094*1_5-94*1_5-70*1_1172-1059*1_1172-1154*1_696-1243*1_5-178*1_5-86*1_1172-1108*1_1172-1561*1_1172-1495*1_5-75*1_696-1575*1_696-1574*1_1172-1481*1_1172-1060*1_696-1573*1_5-68*1_1172-1056*1_1172-1183*1_5-93*1_696-1572*1_696-1245*1_1172-1182*1_5-670*1_5-671*1_5-177*1_1172-1107*1_1172-1116*1_5-667*1_1172-1496*1_5-87*1_1172-1482*1_696-1576*1_1172-1095*1_1172-1061*1_5-666*1_1172-1109*1_1172-1112*1_1172-1113*1_1172-1114*1_5-92*1_1172-1115*1_1172-1117*1_1172-1097*1_5-665*1_1172-1483*1_1172-1098*1_1172-1096*1_1172-1497*1_5-215*1_696-1247*1_5-101*1_5-176*1_5-214*1_5-664*1_1172-1054*1_1172-803*1_1172-706*1_1172-809*1_1172-1118*1_5-212*1_1172-1498*1_1172-1100*1_5-89*1_1172-1493*1_5-175*1_5-211*1_1172-1119*1_1172-1053*1_1172-801*1_1172-707*1_1172-808*1_5-210*1_1172-1101*1_1172-804*1_1172-1062*1_5-103*1_1172-800*1_1172-1052*1_1172-708*1_1172-805*1_1172-807*1_1172-1399*1_1172-1102*1_1172-1388*1_5-104*1_1172-1051*1_1172-826*1_1172-1103*1_1172-1104*1_769-887*2_769-761*2_769-737*2_769-756*2_769-768*2_769-757*2_769-547*2_769-755*2_769-891*2_769-780*2_769-553*2_769-552*2_769-545*2_769-746*2_769-58*2_769-550*2_769-716*2_769-754*2_769-791*2_769-715*2_769-892*2_769-36*2_769-549*2_769-714*2_769-724*2_769-753*2_769-881*2_769-712*2_769-752*2_769-735*2_769-313*2_769-893*2_769-711*2_769-717*2_769-732*2_769-25*2_769-543*2_769-802*2_769-880*2_769-729*2_769-907*2_769-742*2_769-728*2_769-14*2_769-731*2_769-542*2_769-906*2_769-727*2_769-908*2_769-813*2_769-879*2_769-726*2_769-894*2_769-3*2_769-824*2_769-905*2_769-730*2_769-541*2_769-743*2_769-725*2_769-909*2_769-794*2_769-870*2_769-868*2_769-869*2_769-871*2_769-1765*2_769-878*2_769-1070*2_769-904*2_769-895*2_769-872*2_769-910*2_769-744*2_769-540*2_769-1078*2_769-835*2_769-793*2_769-1754*2_769-873*2_769-723*2_769-903*2_769-741*2_769-876*2_769-782*2_769-783*2_769-874*2_769-896*2_769-781*2_769-846*2_769-539*2_769-841*2_769-745*2_769-867*2_769-1743*2_769-778*2_769-722*2_769-842*2_769-792*2_769-1075*2_769-1069*2_769-777*2_769-721*2_769-719*2_769-720*2_769-875*2_769-1076*2_769-857*2_769-790*2_769-538*2_769-776*2_769-1732*2_769-843*2_769-865*2_769-784*2_769-747*2_769-775*2_769-1068*2_769-897*2_769-912*2_769-1721*2_769-537*2_769-864*2_769-844*2_769-913*2_769-785*2_769-774*2_769-531*2_769-466*2_769-1067*2_769-465*2_769-464*2_769-898*2_769-536*2_769-1710*2_769-899*2_769-748*2_769-463*2_769-914*2_769-532*2_769-773*2_769-786*2_769-467*2_769-534*2_769-901*2_769-462*2_769-1065*2_769-526*2_769-1699*2_769-455*2_769-533*2_769-915*2_769-461*2_769-355*2_769-772*2_769-902*2_769-787*2_769-468*2_769-456*2_769-460*2_769-1064*2_769-525*2_769-916*2_769-1063*2_769-554*2_769-1081*2_769-561*2_769-371*2_769-356*2_769-354*2_769-459*2_769-1688*2_769-749*2_769-718*2_769-457*2_769-454*2_769-370*2_769-788*2_769-1082*2_769-917*2_769-523*2_769-368*2_769-359*2_769-710*2_769-470*2_769-1083*2_769-562*2_769-453*2_769-1677*2_769-750*2_769-366*2_769-507*2_769-789*2_769-361*2_769-709*2_769-522*2_769-452*2_769-563*2_769-350*2_769-365*2_769-471*2_769-372*2_769-919*2_769-408*2_769-527*2_769-564*2_769-595*2_769-1040*2_89-90*2_89-673*2_89-88*2_89-663*2_89-674*2_89-662*2_89-675*2_89-67*2_89-109*2_89-110*2_89-108*2_89-111*2_89-60*2_89-66*2_89-59*2_89-76*2_89-107*2_89-61*2_89-63*2_89-672*2_89-65*2_89-77*2_89-62*2_89-106*2_89-85*2_89-57*2_89-38*2_89-64*2_89-105*2_89-78*2_89-648*2_89-56*2_89-84*2_89-37*2_89-79*2_89-647*2_89-55*2_89-117*2_89-81*2_89-112*2_89-35*2_89-82*2_89-116*2_89-645*2_89-12*2_89-13*2_89-34*2_89-115*2_89-15*2_89-644*2_89-16*2_89-54*2_89-33*2_89-83*2_89-118*2_89-17*2_89-614*2_89-615*2_89-53*2_89-18*2_89-617*2_89-32*2_89-618*2_89-119*2_89-661*2_89-642*2_89-619*2_89-616*2_89-641*2_89-608*2_89-19*2_89-660*2_89-52*2_89-620*2_89-640*2_89-659*2_89-639*2_89-31*2_89-120*2_89-621*2_89-20*2_89-638*2_89-658*2_89-51*2_89-622*2_89-632*2_89-609*2_89-21*2_89-637*2_89-121*2_89-623*2_89-30*2_89-610*2_89-50*2_89-1712*2_89-631*2_89-1711*2_89-1713*2_89-22*2_89-1709*2_89-625*2_89-1714*2_89-126*2_89-611*2_89-27*2_89-28*2_89-26*2_89-29*2_89-24*2_89-626*2_89-39*2_89-612*2_89-23*2_89-679*2_89-1715*2_89-630*2_89-122*2_89-124*2_89-40*2_89-627*2_89-681*2_89-682*2_89-123*2_89-656*2_89-655*2_89-1708*2_89-629*2_89-628*2_89-633*2_89-41*2_89-1707*2_89-643*2_89-196*2_89-1706*2_89-46*2_89-42*2_89-197*2_89-127*2_89-1705*2_89-636*2_89-48*2_89-198*2_89-43*2_89-1704*2_89-654*2_89-653*2_89-49*2_89-652*2_89-199*2_89-129*2_89-677*2_1452-1450*1_1452-1449*1_1452-1448*1_1452-1447*1_1452-1564*1_1452-1560*1_1452-1446*1_1452-1581*1_1452-1565*1_1452-1582*1_1452-1445*1_1452-1567*1_1452-1568*1_1452-1442*1_1452-1556*1_1452-1569*1_1452-1441*1_1452-1553*1_1452-1570*1_1452-1552*1_1452-1557*1_1452-1571*1_1452-1551*1_1452-1506*1_1452-1558*1_1452-1507*1_1452-1505*1_1452-1559*1_1452-1508*1_1452-1500*1_1452-1440*1_1452-1583*1_1452-1509*1_1452-1439*1_1452-1501*1_1452-1511*1_1452-1504*1_1452-1512*1_1452-1438*1_1452-1584*1_1452-1513*1_1452-1523*1_1452-1502*1_1452-1437*1_1452-1503*1_1452-1436*1_1452-1514*1_1452-1522*1_1452-1527*1_1452-1528*1_1452-1435*1_1452-1526*1_1452-1520*1_1452-1434*1_1452-1525*1_1452-1524*1_1452-1515*1_1452-1531*1_1452-1578*1_1452-1519*1_1452-1433*1_1452-1518*1_1452-1517*1_1452-1516*1_1452-1530*1_1452-1579*1_1452-1431*1_1452-1529*1_1452-1541*1_1452-1580*1_1452-1430*1_1452-1542*1_1452-1544*1_1452-1425*1_1452-1545*1_1452-1426*1_1452-1333*1_1452-1321*1_1452-1427*1_1452-1266*1_1452-1246*1_1452-1377*1_850-310*2_850-337*2_850-338*2_850-218*2_850-751*2_850-339*2_850-219*2_850-340*2_850-173*2_850-172*2_850-343*2_850-171*2_850-174*2_850-344*2_850-170*2_850-345*2_850-203*2_850-168*2_850-204*2_850-167*2_850-200*2_850-205*2_850-574*2_1616-1613*2_1616-1771*2_1616-1620*2_1616-1772*2_1616-1773*2_1616-1622*2_1616-1766*2_1616-1264*2_1616-1624*2_1616-1625*2_1616-1626*2_1616-1262*2_1616-1693*2_1616-1627*2_1616-1265*2_1616-1692*2_1616-1601*2_1616-1691*2_1616-1267*2_1616-1690*2_1616-1628*2_1616-1268*2_1616-1286*2_1616-1259*2_1616-1629*2_1616-1269*2_1616-1689*2_1616-1285*2_1616-1630*2_1616-1270*2_1616-1687*2_1616-1284*2_1616-1271*2_1616-1686*2_1616-1631*2_1616-1283*2_1616-1272*2_1616-1633*2_1616-1602*2_1616-1282*2_1616-1273*2_1616-1634*2_1616-1603*2_1616-1679*2_1616-1680*2_1616-1281*2_1616-1681*2_1616-1682*2_1616-1274*2_1616-1678*2_1616-1635*2_1616-1604*2_1616-1280*2_1616-1703*2_1616-1676*2_1616-1683*2_1616-1275*2_1616-1636*2_1616-1605*2_1616-1700*2_1616-1279*2_1616-1702*2_1616-1698*2_1616-1675*2_1616-1276*2_1616-1637*2_1616-1697*2_1616-1684*2_1616-1606*2_1616-1701*2_1616-1696*2_1616-1674*2_1616-1251*2_1616-1638*2_1616-1607*2_1616-1673*2_1616-1639*2_1616-1661*2_1616-1672*2_1483-827*2_1483-1410*2_1483-828*2_1483-1421*2_1483-1014*2_1483-1018*2_1483-806*2_1483-1366*2_1483-1019*2_1483-1432*2_1483-1013*2_1483-1444*2_1483-1355*2_1483-1020*2_1483-1012*2_1483-825*2_1483-1455*2_1483-1021*2_1483-799*2_1483-823*2_1483-1002*2_1483-1023*2_1483-1466*2_1483-798*2_1483-1344*2_1483-1024*2_1483-1015*2_1483-797*2_1483-1477*2_1483-1001*2_1483-1188*2_1483-1244*2_1483-1199*2_1483-1233*2_1483-1255*2_1483-1010*2_1483-1210*2_1483-1222*2_1483-1016*2_1483-1025*2_1483-1009*2_1483-796*2_1483-1000*2_1483-1177*2_1483-1488*2_1483-998*2_1483-1008*2_1483-1017*2_1483-1003*2_1483-944*2_1483-1277*2_1483-795*2_1483-1499*2_1483-955*2_1483-933*2_1483-1007*2_1483-1510*2_1483-922*2_1483-1105*2_1483-1288*2_1483-997*2_1483-1004*2_1483-1521*2_1483-1299*2_1483-966*2_1483-1310*2_1483-911*2_1483-812*2_1483-1532*2_1483-814*2_1483-977*2_1483-1006*2_1483-1106*2_1483-1005*2_1483-810*2_1483-900*2_1483-815*2_1483-1543*2_1483-816*2_1483-988*2_1483-996*2_1483-817*2_1483-993*2_1483-0*2_1483-1555*2_1483-889*2_1483-811*2_1483-818*2_1483-938*2_1483-939*2_1483-937*2_1483-1050*2_1483-936*2_1483-992*2_1483-1566*2_1483-819*2_1483-940*2_1483-935*2_1483-995*2_1483-950*2_1483-1*2_1483-1049*2_1483-934*2_1483-877*2_1483-941*2_1483-820*2_1483-932*2_1483-1577*2_1483-991*2_1483-1048*2_1483-931*2_1483-1011*2_1483-942*2_1483-994*2_1483-821*2_1483-1588*2_1483-866*2_1483-1047*2_1483-930*2_1483-949*2_1483-822*2_1483-943*2_1483-929*2_1483-1022*2_1483-779*2_1483-951*2_1483-952*2_1483-953*2_1483-1034*2_1483-928*2_1483-945*2_1483-948*2_1483-1035*2_1483-946*2_1483-927*2_1483-1032*2_1483-1110*2_1483-926*2_1483-1632*2_1213-1429*1_1213-1248*1_1213-1278*1_1213-1428*1_1213-1249*1_1213-1287*1_1213-1250*1_1213-1289*1_1213-1292*1_1213-1290*1_1213-1291*1_1213-1608*1_1213-1424*1_1213-1295*1_1213-1609*1_1213-1294*1_1213-1293*1_1213-1611*1_1213-1423*1_1213-840*1_366-367*3_366-363*3_366-364*3_366-362*3_366-377*3_366-376*3_366-375*3_366-374*3_366-360*3_366-373*3_366-384*3_366-378*3_366-567*3_366-379*3_366-568*3_366-381*3_366-382*3_366-385*3_366-592*3_903-918*3_366-163*3_1434-1412*2_1434-1413*2_1434-1422*2_1434-1414*2_1434-1411*2_1434-1409*2_1434-1420*2_1434-1419*2_1434-1396*2_1434-1415*2_1434-1416*2_1434-1398*2_1434-1395*2_1434-1417*2_1434-1397*2_1434-1546*2_1434-1394*2_1434-1418*2_1434-1401*2_1434-1400*2_1434-1547*2_1434-1585*2_1434-1404*2_1434-1393*2_1434-1392*2_1434-1586*2_1434-1548*2_1434-1403*2_1434-1391*2_1434-1549*2_1434-1407*2_1434-1402*2_1434-1386*2_1434-1406*2_1434-1535*2_1434-1385*2_1434-1550*2_1434-1587*2_1434-1405*2_1434-1384*2_1434-1589*2_1434-1383*2_1434-1408*2_1434-1533*2_1434-1387*2_1434-1382*2_1434-863*2_1434-1590*2_1434-1534*2_1434-1591*2_1434-1381*2_1434-1389*2_1434-861*2_1434-1380*2_1434-1390*2_1434-1537*2_1434-860*2_1434-1296*2_54-45*3_54-44*3_54-676*3_54-678*3_54-634*3_54-1695*3_54-1694*3_54-1664*3_54-1667*3_54-1663*3_794-1666*3_794-920*3_794-1086*3_794-1085*3_794-1654*3_794-1084*3_794-1643*3_794-1039*3_794-921*3_794-1038*3_794-1041*3_794-923*3_794-1621*3_794-1037*3_794-1042*3_794-924*3_794-1610*3_794-1043*3_794-1036*3_794-1045*3_794-1599*3_794-925*3_794-1046*3_794-472*3_794-473*3_188-201*3_188-128*3_188-651*3_188-140*3_188-139*3_188-206*3_188-141*3_188-138*3_188-207*3_188-137*3_188-142*3_188-130*3_188-208*3_188-143*3_188-209*3_188-131*3_188-132*3_188-599*3_188-605*3_188-134*3_188-598*3_188-144*3_1513-888*2_1513-1536*2_1513-999*2_1513-1538*2_1513-1540*2_1513-1539*2_1513-1221*2_1513-862*2_123-133*3_123-145*3_123-606*3_123-135*3_123-607*3_123-649*3_123-146*3_123-650*3_123-148*3_123-600*3_123-601*3_123-597*3_123-583*3_123-584*3_123-581*3_123-603*3_123-582*3_123-149*3_123-585*3_123-604*3_123-578*3_123-577*3_123-150*3_123-579*3_123-586*3_123-153*3_123-576*3_123-152*3_123-151*3_123-154*3_123-164*3_123-573*3_123-157*3_123-590*3_123-155*3_123-589*3_123-596*3_123-156*3_123-575*3_123-588*3_123-159*3_123-160*3_123-166*3_123-346*3_1523-1332*2_1523-1443*2_725-506*4_1661-1660*3_1661-687*3_1661-1662*3_1661-1685*3_1661-688*3_1661-1659*3_1661-689*3_1661-1671*3_1661-1670*3_1661-1658*3_1661-1669*3_1661-1657*3_1661-1668*3_1661-1656*3_1661-1647*3_1661-1648*3_1661-1649*3_1661-1641*3_1661-1640*3_1661-1642*3_1661-1644*3_1661-1645*3_1661-1650*3_1661-1646*3_1661-1651*3_1661-1652*3_1661-1653*3_1661-1655*3_1661-856*3_1661-855*3_1661-854*3_1661-830*3_1661-829*3_1661-831*3_1661-836*3_1528-1554*3_1528-668*3_1528-557*3_1528-1665*3_1528-2*3_1528-113*3_1528-224*3_1528-335*3_1413-1379*3_1413-1378*3_1413-1376*3_1413-1374*3_1413-1373*3_1413-1592*3_1413-1594*3_1413-1593*3_1413-1598*3_1413-1372*3_1413-1595*3_1413-1309*3_1413-1308*3_1413-1307*3_1647-832*4_1647-833*4_1647-834*4_1418-1375*3_1418-1597*3_1418-1596*3_1418-1371*3_1418-859*3_1418-1362*3_1418-1370*3_1418-858*3_1418-1361*3_1418-1341*3_1418-1360*3_1418-1336*3_1418-1364*3_1418-1335*3_1418-1365*3_1418-1363*3_1418-1337*3_1418-1359*3_1418-1338*3_1418-1334*3_1418-1367*3_1418-1343*3_1418-1339*3_1418-1368*3_1418-1342*3_1418-1340*3_1418-1369*3_1418-1327*3_1418-1328*3_1418-1345*3_1418-1346*3_585-161*4_585-162*4_585-587*4_585-440*4_585-165*4_585-439*4_585-441*4_585-438*4_585-572*4_585-437*4_585-571*4_585-593*4_585-348*4_585-436*4_585-594*4_585-386*4_585-349*4_585-570*4_585-387*4_585-351*4_585-383*4_585-434*4_585-352*4_585-353*4_585-388*4_585-433*4_585-357*4_585-389*4_585-432*4_585-390*4_585-431*4_585-392*4_585-566*4_585-430*4_585-565*4_585-393*4_585-429*4_585-399*4_585-398*4_585-442*4_585-394*4_585-443*4_585-444*4_585-400*4_585-428*4_585-395*4_585-396*4_585-427*4_585-407*4_1425-1297*2_1425-1303*2_1425-1302*2_1425-1301*2_1425-1306*2_1425-1305*2_1425-1298*2_1425-1600*2_1425-1300*2_1425-1304*2_1425-1311*2_1425-1312*2_1425-1326*2_1307-1325*4_1307-1324*4_1307-1323*4_1307-1316*4_1307-1329*4_1307-1317*4_1307-1322*4_1307-1318*4_1307-1330*4_1307-1319*4_1307-1331*4_1307-1315*4_1307-1320*4_1307-1313*4_1307-1356*4_1307-1354*4_1307-1314*4_1307-1353*4_1307-1347*4_1307-1348*4_1307-1349*4_1307-1352*4_1307-1350*4_1307-1357*4_1307-1351*4_1307-1358*4_1296-1612*3_1296-839*3_1296-838*3_1296-837*3_1019-954*4_1019-989*4_1019-956*4_1019-1033*4_1019-947*4_1019-957*4_1019-990*4_1019-1111*4_1019-1099*4_1019-1122*4_1019-1088*4_1019-1133*4_1019-1077*4_1019-1044*4_1019-1066*4_1019-958*4_1019-962*4_1019-1055*4_1019-1030*4_1019-961*4_1019-1144*4_1019-969*4_1019-960*4_1019-959*4_1019-446*4_1019-1031*4_1019-1155*4_1019-968*4_1019-963*4_1019-967*4_1019-1166*4_1019-964*4_1019-1026*4_1019-965*4_1019-987*4_1019-1027*4_1019-986*4_1019-981*4_1019-970*4_1019-985*4_1019-984*4_1019-971*4_1019-1029*4_1019-982*4_867-555*3_867-556*3_867-406*3_867-559*3_867-560*3_867-405*3_867-401*3_867-404*3_867-403*3_867-397*3_867-409*3_867-410*3_867-412*3_867-449*3_727-521*4_727-520*4_727-474*4_727-475*4_727-489*4_727-476*4_727-488*4_727-477*4_727-490*4_727-487*4_727-478*4_727-486*4_727-479*4_727-492*4_727-485*4_727-481*4_727-493*4_727-484*4_727-482*4_727-499*4_727-483*4_727-498*4_727-508*4_727-494*4_727-497*4_727-495*4_727-509*4_727-528*4_727-496*4_727-510*4_727-500*4_727-529*4_727-530*4_727-511*4_727-501*4_727-450*4_727-503*4_727-514*4_727-505*4_561-451*3_561-448*3_561-445*3_561-411*3_561-414*3_561-415*3_561-416*3_561-504*3_561-423*3_561-419*3_561-420*3_561-418*3_561-421*3_561-417*3_561-425*3_561-422*3_561-426*3_561-519*3_561-512*3_561-518*3_561-515*3_561-516*3_561-517*3_993-972*3_993-980*3_993-973*3_993-983*3_993-979*3_993-1028*3_993-974*3_993-975*3_993-976*3_993-978*3_
