"id","Scenario","Actual Range","Protocol","Buildings","Total nodes","Nodes on circ","Total coverage","Coverage on circ","Alert received mean time","Hops","Slots","Messages sent","Messages received", "Starting x", "Starting y","Starting node", "Vehicle distance", "Received node ids", "Node ids", "Transmission map", "Received on circ nodes", "Transmission vector"
0,1,300,300,0,1344,21,1344,21,52941.2,5.71429,50.5238,622,1344,2400,900,956,25,955_957_954_958_953_959_608_952_607_609_606_610_605_611_951_604_612_950_603_613_949_602_614_948_601_615_600_616_947_599_617_946_598_618_945_597_619_512_944_596_595_594_593_592_863_862_861_591_860_859_590_858_589_857_588_856_956_855_587_854_586_620_621_622_623_624_1055_1054_1053_1052_625_1051_1050_626_1049_627_585_584_583_582_581_580_579_578_577_576_767_766_765_764_763_762_761_760_759_758_628_629_630_1048_631_1047_632_1046_633_1045_634_511_513_510_514_509_515_943_508_516_942_507_517_506_518_941_505_519_940_504_520_939_503_521_938_502_522_937_936_935_934_501_523_933_500_524_932_635_636_637_638_639_640_1151_1150_1149_1148_641_1147_642_1146_1145_643_1144_644_757_756_755_754_753_480_752_481_482_483_751_484_485_750_486_749_487_488_748_489_747_490_746_745_744_743_742_741_740_739_738_737_384_736_385_386_387_388_735_389_390_734_931_930_929_416_928_415_417_414_418_413_419_412_420_927_411_421_410_422_926_409_423_925_1044_1043_1042_1041_528_1040_527_529_526_530_525_531_1039_532_1038_533_534_1037_535_1036_536_1035_537_1034_538_1033_924_923_922_408_921_407_920_406_424_919_405_425_918_404_426_917_403_427_645_646_1032_647_1031_648_1030_649_1029_650_1028_651_1027_652_1026_1143_653_1025_1142_654_432_1024_431_433_1141_430_434_429_435_655_428_436_1023_437_438_1022_439_1021_1020_1019_1018_1017_1016_1015_1014_916_915_914_913_320_912_319_321_318_322_317_323_911_316_324_315_325_910_314_326_909_313_327_312_328_908_311_329_907_310_330_906_391_392_393_394_733_395_732_396_731_730_397_729_398_728_399_727_400_832_831_833_726_830_834_829_835_828_836_401_499_498_497_496_848_847_849_846_850_845_851_495_844_852_843_853_494_842_493_841_492_840_839_491_838_837_905_904_903_902_901_900_899_309_331_898_897_224_896_223_225_222_226_895_221_227_894_220_228_893_219_229_892_218_230_891_217_231_890_216_232_889_215_233_888_214_234_887_213_235_886_402_827_826_825_824_823_822_821_656_1247_657_1246_658_1245_659_1244_660_1243_661_1242_662_1241_663_1240_664_1239_665_1238_666_1237_667_885_884_883_882_881_128_880_127_129_126_130_125_131_879_124_132_123_133_878_122_134_877_121_135_120_136_876_119_137_875_118_138_874_539_540_541_542_543_544_1136_1135_1137_1134_1138_1133_1139_545_1132_1140_1131_546_1130_547_1129_548_1128_1127_549_1126_550_551_458_1114_139_140_141_142_143_144_976_975_977_974_978_973_979_145_972_980_971_981_146_970_982_969_983_147_968_984_148_873_967_985_149_440_441_442_443_444_1013_445_457_459_456_460_455_461_454_462_453_463_452_464_1216_1215_1217_1214_1218_1213_1219_451_465_1212_1220_1211_1221_450_466_1210_1222_449_467_1209_1223_448_468_1120_1208_1224_1119_1121_1118_1122_1117_1123_1116_1124_1207_1225_447_469_1115_1125_1206_1226_446_470_150_151_152_153_154_155_156_157_158_159_160_1072_1071_1073_966_986_1070_1074_1069_1075_1068_1076_161_872_871_870_869_868_867_866_117_865_668_669_670_671_1343_1342_1341_1340_1339_1338_1337_1336_1335_1334_1067_1077_162_1066_1078_1065_1079_163_1064_1080_164_1063_1081_165_965_964_963_962_961_48_960_1227_1228_1229_1230_1231_560_1232_559_561_558_562_557_563_1233_556_564_555_565_1234_554_566_1235_553_567_552_568_1236_569_570_1205_1204_1203_1202_1201_368_1200_367_369_366_370_365_371_1199_364_372_363_373_1198_362_374_1197_361_375_360_376_1196_359_377_1195_358_378_1194_1333_308_307_306_305_304_816_815_817_814_818_813_819_812_820_303_811_810_302_1012_1011_1010_1009_336_1008_335_337_334_338_333_339_1007_332_340_341_1006_342_343_1005_344_1004_345_1003_166_167_168_169_1062_1082_170_1061_1083_171_1113_1112_1111_1110_1332_1331_1330_1329_1328_301_1193_300_1192_299_1191_298_1190_297_809_1189_296_808_1188_295_807_1187_294_806_1186_293_805_1185_357_379_292_804_272_1184_478_212_236_1002_1001_1000_999_998_997_996_995_994_993_240_992_239_241_238_242_346_237_243_244_991_571_172_173_174_175_176_1168_1167_1169_1166_1170_1165_1171_177_1164_1172_178_1163_1173_1162_1174_179_1161_1175_180_1160_1176_181_1159_1177_182_1158_1178_183_575_1327_574_1326_573_1325_1324_1323_1322_1321_1320_1319_1318_1317_1316_291_290_990_245_289_989_246_288_720_719_721_718_722_988_247_717_723_716_724_248_987_715_725_249_714_250_713_251_712_711_710_184_185_186_187_188_189_1157_1179_190_380_381_471_382_472_383_1296_1295_1297_1294_1298_1293_1299_1292_1300_1291_1301_1290_1302_1289_1303_1288_1304_1287_1305_116_115_114_113_252_112_784_783_785_253_782_786_781_787_780_788_111_254_779_789_110_778_790_255_777_791_109_256_1088_1087_1089_1086_1090_776_792_1085_1091_1084_1092_108_257_1093_1094_258_271_273_1183_270_274_1182_269_275_1181_268_276_1180_267_277_266_278_265_279_264_280_263_281_262_282_261_283_260_284_709_708_707_706_705_47_49_46_50_45_51_44_52_43_53_42_54_41_55_40_56_39_57_38_58_37_59_36_60_259_1095_1096_1097_1098_1099_211_210_209_208_800_799_801_798_802_207_797_803_796_206_795_205_794_204_793_203_202_201_200_107_106_105_104_103_775_102_774_101_773_191_1264_1263_1265_1262_1266_1261_1267_1260_1268_1259_1269_1258_1270_1257_1271_61_62_63_64_1056_1057_1058_65_1059_1060_66_67_68_69_70_71_72_32_864_31_33_30_34_29_35_28_27_26_25_24_23_22_21_1315_1314_1313_1312_479_477_1311_476_1310_475_1309_474_1308_473_1307_1306_1156_1256_1272_1155_1255_1273_1154_1254_1274_1153_1253_1275_80_1152_79_81_78_82_77_83_76_84_75_85_74_86_73_87_88_89_1109_1108_1107_1106_1105_352_1104_351_353_350_354_349_355_1103_348_356_347_1102_1101_1100_285_286_287_1280_1279_1281_1278_1282_1277_1283_1276_1284_1285_1286_90_91_92_93_94_95_1248_1249_1250_1251_1252_20_19_18_17_16_768_769_770_771_772_15_14_13_12_572_100_99_98_97_96_688_687_689_686_690_685_691_684_692_683_693_682_694_681_695_192_704_193_194_195_703_196_197_702_198_701_199_700_699_698_696_697_680_679_678_11_10_9_8_7_6_5_4_3_2_1_0_672_677_676_675_674_673_,0_1_2_3_4_5_6_7_8_9_10_11_12_13_14_15_16_17_18_19_20_21_22_23_24_25_26_27_28_29_30_31_32_33_34_35_36_37_38_39_40_41_42_43_44_45_46_47_48_49_50_51_52_53_54_55_56_57_58_59_60_61_62_63_64_65_66_67_68_69_70_71_72_73_74_75_76_77_78_79_80_81_82_83_84_85_86_87_88_89_90_91_92_93_94_95_96_97_98_99_100_101_102_103_104_105_106_107_108_109_110_111_112_113_114_115_116_117_118_119_120_121_122_123_124_125_126_127_128_129_130_131_132_133_134_135_136_137_138_139_140_141_142_143_144_145_146_147_148_149_150_151_152_153_154_155_156_157_158_159_160_161_162_163_164_165_166_167_168_169_170_171_172_173_174_175_176_177_178_179_180_181_182_183_184_185_186_187_188_189_190_191_192_193_194_195_196_197_198_199_200_201_202_203_204_205_206_207_208_209_210_211_212_213_214_215_216_217_218_219_220_221_222_223_224_225_226_227_228_229_230_231_232_233_234_235_236_237_238_239_240_241_242_243_244_245_246_247_248_249_250_251_252_253_254_255_256_257_258_259_260_261_262_263_264_265_266_267_268_269_270_271_272_273_274_275_276_277_278_279_280_281_282_283_284_285_286_287_288_289_290_291_292_293_294_295_296_297_298_299_300_301_302_303_304_305_306_307_308_309_310_311_312_313_314_315_316_317_318_319_320_321_322_323_324_325_326_327_328_329_330_331_332_333_334_335_336_337_338_339_340_341_342_343_344_345_346_347_348_349_350_351_352_353_354_355_356_357_358_359_360_361_362_363_364_365_366_367_368_369_370_371_372_373_374_375_376_377_378_379_380_381_382_383_384_385_386_387_388_389_390_391_392_393_394_395_396_397_398_399_400_401_402_403_404_405_406_407_408_409_410_411_412_413_414_415_416_417_418_419_420_421_422_423_424_425_426_427_428_429_430_431_432_433_434_435_436_437_438_439_440_441_442_443_444_445_446_447_448_449_450_451_452_453_454_455_456_457_458_459_460_461_462_463_464_465_466_467_468_469_470_471_472_473_474_475_476_477_478_479_480_481_482_483_484_485_486_487_488_489_490_491_492_493_494_495_496_497_498_499_500_501_502_503_504_505_506_507_508_509_510_511_512_513_514_515_516_517_518_519_520_521_522_523_524_525_526_527_528_529_530_531_532_533_534_535_536_537_538_539_540_541_542_543_544_545_546_547_548_549_550_551_552_553_554_555_556_557_558_559_560_561_562_563_564_565_566_567_568_569_570_571_572_573_574_575_576_577_578_579_580_581_582_583_584_585_586_587_588_589_590_591_592_593_594_595_596_597_598_599_600_601_602_603_604_605_606_607_608_609_610_611_612_613_614_615_616_617_618_619_620_621_622_623_624_625_626_627_628_629_630_631_632_633_634_635_636_637_638_639_640_641_642_643_644_645_646_647_648_649_650_651_652_653_654_655_656_657_658_659_660_661_662_663_664_665_666_667_668_669_670_671_672_673_674_675_676_677_678_679_680_681_682_683_684_685_686_687_688_689_690_691_692_693_694_695_696_697_698_699_700_701_702_703_704_705_706_707_708_709_710_711_712_713_714_715_716_717_718_719_720_721_722_723_724_725_726_727_728_729_730_731_732_733_734_735_736_737_738_739_740_741_742_743_744_745_746_747_748_749_750_751_752_753_754_755_756_757_758_759_760_761_762_763_764_765_766_767_768_769_770_771_772_773_774_775_776_777_778_779_780_781_782_783_784_785_786_787_788_789_790_791_792_793_794_795_796_797_798_799_800_801_802_803_804_805_806_807_808_809_810_811_812_813_814_815_816_817_818_819_820_821_822_823_824_825_826_827_828_829_830_831_832_833_834_835_836_837_838_839_840_841_842_843_844_845_846_847_848_849_850_851_852_853_854_855_856_857_858_859_860_861_862_863_864_865_866_867_868_869_870_871_872_873_874_875_876_877_878_879_880_881_882_883_884_885_886_887_888_889_890_891_892_893_894_895_896_897_898_899_900_901_902_903_904_905_906_907_908_909_910_911_912_913_914_915_916_917_918_919_920_921_922_923_924_925_926_927_928_929_930_931_932_933_934_935_936_937_938_939_940_941_942_943_944_945_946_947_948_949_950_951_952_953_954_955_956_957_958_959_960_961_962_963_964_965_966_967_968_969_970_971_972_973_974_975_976_977_978_979_980_981_982_983_984_985_986_987_988_989_990_991_992_993_994_995_996_997_998_999_1000_1001_1002_1003_1004_1005_1006_1007_1008_1009_1010_1011_1012_1013_1014_1015_1016_1017_1018_1019_1020_1021_1022_1023_1024_1025_1026_1027_1028_1029_1030_1031_1032_1033_1034_1035_1036_1037_1038_1039_1040_1041_1042_1043_1044_1045_1046_1047_1048_1049_1050_1051_1052_1053_1054_1055_1056_1057_1058_1059_1060_1061_1062_1063_1064_1065_1066_1067_1068_1069_1070_1071_1072_1073_1074_1075_1076_1077_1078_1079_1080_1081_1082_1083_1084_1085_1086_1087_1088_1089_1090_1091_1092_1093_1094_1095_1096_1097_1098_1099_1100_1101_1102_1103_1104_1105_1106_1107_1108_1109_1110_1111_1112_1113_1114_1115_1116_1117_1118_1119_1120_1121_1122_1123_1124_1125_1126_1127_1128_1129_1130_1131_1132_1133_1134_1135_1136_1137_1138_1139_1140_1141_1142_1143_1144_1145_1146_1147_1148_1149_1150_1151_1152_1153_1154_1155_1156_1157_1158_1159_1160_1161_1162_1163_1164_1165_1166_1167_1168_1169_1170_1171_1172_1173_1174_1175_1176_1177_1178_1179_1180_1181_1182_1183_1184_1185_1186_1187_1188_1189_1190_1191_1192_1193_1194_1195_1196_1197_1198_1199_1200_1201_1202_1203_1204_1205_1206_1207_1208_1209_1210_1211_1212_1213_1214_1215_1216_1217_1218_1219_1220_1221_1222_1223_1224_1225_1226_1227_1228_1229_1230_1231_1232_1233_1234_1235_1236_1237_1238_1239_1240_1241_1242_1243_1244_1245_1246_1247_1248_1249_1250_1251_1252_1253_1254_1255_1256_1257_1258_1259_1260_1261_1262_1263_1264_1265_1266_1267_1268_1269_1270_1271_1272_1273_1274_1275_1276_1277_1278_1279_1280_1281_1282_1283_1284_1285_1286_1287_1288_1289_1290_1291_1292_1293_1294_1295_1296_1297_1298_1299_1300_1301_1302_1303_1304_1305_1306_1307_1308_1309_1310_1311_1312_1313_1314_1315_1316_1317_1318_1319_1320_1321_1322_1323_1324_1325_1326_1327_1328_1329_1330_1331_1332_1333_1334_1335_1336_1337_1338_1339_1340_1341_1342_1343_,12:{11;10;9;8;7;6;5;4;3;2;1;0;672;}24:{20;19;18;17;16;768;769;770;771;772;15;14;13;12;}48:{47;49;46;50;45;51;44;52;43;53;42;54;41;55;40;56;39;57;38;58;37;59;36;60;}60:{61;62;63;64;1056;1057;1058;65;1059;1060;66;67;68;69;70;71;72;}87:{90;91;92;93;94;95;1248;1249;1250;1251;1252;}105:{100;99;98;97;96;688;687;689;686;690;685;691;684;692;683;693;682;694;681;695;}120:{116;115;114;113;112;784;783;785;782;786;781;787;780;788;111;779;789;110;778;790;777;791;109;776;792;108;}137:{139;140;141;142;143;144;976;975;977;974;978;973;979;145;972;980;971;981;146;970;982;969;983;147;968;984;148;873;967;985;149;}149:{150;151;152;153;154;155;156;157;158;159;160;1072;1071;1073;966;986;1070;1074;1069;1075;1068;1076;161;}153:{1067;1077;162;1066;1078;1065;1079;163;1064;1080;164;1063;1081;165;}159:{166;167;168;169;1062;1082;170;1061;1083;171;}171:{172;173;174;175;176;1168;1167;1169;1166;1170;1165;1171;177;1164;1172;178;1163;1173;1162;1174;179;1161;1175;180;1160;1176;181;1159;1177;182;1158;1178;183;}178:{184;185;186;187;188;189;1157;1179;190;}183:{191;1264;1263;1265;1262;1266;1261;1267;1260;1268;1259;1269;1258;1270;1257;1271;}190:{1256;1272;1255;1273;1254;1274;1253;1275;}212:{211;210;209;208;800;799;801;798;802;207;797;803;796;206;795;205;794;204;793;203;202;201;200;}224:{212;236;}246:{252;253;254;255;256;1088;1087;1089;1086;1090;1085;1091;1084;1092;257;1093;1094;258;}257:{259;1095;1096;1097;1098;1099;}272:{271;273;1183;270;274;1182;269;275;1181;268;276;1180;267;277;266;278;265;279;264;280;263;281;262;282;261;283;260;284;}283:{285;286;287;1280;1279;1281;1278;1282;1277;1283;1276;1284;1285;1286;}293:{291;290;289;288;720;719;721;718;722;717;723;716;724;715;725;714;713;712;711;710;}314:{308;307;306;305;304;816;815;817;814;818;813;819;812;820;303;811;810;302;}377:{380;381;382;383;1296;1295;1297;1294;1298;1293;1299;1292;1300;1291;1301;1290;1302;1289;1303;1288;1304;1287;1305;}389:{391;392;393;394;733;395;732;396;731;730;397;729;398;728;399;727;400;832;831;833;726;830;834;829;835;828;836;401;}404:{402;827;826;825;824;823;822;821;}415:{924;923;922;408;921;407;920;406;424;919;405;425;918;404;426;917;403;427;}426:{1020;1019;1018;1017;1016;1015;1014;}433:{440;441;442;443;444;1013;445;}458:{457;459;456;460;455;461;454;462;453;463;452;464;1216;1215;1217;1214;1218;1213;1219;451;465;1212;1220;1211;1221;450;466;1210;1222;449;467;1209;1223;448;468;1120;1208;1224;1119;1121;1118;1122;1117;1123;1116;1124;1207;1225;447;469;1115;1125;1206;1226;446;470;}466:{478;}500:{837;}502:{499;498;497;496;848;847;849;846;850;845;851;495;844;852;843;853;494;842;493;841;492;840;839;491;838;}538:{539;540;541;542;543;544;1136;1135;1137;1134;1138;1133;1139;545;1132;1140;1131;546;1130;547;1129;548;1128;1127;549;1126;550;}581:{761;760;759;758;}586:{585;584;583;582;581;580;579;578;577;576;767;766;765;764;763;762;}598:{596;595;594;593;592;863;862;861;591;860;859;590;858;589;857;588;856;956;855;587;854;586;}615:{620;621;622;623;624;1055;1054;1053;1052;625;1051;1050;626;1049;627;}622:{628;629;630;1048;631;1047;632;1046;633;1045;634;}632:{635;636;637;638;639;640;1151;1150;1149;1148;641;1147;642;1146;1145;643;1144;644;}643:{645;646;647;648;649;650;651;652;1143;653;1142;654;1141;655;}655:{656;1247;657;1246;658;1245;659;1244;660;1243;661;1242;662;1241;663;1240;664;1239;665;1238;666;1237;667;}667:{668;669;670;671;1343;1342;1341;1340;1339;1338;1337;1336;1335;1334;}668:{1333;}682:{677;676;675;674;673;}690:{696;697;680;679;678;}710:{192;704;193;194;195;703;196;197;702;198;701;199;700;699;698;}717:{709;708;707;706;705;}746:{745;744;743;742;741;740;739;738;737;384;736;385;386;387;388;735;389;390;734;}758:{757;756;755;754;753;480;752;481;482;483;751;484;485;750;486;749;487;488;748;489;747;490;746;}785:{107;106;105;104;103;775;102;774;101;773;}816:{301;300;299;298;297;809;296;808;295;807;294;806;293;805;292;804;}865:{32;864;31;33;30;34;29;35;28;27;26;25;24;23;22;21;}877:{872;871;870;869;868;867;866;117;865;}886:{885;884;883;882;881;128;880;127;129;126;130;125;131;879;124;132;123;133;878;122;134;877;121;135;120;136;876;119;137;875;118;138;874;}898:{897;224;896;223;225;222;226;895;221;227;894;220;228;893;219;229;892;218;230;891;217;231;890;216;232;889;215;233;888;214;234;887;213;235;886;}910:{905;904;903;902;901;900;899;309;331;898;}918:{916;915;914;913;320;912;319;321;318;322;317;323;911;316;324;315;325;910;314;326;909;313;327;312;328;908;311;329;907;310;330;906;}937:{931;930;929;416;928;415;417;414;418;413;419;412;420;927;411;421;410;422;926;409;423;925;}944:{936;935;934;501;523;933;500;524;932;}949:{511;513;510;514;509;515;943;508;516;942;507;517;506;518;941;505;519;940;504;520;939;503;521;938;502;522;937;}956:{955;957;954;958;953;959;608;952;607;609;606;610;605;611;951;604;612;950;603;613;949;602;614;948;601;615;600;616;947;599;617;946;598;618;945;597;619;512;944;}972:{965;964;963;962;961;48;960;}996:{990;245;989;246;988;247;248;987;249;250;251;}1003:{1002;1001;1000;999;998;997;996;995;994;993;240;992;239;241;238;242;346;237;243;244;991;}1015:{1012;1011;1010;1009;336;1008;335;337;334;338;333;339;1007;332;340;341;1006;342;343;1005;344;1004;345;1003;}1033:{1032;1031;1030;1029;1028;1027;1026;1025;432;1024;431;433;430;434;429;435;428;436;1023;437;438;1022;439;1021;}1045:{1044;1043;1042;1041;528;1040;527;529;526;530;525;531;1039;532;1038;533;534;1037;535;1036;536;1035;537;1034;538;1033;}1110:{1109;1108;1107;1106;1105;352;1104;351;353;350;354;349;355;1103;348;356;347;1102;1101;1100;}1122:{1113;1112;1111;1110;}1126:{458;1114;}1127:{551;}1159:{1156;1155;1154;1153;80;1152;79;81;78;82;77;83;76;84;75;85;74;86;73;87;88;89;}1196:{1193;1192;1191;1190;1189;1188;1187;1186;1185;357;379;272;1184;}1206:{1205;1204;1203;1202;1201;368;1200;367;369;366;370;365;371;1199;364;372;363;373;1198;362;374;1197;361;375;360;376;1196;359;377;1195;358;378;1194;}1224:{471;472;}1226:{1227;1228;1229;1230;1231;560;1232;559;561;558;562;557;563;1233;556;564;555;565;1234;554;566;1235;553;567;552;568;1236;569;570;}1232:{571;}1316:{1315;1314;1313;1312;479;477;1311;476;1310;475;1309;474;1308;473;1307;1306;}1320:{572;}1328:{575;1327;574;1326;573;1325;1324;1323;1322;1321;1320;1319;1318;1317;1316;}1340:{1332;1331;1330;1329;1328;},387_388_444_445_550_551_647_648_739_740_741_823_824_915_916_917_1015_1016_1123_1124_1125_,956-955*0_956-957*0_956-954*0_956-958*0_956-953*0_956-959*0_956-608*0_956-952*0_956-607*0_956-609*0_956-606*0_956-610*0_956-605*0_956-611*0_956-951*0_956-604*0_956-612*0_956-950*0_956-603*0_956-613*0_956-949*0_956-602*0_956-614*0_956-948*0_956-601*0_956-615*0_956-600*0_956-616*0_956-947*0_956-599*0_956-617*0_956-946*0_956-598*0_956-618*0_956-945*0_956-597*0_956-619*0_956-512*0_956-944*0_598-596*1_598-595*1_598-594*1_598-593*1_598-592*1_598-863*1_598-862*1_598-861*1_598-591*1_598-860*1_598-859*1_598-590*1_598-858*1_598-589*1_598-857*1_598-588*1_598-856*1_598-956*1_598-855*1_598-587*1_598-854*1_598-586*1_615-620*1_615-621*1_615-622*1_615-623*1_615-624*1_615-1055*1_615-1054*1_615-1053*1_615-1052*1_615-625*1_615-1051*1_615-1050*1_615-626*1_615-1049*1_615-627*1_586-585*2_586-584*2_586-583*2_586-582*2_586-581*2_586-580*2_586-579*2_586-578*2_586-577*2_586-576*2_586-767*2_586-766*2_586-765*2_586-764*2_586-763*2_586-762*2_581-761*3_581-760*3_581-759*3_581-758*3_622-628*2_622-629*2_622-630*2_622-1048*2_622-631*2_622-1047*2_622-632*2_622-1046*2_622-633*2_622-1045*2_622-634*2_949-511*1_949-513*1_949-510*1_949-514*1_949-509*1_949-515*1_949-943*1_949-508*1_949-516*1_949-942*1_949-507*1_949-517*1_949-506*1_949-518*1_949-941*1_949-505*1_949-519*1_949-940*1_949-504*1_949-520*1_949-939*1_949-503*1_949-521*1_949-938*1_949-502*1_949-522*1_949-937*1_944-936*1_944-935*1_944-934*1_944-501*1_944-523*1_944-933*1_944-500*1_944-524*1_944-932*1_632-635*3_632-636*3_632-637*3_632-638*3_632-639*3_632-640*3_632-1151*3_632-1150*3_632-1149*3_632-1148*3_632-641*3_632-1147*3_632-642*3_632-1146*3_632-1145*3_632-643*3_632-1144*3_632-644*3_758-757*4_758-756*4_758-755*4_758-754*4_758-753*4_758-480*4_758-752*4_758-481*4_758-482*4_758-483*4_758-751*4_758-484*4_758-485*4_758-750*4_758-486*4_758-749*4_758-487*4_758-488*4_758-748*4_758-489*4_758-747*4_758-490*4_758-746*4_746-745*5_746-744*5_746-743*5_746-742*5_746-741*5_746-740*5_746-739*5_746-738*5_746-737*5_746-384*5_746-736*5_746-385*5_746-386*5_746-387*5_746-388*5_746-735*5_746-389*5_746-390*5_746-734*5_937-931*2_937-930*2_937-929*2_937-416*2_937-928*2_937-415*2_937-417*2_937-414*2_937-418*2_937-413*2_937-419*2_937-412*2_937-420*2_937-927*2_937-411*2_937-421*2_937-410*2_937-422*2_937-926*2_937-409*2_937-423*2_937-925*2_1045-1044*3_1045-1043*3_1045-1042*3_1045-1041*3_1045-528*3_1045-1040*3_1045-527*3_1045-529*3_1045-526*3_1045-530*3_1045-525*3_1045-531*3_1045-1039*3_1045-532*3_1045-1038*3_1045-533*3_1045-534*3_1045-1037*3_1045-535*3_1045-1036*3_1045-536*3_1045-1035*3_1045-537*3_1045-1034*3_1045-538*3_1045-1033*3_415-924*3_415-923*3_415-922*3_415-408*3_415-921*3_415-407*3_415-920*3_415-406*3_415-424*3_415-919*3_415-405*3_415-425*3_415-918*3_415-404*3_415-426*3_415-917*3_415-403*3_415-427*3_643-645*4_643-646*4_1033-1032*4_643-647*4_1033-1031*4_643-648*4_1033-1030*4_643-649*4_1033-1029*4_643-650*4_1033-1028*4_643-651*4_1033-1027*4_643-652*4_1033-1026*4_643-1143*4_643-653*4_1033-1025*4_643-1142*4_643-654*4_1033-432*4_1033-1024*4_1033-431*4_1033-433*4_643-1141*4_1033-430*4_1033-434*4_1033-429*4_1033-435*4_643-655*4_1033-428*4_1033-436*4_1033-1023*4_1033-437*4_1033-438*4_1033-1022*4_1033-439*4_1033-1021*4_426-1020*5_426-1019*5_426-1018*5_426-1017*5_426-1016*5_426-1015*5_426-1014*5_918-916*4_918-915*4_918-914*4_918-913*4_918-320*4_918-912*4_918-319*4_918-321*4_918-318*4_918-322*4_918-317*4_918-323*4_918-911*4_918-316*4_918-324*4_918-315*4_918-325*4_918-910*4_918-314*4_918-326*4_918-909*4_918-313*4_918-327*4_918-312*4_918-328*4_918-908*4_918-311*4_918-329*4_918-907*4_918-310*4_918-330*4_918-906*4_389-391*6_389-392*6_389-393*6_389-394*6_389-733*6_389-395*6_389-732*6_389-396*6_389-731*6_389-730*6_389-397*6_389-729*6_389-398*6_389-728*6_389-399*6_389-727*6_389-400*6_389-832*6_389-831*6_389-833*6_389-726*6_389-830*6_389-834*6_389-829*6_389-835*6_389-828*6_389-836*6_389-401*6_502-499*2_502-498*2_502-497*2_502-496*2_502-848*2_502-847*2_502-849*2_502-846*2_502-850*2_502-845*2_502-851*2_502-495*2_502-844*2_502-852*2_502-843*2_502-853*2_502-494*2_502-842*2_502-493*2_502-841*2_502-492*2_502-840*2_502-839*2_502-491*2_502-838*2_500-837*2_910-905*7_910-904*7_910-903*7_910-902*7_910-901*7_910-900*7_910-899*7_910-309*7_910-331*7_910-898*7_898-897*8_898-224*8_898-896*8_898-223*8_898-225*8_898-222*8_898-226*8_898-895*8_898-221*8_898-227*8_898-894*8_898-220*8_898-228*8_898-893*8_898-219*8_898-229*8_898-892*8_898-218*8_898-230*8_898-891*8_898-217*8_898-231*8_898-890*8_898-216*8_898-232*8_898-889*8_898-215*8_898-233*8_898-888*8_898-214*8_898-234*8_898-887*8_898-213*8_898-235*8_898-886*8_404-402*4_404-827*4_404-826*4_404-825*4_404-824*4_404-823*4_404-822*4_404-821*4_655-656*5_655-1247*5_655-657*5_655-1246*5_655-658*5_655-1245*5_655-659*5_655-1244*5_655-660*5_655-1243*5_655-661*5_655-1242*5_655-662*5_655-1241*5_655-663*5_655-1240*5_655-664*5_655-1239*5_655-665*5_655-1238*5_655-666*5_655-1237*5_655-667*5_886-885*9_886-884*9_886-883*9_886-882*9_886-881*9_886-128*9_886-880*9_886-127*9_886-129*9_886-126*9_886-130*9_886-125*9_886-131*9_886-879*9_886-124*9_886-132*9_886-123*9_886-133*9_886-878*9_886-122*9_886-134*9_886-877*9_886-121*9_886-135*9_886-120*9_886-136*9_886-876*9_886-119*9_886-137*9_886-875*9_886-118*9_886-138*9_886-874*9_538-539*4_538-540*4_538-541*4_538-542*4_538-543*4_538-544*4_538-1136*4_538-1135*4_538-1137*4_538-1134*4_538-1138*4_538-1133*4_538-1139*4_538-545*4_538-1132*4_538-1140*4_538-1131*4_538-546*4_538-1130*4_538-547*4_538-1129*4_538-548*4_538-1128*4_538-1127*4_538-549*4_538-1126*4_538-550*4_1127-551*5_1126-458*5_1126-1114*5_137-139*10_137-140*10_137-141*10_137-142*10_137-143*10_137-144*10_137-976*10_137-975*10_137-977*10_137-974*10_137-978*10_137-973*10_137-979*10_137-145*10_137-972*10_137-980*10_137-971*10_137-981*10_137-146*10_137-970*10_137-982*10_137-969*10_137-983*10_137-147*10_137-968*10_137-984*10_137-148*10_137-873*10_137-967*10_137-985*10_137-149*10_433-440*5_433-441*5_433-442*5_433-443*5_433-444*5_433-1013*5_433-445*5_458-457*6_458-459*6_458-456*6_458-460*6_458-455*6_458-461*6_458-454*6_458-462*6_458-453*6_458-463*6_458-452*6_458-464*6_458-1216*6_458-1215*6_458-1217*6_458-1214*6_458-1218*6_458-1213*6_458-1219*6_458-451*6_458-465*6_458-1212*6_458-1220*6_458-1211*6_458-1221*6_458-450*6_458-466*6_458-1210*6_458-1222*6_458-449*6_458-467*6_458-1209*6_458-1223*6_458-448*6_458-468*6_458-1120*6_458-1208*6_458-1224*6_458-1119*6_458-1121*6_458-1118*6_458-1122*6_458-1117*6_458-1123*6_458-1116*6_458-1124*6_458-1207*6_458-1225*6_458-447*6_458-469*6_458-1115*6_458-1125*6_458-1206*6_458-1226*6_458-446*6_458-470*6_149-150*11_149-151*11_149-152*11_149-153*11_149-154*11_149-155*11_149-156*11_149-157*11_149-158*11_149-159*11_149-160*11_149-1072*11_149-1071*11_149-1073*11_149-966*11_149-986*11_149-1070*11_149-1074*11_149-1069*11_149-1075*11_149-1068*11_149-1076*11_149-161*11_877-872*11_877-871*11_877-870*11_877-869*11_877-868*11_877-867*11_877-866*11_877-117*11_877-865*11_667-668*6_667-669*6_667-670*6_667-671*6_667-1343*6_667-1342*6_667-1341*6_667-1340*6_667-1339*6_667-1338*6_667-1337*6_667-1336*6_667-1335*6_667-1334*6_153-1067*12_153-1077*12_153-162*12_153-1066*12_153-1078*12_153-1065*12_153-1079*12_153-163*12_153-1064*12_153-1080*12_153-164*12_153-1063*12_153-1081*12_153-165*12_972-965*13_972-964*13_972-963*13_972-962*13_972-961*13_972-48*13_972-960*13_1226-1227*7_1226-1228*7_1226-1229*7_1226-1230*7_1226-1231*7_1226-560*7_1226-1232*7_1226-559*7_1226-561*7_1226-558*7_1226-562*7_1226-557*7_1226-563*7_1226-1233*7_1226-556*7_1226-564*7_1226-555*7_1226-565*7_1226-1234*7_1226-554*7_1226-566*7_1226-1235*7_1226-553*7_1226-567*7_1226-552*7_1226-568*7_1226-1236*7_1226-569*7_1226-570*7_1206-1205*7_1206-1204*7_1206-1203*7_1206-1202*7_1206-1201*7_1206-368*7_1206-1200*7_1206-367*7_1206-369*7_1206-366*7_1206-370*7_1206-365*7_1206-371*7_1206-1199*7_1206-364*7_1206-372*7_1206-363*7_1206-373*7_1206-1198*7_1206-362*7_1206-374*7_1206-1197*7_1206-361*7_1206-375*7_1206-360*7_1206-376*7_1206-1196*7_1206-359*7_1206-377*7_1206-1195*7_1206-358*7_1206-378*7_1206-1194*7_668-1333*7_314-308*7_314-307*7_314-306*7_314-305*7_314-304*7_314-816*7_314-815*7_314-817*7_314-814*7_314-818*7_314-813*7_314-819*7_314-812*7_314-820*7_314-303*7_314-811*7_314-810*7_314-302*7_1015-1012*7_1015-1011*7_1015-1010*7_1015-1009*7_1015-336*7_1015-1008*7_1015-335*7_1015-337*7_1015-334*7_1015-338*7_1015-333*7_1015-339*7_1015-1007*7_1015-332*7_1015-340*7_1015-341*7_1015-1006*7_1015-342*7_1015-343*7_1015-1005*7_1015-344*7_1015-1004*7_1015-345*7_1015-1003*7_159-166*13_159-167*13_159-168*13_159-169*13_159-1062*13_159-1082*13_159-170*13_159-1061*13_159-1083*13_159-171*13_1122-1113*7_1122-1112*7_1122-1111*7_1122-1110*7_1340-1332*8_1340-1331*8_1340-1330*8_1340-1329*8_1340-1328*8_816-301*8_1196-1193*8_816-300*8_1196-1192*8_816-299*8_1196-1191*8_816-298*8_1196-1190*8_816-297*8_816-809*8_1196-1189*8_816-296*8_816-808*8_1196-1188*8_816-295*8_816-807*8_1196-1187*8_816-294*8_816-806*8_1196-1186*8_816-293*8_816-805*8_1196-1185*8_1196-357*8_1196-379*8_816-292*8_816-804*8_1196-272*8_1196-1184*8_466-478*8_224-212*9_224-236*9_1003-1002*8_1003-1001*8_1003-1000*8_1003-999*8_1003-998*8_1003-997*8_1003-996*8_1003-995*8_1003-994*8_1003-993*8_1003-240*8_1003-992*8_1003-239*8_1003-241*8_1003-238*8_1003-242*8_1003-346*8_1003-237*8_1003-243*8_1003-244*8_1003-991*8_1232-571*8_171-172*14_171-173*14_171-174*14_171-175*14_171-176*14_171-1168*14_171-1167*14_171-1169*14_171-1166*14_171-1170*14_171-1165*14_171-1171*14_171-177*14_171-1164*14_171-1172*14_171-178*14_171-1163*14_171-1173*14_171-1162*14_171-1174*14_171-179*14_171-1161*14_171-1175*14_171-180*14_171-1160*14_171-1176*14_171-181*14_171-1159*14_171-1177*14_171-182*14_171-1158*14_171-1178*14_171-183*14_1328-575*9_1328-1327*9_1328-574*9_1328-1326*9_1328-573*9_1328-1325*9_1328-1324*9_1328-1323*9_1328-1322*9_1328-1321*9_1328-1320*9_1328-1319*9_1328-1318*9_1328-1317*9_1328-1316*9_293-291*9_293-290*9_996-990*9_996-245*9_293-289*9_996-989*9_996-246*9_293-288*9_293-720*9_293-719*9_293-721*9_293-718*9_293-722*9_996-988*9_996-247*9_293-717*9_293-723*9_293-716*9_293-724*9_996-248*9_996-987*9_293-715*9_293-725*9_996-249*9_293-714*9_996-250*9_293-713*9_996-251*9_293-712*9_293-711*9_293-710*9_178-184*15_178-185*15_178-186*15_178-187*15_178-188*15_178-189*15_178-1157*15_178-1179*15_178-190*15_377-380*9_377-381*9_1224-471*9_377-382*9_1224-472*9_377-383*9_377-1296*9_377-1295*9_377-1297*9_377-1294*9_377-1298*9_377-1293*9_377-1299*9_377-1292*9_377-1300*9_377-1291*9_377-1301*9_377-1290*9_377-1302*9_377-1289*9_377-1303*9_377-1288*9_377-1304*9_377-1287*9_377-1305*9_120-116*11_120-115*11_120-114*11_120-113*11_246-252*11_120-112*11_120-784*11_120-783*11_120-785*11_246-253*11_120-782*11_120-786*11_120-781*11_120-787*11_120-780*11_120-788*11_120-111*11_246-254*11_120-779*11_120-789*11_120-110*11_120-778*11_120-790*11_246-255*11_120-777*11_120-791*11_120-109*11_246-256*11_246-1088*11_246-1087*11_246-1089*11_246-1086*11_246-1090*11_120-776*11_120-792*11_246-1085*11_246-1091*11_246-1084*11_246-1092*11_120-108*11_246-257*11_246-1093*11_246-1094*11_246-258*11_272-271*9_272-273*9_272-1183*9_272-270*9_272-274*9_272-1182*9_272-269*9_272-275*9_272-1181*9_272-268*9_272-276*9_272-1180*9_272-267*9_272-277*9_272-266*9_272-278*9_272-265*9_272-279*9_272-264*9_272-280*9_272-263*9_272-281*9_272-262*9_272-282*9_272-261*9_272-283*9_272-260*9_272-284*9_717-709*7_717-708*7_717-707*7_717-706*7_717-705*7_48-47*14_48-49*14_48-46*14_48-50*14_48-45*14_48-51*14_48-44*14_48-52*14_48-43*14_48-53*14_48-42*14_48-54*14_48-41*14_48-55*14_48-40*14_48-56*14_48-39*14_48-57*14_48-38*14_48-58*14_48-37*14_48-59*14_48-36*14_48-60*14_257-259*12_257-1095*12_257-1096*12_257-1097*12_257-1098*12_257-1099*12_212-211*10_212-210*10_212-209*10_212-208*10_212-800*10_212-799*10_212-801*10_212-798*10_212-802*10_212-207*10_212-797*10_212-803*10_212-796*10_212-206*10_212-795*10_212-205*10_212-794*10_212-204*10_212-793*10_212-203*10_212-202*10_212-201*10_212-200*10_785-107*12_785-106*12_785-105*12_785-104*12_785-103*12_785-775*12_785-102*12_785-774*12_785-101*12_785-773*12_183-191*15_183-1264*15_183-1263*15_183-1265*15_183-1262*15_183-1266*15_183-1261*15_183-1267*15_183-1260*15_183-1268*15_183-1259*15_183-1269*15_183-1258*15_183-1270*15_183-1257*15_183-1271*15_60-61*15_60-62*15_60-63*15_60-64*15_60-1056*15_60-1057*15_60-1058*15_60-65*15_60-1059*15_60-1060*15_60-66*15_60-67*15_60-68*15_60-69*15_60-70*15_60-71*15_60-72*15_865-32*12_865-864*12_865-31*12_865-33*12_865-30*12_865-34*12_865-29*12_865-35*12_865-28*12_865-27*12_865-26*12_865-25*12_865-24*12_865-23*12_865-22*12_865-21*12_1316-1315*10_1316-1314*10_1316-1313*10_1316-1312*10_1316-479*10_1316-477*10_1316-1311*10_1316-476*10_1316-1310*10_1316-475*10_1316-1309*10_1316-474*10_1316-1308*10_1316-473*10_1316-1307*10_1316-1306*10_1159-1156*16_190-1256*16_190-1272*16_1159-1155*16_190-1255*16_190-1273*16_1159-1154*16_190-1254*16_190-1274*16_1159-1153*16_190-1253*16_190-1275*16_1159-80*16_1159-1152*16_1159-79*16_1159-81*16_1159-78*16_1159-82*16_1159-77*16_1159-83*16_1159-76*16_1159-84*16_1159-75*16_1159-85*16_1159-74*16_1159-86*16_1159-73*16_1159-87*16_1159-88*16_1159-89*16_1110-1109*9_1110-1108*9_1110-1107*9_1110-1106*9_1110-1105*9_1110-352*9_1110-1104*9_1110-351*9_1110-353*9_1110-350*9_1110-354*9_1110-349*9_1110-355*9_1110-1103*9_1110-348*9_1110-356*9_1110-347*9_1110-1102*9_1110-1101*9_1110-1100*9_283-285*10_283-286*10_283-287*10_283-1280*10_283-1279*10_283-1281*10_283-1278*10_283-1282*10_283-1277*10_283-1283*10_283-1276*10_283-1284*10_283-1285*10_283-1286*10_87-90*17_87-91*17_87-92*17_87-93*17_87-94*17_87-95*17_87-1248*17_87-1249*17_87-1250*17_87-1251*17_87-1252*17_24-20*15_24-19*15_24-18*15_24-17*15_24-16*15_24-768*15_24-769*15_24-770*15_24-771*15_24-772*15_24-15*15_24-14*15_24-13*15_24-12*15_1320-572*12_105-100*13_105-99*13_105-98*13_105-97*13_105-96*13_105-688*13_105-687*13_105-689*13_105-686*13_105-690*13_105-685*13_105-691*13_105-684*13_105-692*13_105-683*13_105-693*13_105-682*13_105-694*13_105-681*13_105-695*13_710-192*10_710-704*10_710-193*10_710-194*10_710-195*10_710-703*10_710-196*10_710-197*10_710-702*10_710-198*10_710-701*10_710-199*10_710-700*10_710-699*10_710-698*10_690-696*14_690-697*14_690-680*14_690-679*14_690-678*14_12-11*16_12-10*16_12-9*16_12-8*16_12-7*16_12-6*16_12-5*16_12-4*16_12-3*16_12-2*16_12-1*16_12-0*16_12-672*16_682-677*15_682-676*15_682-675*15_682-674*15_682-673*15_
