"id","Scenario","Actual Range","Protocol","Buildings","Total nodes","Nodes on circ","Total coverage","Coverage on circ","Alert received mean time","Hops","Slots","Messages sent","Messages received", "Starting x", "Starting y","Starting node", "Vehicle distance", "Received node ids", "Node ids", "Transmission map", "Received on circ nodes", "Transmission vector"
0,1,100,300,0,1776,80,1435,61,2.15072e+06,19.2295,2058.52,820,1435,1153.84,1884.7,310,25,309_311_308_312_294_314_293_310_275_276_274_277_250_249_315_316_325_251_323_248_252_233_244_232_253_231_273_287_272_278_286_234_254_295_246_296_245_297_307_298_322_202_235_191_236_447_237_330_238_327_255_285_851_850_284_852_435_458_180_469_169_646_225_635_480_271_279_270_849_281_283_848_853_268_259_260_847_239_240_329_241_328_242_491_282_261_257_230_326_256_263_262_229_331_332_264_265_228_266_333_243_513_502_524_657_669_624_680_535_613_724_546_735_558_227_691_702_602_713_591_158_580_147_569_136_771_258_247_125_269_114_280_380_1073_1080_291_746_770_733_769_759_760_761_884_767_758_885_213_1079_102_391_1074_302_1072_402_1071_91_226_267_223_80_763_764_313_766_768_757_780_756_755_791_754_753_752_882_222_342_221_289_290_334_220_288_341_292_337_338_339_751_216_340_217_750_324_336_413_424_781_782_883_553_552_881_802_813_824_742_868_743_869_870_835_765_734_736_886_737_887_58_69_762_47_36_369_358_740_25_347_739_14_738_3_717_908_778_777_783_1069_784_1068_1070_785_1067_776_1075_786_317_318_698_1196_699_697_1197_319_1198_1200_700_1201_701_320_1202_1203_703_1223_1220_1204_704_1205_1219_1206_890_891_715_716_714_548_892_299_306_300_787_775_773_772_774_788_1699_1688_790_1677_789_871_872_867_741_846_857_865_873_864_1666_919_918_1654_1040_920_917_1086_1643_1039_916_1085_921_1632_218_219_175_173_176_174_1710_1721_792_1732_793_1743_712_711_907_1759_1218_1758_1217_915_914_906_909_905_172_171_203_204_923_924_1038_1037_925_1036_893_904_729_894_903_913_912_1754_794_1765_874_875_876_878_879_880_749_343_344_748_345_728_895_727_896_910_170_168_726_719_547_531_897_720_898_466_899_721_465_467_464_722_901_902_468_718_470_471_1757_1756_1216_696_1207_1215_1240_1208_1214_527_472_473_167_574_573_166_579_926_1032_1035_1034_927_822_1599_1610_928_1588_1621_1577_1078_841_842_1076_843_1184_844_725_730_723_731_732_544_545_549_543_551_550_542_541_1239_1213_1224_1211_1212_463_462_526_525_474_475_521_1209_1225_1238_1237_1226_695_201_140_205_139_200_206_138_141_199_207_137_142_599_654_198_301_303_321_1191_1190_1195_1189_461_460_459_523_457_522_456_507_455_506_1175_1176_1164_489_488_490_454_929_821_930_820_819_931_1566_1555_818_1047_1543_817_1106_1460_1461_1462_1187_747_745_744_520_476_845_1181_1227_1236_1235_1228_653_197_598_578_581_582_577_597_583_208_143_209_148_584_146_576_585_149_477_478_479_133_130_145_652_131_129_605_651_134_144_132_135_1178_304_1179_305_1180_1130_1174_1182_1163_532_1234_540_539_538_537_346_165_348_487_486_164_586_150_589_590_588_157_154_1165_1185_1167_1131_1132_1168_1134_1129_705_1128_1186_1169_1192_1140_1135_1127_600_601_650_649_606_603_485_484_483_508_482_509_481_497_510_498_607_604_128_153_152_151_1170_1194_1193_1171_1141_1142_1172_1143_1136_1145_1173_1146_1492_1491_1147_1156_1490_1157_161_160_162_159_163_587_156_440_439_1229_1230_1231_1241_1232_1242_1183_1061_1126_1137_1125_1138_1124_1139_1123_155_596_575_1060_1059_1575_1062_1158_1159_1148_1162_1160_1149_1161_1091_1092_1090_1121_351_352_349_350_571_570_353_572_595_592_593_511_512_1150_1487_1489_1151_1486_1152_1485_594_379_568_381_567_378_383_357_384_382_372_354_356_373_359_441_371_1058_1056_374_385_360_386_375_387_496_495_499_493_494_492_500_1065_536_534_438_437_388_1057_1120_1087_1089_706_1115_1054_1463_1464_1459_436_434_433_389_932_934_816_935_1532_815_1521_795_936_1105_1574_1576_1114_1113_1112_1108_1109_1098_1053_707_708_1052_533_554_561_555_556_562_814_1510_937_811_812_810_1499_390_392_432_566_370_361_368_355_362_367_709_1051_1153_1107_1097_1100_1096_1101_1093_803_1094_1095_801_800_1102_1154_938_939_940_1116_1050_1049_376_363_377_366_215_514_1117_809_364_365_408_407_400_406_401_559_560_405_1064_1081_1063_710_1082_1083_1243_1245_1246_1429_1457_1456_1458_1465_393_565_394_431_430_444_443_395_429_442_398_396_1118_808_807_1119_805_806_1103_1104_799_798_797_804_796_399_1578_1573_1579_1572_1571_941_942_1488_943_945_1580_1430_1426_1431_404_403_409_397_410_411_1048_1428_1247_1427_1248_1249_1467_1468_1473_1454_1469_196_210_211_212_428_826_1410_1493_1421_427_426_425_423_1425_1433_1434_950_1424_1423_825_1084_515_516_517_518_563_564_452_1563_1474_1562_1470_1494_1561_1471_1422_1570_1495_1560_1496_1250_1292_1291_946_1030_949_948_1031_947_995_519_412_1251_1472_1475_1476_1484_1455_1497_962_994_961_414_1498_1500_1501_1502_828_1014_827_1399_1432_1018_1013_1388_1444_1019_1012_1483_960_1026_1020_1021_1023_1366_1002_1355_823_1466_1477_1478_1479_1480_1481_1420_415_416_1396_1409_1482_1377_445_127_124_655_1027_1028_1029_1344_1001_1015_998_1016_1435_1436_1437_1438_1024_1003_1017_1004_1007_1008_1005_1006_1025_1009_997_988_422_505_501_503_529_1503_1504_1528_1505_1527_1506_1551_1411_1398_1395_1439_1290_1293_1295_1289_1294_1296_1394_1397_1400_1585_1393_1392_1586_1401_1391_1386_1587_1589_1590_993_992_991_977_966_955_1556_1385_1387_1384_1404_1010_1000_1287_1600_1612_1611_1278_840_1297_839_1526_453_123_122_126_656_121_612_120_611_1383_1418_1389_1403_1382_953_989_954_504_530_421_944_1177_1609_838_1608_996_1303_1302_837_836_834_833_119_118_610_658_115_609_116_659_1591_1594_1592_1595_1593_1309_1308_1341_1596_1390_1598_1372_1597_1381_1531_1525_1530_1507_1508_1524_1529_1520_1522_1519_1509_1518_660_661_1517_1541_1542_1516_1523_1511_1512_1515_1535_1514_1559_448_1307_1335_1306_1334_1336_1305_1325_1337_1362_1361_1360_1371_608_614_1370_1359_990_969_1133_1144_956_968_952_1122_957_1155_967_1111_951_1166_112_117_103_104_105_101_1402_832_831_830_106_829_854_1326_1327_1324_1338_1328_1323_1329_1339_1343_1342_1340_1544_1513_1545_1412_1413_1414_1415_1416_107_108_663_1364_1365_1363_1367_1533_1534_1330_1331_1356_1345_420_419_418_417_1188_1199_933_922_1210_1553_1552_1557_1582_1558_1445_1550_1549_1346_1347_1348_987_986_985_984_1099_616_615_642_617_641_618_640_1301_1298_619_639_620_638_621_637_1354_1320_1319_1353_1357_1318_1358_900_911_889_1310_1222_877_1011_622_623_625_888_999_1380_1379_1299_866_1233_1288_779_958_959_963_964_965_1417_626_970_981_971_972_973_1368_1369_627_628_631_630_643_629_632_633_662_109_110_983_982_974_980_1378_1375_1374_1376_1373_1408_863_975_979_976_1352_111_675_674_672_673_648_57_90_664_668_557_1022_1548_1547_1546_978_1584_1583_636_1440_1033_1044_1055_1066_446_335_634_1077_224_1088_1540_1536_1537_1349_1350_1300_1304_1315_1311_1312_1322_59_56_647_60_55_645_1316_1313_1314_1351_644_113_2_1405_1317_855_856_1655_1653_1539_1538_862_861_860_1406_859_858_1441_1442_1665_,0_1_2_3_4_5_6_7_8_9_10_11_12_13_14_15_16_17_18_19_20_21_22_23_24_25_26_27_28_29_30_31_32_33_34_35_36_37_38_39_40_41_42_43_44_45_46_47_48_49_50_51_52_53_54_55_56_57_58_59_60_61_62_63_64_65_66_67_68_69_70_71_72_73_74_75_76_77_78_79_80_81_82_83_84_85_86_87_88_89_90_91_92_93_94_95_96_97_98_99_100_101_102_103_104_105_106_107_108_109_110_111_112_113_114_115_116_117_118_119_120_121_122_123_124_125_126_127_128_129_130_131_132_133_134_135_136_137_138_139_140_141_142_143_144_145_146_147_148_149_150_151_152_153_154_155_156_157_158_159_160_161_162_163_164_165_166_167_168_169_170_171_172_173_174_175_176_177_178_179_180_181_182_183_184_185_186_187_188_189_190_191_192_193_194_195_196_197_198_199_200_201_202_203_204_205_206_207_208_209_210_211_212_213_214_215_216_217_218_219_220_221_222_223_224_225_226_227_228_229_230_231_232_233_234_235_236_237_238_239_240_241_242_243_244_245_246_247_248_249_250_251_252_253_254_255_256_257_258_259_260_261_262_263_264_265_266_267_268_269_270_271_272_273_274_275_276_277_278_279_280_281_282_283_284_285_286_287_288_289_290_291_292_293_294_295_296_297_298_299_300_301_302_303_304_305_306_307_308_309_310_311_312_313_314_315_316_317_318_319_320_321_322_323_324_325_326_327_328_329_330_331_332_333_334_335_336_337_338_339_340_341_342_343_344_345_346_347_348_349_350_351_352_353_354_355_356_357_358_359_360_361_362_363_364_365_366_367_368_369_370_371_372_373_374_375_376_377_378_379_380_381_382_383_384_385_386_387_388_389_390_391_392_393_394_395_396_397_398_399_400_401_402_403_404_405_406_407_408_409_410_411_412_413_414_415_416_417_418_419_420_421_422_423_424_425_426_427_428_429_430_431_432_433_434_435_436_437_438_439_440_441_442_443_444_445_446_447_448_449_450_451_452_453_454_455_456_457_458_459_460_461_462_463_464_465_466_467_468_469_470_471_472_473_474_475_476_477_478_479_480_481_482_483_484_485_486_487_488_489_490_491_492_493_494_495_496_497_498_499_500_501_502_503_504_505_506_507_508_509_510_511_512_513_514_515_516_517_518_519_520_521_522_523_524_525_526_527_528_529_530_531_532_533_534_535_536_537_538_539_540_541_542_543_544_545_546_547_548_549_550_551_552_553_554_555_556_557_558_559_560_561_562_563_564_565_566_567_568_569_570_571_572_573_574_575_576_577_578_579_580_581_582_583_584_585_586_587_588_589_590_591_592_593_594_595_596_597_598_599_600_601_602_603_604_605_606_607_608_609_610_611_612_613_614_615_616_617_618_619_620_621_622_623_624_625_626_627_628_629_630_631_632_633_634_635_636_637_638_639_640_641_642_643_644_645_646_647_648_649_650_651_652_653_654_655_656_657_658_659_660_661_662_663_664_665_666_667_668_669_670_671_672_673_674_675_676_677_678_679_680_681_682_683_684_685_686_687_688_689_690_691_692_693_694_695_696_697_698_699_700_701_702_703_704_705_706_707_708_709_710_711_712_713_714_715_716_717_718_719_720_721_722_723_724_725_726_727_728_729_730_731_732_733_734_735_736_737_738_739_740_741_742_743_744_745_746_747_748_749_750_751_752_753_754_755_756_757_758_759_760_761_762_763_764_765_766_767_768_769_770_771_772_773_774_775_776_777_778_779_780_781_782_783_784_785_786_787_788_789_790_791_792_793_794_795_796_797_798_799_800_801_802_803_804_805_806_807_808_809_810_811_812_813_814_815_816_817_818_819_820_821_822_823_824_825_826_827_828_829_830_831_832_833_834_835_836_837_838_839_840_841_842_843_844_845_846_847_848_849_850_851_852_853_854_855_856_857_858_859_860_861_862_863_864_865_866_867_868_869_870_871_872_873_874_875_876_877_878_879_880_881_882_883_884_885_886_887_888_889_890_891_892_893_894_895_896_897_898_899_900_901_902_903_904_905_906_907_908_909_910_911_912_913_914_915_916_917_918_919_920_921_922_923_924_925_926_927_928_929_930_931_932_933_934_935_936_937_938_939_940_941_942_943_944_945_946_947_948_949_950_951_952_953_954_955_956_957_958_959_960_961_962_963_964_965_966_967_968_969_970_971_972_973_974_975_976_977_978_979_980_981_982_983_984_985_986_987_988_989_990_991_992_993_994_995_996_997_998_999_1000_1001_1002_1003_1004_1005_1006_1007_1008_1009_1010_1011_1012_1013_1014_1015_1016_1017_1018_1019_1020_1021_1022_1023_1024_1025_1026_1027_1028_1029_1030_1031_1032_1033_1034_1035_1036_1037_1038_1039_1040_1041_1042_1043_1044_1045_1046_1047_1048_1049_1050_1051_1052_1053_1054_1055_1056_1057_1058_1059_1060_1061_1062_1063_1064_1065_1066_1067_1068_1069_1070_1071_1072_1073_1074_1075_1076_1077_1078_1079_1080_1081_1082_1083_1084_1085_1086_1087_1088_1089_1090_1091_1092_1093_1094_1095_1096_1097_1098_1099_1100_1101_1102_1103_1104_1105_1106_1107_1108_1109_1110_1111_1112_1113_1114_1115_1116_1117_1118_1119_1120_1121_1122_1123_1124_1125_1126_1127_1128_1129_1130_1131_1132_1133_1134_1135_1136_1137_1138_1139_1140_1141_1142_1143_1144_1145_1146_1147_1148_1149_1150_1151_1152_1153_1154_1155_1156_1157_1158_1159_1160_1161_1162_1163_1164_1165_1166_1167_1168_1169_1170_1171_1172_1173_1174_1175_1176_1177_1178_1179_1180_1181_1182_1183_1184_1185_1186_1187_1188_1189_1190_1191_1192_1193_1194_1195_1196_1197_1198_1199_1200_1201_1202_1203_1204_1205_1206_1207_1208_1209_1210_1211_1212_1213_1214_1215_1216_1217_1218_1219_1220_1221_1222_1223_1224_1225_1226_1227_1228_1229_1230_1231_1232_1233_1234_1235_1236_1237_1238_1239_1240_1241_1242_1243_1244_1245_1246_1247_1248_1249_1250_1251_1252_1253_1254_1255_1256_1257_1258_1259_1260_1261_1262_1263_1264_1265_1266_1267_1268_1269_1270_1271_1272_1273_1274_1275_1276_1277_1278_1279_1280_1281_1282_1283_1284_1285_1286_1287_1288_1289_1290_1291_1292_1293_1294_1295_1296_1297_1298_1299_1300_1301_1302_1303_1304_1305_1306_1307_1308_1309_1310_1311_1312_1313_1314_1315_1316_1317_1318_1319_1320_1321_1322_1323_1324_1325_1326_1327_1328_1329_1330_1331_1332_1333_1334_1335_1336_1337_1338_1339_1340_1341_1342_1343_1344_1345_1346_1347_1348_1349_1350_1351_1352_1353_1354_1355_1356_1357_1358_1359_1360_1361_1362_1363_1364_1365_1366_1367_1368_1369_1370_1371_1372_1373_1374_1375_1376_1377_1378_1379_1380_1381_1382_1383_1384_1385_1386_1387_1388_1389_1390_1391_1392_1393_1394_1395_1396_1397_1398_1399_1400_1401_1402_1403_1404_1405_1406_1407_1408_1409_1410_1411_1412_1413_1414_1415_1416_1417_1418_1419_1420_1421_1422_1423_1424_1425_1426_1427_1428_1429_1430_1431_1432_1433_1434_1435_1436_1437_1438_1439_1440_1441_1442_1443_1444_1445_1446_1447_1448_1449_1450_1451_1452_1453_1454_1455_1456_1457_1458_1459_1460_1461_1462_1463_1464_1465_1466_1467_1468_1469_1470_1471_1472_1473_1474_1475_1476_1477_1478_1479_1480_1481_1482_1483_1484_1485_1486_1487_1488_1489_1490_1491_1492_1493_1494_1495_1496_1497_1498_1499_1500_1501_1502_1503_1504_1505_1506_1507_1508_1509_1510_1511_1512_1513_1514_1515_1516_1517_1518_1519_1520_1521_1522_1523_1524_1525_1526_1527_1528_1529_1530_1531_1532_1533_1534_1535_1536_1537_1538_1539_1540_1541_1542_1543_1544_1545_1546_1547_1548_1549_1550_1551_1552_1553_1554_1555_1556_1557_1558_1559_1560_1561_1562_1563_1564_1565_1566_1567_1568_1569_1570_1571_1572_1573_1574_1575_1576_1577_1578_1579_1580_1581_1582_1583_1584_1585_1586_1587_1588_1589_1590_1591_1592_1593_1594_1595_1596_1597_1598_1599_1600_1601_1602_1603_1604_1605_1606_1607_1608_1609_1610_1611_1612_1613_1614_1615_1616_1617_1618_1619_1620_1621_1622_1623_1624_1625_1626_1627_1628_1629_1630_1631_1632_1633_1634_1635_1636_1637_1638_1639_1640_1641_1642_1643_1644_1645_1646_1647_1648_1649_1650_1651_1652_1653_1654_1655_1656_1657_1658_1659_1660_1661_1662_1663_1664_1665_1666_1667_1668_1669_1670_1671_1672_1673_1674_1675_1676_1677_1678_1679_1680_1681_1682_1683_1684_1685_1686_1687_1688_1689_1690_1691_1692_1693_1694_1695_1696_1697_1698_1699_1700_1701_1702_1703_1704_1705_1706_1707_1708_1709_1710_1711_1712_1713_1714_1715_1716_1717_1718_1719_1720_1721_1722_1723_1724_1725_1726_1727_1728_1729_1730_1731_1732_1733_1734_1735_1736_1737_1738_1739_1740_1741_1742_1743_1744_1745_1746_1747_1748_1749_1750_1751_1752_1753_1754_1755_1756_1757_1758_1759_1760_1761_1762_1763_1764_1765_1766_1767_1768_1769_1770_1771_1772_1773_1774_1775_,2:{1665;}69:{47;36;369;358;740;25;347;739;14;738;3;717;908;}105:{107;108;663;}106:{662;109;110;}110:{111;675;674;672;673;648;57;90;664;}112:{106;}114:{80;763;764;313;766;}116:{112;117;103;104;105;101;}120:{119;118;610;658;115;609;116;659;}132:{128;}136:{102;391;1074;}147:{258;247;125;269;114;280;380;1073;1080;291;}148:{600;601;650;649;606;603;}157:{155;596;575;}168:{346;165;348;}170:{167;574;573;166;579;}173:{172;171;203;204;}174:{215;}180:{213;1079;}196:{127;124;655;}197:{196;210;211;212;}200:{653;197;}204:{201;140;205;139;200;206;138;141;199;207;137;142;599;654;198;}206:{208;143;209;}208:{133;130;145;652;131;129;605;651;134;144;132;135;}217:{218;219;175;173;176;174;}223:{222;342;221;289;290;334;220;288;341;292;337;}232:{330;238;327;255;}238:{239;240;329;241;328;242;491;}241:{502;524;}246:{202;235;191;}250:{325;251;323;248;252;233;244;232;253;231;}253:{230;326;256;263;262;}254:{229;331;332;}255:{333;}256:{227;}260:{264;265;228;266;}265:{226;267;223;}269:{302;1072;402;1071;91;}271:{282;261;257;}274:{285;851;850;284;852;}275:{273;287;272;278;286;}278:{271;279;270;849;281;283;848;853;268;259;260;847;}293:{275;276;274;277;250;249;}295:{296;245;297;307;298;322;}298:{299;306;300;}300:{1175;1176;1164;}302:{324;336;413;424;781;782;}306:{301;303;}310:{309;311;308;312;294;314;293;}311:{310;}314:{315;316;}316:{317;318;698;1196;699;697;1197;319;}319:{321;1191;1190;1195;1189;}322:{236;447;237;}323:{234;254;295;246;}329:{243;513;}340:{170;168;}341:{338;339;751;216;340;217;750;}348:{351;352;349;350;571;570;353;572;595;592;593;}362:{364;365;408;}364:{407;400;406;401;}371:{370;361;368;355;362;367;}373:{376;363;377;366;}387:{390;392;}391:{58;69;762;}392:{399;}396:{409;397;410;411;}406:{404;403;}409:{412;}410:{414;}412:{415;416;}415:{445;}416:{448;}421:{420;419;418;417;}431:{428;}436:{432;566;}437:{436;434;433;389;}441:{438;437;388;}443:{427;426;425;423;}447:{435;458;180;469;169;646;225;635;480;}457:{489;488;490;454;}459:{487;}460:{456;507;455;506;}462:{461;460;459;523;457;522;}480:{657;669;624;680;535;613;}486:{485;484;483;508;482;509;481;497;510;498;}496:{501;503;529;}497:{496;495;499;493;494;492;500;}503:{504;530;421;}507:{486;}509:{511;512;}510:{514;}513:{724;546;735;558;}514:{515;516;517;518;}516:{519;}517:{422;505;}520:{477;478;479;}522:{520;476;}524:{746;}527:{474;475;521;}532:{533;554;561;555;556;562;}538:{536;534;}541:{540;539;538;537;}552:{551;550;542;541;}556:{559;560;405;}562:{563;564;452;}563:{453;}566:{393;565;394;431;430;444;443;395;429;442;398;396;}567:{374;385;360;386;375;387;}569:{770;733;769;759;760;761;884;767;758;885;}577:{164;586;150;589;590;588;157;154;}588:{161;160;162;159;163;587;156;440;439;}593:{594;379;568;381;567;378;383;357;384;382;372;354;356;373;359;441;371;}598:{148;584;146;576;585;149;}599:{598;578;581;582;577;597;583;}603:{153;152;151;}608:{616;615;642;617;641;618;640;}618:{619;639;620;638;621;637;}621:{622;623;625;}624:{691;702;602;713;591;158;580;147;569;}626:{627;628;631;630;643;629;632;633;}630:{636;}633:{634;}638:{626;}648:{644;}650:{607;604;}655:{123;122;126;656;121;612;120;611;}658:{660;661;}659:{608;614;}668:{113;2;}672:{59;56;647;60;55;645;}691:{136;771;}706:{709;1051;}714:{893;904;729;894;903;}718:{527;472;473;}722:{463;462;526;525;}726:{725;730;723;731;732;544;545;549;543;}729:{726;719;547;}736:{890;891;715;716;714;548;892;}737:{712;711;907;}740:{906;909;905;}748:{747;745;744;}750:{749;343;344;748;345;}761:{768;757;780;756;755;791;754;753;752;882;}766:{765;734;736;886;737;887;}776:{1710;1721;792;1732;793;1743;}781:{778;777;783;1069;784;1068;1070;785;1067;776;1075;786;}785:{787;775;773;772;774;788;1699;1688;790;1677;789;}791:{802;813;824;742;868;743;869;870;835;}798:{825;}807:{1455;}808:{826;1410;1493;1421;}830:{829;854;}833:{832;831;830;}838:{837;836;834;833;}842:{845;1181;}844:{1065;}845:{1062;}854:{855;856;1655;1653;}860:{858;}863:{862;861;860;1406;859;}866:{668;557;1022;}870:{871;872;867;741;846;857;865;873;864;}873:{874;875;876;878;879;880;}875:{531;}876:{532;}882:{883;553;552;881;}888:{1540;1536;1537;}893:{728;895;727;896;}896:{897;720;898;466;899;721;465;467;464;722;901;}899:{902;468;718;470;471;}900:{1299;866;1233;1288;779;}918:{915;914;}921:{923;924;1038;1037;925;1036;}922:{900;911;889;1310;1222;877;1011;}925:{926;1032;1035;1034;927;822;1599;1610;928;1588;1621;1577;}928:{929;821;930;820;819;931;1566;1555;818;1047;1543;817;1106;}931:{932;934;816;935;1532;815;1521;795;936;1105;}934:{814;1510;937;811;812;810;1499;}936:{938;939;940;}939:{941;942;1488;}940:{943;945;}941:{950;}943:{946;1030;949;948;1031;947;995;}946:{962;994;961;}947:{960;1026;}957:{958;959;963;964;965;}966:{944;1177;}967:{970;981;971;972;973;}971:{983;982;974;980;}976:{978;}983:{975;979;976;}989:{990;969;1133;1144;956;968;952;1122;957;1155;967;1111;951;1166;}991:{953;989;954;}997:{996;}1006:{993;992;991;977;966;955;}1012:{1001;1015;998;1016;}1015:{1003;1017;1004;1007;1008;1005;1006;1025;1009;997;988;}1019:{1020;1021;1023;1366;1002;1355;}1020:{1024;}1022:{1033;1044;1055;1066;446;335;}1023:{1010;1000;}1026:{1027;1028;1029;}1032:{1048;}1033:{1077;224;1088;}1052:{1050;1049;}1056:{1053;707;708;1052;}1058:{1057;1120;1087;1089;706;1115;1054;}1065:{1064;1081;1063;710;1082;1083;}1079:{1078;841;842;1076;843;1184;844;}1081:{1084;}1090:{1114;1113;1112;1108;1109;1098;}1102:{1103;1104;799;798;797;804;796;}1109:{1107;1097;1100;1096;1101;1093;803;1094;1095;801;800;1102;1154;}1116:{1118;808;807;1119;805;806;}1118:{1482;}1127:{1126;1137;1125;1138;1124;1139;1123;}1137:{1121;}1143:{1145;1173;1146;1492;1491;1147;1156;1490;1157;}1148:{1150;1487;1489;1151;1486;1152;1485;}1149:{1153;}1151:{1116;}1153:{1117;809;}1155:{987;986;985;984;1099;}1157:{1158;1159;1148;1162;1160;1149;1161;1091;1092;1090;}1164:{1165;1185;1167;1131;1132;1168;1134;1129;705;1128;1186;1169;1192;1140;1135;1127;}1169:{1170;1194;1193;1171;1141;1142;1172;1143;1136;}1176:{1178;304;1179;305;1180;1130;1174;1182;1163;}1180:{1183;1061;}1182:{1060;1059;}1183:{1058;1056;}1195:{1460;1461;1462;1187;}1197:{1198;1200;700;1201;701;320;}1200:{1202;1203;703;1223;1220;}1203:{1204;704;1205;1219;1206;}1205:{1207;1215;1240;1208;1214;}1206:{1239;1213;1224;1211;1212;}1208:{1209;1225;1238;1237;1226;695;}1223:{1759;1218;1758;1217;}1225:{1227;1236;1235;1228;}1228:{1229;1230;1231;1241;1232;1242;}1232:{1574;1576;}1234:{1575;}1237:{1234;}1242:{1243;1245;1246;1429;}1246:{1428;1247;1427;1248;1249;}1249:{1250;1292;1291;}1250:{1251;}1290:{1287;1600;1612;1611;1278;840;}1292:{1290;1293;1295;1289;1294;1296;}1295:{1297;839;}1296:{1303;1302;}1298:{1300;1304;1315;1311;1312;1322;}1302:{1301;1298;}1304:{1316;1313;1314;}1308:{1307;1335;1306;1334;1336;1305;1325;1337;}1316:{1317;}1328:{1330;1331;1356;}1334:{1326;1327;1324;1338;1328;1323;1329;}1339:{1345;}1344:{1188;1199;933;922;1210;}1345:{1346;1347;1348;}1347:{1349;1350;}1348:{1351;}1356:{1354;1320;1319;1353;1357;1318;1358;}1357:{1352;}1361:{1339;1343;1342;1340;}1363:{1368;}1366:{1344;}1368:{1369;}1370:{1364;1365;1363;1367;}1379:{1378;1375;1374;1376;1373;1408;863;}1383:{1380;1379;}1385:{1402;}1386:{1383;1418;1389;1403;1382;}1389:{1390;1598;1372;1597;1381;}1391:{1385;1387;1384;1404;}1395:{1394;1397;1400;1585;1393;1392;1586;1401;1391;1386;}1399:{1377;}1403:{1405;}1410:{828;1014;827;1399;1432;1018;1013;1388;1444;1019;1012;1483;}1411:{1412;1413;1414;1415;1416;}1415:{1417;}1420:{1411;1398;1395;}1422:{1396;1409;}1424:{1420;}1425:{1422;}1434:{1435;1436;1437;1438;}1435:{1439;}1455:{823;1466;1477;}1458:{1467;1468;1473;1454;1469;}1462:{1463;1464;1459;}1464:{1457;1456;1458;1465;}1468:{1563;1474;1562;1470;1494;1561;1471;}1471:{1472;1475;1476;1484;}1484:{1478;1479;1480;1481;}1494:{1497;}1497:{1498;1500;1501;1502;}1501:{1503;1504;1528;1505;1527;1506;1551;}1502:{1526;}1517:{1544;1513;1545;}1518:{1517;1541;1542;1516;1523;1511;1512;1515;1535;1514;1559;}1527:{1531;1525;1530;1507;1508;}1530:{1533;1534;}1531:{1524;1529;1520;1522;1519;1509;1518;}1534:{888;999;}1535:{1550;1549;}1540:{1539;1538;}1549:{1548;1547;1546;}1556:{1553;1552;1557;1582;1558;1445;}1557:{1441;1442;}1558:{1584;1583;}1560:{1556;}1563:{1495;1560;1496;}1574:{1570;}1575:{1578;1573;1579;1572;1571;}1578:{1580;1430;1426;1431;}1579:{1425;1433;1434;}1580:{1424;1423;}1584:{1440;}1586:{1587;1589;1590;}1590:{1591;1594;1592;1595;1593;1309;1308;1341;1596;}1596:{1362;1361;1360;1371;}1597:{1370;1359;}1612:{1609;838;1608;}1677:{1666;919;918;1654;1040;920;917;1086;1643;1039;916;1085;921;1632;}1732:{913;912;1754;794;1765;}1754:{910;}1759:{1757;1756;1216;696;},392_397_398_401_403_404_405_432_433_434_454_455_462_463_464_465_466_467_562_563_565_566_608_615_616_617_642_645_810_811_833_834_836_897_898_899_901_935_936_937_1002_1021_1023_1199_1210_1222_1233_1288_1302_1303_1344_1396_1398_1415_1533_1534_1546_1547_1548_1549_1550_,310-309*0_310-311*0_310-308*0_310-312*0_310-294*0_310-314*0_310-293*0_311-310*1_293-275*1_293-276*1_293-274*1_293-277*1_293-250*1_293-249*1_314-315*2_314-316*2_250-325*2_250-251*2_250-323*2_250-248*2_250-252*2_250-233*2_250-244*2_250-232*2_250-253*2_250-231*2_275-273*2_275-287*2_275-272*2_275-278*2_275-286*2_323-234*3_323-254*3_323-295*3_323-246*3_295-296*4_295-245*4_295-297*4_295-307*4_295-298*4_295-322*4_246-202*5_246-235*5_246-191*5_322-236*5_322-447*5_322-237*5_232-330*3_232-238*3_232-327*3_232-255*3_274-285*2_274-851*2_274-850*2_274-284*2_274-852*2_447-435*6_447-458*6_447-180*6_447-469*6_447-169*6_447-646*6_447-225*6_447-635*6_447-480*6_278-271*3_278-279*3_278-270*3_278-849*3_278-281*3_278-283*3_278-848*3_278-853*3_278-268*3_278-259*3_278-260*3_278-847*3_238-239*4_238-240*4_238-329*4_238-241*4_238-328*4_238-242*4_238-491*4_271-282*4_271-261*4_271-257*4_253-230*4_253-326*4_253-256*4_253-263*4_253-262*4_254-229*5_254-331*5_254-332*5_260-264*5_260-265*5_260-228*5_260-266*5_255-333*6_329-243*5_329-513*5_241-502*8_241-524*8_480-657*7_480-669*7_480-624*7_480-680*7_480-535*7_480-613*7_513-724*8_513-546*8_513-735*8_513-558*8_256-227*7_624-691*8_624-702*8_624-602*8_624-713*8_624-591*8_624-158*8_624-580*8_624-147*8_624-569*8_691-136*9_691-771*9_147-258*9_147-247*9_147-125*9_147-269*9_147-114*9_147-280*9_147-380*9_147-1073*9_147-1080*9_147-291*9_524-746*9_569-770*9_569-733*9_569-769*9_569-759*9_569-760*9_569-761*9_569-884*9_569-767*9_569-758*9_569-885*9_180-213*7_180-1079*7_136-102*10_136-391*10_136-1074*10_269-302*11_269-1072*11_269-402*11_269-1071*11_269-91*11_265-226*6_265-267*6_265-223*6_114-80*11_114-763*11_114-764*11_114-313*11_114-766*11_761-768*10_761-757*10_761-780*10_761-756*10_761-755*10_761-791*10_761-754*10_761-753*10_761-752*10_761-882*10_223-222*7_223-342*7_223-221*7_223-289*7_223-290*7_223-334*7_223-220*7_223-288*7_223-341*7_223-292*7_223-337*7_341-338*8_341-339*8_341-751*8_341-216*8_341-340*8_341-217*8_341-750*8_302-324*12_302-336*12_302-413*12_302-424*12_302-781*12_302-782*12_882-883*11_882-553*11_882-552*11_882-881*11_791-802*11_791-813*11_791-824*11_791-742*11_791-868*11_791-743*11_791-869*11_791-870*11_791-835*11_766-765*12_766-734*12_766-736*12_766-886*12_766-737*12_766-887*12_391-58*12_391-69*12_391-762*12_69-47*13_69-36*13_69-369*13_69-358*13_69-740*13_69-25*13_69-347*13_69-739*13_69-14*13_69-738*13_69-3*13_69-717*13_69-908*13_781-778*13_781-777*13_781-783*13_781-1069*13_781-784*13_781-1068*13_781-1070*13_781-785*13_781-1067*13_781-776*13_781-1075*13_781-786*13_316-317*3_316-318*3_316-698*3_316-1196*3_316-699*3_316-697*3_316-1197*3_316-319*3_1197-1198*4_1197-1200*4_1197-700*4_1197-1201*4_1197-701*4_1197-320*4_1200-1202*5_1200-1203*5_1200-703*5_1200-1223*5_1200-1220*5_1203-1204*6_1203-704*6_1203-1205*6_1203-1219*6_1203-1206*6_736-890*13_736-891*13_736-715*13_736-716*13_736-714*13_736-548*13_736-892*13_298-299*5_298-306*5_298-300*5_785-787*14_785-775*14_785-773*14_785-772*14_785-774*14_785-788*14_785-1699*14_785-1688*14_785-790*14_785-1677*14_785-789*14_870-871*12_870-872*12_870-867*12_870-741*12_870-846*12_870-857*12_870-865*12_870-873*12_870-864*12_1677-1666*15_1677-919*15_1677-918*15_1677-1654*15_1677-1040*15_1677-920*15_1677-917*15_1677-1086*15_1677-1643*15_1677-1039*15_1677-916*15_1677-1085*15_1677-921*15_1677-1632*15_217-218*9_217-219*9_217-175*9_217-173*9_217-176*9_217-174*9_776-1710*14_776-1721*14_776-792*14_776-1732*14_776-793*14_776-1743*14_737-712*14_737-711*14_737-907*14_1223-1759*7_1223-1218*7_1223-1758*7_1223-1217*7_918-915*16_918-914*16_740-906*14_740-909*14_740-905*14_173-172*10_173-171*10_173-203*10_173-204*10_921-923*16_921-924*16_921-1038*16_921-1037*16_921-925*16_921-1036*16_714-893*15_714-904*15_714-729*15_714-894*15_714-903*15_1732-913*15_1732-912*15_1732-1754*15_1732-794*15_1732-1765*15_873-874*13_873-875*13_873-876*13_873-878*13_873-879*13_873-880*13_750-749*9_750-343*9_750-344*9_750-748*9_750-345*9_893-728*16_893-895*16_893-727*16_893-896*16_1754-910*16_340-170*9_340-168*9_729-726*17_729-719*17_729-547*17_875-531*14_896-897*17_896-720*17_896-898*17_896-466*17_896-899*17_896-721*17_896-465*17_896-467*17_896-464*17_896-722*17_896-901*17_899-902*18_899-468*18_899-718*18_899-470*18_899-471*18_1759-1757*8_1759-1756*8_1759-1216*8_1759-696*8_1205-1207*8_1205-1215*8_1205-1240*8_1205-1208*8_1205-1214*8_718-527*19_718-472*19_718-473*19_170-167*12_170-574*12_170-573*12_170-166*12_170-579*12_925-926*17_925-1032*17_925-1035*17_925-1034*17_925-927*17_925-822*17_925-1599*17_925-1610*17_925-928*17_925-1588*17_925-1621*17_925-1577*17_1079-1078*8_1079-841*8_1079-842*8_1079-1076*8_1079-843*8_1079-1184*8_1079-844*8_726-725*18_726-730*18_726-723*18_726-731*18_726-732*18_726-544*18_726-545*18_726-549*18_726-543*18_552-551*12_552-550*12_552-542*12_552-541*12_1206-1239*9_1206-1213*9_1206-1224*9_1206-1211*9_1206-1212*9_722-463*18_722-462*18_722-526*18_722-525*18_527-474*21_527-475*21_527-521*21_1208-1209*9_1208-1225*9_1208-1238*9_1208-1237*9_1208-1226*9_1208-695*9_204-201*11_204-140*11_204-205*11_204-139*11_204-200*11_204-206*11_204-138*11_204-141*11_204-199*11_204-207*11_204-137*11_204-142*11_204-599*11_204-654*11_204-198*11_306-301*7_306-303*7_319-321*4_319-1191*4_319-1190*4_319-1195*4_319-1189*4_462-461*20_462-460*20_462-459*20_462-523*20_462-457*20_462-522*20_460-456*21_460-507*21_460-455*21_460-506*21_300-1175*8_300-1176*8_300-1164*8_457-489*21_457-488*21_457-490*21_457-454*21_928-929*18_928-821*18_928-930*18_928-820*18_928-819*18_928-931*18_928-1566*18_928-1555*18_928-818*18_928-1047*18_928-1543*18_928-817*18_928-1106*18_1195-1460*5_1195-1461*5_1195-1462*5_1195-1187*5_748-747*10_748-745*10_748-744*10_522-520*21_522-476*21_842-845*9_842-1181*9_1225-1227*11_1225-1236*11_1225-1235*11_1225-1228*11_200-653*12_200-197*12_599-598*12_599-578*12_599-581*12_599-582*12_599-577*12_599-597*12_599-583*12_206-208*13_206-143*13_206-209*13_598-148*14_598-584*14_598-146*14_598-576*14_598-585*14_598-149*14_520-477*23_520-478*23_520-479*23_208-133*15_208-130*15_208-145*15_208-652*15_208-131*15_208-129*15_208-605*15_208-651*15_208-134*15_208-144*15_208-132*15_208-135*15_1176-1178*9_1176-304*9_1176-1179*9_1176-305*9_1176-1180*9_1176-1130*9_1176-1174*9_1176-1182*9_1176-1163*9_876-532*14_1237-1234*10_541-540*13_541-539*13_541-538*13_541-537*13_168-346*10_168-165*10_168-348*10_459-487*22_507-486*23_577-164*13_577-586*13_577-150*13_577-589*13_577-590*13_577-588*13_577-157*13_577-154*13_1164-1165*9_1164-1185*9_1164-1167*9_1164-1131*9_1164-1132*9_1164-1168*9_1164-1134*9_1164-1129*9_1164-705*9_1164-1128*9_1164-1186*9_1164-1169*9_1164-1192*9_1164-1140*9_1164-1135*9_1164-1127*9_148-600*15_148-601*15_148-650*15_148-649*15_148-606*15_148-603*15_486-485*24_486-484*24_486-483*24_486-508*24_486-482*24_486-509*24_486-481*24_486-497*24_486-510*24_486-498*24_650-607*16_650-604*16_132-128*16_603-153*17_603-152*17_603-151*17_1169-1170*10_1169-1194*10_1169-1193*10_1169-1171*10_1169-1141*10_1169-1142*10_1169-1172*10_1169-1143*10_1169-1136*10_1143-1145*11_1143-1173*11_1143-1146*11_1143-1492*11_1143-1491*11_1143-1147*11_1143-1156*11_1143-1490*11_1143-1157*11_588-161*14_588-160*14_588-162*14_588-159*14_588-163*14_588-587*14_588-156*14_588-440*14_588-439*14_1228-1229*12_1228-1230*12_1228-1231*12_1228-1241*12_1228-1232*12_1228-1242*12_1180-1183*10_1180-1061*10_1127-1126*10_1127-1137*10_1127-1125*10_1127-1138*10_1127-1124*10_1127-1139*10_1127-1123*10_157-155*15_157-596*15_157-575*15_1182-1060*11_1182-1059*11_1234-1575*11_845-1062*12_1157-1158*12_1157-1159*12_1157-1148*12_1157-1162*12_1157-1160*12_1157-1149*12_1157-1161*12_1157-1091*12_1157-1092*12_1157-1090*12_1137-1121*12_348-351*11_348-352*11_348-349*11_348-350*11_348-571*11_348-570*11_348-353*11_348-572*11_348-595*11_348-592*11_348-593*11_509-511*26_509-512*26_1148-1150*13_1148-1487*13_1148-1489*13_1148-1151*13_1148-1486*13_1148-1152*13_1148-1485*13_593-594*12_593-379*12_593-568*12_593-381*12_593-567*12_593-378*12_593-383*12_593-357*12_593-384*12_593-382*12_593-372*12_593-354*12_593-356*12_593-373*12_593-359*12_593-441*12_593-371*12_1183-1058*13_1183-1056*13_567-374*13_567-385*13_567-360*13_567-386*13_567-375*13_567-387*13_497-496*25_497-495*25_497-499*25_497-493*25_497-494*25_497-492*25_497-500*25_844-1065*11_538-536*15_538-534*15_441-438*13_441-437*13_441-388*13_1058-1057*14_1058-1120*14_1058-1087*14_1058-1089*14_1058-706*14_1058-1115*14_1058-1054*14_1462-1463*6_1462-1464*6_1462-1459*6_437-436*14_437-434*14_437-433*14_437-389*14_931-932*19_931-934*19_931-816*19_931-935*19_931-1532*19_931-815*19_931-1521*19_931-795*19_931-936*19_931-1105*19_1232-1574*13_1232-1576*13_1090-1114*15_1090-1113*15_1090-1112*15_1090-1108*15_1090-1109*15_1090-1098*15_1056-1053*14_1056-707*14_1056-708*14_1056-1052*14_532-533*15_532-554*15_532-561*15_532-555*15_532-556*15_532-562*15_934-814*20_934-1510*20_934-937*20_934-811*20_934-812*20_934-810*20_934-1499*20_387-390*16_387-392*16_436-432*15_436-566*15_371-370*13_371-361*13_371-368*13_371-355*13_371-362*13_371-367*13_706-709*15_706-1051*15_1149-1153*14_1109-1107*16_1109-1097*16_1109-1100*16_1109-1096*16_1109-1101*16_1109-1093*16_1109-803*16_1109-1094*16_1109-1095*16_1109-801*16_1109-800*16_1109-1102*16_1109-1154*16_936-938*21_936-939*21_936-940*21_1151-1116*14_1052-1050*16_1052-1049*16_373-376*13_373-363*13_373-377*13_373-366*13_174-215*13_510-514*25_1153-1117*15_1153-809*15_362-364*14_362-365*14_362-408*14_364-407*15_364-400*15_364-406*15_364-401*15_556-559*16_556-560*16_556-405*16_1065-1064*12_1065-1081*12_1065-1063*12_1065-710*12_1065-1082*12_1065-1083*12_1242-1243*13_1242-1245*13_1242-1246*13_1242-1429*13_1464-1457*7_1464-1456*7_1464-1458*7_1464-1465*7_566-393*16_566-565*16_566-394*16_566-431*16_566-430*16_566-444*16_566-443*16_566-395*16_566-429*16_566-442*16_566-398*16_566-396*16_1116-1118*15_1116-808*15_1116-807*15_1116-1119*15_1116-805*15_1116-806*15_1102-1103*17_1102-1104*17_1102-799*17_1102-798*17_1102-797*17_1102-804*17_1102-796*17_392-399*17_1575-1578*12_1575-1573*12_1575-1579*12_1575-1572*12_1575-1571*12_939-941*22_939-942*22_939-1488*22_940-943*22_940-945*22_1578-1580*13_1578-1430*13_1578-1426*13_1578-1431*13_406-404*16_406-403*16_396-409*18_396-397*18_396-410*18_396-411*18_1032-1048*19_1246-1428*14_1246-1247*14_1246-1427*14_1246-1248*14_1246-1249*14_1458-1467*8_1458-1468*8_1458-1473*8_1458-1454*8_1458-1469*8_197-196*13_197-210*13_197-211*13_197-212*13_431-428*19_808-826*16_808-1410*16_808-1493*16_808-1421*16_443-427*18_443-426*18_443-425*18_443-423*18_1579-1425*13_1579-1433*13_1579-1434*13_941-950*23_1580-1424*14_1580-1423*14_798-825*18_1081-1084*13_514-515*28_514-516*28_514-517*28_514-518*28_562-563*17_562-564*17_562-452*17_1468-1563*9_1468-1474*9_1468-1562*9_1468-1470*9_1468-1494*9_1468-1561*9_1468-1471*9_1425-1422*15_1574-1570*14_1563-1495*10_1563-1560*10_1563-1496*10_1249-1250*15_1249-1292*15_1249-1291*15_943-946*23_943-1030*23_943-949*23_943-948*23_943-1031*23_943-947*23_943-995*23_516-519*29_409-412*19_1250-1251*16_1471-1472*10_1471-1475*10_1471-1476*10_1471-1484*10_807-1455*16_1494-1497*11_946-962*24_946-994*24_946-961*24_410-414*19_1497-1498*12_1497-1500*12_1497-1501*12_1497-1502*12_1410-828*17_1410-1014*17_1410-827*17_1410-1399*17_1410-1432*17_1410-1018*17_1410-1013*17_1410-1388*17_1410-1444*17_1410-1019*17_1410-1012*17_1410-1483*17_947-960*25_947-1026*25_1019-1020*18_1019-1021*18_1019-1023*18_1019-1366*18_1019-1002*18_1019-1355*18_1455-823*17_1455-1466*17_1455-1477*17_1484-1478*11_1484-1479*11_1484-1480*11_1484-1481*11_1424-1420*15_412-415*20_412-416*20_1422-1396*16_1422-1409*16_1118-1482*18_1399-1377*19_415-445*21_196-127*14_196-124*14_196-655*14_1026-1027*26_1026-1028*26_1026-1029*26_1366-1344*21_1012-1001*19_1012-1015*19_1012-998*19_1012-1016*19_1434-1435*14_1434-1436*14_1434-1437*14_1434-1438*14_1020-1024*22_1015-1003*20_1015-1017*20_1015-1004*20_1015-1007*20_1015-1008*20_1015-1005*20_1015-1006*20_1015-1025*20_1015-1009*20_1015-997*20_1015-988*20_517-422*29_517-505*29_496-501*26_496-503*26_496-529*26_1501-1503*13_1501-1504*13_1501-1528*13_1501-1505*13_1501-1527*13_1501-1506*13_1501-1551*13_1420-1411*16_1420-1398*16_1420-1395*16_1435-1439*15_1292-1290*17_1292-1293*17_1292-1295*17_1292-1289*17_1292-1294*17_1292-1296*17_1395-1394*17_1395-1397*17_1395-1400*17_1395-1585*17_1395-1393*17_1395-1392*17_1395-1586*17_1395-1401*17_1395-1391*17_1395-1386*17_1586-1587*18_1586-1589*18_1586-1590*18_1006-993*21_1006-992*21_1006-991*21_1006-977*21_1006-966*21_1006-955*21_1560-1556*11_1391-1385*19_1391-1387*19_1391-1384*19_1391-1404*19_1023-1010*22_1023-1000*22_1290-1287*18_1290-1600*18_1290-1612*18_1290-1611*18_1290-1278*18_1290-840*18_1295-1297*19_1295-839*19_1502-1526*13_563-453*18_655-123*15_655-122*15_655-126*15_655-656*15_655-121*15_655-612*15_655-120*15_655-611*15_1386-1383*18_1386-1418*18_1386-1389*18_1386-1403*18_1386-1382*18_991-953*24_991-989*24_991-954*24_503-504*27_503-530*27_503-421*27_966-944*24_966-1177*24_1612-1609*19_1612-838*19_1612-1608*19_997-996*21_1296-1303*19_1296-1302*19_838-837*20_838-836*20_838-834*20_838-833*20_120-119*16_120-118*16_120-610*16_120-658*16_120-115*16_120-609*16_120-116*16_120-659*16_1590-1591*19_1590-1594*19_1590-1592*19_1590-1595*19_1590-1593*19_1590-1309*19_1590-1308*19_1590-1341*19_1590-1596*19_1389-1390*19_1389-1598*19_1389-1372*19_1389-1597*19_1389-1381*19_1527-1531*14_1527-1525*14_1527-1530*14_1527-1507*14_1527-1508*14_1531-1524*15_1531-1529*15_1531-1520*15_1531-1522*15_1531-1519*15_1531-1509*15_1531-1518*15_658-660*17_658-661*17_1518-1517*16_1518-1541*16_1518-1542*16_1518-1516*16_1518-1523*16_1518-1511*16_1518-1512*16_1518-1515*16_1518-1535*16_1518-1514*16_1518-1559*16_416-448*21_1308-1307*20_1308-1335*20_1308-1306*20_1308-1334*20_1308-1336*20_1308-1305*20_1308-1325*20_1308-1337*20_1596-1362*20_1596-1361*20_1596-1360*20_1596-1371*20_659-608*18_659-614*18_1597-1370*21_1597-1359*21_989-990*25_989-969*25_989-1133*25_989-1144*25_989-956*25_989-968*25_989-952*25_989-1122*25_989-957*25_989-1155*25_989-967*25_989-1111*25_989-951*25_989-1166*25_116-112*17_116-117*17_116-103*17_116-104*17_116-105*17_116-101*17_1385-1402*20_833-832*21_833-831*21_833-830*21_112-106*18_830-829*22_830-854*22_1334-1326*21_1334-1327*21_1334-1324*21_1334-1338*21_1334-1328*21_1334-1323*21_1334-1329*21_1361-1339*23_1361-1343*23_1361-1342*23_1361-1340*23_1517-1544*17_1517-1513*17_1517-1545*17_1411-1412*17_1411-1413*17_1411-1414*17_1411-1415*17_1411-1416*17_105-107*19_105-108*19_105-663*19_1370-1364*22_1370-1365*22_1370-1363*22_1370-1367*22_1530-1533*18_1530-1534*18_1328-1330*22_1328-1331*22_1328-1356*22_1339-1345*24_421-420*28_421-419*28_421-418*28_421-417*28_1344-1188*23_1344-1199*23_1344-933*23_1344-922*23_1344-1210*23_1556-1553*12_1556-1552*12_1556-1557*12_1556-1582*12_1556-1558*12_1556-1445*12_1535-1550*17_1535-1549*17_1345-1346*25_1345-1347*25_1345-1348*25_1155-987*26_1155-986*26_1155-985*26_1155-984*26_1155-1099*26_608-616*19_608-615*19_608-642*19_608-617*19_608-641*19_608-618*19_608-640*19_1302-1301*20_1302-1298*20_618-619*20_618-639*20_618-620*20_618-638*20_618-621*20_618-637*20_1356-1354*23_1356-1320*23_1356-1319*23_1356-1353*23_1356-1357*23_1356-1318*23_1356-1358*23_922-900*24_922-911*24_922-889*24_922-1310*24_922-1222*24_922-877*24_922-1011*24_621-622*21_621-623*21_621-625*21_1534-888*19_1534-999*19_1383-1380*21_1383-1379*21_900-1299*25_900-866*25_900-1233*25_900-1288*25_900-779*25_957-958*26_957-959*26_957-963*26_957-964*26_957-965*26_1415-1417*19_638-626*21_967-970*27_967-981*27_967-971*27_967-972*27_967-973*27_1363-1368*26_1368-1369*27_626-627*22_626-628*22_626-631*22_626-630*22_626-643*22_626-629*22_626-632*22_626-633*22_106-662*19_106-109*19_106-110*19_971-983*28_971-982*28_971-974*28_971-980*28_1379-1378*22_1379-1375*22_1379-1374*22_1379-1376*22_1379-1373*22_1379-1408*22_1379-863*22_983-975*29_983-979*29_983-976*29_1357-1352*24_110-111*20_110-675*20_110-674*20_110-672*20_110-673*20_110-648*20_110-57*20_110-90*20_110-664*20_866-668*26_866-557*26_866-1022*26_1549-1548*18_1549-1547*18_1549-1546*18_976-978*30_1558-1584*13_1558-1583*13_630-636*23_1584-1440*14_1022-1033*27_1022-1044*27_1022-1055*27_1022-1066*27_1022-446*27_1022-335*27_633-634*23_1033-1077*28_1033-224*28_1033-1088*28_888-1540*20_888-1536*20_888-1537*20_1347-1349*26_1347-1350*26_1298-1300*21_1298-1304*21_1298-1315*21_1298-1311*21_1298-1312*21_1298-1322*21_672-59*21_672-56*21_672-647*21_672-60*21_672-55*21_672-645*21_1304-1316*22_1304-1313*22_1304-1314*22_1348-1351*26_648-644*22_668-113*28_668-2*28_1403-1405*22_1316-1317*23_854-855*23_854-856*23_854-1655*23_854-1653*23_1540-1539*21_1540-1538*21_863-862*24_863-861*24_863-860*24_863-1406*24_863-859*24_860-858*25_1557-1441*14_1557-1442*14_2-1665*29_
