"id","Scenario","Actual Range","Protocol","Buildings","Total nodes","Nodes on circ","Total coverage","Coverage on circ","Alert received mean time","Hops","Slots","Messages sent","Messages received", "Starting x", "Starting y","Starting node", "Vehicle distance", "Received node ids", "Node ids", "Transmission map", "Received on circ nodes", "Transmission vector"
0,1,100,300,0,1776,80,1412,60,1.74643e+06,19.0333,1879.48,799,1412,1153.84,1884.7,310,25,309_311_308_312_294_314_293_275_310_315_316_276_274_277_250_249_325_251_323_248_252_233_244_232_231_245_246_295_234_296_322_235_202_237_273_278_272_271_286_287_285_850_279_851_284_270_849_852_283_853_259_238_239_330_240_327_480_491_253_254_255_230_326_848_281_847_260_282_268_317_699_261_257_262_263_264_256_229_265_228_227_331_332_328_333_329_241_242_243_502_646_513_635_669_469_657_680_524_535_458_624_698_318_697_1196_700_1197_319_701_1198_1200_1201_266_724_735_746_742_757_744_546_226_267_223_288_1202_1203_703_704_613_691_702_602_713_447_591_320_222_342_221_289_290_334_220_341_292_337_1223_1204_1220_1205_1219_1206_321_558_761_580_569_770_771_769_147_191_435_236_225_180_213_169_1191_1190_1195_1189_1187_1218_1759_1207_1217_1758_733_760_884_759_885_767_883_758_756_743_768_780_791_752_753_824_835_745_813_741_802_846_868_869_747_867_857_870_871_865_864_872_754_1184_305_841_1079_304_1078_1080_303_1180_845_1179_842_1178_1181_1076_755_882_216_217_218_338_158_136_247_125_269_766_1215_1240_1208_1216_1214_1239_696_1213_1209_695_694_1212_1211_1757_693_881_1224_1225_1238_1237_1226_1227_1236_1228_1235_1234_1229_1231_339_553_552_844_843_1075_1182_1061_1062_1069_1070_1071_880_879_878_551_876_258_765_1072_1073_1074_783_1068_1067_782_219_355_354_356_1460_291_302_280_781_313_1461_1462_778_1065_1064_173_175_174_172_176_171_203_177_324_336_402_391_424_380_413_347_102_91_777_358_1230_1241_1232_1242_1243_873_204_201_205_140_200_139_199_206_138_141_58_369_69_80_47_762_36_794_114_763_14_784_207_137_654_764_734_886_550_549_543_544_542_1063_710_1081_709_1082_1183_1059_785_776_786_775_787_773_772_774_788_1699_1688_1710_790_1677_1721_887_548_890_547_736_891_737_738_739_715_716_740_712_874_875_198_142_653_197_211_212_652_792_1732_793_1743_915_914_916_913_1754_196_651_210_208_129_128_143_209_711_717_714_907_25_906_908_905_892_893_531_178_215_214_179_917_918_1666_1245_1576_545_728_727_904_729_903_1083_1084_1085_708_532_894_133_598_130_145_599_148_1765_3_144_146_131_605_134_606_127_132_912_751_340_750_909_910_1463_919_1654_1040_920_789_1086_1643_1039_921_1246_1429_1428_1247_1427_1248_1426_135_649_650_895_726_720_1186_1192_1193_1185_1194_725_730_723_731_722_721_732_719_896_749_343_344_1464_1459_1456_1579_1580_1578_1430_600_601_357_353_568_350_359_570_371_595_372_378_360_349_352_370_593_707_1575_1574_1573_1572_368_361_362_367_373_363_374_366_384_375_376_365_364_567_541_540_571_592_572_594_379_348_351_587_381_165_383_584_149_603_597_583_585_604_150_586_152_153_377_399_1454_1457_1453_1458_1467_1465_1452_1468_1451_1469_607_1632_897_1170_1169_1168_1171_1167_1165_1172_1140_1141_1142_1134_345_163_162_161_588_160_166_441_589_382_164_898_466_899_465_385_386_706_1054_1053_1052_1115_1056_1051_1057_1050_1249_1250_1292_1135_1143_705_1164_1163_151_408_407_400_406_404_748_401_398_403_397_405_396_409_467_464_901_170_168_346_463_462_526_461_525_387_1431_1425_1424_1433_1434_1423_1145_1173_1146_1136_1492_1137_1156_1147_1491_655_124_123_656_122_1490_1157_1148_1158_468_523_522_718_154_155_596_1159_1149_1160_1162_1161_1138_1150_440_560_559_590_159_157_576_156_439_902_470_471_1489_388_389_437_438_436_390_434_1487_1486_1151_126_121_612_120_575_1435_1436_1437_1563_1470_1474_1473_1562_1494_1471_1561_1495_1472_1560_1496_533_534_554_536_555_561_1485_167_574_573_577_611_610_658_609_659_118_460_459_457_456_521_520_537_556_562_538_507_506_455_489_395_394_410_444_393_565_411_443_392_923_924_1038_1037_925_1036_1621_566_433_432_431_660_661_119_115_1114_1113_1049_563_1475_1476_1484_1478_1422_1420_412_414_564_452_1291_579_578_581_1152_1153_430_488_490_487_527_472_1048_423_425_426_1479_1480_427_415_608_614_616_615_1497_1498_1481_1482_492_486_493_499_498_497_453_475_474_476_1500_1501_1502_1483_1450_1047_1588_1599_1610_1577_1035_1566_822_1034_821_820_1555_819_1032_1106_928_927_1105_929_1543_818_926_1104_539_1154_1094_1093_1116_930_1293_1295_1290_1294_1296_1289_1600_1297_1287_582_1612_840_1611_1108_1092_1107_1095_1097_1091_1109_1096_1098_1112_803_1090_1396_1409_1411_1412_642_617_641_618_640_619_801_804_805_800_1100_806_808_799_1101_807_1117_809_826_473_477_639_620_638_621_637_622_623_1449_1448_1447_1564_1102_1089_1087_429_442_428_625_626_627_632_628_630_1438_1118_478_1413_1414_1415_1416_1398_1556_1582_1581_1395_1394_1397_1585_643_629_633_636_631_634_1103_798_797_796_825_1119_1410_1432_1421_485_484_483_508_482_509_481_454_494_495_496_500_529_528_501_1503_1504_1528_1505_1527_1526_1506_1551_1507_1139_1121_1123_1120_1124_1132_1128_1127_1129_1131_1126_1130_1174_1125_823_1455_1466_1444_1477_931_932_817_934_816_1532_1303_1302_839_838_837_1609_836_1608_1012_1014_1531_1525_1530_1524_1520_1529_1522_1509_1519_530_1060_1058_1400_1393_1392_1586_1391_1401_1386_1418_1385_1518_1517_1542_1523_1541_1511_1516_1512_1535_1559_1565_1446_1567_1445_1568_1515_1544_1514_1513_1545_1549_1442_416_445_448_1488_1499_1510_812_814_1521_795_1417_1404_810_815_811_510_511_512_514_515_516_518_1441_1553_503_504_1569_1570_1587_1589_1384_1383_1387_1382_1403_1389_1402_1381_936_935_937_938_1533_1534_451_505_1571_939_834_833_422_519_421_420_517_1380_1379_1373_1374_1375_1378_1376_1493_1399_940_1557_1440_1583_1439_1584_1018_1013_1019_828_1020_827_1002_1021_1377_832_831_830_1546_1547_1548_1301_1023_1366_1015_1355_1016_419_479_1558_1550_1508_1590_1591_1594_941_942_943_945_950_946_1030_1031_1001_998_1003_829_1390_1598_1372_1597_1596_1592_1593_1595_1309_1308_1388_1017_1004_1024_1007_1008_1005_1006_1025_1009_997_1344_1188_1199_1000_1177_1026_1362_1361_1371_1360_1370_1359_1341_1335_1336_1307_1334_1337_1306_1338_1339_1326_1325_1364_977_988_1010_992_955_1343_1342_1363_1340_1345_996_995_994_949_1300_854_1552_1327_1328_888_999_1324_1323_1329_1330_1305_1298_1304_1315_1311_1312_1322_1313_993_991_1027_1028_962_1029_961_947_960_948_1316_1540_1536_1537_951_1346_1538_1539_1318_1317_1319_1331_1320_1356_1354_855_952_953_1314_956_954_957_958_990_989_969_968_966_1353_1357_1352_1358_1405_1408_863_933_922_1210_944_1222_900_911_1144_1133_1155_1122_1166_967_1111_959_1365_1367_1368_862_861_1406_1369_856_1655_965_986_985_987_984_964_971_1310_1299_889_1233_877_1288_866_972_970_973_983_860_859_858_963_1011_981_980_982_974_975_979_976_1347_1348_978_1351_1350_1349_779_668_1022_1033_1044_1055_446_1066_1077_1088_335_557_1099_224_113_2_1665_,0_1_2_3_4_5_6_7_8_9_10_11_12_13_14_15_16_17_18_19_20_21_22_23_24_25_26_27_28_29_30_31_32_33_34_35_36_37_38_39_40_41_42_43_44_45_46_47_48_49_50_51_52_53_54_55_56_57_58_59_60_61_62_63_64_65_66_67_68_69_70_71_72_73_74_75_76_77_78_79_80_81_82_83_84_85_86_87_88_89_90_91_92_93_94_95_96_97_98_99_100_101_102_103_104_105_106_107_108_109_110_111_112_113_114_115_116_117_118_119_120_121_122_123_124_125_126_127_128_129_130_131_132_133_134_135_136_137_138_139_140_141_142_143_144_145_146_147_148_149_150_151_152_153_154_155_156_157_158_159_160_161_162_163_164_165_166_167_168_169_170_171_172_173_174_175_176_177_178_179_180_181_182_183_184_185_186_187_188_189_190_191_192_193_194_195_196_197_198_199_200_201_202_203_204_205_206_207_208_209_210_211_212_213_214_215_216_217_218_219_220_221_222_223_224_225_226_227_228_229_230_231_232_233_234_235_236_237_238_239_240_241_242_243_244_245_246_247_248_249_250_251_252_253_254_255_256_257_258_259_260_261_262_263_264_265_266_267_268_269_270_271_272_273_274_275_276_277_278_279_280_281_282_283_284_285_286_287_288_289_290_291_292_293_294_295_296_297_298_299_300_301_302_303_304_305_306_307_308_309_310_311_312_313_314_315_316_317_318_319_320_321_322_323_324_325_326_327_328_329_330_331_332_333_334_335_336_337_338_339_340_341_342_343_344_345_346_347_348_349_350_351_352_353_354_355_356_357_358_359_360_361_362_363_364_365_366_367_368_369_370_371_372_373_374_375_376_377_378_379_380_381_382_383_384_385_386_387_388_389_390_391_392_393_394_395_396_397_398_399_400_401_402_403_404_405_406_407_408_409_410_411_412_413_414_415_416_417_418_419_420_421_422_423_424_425_426_427_428_429_430_431_432_433_434_435_436_437_438_439_440_441_442_443_444_445_446_447_448_449_450_451_452_453_454_455_456_457_458_459_460_461_462_463_464_465_466_467_468_469_470_471_472_473_474_475_476_477_478_479_480_481_482_483_484_485_486_487_488_489_490_491_492_493_494_495_496_497_498_499_500_501_502_503_504_505_506_507_508_509_510_511_512_513_514_515_516_517_518_519_520_521_522_523_524_525_526_527_528_529_530_531_532_533_534_535_536_537_538_539_540_541_542_543_544_545_546_547_548_549_550_551_552_553_554_555_556_557_558_559_560_561_562_563_564_565_566_567_568_569_570_571_572_573_574_575_576_577_578_579_580_581_582_583_584_585_586_587_588_589_590_591_592_593_594_595_596_597_598_599_600_601_602_603_604_605_606_607_608_609_610_611_612_613_614_615_616_617_618_619_620_621_622_623_624_625_626_627_628_629_630_631_632_633_634_635_636_637_638_639_640_641_642_643_644_645_646_647_648_649_650_651_652_653_654_655_656_657_658_659_660_661_662_663_664_665_666_667_668_669_670_671_672_673_674_675_676_677_678_679_680_681_682_683_684_685_686_687_688_689_690_691_692_693_694_695_696_697_698_699_700_701_702_703_704_705_706_707_708_709_710_711_712_713_714_715_716_717_718_719_720_721_722_723_724_725_726_727_728_729_730_731_732_733_734_735_736_737_738_739_740_741_742_743_744_745_746_747_748_749_750_751_752_753_754_755_756_757_758_759_760_761_762_763_764_765_766_767_768_769_770_771_772_773_774_775_776_777_778_779_780_781_782_783_784_785_786_787_788_789_790_791_792_793_794_795_796_797_798_799_800_801_802_803_804_805_806_807_808_809_810_811_812_813_814_815_816_817_818_819_820_821_822_823_824_825_826_827_828_829_830_831_832_833_834_835_836_837_838_839_840_841_842_843_844_845_846_847_848_849_850_851_852_853_854_855_856_857_858_859_860_861_862_863_864_865_866_867_868_869_870_871_872_873_874_875_876_877_878_879_880_881_882_883_884_885_886_887_888_889_890_891_892_893_894_895_896_897_898_899_900_901_902_903_904_905_906_907_908_909_910_911_912_913_914_915_916_917_918_919_920_921_922_923_924_925_926_927_928_929_930_931_932_933_934_935_936_937_938_939_940_941_942_943_944_945_946_947_948_949_950_951_952_953_954_955_956_957_958_959_960_961_962_963_964_965_966_967_968_969_970_971_972_973_974_975_976_977_978_979_980_981_982_983_984_985_986_987_988_989_990_991_992_993_994_995_996_997_998_999_1000_1001_1002_1003_1004_1005_1006_1007_1008_1009_1010_1011_1012_1013_1014_1015_1016_1017_1018_1019_1020_1021_1022_1023_1024_1025_1026_1027_1028_1029_1030_1031_1032_1033_1034_1035_1036_1037_1038_1039_1040_1041_1042_1043_1044_1045_1046_1047_1048_1049_1050_1051_1052_1053_1054_1055_1056_1057_1058_1059_1060_1061_1062_1063_1064_1065_1066_1067_1068_1069_1070_1071_1072_1073_1074_1075_1076_1077_1078_1079_1080_1081_1082_1083_1084_1085_1086_1087_1088_1089_1090_1091_1092_1093_1094_1095_1096_1097_1098_1099_1100_1101_1102_1103_1104_1105_1106_1107_1108_1109_1110_1111_1112_1113_1114_1115_1116_1117_1118_1119_1120_1121_1122_1123_1124_1125_1126_1127_1128_1129_1130_1131_1132_1133_1134_1135_1136_1137_1138_1139_1140_1141_1142_1143_1144_1145_1146_1147_1148_1149_1150_1151_1152_1153_1154_1155_1156_1157_1158_1159_1160_1161_1162_1163_1164_1165_1166_1167_1168_1169_1170_1171_1172_1173_1174_1175_1176_1177_1178_1179_1180_1181_1182_1183_1184_1185_1186_1187_1188_1189_1190_1191_1192_1193_1194_1195_1196_1197_1198_1199_1200_1201_1202_1203_1204_1205_1206_1207_1208_1209_1210_1211_1212_1213_1214_1215_1216_1217_1218_1219_1220_1221_1222_1223_1224_1225_1226_1227_1228_1229_1230_1231_1232_1233_1234_1235_1236_1237_1238_1239_1240_1241_1242_1243_1244_1245_1246_1247_1248_1249_1250_1251_1252_1253_1254_1255_1256_1257_1258_1259_1260_1261_1262_1263_1264_1265_1266_1267_1268_1269_1270_1271_1272_1273_1274_1275_1276_1277_1278_1279_1280_1281_1282_1283_1284_1285_1286_1287_1288_1289_1290_1291_1292_1293_1294_1295_1296_1297_1298_1299_1300_1301_1302_1303_1304_1305_1306_1307_1308_1309_1310_1311_1312_1313_1314_1315_1316_1317_1318_1319_1320_1321_1322_1323_1324_1325_1326_1327_1328_1329_1330_1331_1332_1333_1334_1335_1336_1337_1338_1339_1340_1341_1342_1343_1344_1345_1346_1347_1348_1349_1350_1351_1352_1353_1354_1355_1356_1357_1358_1359_1360_1361_1362_1363_1364_1365_1366_1367_1368_1369_1370_1371_1372_1373_1374_1375_1376_1377_1378_1379_1380_1381_1382_1383_1384_1385_1386_1387_1388_1389_1390_1391_1392_1393_1394_1395_1396_1397_1398_1399_1400_1401_1402_1403_1404_1405_1406_1407_1408_1409_1410_1411_1412_1413_1414_1415_1416_1417_1418_1419_1420_1421_1422_1423_1424_1425_1426_1427_1428_1429_1430_1431_1432_1433_1434_1435_1436_1437_1438_1439_1440_1441_1442_1443_1444_1445_1446_1447_1448_1449_1450_1451_1452_1453_1454_1455_1456_1457_1458_1459_1460_1461_1462_1463_1464_1465_1466_1467_1468_1469_1470_1471_1472_1473_1474_1475_1476_1477_1478_1479_1480_1481_1482_1483_1484_1485_1486_1487_1488_1489_1490_1491_1492_1493_1494_1495_1496_1497_1498_1499_1500_1501_1502_1503_1504_1505_1506_1507_1508_1509_1510_1511_1512_1513_1514_1515_1516_1517_1518_1519_1520_1521_1522_1523_1524_1525_1526_1527_1528_1529_1530_1531_1532_1533_1534_1535_1536_1537_1538_1539_1540_1541_1542_1543_1544_1545_1546_1547_1548_1549_1550_1551_1552_1553_1554_1555_1556_1557_1558_1559_1560_1561_1562_1563_1564_1565_1566_1567_1568_1569_1570_1571_1572_1573_1574_1575_1576_1577_1578_1579_1580_1581_1582_1583_1584_1585_1586_1587_1588_1589_1590_1591_1592_1593_1594_1595_1596_1597_1598_1599_1600_1601_1602_1603_1604_1605_1606_1607_1608_1609_1610_1611_1612_1613_1614_1615_1616_1617_1618_1619_1620_1621_1622_1623_1624_1625_1626_1627_1628_1629_1630_1631_1632_1633_1634_1635_1636_1637_1638_1639_1640_1641_1642_1643_1644_1645_1646_1647_1648_1649_1650_1651_1652_1653_1654_1655_1656_1657_1658_1659_1660_1661_1662_1663_1664_1665_1666_1667_1668_1669_1670_1671_1672_1673_1674_1675_1676_1677_1678_1679_1680_1681_1682_1683_1684_1685_1686_1687_1688_1689_1690_1691_1692_1693_1694_1695_1696_1697_1698_1699_1700_1701_1702_1703_1704_1705_1706_1707_1708_1709_1710_1711_1712_1713_1714_1715_1716_1717_1718_1719_1720_1721_1722_1723_1724_1725_1726_1727_1728_1729_1730_1731_1732_1733_1734_1735_1736_1737_1738_1739_1740_1741_1742_1743_1744_1745_1746_1747_1748_1749_1750_1751_1752_1753_1754_1755_1756_1757_1758_1759_1760_1761_1762_1763_1764_1765_1766_1767_1768_1769_1770_1771_1772_1773_1774_1775_,14:{909;910;}113:{2;1665;}127:{655;124;123;656;122;}131:{135;649;650;}137:{133;598;130;145;599;148;}142:{144;}153:{154;155;596;}163:{440;}168:{167;574;573;}169:{258;}177:{178;215;214;179;}191:{213;169;}200:{198;142;653;197;211;212;652;}202:{191;435;236;225;180;}203:{204;201;205;140;200;139;199;206;138;141;}204:{207;137;654;}208:{146;131;605;134;606;}213:{305;841;1079;304;1078;1080;303;}216:{219;}219:{173;175;174;172;176;171;203;177;}220:{216;217;218;338;}223:{222;342;221;289;290;334;220;341;292;337;}225:{1184;}230:{331;332;328;333;}237:{238;239;330;240;327;480;491;}238:{502;}242:{724;735;}245:{246;295;234;296;322;235;202;237;}250:{325;251;323;248;252;233;244;232;231;245;}251:{253;254;}252:{255;230;326;}256:{266;}259:{261;257;262;263;264;256;229;265;228;227;}265:{226;267;223;288;}272:{848;281;847;260;}277:{273;278;272;271;286;287;285;850;279;851;284;270;849;852;283;853;259;}293:{276;274;277;250;249;}310:{309;311;308;312;294;314;293;275;}312:{310;315;316;}313:{324;336;402;391;424;380;413;347;102;91;777;358;}314:{317;699;}315:{698;318;697;1196;700;1197;319;}317:{320;}319:{1191;1190;1195;1189;1187;}320:{1460;}327:{329;241;242;243;}334:{339;}339:{345;}341:{751;340;750;}343:{170;168;346;}347:{1765;3;}354:{357;353;568;350;359;570;371;595;372;378;360;349;352;370;593;}364:{408;407;400;406;404;}370:{368;361;362;367;373;363;374;366;384;375;376;365;364;567;}374:{387;}375:{377;399;}387:{388;389;437;438;436;390;434;}390:{566;433;432;431;}396:{395;394;410;444;393;565;411;443;392;}400:{401;398;403;397;405;396;409;}404:{560;559;}409:{412;414;}410:{423;425;426;}413:{58;369;69;80;47;762;36;794;114;763;14;}415:{416;445;448;}423:{427;415;}431:{429;442;428;}433:{430;}452:{454;}459:{507;506;455;489;}461:{460;459;457;456;}465:{468;523;522;718;}478:{479;}486:{485;484;483;508;482;509;481;}489:{492;486;493;499;498;497;453;}491:{646;513;635;669;469;657;680;524;535;458;624;}493:{494;495;496;500;529;528;501;}498:{530;}500:{503;504;}502:{546;}505:{422;519;421;420;517;}507:{488;490;487;}509:{510;511;512;}512:{514;515;516;518;}519:{419;}520:{478;}522:{473;477;}523:{475;474;476;}524:{558;761;}525:{521;520;}530:{451;505;}531:{533;534;554;536;555;561;}532:{537;556;562;538;}540:{539;}544:{541;540;}552:{550;549;543;544;542;}556:{563;}561:{564;452;}570:{571;592;572;594;379;348;351;587;381;165;383;}574:{579;578;581;}578:{582;}580:{766;}587:{163;162;161;588;160;166;441;589;382;164;}588:{590;159;157;576;156;439;}589:{577;}594:{385;386;}600:{584;149;603;597;583;585;604;150;586;152;153;}601:{151;}602:{580;569;770;771;769;147;}604:{575;}605:{600;601;}606:{607;}609:{660;661;119;115;}612:{611;610;658;609;659;118;}616:{642;617;641;618;640;619;}623:{625;626;627;632;628;630;}628:{643;629;633;636;631;634;}635:{613;691;702;602;713;447;591;}640:{639;620;638;621;637;622;623;}651:{127;132;}654:{196;651;210;208;129;128;143;209;}655:{126;121;612;120;}661:{608;614;616;615;}699:{701;1198;1200;1201;}702:{158;136;247;125;269;}705:{1132;1128;1127;1129;1131;1126;1130;1174;1125;}707:{706;1054;1053;1052;1115;1056;1051;1057;1050;}714:{904;729;903;}715:{894;}718:{527;472;}722:{463;462;526;461;525;}724:{746;742;757;744;}727:{725;730;723;731;722;721;732;719;896;}735:{743;768;}736:{737;738;739;715;716;740;712;}739:{711;717;714;907;25;906;908;905;892;893;}743:{824;835;745;813;741;802;846;868;869;747;867;857;870;}746:{780;791;752;753;}750:{748;}751:{749;343;344;}755:{881;}756:{755;882;}767:{764;734;886;}770:{765;}771:{733;760;884;759;885;767;883;758;756;}773:{917;918;1666;}775:{792;1732;793;1743;915;914;916;913;1754;}778:{785;776;786;775;787;}782:{784;}783:{778;1065;1064;}785:{773;772;774;788;1699;1688;1710;790;1677;1721;}803:{801;804;805;800;1100;806;808;799;1101;807;1117;809;826;}804:{825;}807:{1119;1410;1432;1421;}811:{939;}814:{936;935;937;938;}825:{823;1455;1466;1444;1477;}829:{855;}830:{854;}832:{829;}833:{832;831;830;}838:{834;833;}840:{839;838;837;1609;836;1608;}841:{1071;}845:{844;843;1075;1182;1061;1062;1069;1070;}849:{282;268;}854:{856;1655;}861:{860;859;858;}865:{355;354;356;}866:{224;113;}868:{871;865;864;872;754;}870:{873;}871:{874;875;}874:{531;}875:{532;}877:{557;}881:{880;879;878;551;876;}882:{553;552;}886:{887;548;890;547;736;891;}889:{779;668;}890:{545;728;727;}893:{895;726;720;}894:{897;}895:{898;466;899;465;}896:{467;464;901;}899:{902;470;471;}900:{1011;}911:{1310;1299;889;1233;877;1288;866;}921:{923;924;1038;1037;925;1036;1621;}930:{931;932;817;934;816;1532;}937:{940;}939:{941;942;943;}941:{945;950;946;1030;1031;}951:{956;954;957;958;990;}953:{989;969;}954:{968;}960:{963;}962:{959;}963:{981;980;}969:{965;986;985;987;984;964;971;}971:{982;974;}974:{978;}983:{975;979;976;}984:{972;970;973;983;}988:{966;}990:{1144;1133;1155;1122;1166;967;1111;}994:{952;953;}995:{951;}997:{996;995;994;949;}999:{1540;1536;1537;}1002:{1001;998;1003;}1006:{993;991;}1011:{1022;1033;1044;1055;446;}1014:{1018;1013;1019;828;1020;827;1002;1021;1377;}1015:{1017;1004;1024;1007;1008;1005;1006;1025;1009;997;}1016:{977;988;1010;992;955;}1019:{1023;1366;1015;1355;1016;}1026:{1027;1028;962;1029;961;947;960;948;}1030:{1026;}1032:{930;}1049:{1047;1588;1599;1610;1577;1035;1566;822;1034;821;}1051:{1048;}1053:{1114;1113;1049;}1055:{1066;1077;1088;335;}1062:{1063;710;1081;709;1082;1183;1059;}1064:{707;}1071:{291;302;280;781;313;}1076:{1068;1067;782;}1079:{1072;1073;1074;783;}1082:{1083;1084;1085;708;}1084:{1632;}1088:{1099;}1093:{1108;1092;1107;1095;1097;1091;1109;1096;1098;1112;803;1090;}1094:{1118;}1102:{1103;798;797;796;}1112:{1102;1089;1087;}1125:{1060;1058;}1142:{1145;1173;1146;1136;1492;1137;1156;1147;1491;}1143:{1490;1157;}1145:{1148;1158;}1146:{1489;}1147:{1487;1486;1151;}1149:{1152;1153;}1151:{1154;1094;1093;1116;}1156:{1159;1149;1160;1162;1161;1138;1150;}1160:{1139;1121;1123;1120;1124;}1169:{1135;1143;705;1164;1163;}1184:{1180;845;1179;842;1178;1181;1076;}1187:{1186;1192;1193;1185;1194;}1188:{933;922;1210;944;1222;900;911;}1193:{1170;1169;1168;1171;1167;1165;1172;1140;1141;1142;1134;}1195:{1461;1462;}1196:{321;}1200:{1202;1203;703;704;}1202:{1223;1204;1220;1205;1219;1206;}1204:{1218;1759;1207;1217;1758;}1206:{1215;1240;1208;1216;1214;1239;696;1213;1209;695;}1215:{1224;1225;1238;1237;1226;}1217:{694;1212;1211;1757;693;}1226:{1227;1236;1228;1235;1234;1229;1231;}1229:{1230;1241;1232;1242;1243;}1231:{1245;1576;}1245:{1246;1429;1428;1247;1427;1248;1426;}1248:{1249;1250;1292;}1249:{1291;}1291:{1293;1295;1290;1294;1296;1289;1600;1297;1287;}1293:{1612;840;1611;}1296:{1303;1302;}1297:{1301;}1300:{1298;1304;1315;1311;1312;1322;1313;}1302:{1300;}1311:{1316;}1312:{1314;}1319:{1356;1354;}1323:{1318;1317;1319;1331;1320;}1325:{1324;1323;1329;1330;1305;}1336:{1326;1325;}1338:{1327;1328;}1340:{1346;}1345:{1347;1348;}1352:{1351;1350;1349;}1354:{1353;1357;1352;1358;}1355:{1344;1188;1199;1000;1177;}1359:{1343;1342;1363;1340;1345;}1362:{1338;1339;}1363:{1365;1367;1368;}1368:{1369;}1372:{1364;}1381:{1380;1379;1373;1374;1375;1378;1376;}1385:{1384;1383;1387;1382;1403;1389;1402;1381;}1389:{1390;1598;1372;1597;1596;1592;1593;}1393:{1587;1589;}1394:{1400;1393;1392;1586;1391;1401;1386;1418;1385;}1396:{1395;1394;1397;1585;}1397:{1417;1404;}1402:{1405;1408;863;}1408:{862;861;1406;}1411:{1413;1414;1415;1416;1398;}1422:{1396;1409;1411;1412;}1423:{1422;1420;}1427:{1579;1580;1578;1430;}1430:{1431;1425;1424;1433;1434;1423;}1434:{1435;1436;1437;}1435:{1438;}1440:{1439;1584;}1441:{1557;1440;1583;}1444:{1012;1014;}1447:{1442;}1448:{1565;1446;1567;1445;1568;}1450:{1449;1448;1447;1564;}1453:{1450;}1456:{1454;1457;1453;1458;1467;1465;1452;1468;1451;1469;}1460:{1463;}1461:{1464;}1462:{1459;1456;}1466:{1488;1499;1510;812;814;1521;795;}1469:{1563;1470;1474;1473;1562;1494;1471;1561;1495;1472;1560;1496;}1472:{1475;1476;1484;1478;}1477:{810;815;811;}1478:{1481;1482;}1480:{1483;}1481:{1493;1399;}1482:{1388;}1486:{1479;1480;}1490:{1485;}1495:{1497;1498;}1498:{1500;1501;1502;}1502:{1503;1504;1528;1505;1527;1526;1506;1551;1507;}1504:{1552;}1511:{1508;}1517:{1515;1544;1514;1513;1545;1549;}1519:{1518;1517;1542;1523;1541;1511;1516;1512;1535;1559;}1526:{1531;1525;1530;1524;1520;1529;1522;1509;1519;}1529:{1533;1534;}1534:{888;999;}1536:{1538;1539;}1545:{1546;1547;1548;}1548:{1550;}1560:{1556;1582;1581;}1567:{1569;1570;}1568:{1571;}1576:{1575;1574;1573;1572;}1577:{820;1555;819;1032;1106;928;927;1105;929;1543;818;926;1104;}1582:{1441;1553;}1583:{1558;}1587:{1590;1591;1594;}1590:{1595;1309;1308;}1595:{1341;1335;1336;1307;1334;1337;1306;}1597:{1362;1361;1371;1360;1370;1359;}1677:{919;1654;1040;920;789;1086;1643;1039;921;}1710:{912;},392_397_398_401_403_404_405_432_433_434_454_455_462_463_464_465_466_467_562_563_565_566_608_615_616_617_642_810_811_833_834_836_897_898_899_901_935_936_937_1002_1021_1023_1199_1210_1222_1233_1288_1302_1303_1344_1396_1398_1415_1533_1534_1546_1547_1548_1549_1550_,310-309*0_310-311*0_310-308*0_310-312*0_310-294*0_310-314*0_310-293*0_310-275*0_312-310*1_312-315*1_312-316*1_293-276*1_293-274*1_293-277*1_293-250*1_293-249*1_250-325*2_250-251*2_250-323*2_250-248*2_250-252*2_250-233*2_250-244*2_250-232*2_250-231*2_250-245*2_245-246*3_245-295*3_245-234*3_245-296*3_245-322*3_245-235*3_245-202*3_245-237*3_277-273*2_277-278*2_277-272*2_277-271*2_277-286*2_277-287*2_277-285*2_277-850*2_277-279*2_277-851*2_277-284*2_277-270*2_277-849*2_277-852*2_277-283*2_277-853*2_277-259*2_237-238*4_237-239*4_237-330*4_237-240*4_237-327*4_237-480*4_237-491*4_251-253*3_251-254*3_252-255*4_252-230*4_252-326*4_272-848*3_272-281*3_272-847*3_272-260*3_849-282*3_849-268*3_314-317*1_314-699*1_259-261*3_259-257*3_259-262*3_259-263*3_259-264*3_259-256*3_259-229*3_259-265*3_259-228*3_259-227*3_230-331*5_230-332*5_230-328*5_230-333*5_327-329*5_327-241*5_327-242*5_327-243*5_238-502*5_491-646*6_491-513*6_491-635*6_491-669*6_491-469*6_491-657*6_491-680*6_491-524*6_491-535*6_491-458*6_491-624*6_315-698*2_315-318*2_315-697*2_315-1196*2_315-700*2_315-1197*2_315-319*2_699-701*3_699-1198*3_699-1200*3_699-1201*3_256-266*4_242-724*7_242-735*7_724-746*8_724-742*8_724-757*8_724-744*8_502-546*8_265-226*4_265-267*4_265-223*4_265-288*4_1200-1202*4_1200-1203*4_1200-703*4_1200-704*4_635-613*7_635-691*7_635-702*7_635-602*7_635-713*7_635-447*7_635-591*7_317-320*4_223-222*5_223-342*5_223-221*5_223-289*5_223-290*5_223-334*5_223-220*5_223-341*5_223-292*5_223-337*5_1202-1223*6_1202-1204*6_1202-1220*6_1202-1205*6_1202-1219*6_1202-1206*6_1196-321*5_524-558*9_524-761*9_602-580*9_602-569*9_602-770*9_602-771*9_602-769*9_602-147*9_202-191*4_202-435*4_202-236*4_202-225*4_202-180*4_191-213*5_191-169*5_319-1191*3_319-1190*3_319-1195*3_319-1189*3_319-1187*3_1204-1218*7_1204-1759*7_1204-1207*7_1204-1217*7_1204-1758*7_771-733*10_771-760*10_771-884*10_771-759*10_771-885*10_771-767*10_771-883*10_771-758*10_771-756*10_735-743*9_735-768*9_746-780*10_746-791*10_746-752*10_746-753*10_743-824*11_743-835*11_743-745*11_743-813*11_743-741*11_743-802*11_743-846*11_743-868*11_743-869*11_743-747*11_743-867*11_743-857*11_743-870*11_868-871*12_868-865*12_868-864*12_868-872*12_868-754*12_225-1184*6_213-305*6_213-841*6_213-1079*6_213-304*6_213-1078*6_213-1080*6_213-303*6_1184-1180*7_1184-845*7_1184-1179*7_1184-842*7_1184-1178*7_1184-1181*7_1184-1076*7_756-755*11_756-882*11_220-216*6_220-217*6_220-218*6_220-338*6_702-158*11_702-136*11_702-247*11_702-125*11_702-269*11_580-766*11_1206-1215*8_1206-1240*8_1206-1208*8_1206-1216*8_1206-1214*8_1206-1239*8_1206-696*8_1206-1213*8_1206-1209*8_1206-695*8_1217-694*9_1217-1212*9_1217-1211*9_1217-1757*9_1217-693*9_755-881*13_1215-1224*9_1215-1225*9_1215-1238*9_1215-1237*9_1215-1226*9_1226-1227*11_1226-1236*11_1226-1228*11_1226-1235*11_1226-1234*11_1226-1229*11_1226-1231*11_334-339*7_882-553*14_882-552*14_845-844*8_845-843*8_845-1075*8_845-1182*8_845-1061*8_845-1062*8_845-1069*8_845-1070*8_841-1071*7_881-880*15_881-879*15_881-878*15_881-551*15_881-876*15_169-258*7_770-765*12_1079-1072*8_1079-1073*8_1079-1074*8_1079-783*8_1076-1068*9_1076-1067*9_1076-782*9_216-219*8_865-355*13_865-354*13_865-356*13_320-1460*5_1071-291*9_1071-302*9_1071-280*9_1071-781*9_1071-313*9_1195-1461*4_1195-1462*4_783-778*10_783-1065*10_783-1064*10_219-173*9_219-175*9_219-174*9_219-172*9_219-176*9_219-171*9_219-203*9_219-177*9_313-324*10_313-336*10_313-402*10_313-391*10_313-424*10_313-380*10_313-413*10_313-347*10_313-102*10_313-91*10_313-777*10_313-358*10_1229-1230*12_1229-1241*12_1229-1232*12_1229-1242*12_1229-1243*12_870-873*12_203-204*10_203-201*10_203-205*10_203-140*10_203-200*10_203-139*10_203-199*10_203-206*10_203-138*10_203-141*10_413-58*11_413-369*11_413-69*11_413-80*11_413-47*11_413-762*11_413-36*11_413-794*11_413-114*11_413-763*11_413-14*11_782-784*11_204-207*11_204-137*11_204-654*11_767-764*12_767-734*12_767-886*12_552-550*15_552-549*15_552-543*15_552-544*15_552-542*15_1062-1063*9_1062-710*9_1062-1081*9_1062-709*9_1062-1082*9_1062-1183*9_1062-1059*9_778-785*11_778-776*11_778-786*11_778-775*11_778-787*11_785-773*12_785-772*12_785-774*12_785-788*12_785-1699*12_785-1688*12_785-1710*12_785-790*12_785-1677*12_785-1721*12_886-887*13_886-548*13_886-890*13_886-547*13_886-736*13_886-891*13_736-737*14_736-738*14_736-739*14_736-715*14_736-716*14_736-740*14_736-712*14_871-874*14_871-875*14_200-198*11_200-142*11_200-653*11_200-197*11_200-211*11_200-212*11_200-652*11_775-792*12_775-1732*12_775-793*12_775-1743*12_775-915*12_775-914*12_775-916*12_775-913*12_775-1754*12_654-196*12_654-651*12_654-210*12_654-208*12_654-129*12_654-128*12_654-143*12_654-209*12_739-711*15_739-717*15_739-714*15_739-907*15_739-25*15_739-906*15_739-908*15_739-905*15_739-892*15_739-893*15_874-531*15_177-178*10_177-215*10_177-214*10_177-179*10_773-917*13_773-918*13_773-1666*13_1231-1245*12_1231-1576*12_890-545*15_890-728*15_890-727*15_714-904*16_714-729*16_714-903*16_1082-1083*10_1082-1084*10_1082-1085*10_1082-708*10_875-532*16_715-894*16_137-133*12_137-598*12_137-130*12_137-145*12_137-599*12_137-148*12_347-1765*12_347-3*12_142-144*12_208-146*13_208-131*13_208-605*13_208-134*13_208-606*13_651-127*13_651-132*13_1710-912*14_341-751*9_341-340*9_341-750*9_14-909*12_14-910*12_1460-1463*6_1677-919*15_1677-1654*15_1677-1040*15_1677-920*15_1677-789*15_1677-1086*15_1677-1643*15_1677-1039*15_1677-921*15_1245-1246*13_1245-1429*13_1245-1428*13_1245-1247*13_1245-1427*13_1245-1248*13_1245-1426*13_131-135*15_131-649*15_131-650*15_893-895*17_893-726*17_893-720*17_1187-1186*4_1187-1192*4_1187-1193*4_1187-1185*4_1187-1194*4_727-725*16_727-730*16_727-723*16_727-731*16_727-722*16_727-721*16_727-732*16_727-719*16_727-896*16_751-749*10_751-343*10_751-344*10_1461-1464*5_1462-1459*5_1462-1456*5_1427-1579*14_1427-1580*14_1427-1578*14_1427-1430*14_605-600*15_605-601*15_354-357*14_354-353*14_354-568*14_354-350*14_354-359*14_354-570*14_354-371*14_354-595*14_354-372*14_354-378*14_354-360*14_354-349*14_354-352*14_354-370*14_354-593*14_1064-707*11_1576-1575*13_1576-1574*13_1576-1573*13_1576-1572*13_370-368*15_370-361*15_370-362*15_370-367*15_370-373*15_370-363*15_370-374*15_370-366*15_370-384*15_370-375*15_370-376*15_370-365*15_370-364*15_370-567*15_544-541*16_544-540*16_570-571*15_570-592*15_570-572*15_570-594*15_570-379*15_570-348*15_570-351*15_570-587*15_570-381*15_570-165*15_570-383*15_600-584*16_600-149*16_600-603*16_600-597*16_600-583*16_600-585*16_600-604*16_600-150*16_600-586*16_600-152*16_600-153*16_375-377*16_375-399*16_1456-1454*6_1456-1457*6_1456-1453*6_1456-1458*6_1456-1467*6_1456-1465*6_1456-1452*6_1456-1468*6_1456-1451*6_1456-1469*6_606-607*17_1084-1632*13_894-897*17_1193-1170*5_1193-1169*5_1193-1168*5_1193-1171*5_1193-1167*5_1193-1165*5_1193-1172*5_1193-1140*5_1193-1141*5_1193-1142*5_1193-1134*5_339-345*8_587-163*16_587-162*16_587-161*16_587-588*16_587-160*16_587-166*16_587-441*16_587-589*16_587-382*16_587-164*16_895-898*18_895-466*18_895-899*18_895-465*18_594-385*16_594-386*16_707-706*12_707-1054*12_707-1053*12_707-1052*12_707-1115*12_707-1056*12_707-1051*12_707-1057*12_707-1050*12_1248-1249*14_1248-1250*14_1248-1292*14_1169-1135*6_1169-1143*6_1169-705*6_1169-1164*6_1169-1163*6_601-151*18_364-408*16_364-407*16_364-400*16_364-406*16_364-404*16_750-748*10_400-401*17_400-398*17_400-403*17_400-397*17_400-405*17_400-396*17_400-409*17_896-467*17_896-464*17_896-901*17_343-170*11_343-168*11_343-346*11_722-463*18_722-462*18_722-526*18_722-461*18_722-525*18_374-387*17_1430-1431*15_1430-1425*15_1430-1424*15_1430-1433*15_1430-1434*15_1430-1423*15_1142-1145*6_1142-1173*6_1142-1146*6_1142-1136*6_1142-1492*6_1142-1137*6_1142-1156*6_1142-1147*6_1142-1491*6_127-655*14_127-124*14_127-123*14_127-656*14_127-122*14_1143-1490*7_1143-1157*7_1145-1148*8_1145-1158*8_465-468*19_465-523*19_465-522*19_465-718*19_153-154*17_153-155*17_153-596*17_1156-1159*8_1156-1149*8_1156-1160*8_1156-1162*8_1156-1161*8_1156-1138*8_1156-1150*8_163-440*17_404-560*18_404-559*18_588-590*17_588-159*17_588-157*17_588-576*17_588-156*17_588-439*17_899-902*19_899-470*19_899-471*19_1146-1489*9_387-388*18_387-389*18_387-437*18_387-438*18_387-436*18_387-390*18_387-434*18_1147-1487*9_1147-1486*9_1147-1151*9_655-126*15_655-121*15_655-612*15_655-120*15_604-575*19_1434-1435*16_1434-1436*16_1434-1437*16_1469-1563*7_1469-1470*7_1469-1474*7_1469-1473*7_1469-1562*7_1469-1494*7_1469-1471*7_1469-1561*7_1469-1495*7_1469-1472*7_1469-1560*7_1469-1496*7_531-533*17_531-534*17_531-554*17_531-536*17_531-555*17_531-561*17_1490-1485*10_168-167*12_168-574*12_168-573*12_589-577*18_612-611*16_612-610*16_612-658*16_612-609*16_612-659*16_612-118*16_461-460*19_461-459*19_461-457*19_461-456*19_525-521*20_525-520*20_532-537*17_532-556*17_532-562*17_532-538*17_459-507*20_459-506*20_459-455*20_459-489*20_396-395*19_396-394*19_396-410*19_396-444*19_396-393*19_396-565*19_396-411*19_396-443*19_396-392*19_921-923*17_921-924*17_921-1038*17_921-1037*17_921-925*17_921-1036*17_921-1621*17_390-566*19_390-433*19_390-432*19_390-431*19_609-660*17_609-661*17_609-119*17_609-115*17_1053-1114*13_1053-1113*13_1053-1049*13_556-563*18_1472-1475*8_1472-1476*8_1472-1484*8_1472-1478*8_1423-1422*16_1423-1420*16_409-412*20_409-414*20_561-564*18_561-452*18_1249-1291*15_574-579*13_574-578*13_574-581*13_1149-1152*11_1149-1153*11_433-430*21_507-488*21_507-490*21_507-487*21_718-527*20_718-472*20_1051-1048*14_410-423*21_410-425*21_410-426*21_1486-1479*11_1486-1480*11_423-427*22_423-415*22_661-608*18_661-614*18_661-616*18_661-615*18_1495-1497*8_1495-1498*8_1478-1481*12_1478-1482*12_489-492*22_489-486*22_489-493*22_489-499*22_489-498*22_489-497*22_489-453*22_523-475*20_523-474*20_523-476*20_1498-1500*9_1498-1501*9_1498-1502*9_1480-1483*12_1453-1450*10_1049-1047*15_1049-1588*15_1049-1599*15_1049-1610*15_1049-1577*15_1049-1035*15_1049-1566*15_1049-822*15_1049-1034*15_1049-821*15_1577-820*16_1577-1555*16_1577-819*16_1577-1032*16_1577-1106*16_1577-928*16_1577-927*16_1577-1105*16_1577-929*16_1577-1543*16_1577-818*16_1577-926*16_1577-1104*16_540-539*17_1151-1154*10_1151-1094*10_1151-1093*10_1151-1116*10_1032-930*17_1291-1293*16_1291-1295*16_1291-1290*16_1291-1294*16_1291-1296*16_1291-1289*16_1291-1600*16_1291-1297*16_1291-1287*16_578-582*14_1293-1612*17_1293-840*17_1293-1611*17_1093-1108*11_1093-1092*11_1093-1107*11_1093-1095*11_1093-1097*11_1093-1091*11_1093-1109*11_1093-1096*11_1093-1098*11_1093-1112*11_1093-803*11_1093-1090*11_1422-1396*17_1422-1409*17_1422-1411*17_1422-1412*17_616-642*19_616-617*19_616-641*19_616-618*19_616-640*19_616-619*19_803-801*12_803-804*12_803-805*12_803-800*12_803-1100*12_803-806*12_803-808*12_803-799*12_803-1101*12_803-807*12_803-1117*12_803-809*12_803-826*12_522-473*20_522-477*20_640-639*20_640-620*20_640-638*20_640-621*20_640-637*20_640-622*20_640-623*20_1450-1449*11_1450-1448*11_1450-1447*11_1450-1564*11_1112-1102*12_1112-1089*12_1112-1087*12_431-429*22_431-442*22_431-428*22_623-625*21_623-626*21_623-627*21_623-632*21_623-628*21_623-630*21_1435-1438*17_1094-1118*13_520-478*21_1411-1413*18_1411-1414*18_1411-1415*18_1411-1416*18_1411-1398*18_1560-1556*8_1560-1582*8_1560-1581*8_1396-1395*18_1396-1394*18_1396-1397*18_1396-1585*18_628-643*22_628-629*22_628-633*22_628-636*22_628-631*22_628-634*22_1102-1103*13_1102-798*13_1102-797*13_1102-796*13_804-825*14_807-1119*16_807-1410*16_807-1432*16_807-1421*16_486-485*23_486-484*23_486-483*23_486-508*23_486-482*23_486-509*23_486-481*23_452-454*19_493-494*23_493-495*23_493-496*23_493-500*23_493-529*23_493-528*23_493-501*23_1502-1503*10_1502-1504*10_1502-1528*10_1502-1505*10_1502-1527*10_1502-1526*10_1502-1506*10_1502-1551*10_1502-1507*10_1160-1139*9_1160-1121*9_1160-1123*9_1160-1120*9_1160-1124*9_705-1132*7_705-1128*7_705-1127*7_705-1129*7_705-1131*7_705-1126*7_705-1130*7_705-1174*7_705-1125*7_825-823*17_825-1455*17_825-1466*17_825-1444*17_825-1477*17_930-931*18_930-932*18_930-817*18_930-934*18_930-816*18_930-1532*18_1296-1303*17_1296-1302*17_840-839*18_840-838*18_840-837*18_840-1609*18_840-836*18_840-1608*18_1444-1012*18_1444-1014*18_1526-1531*11_1526-1525*11_1526-1530*11_1526-1524*11_1526-1520*11_1526-1529*11_1526-1522*11_1526-1509*11_1526-1519*11_498-530*24_1125-1060*8_1125-1058*8_1394-1400*19_1394-1393*19_1394-1392*19_1394-1586*19_1394-1391*19_1394-1401*19_1394-1386*19_1394-1418*19_1394-1385*19_1519-1518*12_1519-1517*12_1519-1542*12_1519-1523*12_1519-1541*12_1519-1511*12_1519-1516*12_1519-1512*12_1519-1535*12_1519-1559*12_1448-1565*12_1448-1446*12_1448-1567*12_1448-1445*12_1448-1568*12_1517-1515*13_1517-1544*13_1517-1514*13_1517-1513*13_1517-1545*13_1517-1549*13_1447-1442*12_415-416*23_415-445*23_415-448*23_1466-1488*18_1466-1499*18_1466-1510*18_1466-812*18_1466-814*18_1466-1521*18_1466-795*18_1397-1417*19_1397-1404*19_1477-810*19_1477-815*19_1477-811*19_509-510*24_509-511*24_509-512*24_512-514*25_512-515*25_512-516*25_512-518*25_1582-1441*9_1582-1553*9_500-503*24_500-504*24_1567-1569*13_1567-1570*13_1393-1587*20_1393-1589*20_1385-1384*20_1385-1383*20_1385-1387*20_1385-1382*20_1385-1403*20_1385-1389*20_1385-1402*20_1385-1381*20_814-936*19_814-935*19_814-937*19_814-938*19_1529-1533*14_1529-1534*14_530-451*25_530-505*25_1568-1571*13_811-939*20_838-834*19_838-833*19_505-422*26_505-519*26_505-421*26_505-420*26_505-517*26_1381-1380*21_1381-1379*21_1381-1373*21_1381-1374*21_1381-1375*21_1381-1378*21_1381-1376*21_1481-1493*13_1481-1399*13_937-940*21_1441-1557*14_1441-1440*14_1441-1583*14_1440-1439*15_1440-1584*15_1014-1018*19_1014-1013*19_1014-1019*19_1014-828*19_1014-1020*19_1014-827*19_1014-1002*19_1014-1021*19_1014-1377*19_833-832*20_833-831*20_833-830*20_1545-1546*14_1545-1547*14_1545-1548*14_1297-1301*17_1019-1023*20_1019-1366*20_1019-1015*20_1019-1355*20_1019-1016*20_519-419*27_478-479*22_1583-1558*15_1548-1550*15_1511-1508*16_1587-1590*21_1587-1591*21_1587-1594*21_939-941*21_939-942*21_939-943*21_941-945*22_941-950*22_941-946*22_941-1030*22_941-1031*22_1002-1001*21_1002-998*21_1002-1003*21_832-829*21_1389-1390*21_1389-1598*21_1389-1372*21_1389-1597*21_1389-1596*21_1389-1592*21_1389-1593*21_1590-1595*22_1590-1309*22_1590-1308*22_1482-1388*13_1015-1017*22_1015-1004*22_1015-1024*22_1015-1007*22_1015-1008*22_1015-1005*22_1015-1006*22_1015-1025*22_1015-1009*22_1015-997*22_1355-1344*21_1355-1188*21_1355-1199*21_1355-1000*21_1355-1177*21_1030-1026*23_1597-1362*22_1597-1361*22_1597-1371*22_1597-1360*22_1597-1370*22_1597-1359*22_1595-1341*23_1595-1335*23_1595-1336*23_1595-1307*23_1595-1334*23_1595-1337*23_1595-1306*23_1362-1338*23_1362-1339*23_1336-1326*24_1336-1325*24_1372-1364*22_1016-977*23_1016-988*23_1016-1010*23_1016-992*23_1016-955*23_1359-1343*24_1359-1342*24_1359-1363*24_1359-1340*24_1359-1345*24_997-996*24_997-995*24_997-994*24_997-949*24_1302-1300*18_830-854*21_1504-1552*15_1338-1327*25_1338-1328*25_1534-888*15_1534-999*15_1325-1324*25_1325-1323*25_1325-1329*25_1325-1330*25_1325-1305*25_1300-1298*19_1300-1304*19_1300-1315*19_1300-1311*19_1300-1312*19_1300-1322*19_1300-1313*19_1006-993*24_1006-991*24_1026-1027*24_1026-1028*24_1026-962*24_1026-1029*24_1026-961*24_1026-947*24_1026-960*24_1026-948*24_1311-1316*20_999-1540*16_999-1536*16_999-1537*16_995-951*25_1340-1346*27_1536-1538*17_1536-1539*17_1323-1318*26_1323-1317*26_1323-1319*26_1323-1331*26_1323-1320*26_1319-1356*27_1319-1354*27_829-855*22_994-952*26_994-953*26_1312-1314*20_951-956*26_951-954*26_951-957*26_951-958*26_951-990*26_953-989*27_953-969*27_954-968*28_988-966*24_1354-1353*28_1354-1357*28_1354-1352*28_1354-1358*28_1402-1405*22_1402-1408*22_1402-863*22_1188-933*22_1188-922*22_1188-1210*22_1188-944*22_1188-1222*22_1188-900*22_1188-911*22_990-1144*28_990-1133*28_990-1155*28_990-1122*28_990-1166*28_990-967*28_990-1111*28_962-959*28_1363-1365*25_1363-1367*25_1363-1368*25_1408-862*23_1408-861*23_1408-1406*23_1368-1369*26_854-856*22_854-1655*22_969-965*29_969-986*29_969-985*29_969-987*29_969-984*29_969-964*29_969-971*29_911-1310*23_911-1299*23_911-889*23_911-1233*23_911-877*23_911-1288*23_911-866*23_984-972*30_984-970*30_984-973*30_984-983*30_861-860*24_861-859*24_861-858*24_960-963*29_900-1011*24_963-981*30_963-980*30_971-982*30_971-974*30_983-975*31_983-979*31_983-976*31_1345-1347*25_1345-1348*25_974-978*31_1352-1351*29_1352-1350*29_1352-1349*29_889-779*25_889-668*25_1011-1022*25_1011-1033*25_1011-1044*25_1011-1055*25_1011-446*25_1055-1066*26_1055-1077*26_1055-1088*26_1055-335*26_877-557*26_1088-1099*27_866-224*26_866-113*26_113-2*28_113-1665*28_
