"id","Scenario","Actual Range","Protocol","Buildings","Total nodes","Nodes on circ","Total coverage","Coverage on circ","Alert received mean time","Hops","Slots","Messages sent","Messages received", "Starting x", "Starting y","Starting node", "Vehicle distance", "Received node ids", "Node ids", "Transmission map", "Received on circ nodes", "Transmission vector"
0,1,500,300,0,2496,49,2496,49,-360.878,3.16327,2.4898,151,2496,2300,2150,1138,25,1137_1139_1136_1140_2296_2295_2297_2294_2298_1135_1141_2293_2299_1134_1142_2292_2300_1133_1143_2291_2301_1132_1144_2392_2391_2393_2290_2302_2390_2394_2389_2395_1131_1145_2388_2396_2289_2303_2387_2397_1042_1130_1146_1234_1041_1043_1233_1235_1040_1044_1232_1236_2288_2386_2398_1039_1045_1231_1237_1038_1046_1230_1238_1129_1147_2287_2385_2399_1037_1047_1229_1239_1036_1048_1128_1148_1228_1240_2200_2384_2199_2201_2198_2202_2286_2197_2203_1035_1049_1227_1241_2196_2204_2383_1127_1149_2195_2205_2285_1034_1050_1226_1242_2194_2206_2382_1126_1150_1033_1051_1225_1243_2284_2193_2207_2381_1032_1052_1224_1244_2192_1125_1151_2283_2380_2191_1031_1053_1223_1245_1124_2488_2487_2489_2190_2282_2486_2490_2379_2485_2491_1030_1054_1222_1246_2484_2492_2189_2483_2493_1123_2281_2378_2482_2494_1029_1055_1221_1247_2188_2481_2495_946_1122_945_947_944_948_1028_1220_2280_2480_2377_943_949_2187_942_950_2479_941_951_1027_1121_1219_940_952_2376_2279_2186_2478_939_953_2477_938_954_1026_1218_1120_2104_2103_2105_2185_2375_2102_2106_2278_2101_2107_937_955_2100_2108_2476_2099_2109_1025_1217_936_956_2184_2098_2110_2374_1119_2277_2475_2097_2111_935_957_1024_1216_2096_2183_2474_2373_934_958_1118_2473_2472_959_2471_2470_2469_2468_2467_2271_2172_2466_850_2270_2171_2465_851_2269_1106_852_2170_2464_863_2076_2268_862_861_860_853_859_1105_2169_2075_2267_858_2463_1908_1907_1909_1906_1910_854_1905_1911_1008_1104_1904_1912_744_2074_2168_2266_743_745_742_746_1903_1913_2462_741_747_740_748_855_1902_1914_739_749_1007_1103_1901_1915_2073_2265_2167_738_750_1900_1916_824_1984_737_751_1899_1917_736_752_2072_2264_914_1006_1102_1202_1983_2367_2166_735_753_823_1898_1918_1982_2366_913_1201_2071_2263_734_754_1005_1101_1897_1919_1981_2165_2365_912_1200_1896_2459_2458_763_830_2358_764_924_2260_2164_2163_2162_2161_648_2160_647_649_646_650_645_651_2159_644_652_2158_643_653_642_654_2069_2157_2173_2261_2068_2070_2262_2067_2259_2066_2258_641_655_2065_2257_2156_2174_1891_640_656_2064_2256_1797_1989_2063_2155_2175_2255_1890_639_657_1189_1211_2062_2254_1796_1988_840_2154_2176_839_841_1889_638_658_838_842_2061_2077_2253_1188_1212_733_755_837_843_1795_1987_836_844_899_925_2153_2177_2060_2078_2252_637_659_835_845_1187_1213_816_1888_815_817_814_818_732_756_1794_1986_813_819_834_846_812_820_2059_2079_2251_898_926_811_821_552_636_660_2152_2178_1186_1214_551_553_833_847_550_554_1887_1793_810_822_549_555_731_757_1724_548_556_832_848_2058_2080_2250_2272_1725_1707_2091_809_897_927_1185_1215_1706_2090_547_557_635_661_1726_2151_2179_808_1792_1886_831_849_1705_2089_546_558_730_758_1727_2057_2081_2249_2273_896_928_1704_2088_807_545_559_1184_634_662_1086_2150_2180_1703_1791_1885_806_544_560_2056_2082_2248_2274_729_759_1702_895_929_1183_805_543_561_633_663_1085_1790_1973_2149_2181_2357_1972_1974_2356_1701_1971_1975_2055_2247_2275_2355_2359_1884_989_728_760_1970_1976_2354_2360_804_542_562_894_1969_1977_2353_2361_1700_1182_632_664_1968_1978_2352_2362_1789_1084_2054_2148_2182_2246_2276_803_541_563_1967_1979_2351_2363_1699_1883_727_761_1966_1980_2350_2364_540_564_631_665_1965_2053_2245_2349_2147_726_762_1964_2348_539_565_630_666_2052_2244_1963_2347_2146_538_566_725_933_856_932_1962_2346_2368_629_667_931_2051_2243_537_567_1961_2145_2345_2369_829_2083_828_2084_827_2085_826_2086_825_2087_930_1985_2461_2460_2457_2456_767_766_765_2455_2454_2453_2452_2451_2450_2449_2448_671_670_669_668_2447_2446_2445_2444_2443_2442_1210_1117_1116_1209_1115_1208_2015_2014_2013_1114_2012_2011_1207_2010_1113_2009_1206_1112_2008_2007_1111_1205_2006_1023_2005_1022_1110_1204_2095_1021_2004_1109_1020_2094_1203_2003_1019_1108_2002_2093_1018_923_2092_922_1990_1138_990_1713_988_1714_987_986_1611_1715_1610_1612_1609_1613_888_1608_1614_985_536_1960_1959_1607_1615_1716_1958_2050_984_1616_1957_887_535_1956_1617_1717_2049_983_886_1955_1618_446_534_445_447_444_448_2048_1718_982_1954_443_449_1619_885_442_450_533_1953_2047_1719_1620_981_441_451_884_440_452_532_1952_1621_2046_980_1088_1720_1087_1089_1090_883_1091_439_453_1951_1092_1622_1814_531_2045_979_1083_1093_1721_438_454_1686_882_1082_1094_1950_1623_1815_530_1081_1095_437_455_790_978_1685_2044_1722_1080_1096_1624_1816_1949_881_436_456_2144_789_1684_529_977_1079_1097_2043_1515_1723_1514_1516_1513_1517_1625_1817_1948_2143_788_880_1512_1518_435_457_1683_613_1078_1098_1511_1519_528_1864_976_1510_1520_1863_1865_612_1862_1866_2042_2142_1626_1818_787_1077_1099_1861_1867_1947_1509_1521_1682_434_458_611_879_1860_1868_1508_1522_1774_1859_2141_610_1076_1100_975_527_786_2041_1507_1523_1627_1819_1681_1858_1946_433_459_609_878_1506_1524_2140_1075_1857_1773_785_974_608_1680_350_526_349_351_1628_1820_348_352_432_460_1856_2040_1505_1525_1945_697_347_353_1074_2139_346_354_877_607_1855_784_1504_1526_345_355_973_1593_1629_1821_431_461_525_344_356_1944_1073_2039_1854_2138_1503_1527_343_357_1853_342_358_430_462_524_1943_2137_2038_341_359_1852_429_463_340_360_2136_1942_2242_523_1851_2037_2241_339_361_428_464_2240_2135_1850_1941_338_362_522_2441_2440_575_574_573_572_2439_571_570_2438_569_2437_568_2344_2343_2436_2342_2435_2341_2434_2340_2433_2339_857_2338_2432_479_478_477_476_475_2337_2431_474_473_472_2336_2370_2430_471_2335_2371_470_2429_2239_465_2238_2237_466_363_2236_467_364_2134_2235_365_468_2234_2133_366_1998_1999_1013_1012_1014_1011_1015_1010_1016_2000_1009_1017_2001_616_1776_1004_615_706_1775_1003_614_1806_1002_705_1807_1001_1691_1690_1692_1689_1693_704_1688_1694_1687_1695_800_1696_1772_1697_703_1698_799_1771_702_798_1770_701_797_1769_1679_2372_972_971_1072_1528_2036_1071_970_1070_1529_2035_889_969_1069_1530_876_890_1068_2034_968_1424_1423_1425_1422_1426_1606_875_891_1067_1421_1427_1531_1420_1428_2033_967_991_874_892_1066_1419_1429_1605_1532_1418_1430_873_893_1065_256_2032_255_257_966_992_1604_1712_1417_1431_1711_1710_254_258_1533_1709_1940_2132_253_259_872_1064_1416_1432_1708_252_260_1603_1939_2031_2131_965_993_1415_1433_251_261_1534_871_1063_1938_2130_250_262_1414_1434_1602_1630_2030_964_994_1937_2129_870_1062_1535_249_263_1413_1435_1601_1631_2029_248_264_1936_2128_963_995_1171_1170_1172_869_1061_1169_1173_1168_1174_1412_1436_783_791_1167_1175_247_265_1935_2127_782_792_1166_1176_1600_2028_868_962_996_1060_1411_1437_781_793_1165_1177_246_266_780_794_1164_1178_1934_2126_1599_1410_1438_779_795_867_1059_1163_1179_2027_961_997_245_267_1502_778_796_1162_1180_1933_2125_1409_1439_1598_866_900_1058_777_1161_1181_244_268_2026_337_960_998_1328_1327_1329_1326_1330_1932_2124_1325_1331_1501_776_1160_1324_1332_1408_1323_1333_1597_865_901_1057_243_269_1322_1334_1849_2025_336_1848_775_999_1159_1847_1931_2123_1846_1845_242_270_1844_2228_160_1930_2024_2122_159_161_335_1843_2227_158_162_157_163_156_164_1842_2226_241_271_155_165_1841_1929_2121_2225_2023_154_166_334_240_272_1840_2224_153_167_152_168_1928_2120_1839_2223_2022_333_151_169_239_273_1838_2222_1927_2119_150_170_1837_2021_2221_469_2334_2333_2332_372_2331_373_2330_374_1678_606_1677_605_1676_604_1675_603_1674_602_1673_1777_1778_1779_513_601_617_512_514_1672_1780_511_515_707_510_516_708_1781_509_517_709_600_1584_1583_1585_1671_1582_1586_1782_508_518_700_710_1581_1587_1580_1588_1783_507_519_599_699_711_1670_1579_1589_506_520_698_712_1768_1784_1578_1590_598_1669_505_521_713_1577_1591_1767_1785_597_504_696_714_1576_1592_1668_1766_1786_1575_503_695_715_596_1667_1765_1787_1574_1594_502_694_1764_1788_595_1666_1573_1595_501_693_1763_594_1572_1596_1665_500_692_1762_1571_417_593_801_416_418_802_1664_415_419_499_691_414_420_413_421_1761_1570_412_422_498_592_690_1488_1487_1489_1663_411_423_1486_1490_1485_1491_410_424_1484_1492_1760_1569_1483_1493_409_425_497_689_591_1482_1494_1662_408_426_1568_1481_1495_1759_496_688_1480_1496_407_427_590_1661_1479_1497_1567_1758_406_495_687_1478_1498_405_589_724_2428_2329_2427_378_377_379_376_380_2328_2426_375_381_382_2327_2425_383_2424_2326_371_2423_2325_370_2422_369_2324_2233_2421_368_2232_2323_2420_2231_367_2230_2322_2419_2229_2321_2418_282_281_283_280_284_2320_2417_279_285_278_286_277_287_276_2416_2319_275_274_2415_2318_2414_2317_2413_1798_902_1799_903_904_1800_905_1801_906_1802_716_717_718_1892_1893_1882_719_1881_720_1880_1879_721_1878_722_1877_618_1876_619_723_620_1875_621_1874_622_1500_1499_1873_623_919_918_921_1991_1338_1339_1340_1341_1342_1343_1394_1300_1153_1152_1154_1155_1156_1157_1158_1299_1393_1298_584_1392_583_585_582_586_581_587_580_588_579_1297_578_1391_577_576_1296_1390_1649_1650_1647_1651_1646_1652_1645_1653_321_1644_1654_223_1643_1655_320_1642_1656_129_1641_1657_222_128_1640_1658_319_1639_1659_221_39_127_318_1638_1660_38_1637_90_188_907_908_909_1803_910_1804_1894_911_1895_1805_915_1000_1808_916_1809_917_1810_1811_624_1872_625_1566_1565_404_1564_403_1563_402_1562_401_1561_312_400_1472_1560_311_313_1471_1473_310_314_1470_1474_309_315_1469_1475_308_316_1468_1476_399_1559_307_317_1467_1477_306_398_1466_1558_305_1465_397_1557_304_1464_396_1556_303_1463_302_322_494_1462_395_1555_301_323_493_1461_394_1554_300_324_492_1460_393_1553_299_325_491_1459_216_392_1376_1552_215_217_1375_1377_214_218_298_326_490_1374_1378_1458_213_219_1373_1379_1757_212_220_1372_1380_1756_211_1371_1381_1755_297_327_391_489_1457_1551_210_1370_1382_1754_209_1369_1383_1753_208_224_296_328_488_1368_1384_1456_1648_1752_390_1550_207_225_1367_1385_1751_295_329_487_1455_206_226_1366_1386_1750_389_1549_205_227_1365_1387_1749_294_330_486_1454_204_228_388_1364_1388_1548_1748_2316_2315_2314_2412_2313_2411_186_185_187_184_2312_2410_183_189_182_190_2311_2409_181_191_2408_2310_2407_2309_2406_2308_2405_2307_2404_2306_2403_2305_2402_89_91_88_92_2304_2401_87_93_86_94_85_95_84_2400_83_686_1397_1396_1395_237_1389_47_46_140_1871_1870_1869_626_627_628_1199_1198_1197_1196_1195_1194_1193_1107_1823_1192_1822_1191_1190_1813_1812_1997_229_1747_230_1746_231_1745_232_1744_331_1743_233_332_1742_234_1741_235_1740_236_1547_1739_126_130_1546_1738_125_131_124_132_238_123_133_1545_1737_122_134_121_135_120_136_1544_1736_119_137_1543_1735_118_138_117_139_1542_1734_1453_1636_116_1452_1836_1541_1733_115_141_1451_1635_1835_685_684_683_682_681_1402_1401_1403_680_1400_1404_1399_1405_1398_1406_679_1407_678_677_774_676_773_675_772_674_771_673_770_1306_1305_1307_672_1304_1308_769_1303_1309_1302_1310_1301_1311_768_1312_1313_1314_1315_1316_1295_1317_1294_1318_1995_1994_1996_1993_920_1992_180_82_81_2020_2019_2018_1926_1925_2017_1924_2116_64_2016_63_65_62_66_1923_2115_61_67_149_60_68_1922_2114_59_69_148_58_70_1921_2113_57_71_147_56_72_1920_2112_55_73_146_54_74_145_53_75_1834_1833_52_76_144_1832_1831_1830_51_77_1829_143_1828_50_1827_142_1826_49_1825_48_1824_1293_1292_1291_1290_1289_480_1288_481_482_483_484_1287_485_1286_1285_1284_1283_1282_1281_384_1280_385_386_387_1279_2118_171_2117_172_173_174_175_2217_176_2216_2218_2215_2219_2214_2220_2213_177_2212_2211_178_2210_78_179_2209_79_80_2208_1446_1445_1444_23_41_22_42_1443_21_43_20_44_1442_19_45_18_1441_17_16_1440_15_14_13_12_11_1348_10_1347_1346_9_1345_8_1344_293_292_291_290_289_288_1272_1271_1273_1270_1274_1269_1275_1268_1276_196_1267_1277_195_1266_1278_194_1265_193_192_1264_1263_1262_1261_1260_1259_1258_100_99_1257_98_97_96_1256_1255_1254_1056_1336_1335_1337_1319_114_113_112_1448_1447_1449_1450_111_110_109_108_107_106_203_105_1321_864_1320_1540_1539_1538_1537_24_1536_25_26_27_28_29_30_1634_31_1633_32_1632_33_34_35_36_37_104_1352_1351_1353_202_1350_1354_1349_1355_1356_1732_1357_1731_103_201_1358_1730_1359_1729_40_200_1360_1728_102_1361_7_199_1362_101_1363_6_198_197_1253_1252_1251_1250_1249_0_1248_1_2_3_4_5_,0_1_2_3_4_5_6_7_8_9_10_11_12_13_14_15_16_17_18_19_20_21_22_23_24_25_26_27_28_29_30_31_32_33_34_35_36_37_38_39_40_41_42_43_44_45_46_47_48_49_50_51_52_53_54_55_56_57_58_59_60_61_62_63_64_65_66_67_68_69_70_71_72_73_74_75_76_77_78_79_80_81_82_83_84_85_86_87_88_89_90_91_92_93_94_95_96_97_98_99_100_101_102_103_104_105_106_107_108_109_110_111_112_113_114_115_116_117_118_119_120_121_122_123_124_125_126_127_128_129_130_131_132_133_134_135_136_137_138_139_140_141_142_143_144_145_146_147_148_149_150_151_152_153_154_155_156_157_158_159_160_161_162_163_164_165_166_167_168_169_170_171_172_173_174_175_176_177_178_179_180_181_182_183_184_185_186_187_188_189_190_191_192_193_194_195_196_197_198_199_200_201_202_203_204_205_206_207_208_209_210_211_212_213_214_215_216_217_218_219_220_221_222_223_224_225_226_227_228_229_230_231_232_233_234_235_236_237_238_239_240_241_242_243_244_245_246_247_248_249_250_251_252_253_254_255_256_257_258_259_260_261_262_263_264_265_266_267_268_269_270_271_272_273_274_275_276_277_278_279_280_281_282_283_284_285_286_287_288_289_290_291_292_293_294_295_296_297_298_299_300_301_302_303_304_305_306_307_308_309_310_311_312_313_314_315_316_317_318_319_320_321_322_323_324_325_326_327_328_329_330_331_332_333_334_335_336_337_338_339_340_341_342_343_344_345_346_347_348_349_350_351_352_353_354_355_356_357_358_359_360_361_362_363_364_365_366_367_368_369_370_371_372_373_374_375_376_377_378_379_380_381_382_383_384_385_386_387_388_389_390_391_392_393_394_395_396_397_398_399_400_401_402_403_404_405_406_407_408_409_410_411_412_413_414_415_416_417_418_419_420_421_422_423_424_425_426_427_428_429_430_431_432_433_434_435_436_437_438_439_440_441_442_443_444_445_446_447_448_449_450_451_452_453_454_455_456_457_458_459_460_461_462_463_464_465_466_467_468_469_470_471_472_473_474_475_476_477_478_479_480_481_482_483_484_485_486_487_488_489_490_491_492_493_494_495_496_497_498_499_500_501_502_503_504_505_506_507_508_509_510_511_512_513_514_515_516_517_518_519_520_521_522_523_524_525_526_527_528_529_530_531_532_533_534_535_536_537_538_539_540_541_542_543_544_545_546_547_548_549_550_551_552_553_554_555_556_557_558_559_560_561_562_563_564_565_566_567_568_569_570_571_572_573_574_575_576_577_578_579_580_581_582_583_584_585_586_587_588_589_590_591_592_593_594_595_596_597_598_599_600_601_602_603_604_605_606_607_608_609_610_611_612_613_614_615_616_617_618_619_620_621_622_623_624_625_626_627_628_629_630_631_632_633_634_635_636_637_638_639_640_641_642_643_644_645_646_647_648_649_650_651_652_653_654_655_656_657_658_659_660_661_662_663_664_665_666_667_668_669_670_671_672_673_674_675_676_677_678_679_680_681_682_683_684_685_686_687_688_689_690_691_692_693_694_695_696_697_698_699_700_701_702_703_704_705_706_707_708_709_710_711_712_713_714_715_716_717_718_719_720_721_722_723_724_725_726_727_728_729_730_731_732_733_734_735_736_737_738_739_740_741_742_743_744_745_746_747_748_749_750_751_752_753_754_755_756_757_758_759_760_761_762_763_764_765_766_767_768_769_770_771_772_773_774_775_776_777_778_779_780_781_782_783_784_785_786_787_788_789_790_791_792_793_794_795_796_797_798_799_800_801_802_803_804_805_806_807_808_809_810_811_812_813_814_815_816_817_818_819_820_821_822_823_824_825_826_827_828_829_830_831_832_833_834_835_836_837_838_839_840_841_842_843_844_845_846_847_848_849_850_851_852_853_854_855_856_857_858_859_860_861_862_863_864_865_866_867_868_869_870_871_872_873_874_875_876_877_878_879_880_881_882_883_884_885_886_887_888_889_890_891_892_893_894_895_896_897_898_899_900_901_902_903_904_905_906_907_908_909_910_911_912_913_914_915_916_917_918_919_920_921_922_923_924_925_926_927_928_929_930_931_932_933_934_935_936_937_938_939_940_941_942_943_944_945_946_947_948_949_950_951_952_953_954_955_956_957_958_959_960_961_962_963_964_965_966_967_968_969_970_971_972_973_974_975_976_977_978_979_980_981_982_983_984_985_986_987_988_989_990_991_992_993_994_995_996_997_998_999_1000_1001_1002_1003_1004_1005_1006_1007_1008_1009_1010_1011_1012_1013_1014_1015_1016_1017_1018_1019_1020_1021_1022_1023_1024_1025_1026_1027_1028_1029_1030_1031_1032_1033_1034_1035_1036_1037_1038_1039_1040_1041_1042_1043_1044_1045_1046_1047_1048_1049_1050_1051_1052_1053_1054_1055_1056_1057_1058_1059_1060_1061_1062_1063_1064_1065_1066_1067_1068_1069_1070_1071_1072_1073_1074_1075_1076_1077_1078_1079_1080_1081_1082_1083_1084_1085_1086_1087_1088_1089_1090_1091_1092_1093_1094_1095_1096_1097_1098_1099_1100_1101_1102_1103_1104_1105_1106_1107_1108_1109_1110_1111_1112_1113_1114_1115_1116_1117_1118_1119_1120_1121_1122_1123_1124_1125_1126_1127_1128_1129_1130_1131_1132_1133_1134_1135_1136_1137_1138_1139_1140_1141_1142_1143_1144_1145_1146_1147_1148_1149_1150_1151_1152_1153_1154_1155_1156_1157_1158_1159_1160_1161_1162_1163_1164_1165_1166_1167_1168_1169_1170_1171_1172_1173_1174_1175_1176_1177_1178_1179_1180_1181_1182_1183_1184_1185_1186_1187_1188_1189_1190_1191_1192_1193_1194_1195_1196_1197_1198_1199_1200_1201_1202_1203_1204_1205_1206_1207_1208_1209_1210_1211_1212_1213_1214_1215_1216_1217_1218_1219_1220_1221_1222_1223_1224_1225_1226_1227_1228_1229_1230_1231_1232_1233_1234_1235_1236_1237_1238_1239_1240_1241_1242_1243_1244_1245_1246_1247_1248_1249_1250_1251_1252_1253_1254_1255_1256_1257_1258_1259_1260_1261_1262_1263_1264_1265_1266_1267_1268_1269_1270_1271_1272_1273_1274_1275_1276_1277_1278_1279_1280_1281_1282_1283_1284_1285_1286_1287_1288_1289_1290_1291_1292_1293_1294_1295_1296_1297_1298_1299_1300_1301_1302_1303_1304_1305_1306_1307_1308_1309_1310_1311_1312_1313_1314_1315_1316_1317_1318_1319_1320_1321_1322_1323_1324_1325_1326_1327_1328_1329_1330_1331_1332_1333_1334_1335_1336_1337_1338_1339_1340_1341_1342_1343_1344_1345_1346_1347_1348_1349_1350_1351_1352_1353_1354_1355_1356_1357_1358_1359_1360_1361_1362_1363_1364_1365_1366_1367_1368_1369_1370_1371_1372_1373_1374_1375_1376_1377_1378_1379_1380_1381_1382_1383_1384_1385_1386_1387_1388_1389_1390_1391_1392_1393_1394_1395_1396_1397_1398_1399_1400_1401_1402_1403_1404_1405_1406_1407_1408_1409_1410_1411_1412_1413_1414_1415_1416_1417_1418_1419_1420_1421_1422_1423_1424_1425_1426_1427_1428_1429_1430_1431_1432_1433_1434_1435_1436_1437_1438_1439_1440_1441_1442_1443_1444_1445_1446_1447_1448_1449_1450_1451_1452_1453_1454_1455_1456_1457_1458_1459_1460_1461_1462_1463_1464_1465_1466_1467_1468_1469_1470_1471_1472_1473_1474_1475_1476_1477_1478_1479_1480_1481_1482_1483_1484_1485_1486_1487_1488_1489_1490_1491_1492_1493_1494_1495_1496_1497_1498_1499_1500_1501_1502_1503_1504_1505_1506_1507_1508_1509_1510_1511_1512_1513_1514_1515_1516_1517_1518_1519_1520_1521_1522_1523_1524_1525_1526_1527_1528_1529_1530_1531_1532_1533_1534_1535_1536_1537_1538_1539_1540_1541_1542_1543_1544_1545_1546_1547_1548_1549_1550_1551_1552_1553_1554_1555_1556_1557_1558_1559_1560_1561_1562_1563_1564_1565_1566_1567_1568_1569_1570_1571_1572_1573_1574_1575_1576_1577_1578_1579_1580_1581_1582_1583_1584_1585_1586_1587_1588_1589_1590_1591_1592_1593_1594_1595_1596_1597_1598_1599_1600_1601_1602_1603_1604_1605_1606_1607_1608_1609_1610_1611_1612_1613_1614_1615_1616_1617_1618_1619_1620_1621_1622_1623_1624_1625_1626_1627_1628_1629_1630_1631_1632_1633_1634_1635_1636_1637_1638_1639_1640_1641_1642_1643_1644_1645_1646_1647_1648_1649_1650_1651_1652_1653_1654_1655_1656_1657_1658_1659_1660_1661_1662_1663_1664_1665_1666_1667_1668_1669_1670_1671_1672_1673_1674_1675_1676_1677_1678_1679_1680_1681_1682_1683_1684_1685_1686_1687_1688_1689_1690_1691_1692_1693_1694_1695_1696_1697_1698_1699_1700_1701_1702_1703_1704_1705_1706_1707_1708_1709_1710_1711_1712_1713_1714_1715_1716_1717_1718_1719_1720_1721_1722_1723_1724_1725_1726_1727_1728_1729_1730_1731_1732_1733_1734_1735_1736_1737_1738_1739_1740_1741_1742_1743_1744_1745_1746_1747_1748_1749_1750_1751_1752_1753_1754_1755_1756_1757_1758_1759_1760_1761_1762_1763_1764_1765_1766_1767_1768_1769_1770_1771_1772_1773_1774_1775_1776_1777_1778_1779_1780_1781_1782_1783_1784_1785_1786_1787_1788_1789_1790_1791_1792_1793_1794_1795_1796_1797_1798_1799_1800_1801_1802_1803_1804_1805_1806_1807_1808_1809_1810_1811_1812_1813_1814_1815_1816_1817_1818_1819_1820_1821_1822_1823_1824_1825_1826_1827_1828_1829_1830_1831_1832_1833_1834_1835_1836_1837_1838_1839_1840_1841_1842_1843_1844_1845_1846_1847_1848_1849_1850_1851_1852_1853_1854_1855_1856_1857_1858_1859_1860_1861_1862_1863_1864_1865_1866_1867_1868_1869_1870_1871_1872_1873_1874_1875_1876_1877_1878_1879_1880_1881_1882_1883_1884_1885_1886_1887_1888_1889_1890_1891_1892_1893_1894_1895_1896_1897_1898_1899_1900_1901_1902_1903_1904_1905_1906_1907_1908_1909_1910_1911_1912_1913_1914_1915_1916_1917_1918_1919_1920_1921_1922_1923_1924_1925_1926_1927_1928_1929_1930_1931_1932_1933_1934_1935_1936_1937_1938_1939_1940_1941_1942_1943_1944_1945_1946_1947_1948_1949_1950_1951_1952_1953_1954_1955_1956_1957_1958_1959_1960_1961_1962_1963_1964_1965_1966_1967_1968_1969_1970_1971_1972_1973_1974_1975_1976_1977_1978_1979_1980_1981_1982_1983_1984_1985_1986_1987_1988_1989_1990_1991_1992_1993_1994_1995_1996_1997_1998_1999_2000_2001_2002_2003_2004_2005_2006_2007_2008_2009_2010_2011_2012_2013_2014_2015_2016_2017_2018_2019_2020_2021_2022_2023_2024_2025_2026_2027_2028_2029_2030_2031_2032_2033_2034_2035_2036_2037_2038_2039_2040_2041_2042_2043_2044_2045_2046_2047_2048_2049_2050_2051_2052_2053_2054_2055_2056_2057_2058_2059_2060_2061_2062_2063_2064_2065_2066_2067_2068_2069_2070_2071_2072_2073_2074_2075_2076_2077_2078_2079_2080_2081_2082_2083_2084_2085_2086_2087_2088_2089_2090_2091_2092_2093_2094_2095_2096_2097_2098_2099_2100_2101_2102_2103_2104_2105_2106_2107_2108_2109_2110_2111_2112_2113_2114_2115_2116_2117_2118_2119_2120_2121_2122_2123_2124_2125_2126_2127_2128_2129_2130_2131_2132_2133_2134_2135_2136_2137_2138_2139_2140_2141_2142_2143_2144_2145_2146_2147_2148_2149_2150_2151_2152_2153_2154_2155_2156_2157_2158_2159_2160_2161_2162_2163_2164_2165_2166_2167_2168_2169_2170_2171_2172_2173_2174_2175_2176_2177_2178_2179_2180_2181_2182_2183_2184_2185_2186_2187_2188_2189_2190_2191_2192_2193_2194_2195_2196_2197_2198_2199_2200_2201_2202_2203_2204_2205_2206_2207_2208_2209_2210_2211_2212_2213_2214_2215_2216_2217_2218_2219_2220_2221_2222_2223_2224_2225_2226_2227_2228_2229_2230_2231_2232_2233_2234_2235_2236_2237_2238_2239_2240_2241_2242_2243_2244_2245_2246_2247_2248_2249_2250_2251_2252_2253_2254_2255_2256_2257_2258_2259_2260_2261_2262_2263_2264_2265_2266_2267_2268_2269_2270_2271_2272_2273_2274_2275_2276_2277_2278_2279_2280_2281_2282_2283_2284_2285_2286_2287_2288_2289_2290_2291_2292_2293_2294_2295_2296_2297_2298_2299_2300_2301_2302_2303_2304_2305_2306_2307_2308_2309_2310_2311_2312_2313_2314_2315_2316_2317_2318_2319_2320_2321_2322_2323_2324_2325_2326_2327_2328_2329_2330_2331_2332_2333_2334_2335_2336_2337_2338_2339_2340_2341_2342_2343_2344_2345_2346_2347_2348_2349_2350_2351_2352_2353_2354_2355_2356_2357_2358_2359_2360_2361_2362_2363_2364_2365_2366_2367_2368_2369_2370_2371_2372_2373_2374_2375_2376_2377_2378_2379_2380_2381_2382_2383_2384_2385_2386_2387_2388_2389_2390_2391_2392_2393_2394_2395_2396_2397_2398_2399_2400_2401_2402_2403_2404_2405_2406_2407_2408_2409_2410_2411_2412_2413_2414_2415_2416_2417_2418_2419_2420_2421_2422_2423_2424_2425_2426_2427_2428_2429_2430_2431_2432_2433_2434_2435_2436_2437_2438_2439_2440_2441_2442_2443_2444_2445_2446_2447_2448_2449_2450_2451_2452_2453_2454_2455_2456_2457_2458_2459_2460_2461_2462_2463_2464_2465_2466_2467_2468_2469_2470_2471_2472_2473_2474_2475_2476_2477_2478_2479_2480_2481_2482_2483_2484_2485_2486_2487_2488_2489_2490_2491_2492_2493_2494_2495_,120:{1540;1539;1538;1537;24;1536;25;26;27;28;29;30;1634;31;1633;32;1632;33;34;35;36;37;104;1352;1351;1353;202;1350;1354;1349;1355;1356;1732;1357;1731;103;201;1358;1730;1359;1729;40;200;1360;1728;102;1361;7;199;1362;101;1363;6;198;}125:{114;113;112;1448;1447;1449;1450;111;110;109;108;107;106;203;105;}282:{2316;2315;2314;2412;2313;2411;186;185;187;184;2312;2410;183;189;182;190;2311;2409;181;191;2408;2310;2407;2309;2406;2308;2405;2307;2404;2306;2403;2305;2402;89;91;88;92;2304;2401;87;93;86;94;85;95;84;2400;83;}295:{293;292;291;290;289;288;1272;1271;1273;1270;1274;1269;1275;1268;1276;196;1267;1277;195;1266;1278;194;1265;193;192;1264;1263;1262;1261;1260;1259;1258;100;99;1257;98;97;96;1256;1255;1254;}474:{2428;2329;2427;378;377;379;376;380;2328;2426;375;381;382;2327;2425;383;2424;2326;371;2423;2325;370;2422;369;2324;2233;2421;368;2232;2323;2420;2231;367;2230;2322;2419;2229;2321;2418;282;281;283;280;284;2320;2417;279;285;278;286;277;287;276;2416;2319;275;274;2415;2318;2414;2317;2413;}542:{536;1960;1959;1958;2050;1957;535;1956;2049;1955;446;534;445;447;444;448;2048;1954;443;449;442;450;533;1953;2047;441;451;440;452;532;1952;2046;439;453;1951;531;2045;438;454;1950;530;437;455;2044;1949;436;456;2144;529;2043;1948;2143;435;457;528;1864;1863;1865;1862;1866;2042;2142;1861;1867;1947;434;458;1860;1868;1859;2141;527;2041;1858;1946;433;459;2140;1857;350;526;349;351;348;352;432;460;1856;2040;1945;347;353;2139;346;354;1855;345;355;431;461;525;344;356;1944;2039;1854;2138;343;357;1853;342;358;430;462;524;1943;2137;2038;341;359;1852;429;463;340;360;2136;1942;2242;523;1851;2037;2241;339;361;428;464;2240;2135;1850;1941;338;362;522;}546:{2239;465;2238;2237;466;363;2236;467;364;2134;2235;365;468;2234;2133;366;}554:{469;2334;2333;2332;372;2331;373;2330;374;}609:{1678;606;1677;605;1676;604;1675;603;1674;602;1673;1777;1778;1779;513;601;617;512;514;1672;1780;511;515;707;510;516;708;1781;509;517;709;600;1584;1583;1585;1671;1582;1586;1782;508;518;700;710;1581;1587;1580;1588;1783;507;519;599;699;711;1670;1579;1589;506;520;698;712;1768;1784;1578;1590;598;1669;505;521;713;1577;1591;1767;1785;597;504;696;714;1576;1592;1668;1766;1786;1575;503;695;715;596;1667;1765;1787;1574;1594;502;694;1764;1788;595;1666;1573;1595;501;693;1763;594;1572;1596;1665;500;692;1762;1571;417;593;801;416;418;802;1664;415;419;499;691;414;420;413;421;1761;1570;412;422;498;592;690;1488;1487;1489;1663;411;423;1486;1490;1485;1491;410;424;1484;1492;1760;1569;1483;1493;409;425;497;689;591;1482;1494;1662;408;426;1568;1481;1495;1759;496;688;1480;1496;407;427;590;1661;1479;1497;1567;1758;406;495;687;1478;1498;405;589;}616:{1871;1870;1869;626;627;628;}638:{724;}803:{1798;902;1799;903;904;1800;905;1801;906;1802;716;717;718;1892;1893;1882;719;1881;720;1880;1879;721;1878;722;1877;618;1876;619;723;620;1875;621;1874;622;1500;1499;1873;623;}805:{907;908;909;1803;910;1804;1894;911;1895;1805;915;1000;1808;916;1809;917;1810;1811;624;1872;625;}811:{1686;1685;1684;1683;613;612;1682;611;1774;610;1681;609;1773;608;1680;697;607;}821:{1998;1999;1013;1012;1014;1011;1015;1010;1016;2000;1009;1017;2001;1004;1003;1806;1002;1807;1001;}852:{2372;}961:{1338;1339;1340;1341;1342;1343;1153;1152;1154;1155;1156;1157;1158;}979:{972;971;1072;1528;1071;970;1070;1529;889;969;1069;1530;876;890;1068;968;1424;1423;1425;1422;1426;1606;875;891;1067;1421;1427;1531;1420;1428;967;991;874;892;1066;1419;1429;1605;1532;1418;1430;873;893;1065;966;992;1604;1712;1417;1431;1711;1710;1533;1709;872;1064;1416;1432;1708;1603;965;993;1415;1433;1534;871;1063;1414;1434;1602;1630;964;994;870;1062;1535;1413;1435;1601;1631;963;995;1171;1170;1172;869;1061;1169;1173;1168;1174;1412;1436;783;791;1167;1175;782;792;1166;1176;1600;868;962;996;1060;1411;1437;781;793;1165;1177;780;794;1164;1178;1599;1410;1438;779;795;867;1059;1163;1179;961;997;1502;778;796;1162;1180;1409;1439;1598;866;900;1058;777;1161;1181;960;998;1328;1327;1329;1326;1330;1325;1331;1501;776;1160;1324;1332;1408;1323;1333;1597;865;901;1057;1322;1334;775;999;1159;}1059:{1056;1336;1335;1337;}1104:{1189;1211;1188;1212;1187;1213;1186;1214;1724;1725;1185;1215;1726;1727;1184;1086;1183;1085;1182;1084;}1111:{919;918;921;1991;}1138:{1137;1139;1136;1140;2296;2295;2297;2294;2298;1135;1141;2293;2299;1134;1142;2292;2300;1133;1143;2291;2301;1132;1144;2392;2391;2393;2290;2302;2390;2394;2389;2395;1131;1145;2388;2396;2289;2303;2387;2397;1042;1130;1146;1234;1041;1043;1233;1235;1040;1044;1232;1236;2288;2386;2398;1039;1045;1231;1237;1038;1046;1230;1238;1129;1147;2287;2385;2399;1037;1047;1229;1239;1036;1048;1128;1148;1228;1240;2200;2384;2199;2201;2198;2202;2286;2197;2203;1035;1049;1227;1241;2196;2204;2383;1127;1149;2195;2205;2285;1034;1050;1226;1242;2194;2206;2382;1126;1150;1033;1051;1225;1243;2284;2193;2207;2381;1032;1052;1224;1244;2192;1125;1151;2283;2380;2191;1031;1053;1223;1245;1124;2488;2487;2489;2190;2282;2486;2490;2379;2485;2491;1030;1054;1222;1246;2484;2492;2189;2483;2493;1123;2281;2378;2482;2494;1029;1055;1221;1247;2188;2481;2495;946;1122;945;947;944;948;1028;1220;2280;2480;2377;943;949;2187;942;950;2479;941;951;1027;1121;1219;940;952;2376;2279;2186;2478;939;953;2477;938;954;1026;1218;1120;2104;2103;2105;2185;2375;2102;2106;2278;2101;2107;937;955;2100;2108;2476;2099;2109;1025;1217;936;956;2184;2098;2110;2374;1119;2277;2475;2097;2111;935;957;1024;1216;2096;2183;2474;2373;934;958;1118;}1222:{1210;1117;1116;1209;1115;1208;2015;2014;2013;1114;2012;2011;1207;2010;1113;2009;1206;1112;2008;2007;1111;1205;2006;1023;2005;1022;1110;1204;2095;1021;2004;1109;1020;2094;1203;2003;1019;1108;2002;2093;1018;}1262:{197;1253;1252;1251;1250;1249;0;1248;1;2;3;4;5;}1299:{1293;1292;1291;1290;1289;480;1288;481;482;483;484;1287;485;1286;1285;1284;1283;1282;1281;384;1280;385;386;387;1279;}1300:{1319;}1410:{1394;1300;1299;1393;1298;584;1392;583;585;582;586;581;587;580;588;579;1297;578;1391;577;576;1296;1390;}1427:{1321;864;1320;}1498:{685;684;683;682;681;1402;1401;1403;680;1400;1404;1399;1405;1398;1406;679;1407;678;677;774;676;773;675;772;674;771;673;770;1306;1305;1307;672;1304;1308;769;1303;1309;1302;1310;1301;1311;768;1312;1313;1314;1315;1316;1295;1317;1294;1318;}1501:{686;1397;1396;1395;1389;}1547:{1446;1445;1444;23;22;1443;21;20;1442;19;18;1441;17;16;1440;15;14;13;12;11;1348;10;1347;1346;9;1345;8;1344;}1568:{1566;1565;404;1564;403;1563;402;1562;401;1561;312;400;1472;1560;311;313;1471;1473;310;314;1470;1474;309;315;1469;1475;308;316;1468;1476;399;1559;307;317;1467;1477;306;398;1466;1558;305;1465;397;1557;304;1464;396;1556;303;1463;302;322;494;1462;395;1555;301;323;493;1461;394;1554;300;324;492;1460;393;1553;299;325;491;1459;216;392;1376;1552;215;217;1375;1377;214;218;298;326;490;1374;1378;1458;213;219;1373;1379;1757;212;220;1372;1380;1756;211;1371;1381;1755;297;327;391;489;1457;1551;210;1370;1382;1754;209;1369;1383;1753;208;224;296;328;488;1368;1384;1456;1648;1752;390;1550;207;225;1367;1385;1751;295;329;487;1455;206;226;1366;1386;1750;389;1549;205;227;1365;1387;1749;294;330;486;1454;204;228;388;1364;1388;1548;1748;}1655:{229;1747;230;1746;231;1745;232;1744;331;1743;233;332;1742;234;1741;235;1740;236;1547;1739;126;130;1546;1738;125;131;124;132;238;123;133;1545;1737;122;134;121;135;120;136;1544;1736;119;137;1543;1735;118;138;117;139;1542;1734;1453;1636;116;1452;1836;1541;1733;115;141;1451;1635;1835;}1707:{990;1713;988;1714;987;986;1611;1715;1610;1612;1609;1613;888;1608;1614;985;1607;1615;1716;984;1616;887;1617;1717;983;886;1618;1718;982;1619;885;1719;1620;981;884;1621;980;1088;1720;1087;1089;1090;883;1091;1092;1622;1814;979;1083;1093;1721;882;1082;1094;1623;1815;1081;1095;790;978;1722;1080;1096;1624;1816;881;789;977;1079;1097;1515;1723;1514;1516;1513;1517;1625;1817;788;880;1512;1518;1078;1098;1511;1519;976;1510;1520;1626;1818;787;1077;1099;1509;1521;879;1508;1522;1076;1100;975;786;1507;1523;1627;1819;878;1506;1524;1075;785;974;1628;1820;1505;1525;1074;877;784;1504;1526;973;1593;1629;1821;1073;1503;1527;}1739:{41;42;43;44;45;}1841:{1649;1650;1647;1651;1646;1652;1645;1653;321;1644;1654;223;1643;1655;320;1642;1656;129;1641;1657;222;128;1640;1658;319;1639;1659;221;39;127;318;1638;1660;38;1637;}1883:{616;1776;615;706;1775;614;705;1691;1690;1692;1689;1693;704;1688;1694;1687;1695;800;1696;1772;1697;703;1698;799;1771;702;798;1770;701;797;1769;1679;}1899:{1995;1994;1996;1993;920;1992;}1903:{1891;1797;1989;1890;1796;1988;1889;1795;1987;899;925;816;1888;815;817;814;818;1794;1986;813;819;812;820;898;926;811;821;1887;1793;810;822;1707;2091;809;897;927;1706;2090;808;1792;1886;1705;2089;896;928;1704;2088;807;1703;1791;1885;806;1702;895;929;805;1790;1701;1884;989;804;894;1700;1789;803;1699;1883;}1919:{1199;1198;1197;1196;1195;1194;1193;1107;1823;1192;1822;1191;1190;1813;1812;1997;}2024:{47;46;140;}2027:{2020;2019;2018;1926;1925;2017;1924;2116;64;2016;63;65;62;66;1923;2115;61;67;149;60;68;1922;2114;59;69;148;58;70;1921;2113;57;71;147;56;72;1920;2112;55;73;146;54;74;145;53;75;1834;1833;52;76;144;1832;1831;1830;51;77;1829;143;1828;50;1827;142;1826;49;1825;48;1824;}2028:{237;}2041:{2036;2035;2034;2033;256;2032;255;257;254;258;1940;2132;253;259;252;260;1939;2031;2131;251;261;1938;2130;250;262;2030;1937;2129;249;263;2029;248;264;1936;2128;247;265;1935;2127;2028;246;266;1934;2126;2027;245;267;1933;2125;244;268;2026;337;1932;2124;243;269;1849;2025;336;1848;1847;1931;2123;1846;1845;242;270;1844;2228;160;1930;2024;2122;159;161;335;1843;2227;158;162;157;163;156;164;1842;2226;241;271;155;165;1841;1929;2121;2225;2023;154;166;334;240;272;1840;2224;153;167;152;168;1928;2120;1839;2223;2022;333;151;169;239;273;1838;2222;1927;2119;150;170;1837;2021;2221;}2100:{1106;1105;1908;1907;1909;1906;1910;1905;1911;1008;1104;1904;1912;1903;1913;1902;1914;1007;1103;1901;1915;1900;1916;1899;1917;914;1006;1102;1202;1898;1918;913;1201;1005;1101;1897;1919;912;1200;1896;}2120:{90;188;}2121:{2118;171;2117;172;173;174;175;2217;176;2216;2218;2215;2219;2214;2220;2213;177;2212;2211;178;2210;78;179;2209;79;80;2208;}2165:{2164;2163;2162;2161;648;2160;647;649;646;650;645;651;2159;644;652;2158;643;653;642;654;2069;2157;2173;2261;2068;2070;2262;2067;2259;2066;2258;641;655;2065;2257;2156;2174;640;656;2064;2256;2063;2155;2175;2255;639;657;2062;2254;840;2154;2176;839;841;638;658;838;842;2061;2077;2253;733;755;837;843;836;844;2153;2177;2060;2078;2252;637;659;835;845;732;756;834;846;2059;2079;2251;552;636;660;2152;2178;551;553;833;847;550;554;549;555;731;757;548;556;832;848;2058;2080;2250;2272;547;557;635;661;2151;2179;831;849;546;558;730;758;2057;2081;2249;2273;545;559;634;662;2150;2180;544;560;2056;2082;2248;2274;729;759;543;561;633;663;1973;2149;2181;2357;1972;1974;2356;1971;1975;2055;2247;2275;2355;2359;728;760;1970;1976;2354;2360;542;562;1969;1977;2353;2361;632;664;1968;1978;2352;2362;2054;2148;2182;2246;2276;541;563;1967;1979;2351;2363;727;761;1966;1980;2350;2364;540;564;631;665;1965;2053;2245;2349;2147;726;762;1964;2348;539;565;630;666;2052;2244;1963;2347;2146;538;566;725;933;856;932;1962;2346;2368;629;667;931;2051;2243;537;567;1961;2145;2345;2369;}2167:{829;2083;828;2084;827;2085;826;2086;825;2087;930;1985;}2170:{923;2092;922;1990;}2185:{2271;2172;850;2270;2171;851;2269;852;2170;2076;2268;853;2169;2075;2267;854;744;2074;2168;2266;743;745;742;746;741;747;740;748;855;739;749;2073;2265;2167;738;750;824;1984;737;751;736;752;2072;2264;1983;2367;2166;735;753;823;1982;2366;2071;2263;734;754;1981;2165;2365;}2280:{763;830;2358;764;924;2260;}2321:{180;82;81;}2377:{1138;}2380:{2459;2458;}2449:{2441;2440;575;574;573;572;2439;571;570;2438;569;2437;568;2344;2343;2436;2342;2435;2341;2434;2340;2433;2339;857;2338;2432;479;478;477;476;475;2337;2431;474;473;472;2336;2370;2430;471;2335;2371;470;2429;}2462:{2461;2460;2457;2456;767;766;765;2455;2454;2453;2452;2451;2450;2449;2448;671;670;669;668;2447;2446;2445;2444;2443;2442;}2482:{2473;2472;959;2471;2470;2469;2468;2467;2466;2465;2464;863;862;861;860;859;858;2463;2462;},649_650_651_652_653_654_655_656_657_658_659_660_661_662_663_664_665_666_667_729_730_731_817_818_819_909_910_1002_1003_1097_1098_1099_1194_1195_1890_1891_1892_1977_1978_2068_2069_2161_2162_2256_2257_2352_2353_2450_2451_,1138-1137*0_1138-1139*0_1138-1136*0_1138-1140*0_1138-2296*0_1138-2295*0_1138-2297*0_1138-2294*0_1138-2298*0_1138-1135*0_1138-1141*0_1138-2293*0_1138-2299*0_1138-1134*0_1138-1142*0_1138-2292*0_1138-2300*0_1138-1133*0_1138-1143*0_1138-2291*0_1138-2301*0_1138-1132*0_1138-1144*0_1138-2392*0_1138-2391*0_1138-2393*0_1138-2290*0_1138-2302*0_1138-2390*0_1138-2394*0_1138-2389*0_1138-2395*0_1138-1131*0_1138-1145*0_1138-2388*0_1138-2396*0_1138-2289*0_1138-2303*0_1138-2387*0_1138-2397*0_1138-1042*0_1138-1130*0_1138-1146*0_1138-1234*0_1138-1041*0_1138-1043*0_1138-1233*0_1138-1235*0_1138-1040*0_1138-1044*0_1138-1232*0_1138-1236*0_1138-2288*0_1138-2386*0_1138-2398*0_1138-1039*0_1138-1045*0_1138-1231*0_1138-1237*0_1138-1038*0_1138-1046*0_1138-1230*0_1138-1238*0_1138-1129*0_1138-1147*0_1138-2287*0_1138-2385*0_1138-2399*0_1138-1037*0_1138-1047*0_1138-1229*0_1138-1239*0_1138-1036*0_1138-1048*0_1138-1128*0_1138-1148*0_1138-1228*0_1138-1240*0_1138-2200*0_1138-2384*0_1138-2199*0_1138-2201*0_1138-2198*0_1138-2202*0_1138-2286*0_1138-2197*0_1138-2203*0_1138-1035*0_1138-1049*0_1138-1227*0_1138-1241*0_1138-2196*0_1138-2204*0_1138-2383*0_1138-1127*0_1138-1149*0_1138-2195*0_1138-2205*0_1138-2285*0_1138-1034*0_1138-1050*0_1138-1226*0_1138-1242*0_1138-2194*0_1138-2206*0_1138-2382*0_1138-1126*0_1138-1150*0_1138-1033*0_1138-1051*0_1138-1225*0_1138-1243*0_1138-2284*0_1138-2193*0_1138-2207*0_1138-2381*0_1138-1032*0_1138-1052*0_1138-1224*0_1138-1244*0_1138-2192*0_1138-1125*0_1138-1151*0_1138-2283*0_1138-2380*0_1138-2191*0_1138-1031*0_1138-1053*0_1138-1223*0_1138-1245*0_1138-1124*0_1138-2488*0_1138-2487*0_1138-2489*0_1138-2190*0_1138-2282*0_1138-2486*0_1138-2490*0_1138-2379*0_1138-2485*0_1138-2491*0_1138-1030*0_1138-1054*0_1138-1222*0_1138-1246*0_1138-2484*0_1138-2492*0_1138-2189*0_1138-2483*0_1138-2493*0_1138-1123*0_1138-2281*0_1138-2378*0_1138-2482*0_1138-2494*0_1138-1029*0_1138-1055*0_1138-1221*0_1138-1247*0_1138-2188*0_1138-2481*0_1138-2495*0_1138-946*0_1138-1122*0_1138-945*0_1138-947*0_1138-944*0_1138-948*0_1138-1028*0_1138-1220*0_1138-2280*0_1138-2480*0_1138-2377*0_1138-943*0_1138-949*0_1138-2187*0_1138-942*0_1138-950*0_1138-2479*0_1138-941*0_1138-951*0_1138-1027*0_1138-1121*0_1138-1219*0_1138-940*0_1138-952*0_1138-2376*0_1138-2279*0_1138-2186*0_1138-2478*0_1138-939*0_1138-953*0_1138-2477*0_1138-938*0_1138-954*0_1138-1026*0_1138-1218*0_1138-1120*0_1138-2104*0_1138-2103*0_1138-2105*0_1138-2185*0_1138-2375*0_1138-2102*0_1138-2106*0_1138-2278*0_1138-2101*0_1138-2107*0_1138-937*0_1138-955*0_1138-2100*0_1138-2108*0_1138-2476*0_1138-2099*0_1138-2109*0_1138-1025*0_1138-1217*0_1138-936*0_1138-956*0_1138-2184*0_1138-2098*0_1138-2110*0_1138-2374*0_1138-1119*0_1138-2277*0_1138-2475*0_1138-2097*0_1138-2111*0_1138-935*0_1138-957*0_1138-1024*0_1138-1216*0_1138-2096*0_1138-2183*0_1138-2474*0_1138-2373*0_1138-934*0_1138-958*0_1138-1118*0_2482-2473*1_2482-2472*1_2482-959*1_2482-2471*1_2482-2470*1_2482-2469*1_2482-2468*1_2482-2467*1_2185-2271*1_2185-2172*1_2482-2466*1_2185-850*1_2185-2270*1_2185-2171*1_2482-2465*1_2185-851*1_2185-2269*1_2100-1106*1_2185-852*1_2185-2170*1_2482-2464*1_2482-863*1_2185-2076*1_2185-2268*1_2482-862*1_2482-861*1_2482-860*1_2185-853*1_2482-859*1_2100-1105*1_2185-2169*1_2185-2075*1_2185-2267*1_2482-858*1_2482-2463*1_2100-1908*1_2100-1907*1_2100-1909*1_2100-1906*1_2100-1910*1_2185-854*1_2100-1905*1_2100-1911*1_2100-1008*1_2100-1104*1_2100-1904*1_2100-1912*1_2185-744*1_2185-2074*1_2185-2168*1_2185-2266*1_2185-743*1_2185-745*1_2185-742*1_2185-746*1_2100-1903*1_2100-1913*1_2482-2462*1_2185-741*1_2185-747*1_2185-740*1_2185-748*1_2185-855*1_2100-1902*1_2100-1914*1_2185-739*1_2185-749*1_2100-1007*1_2100-1103*1_2100-1901*1_2100-1915*1_2185-2073*1_2185-2265*1_2185-2167*1_2185-738*1_2185-750*1_2100-1900*1_2100-1916*1_2185-824*1_2185-1984*1_2185-737*1_2185-751*1_2100-1899*1_2100-1917*1_2185-736*1_2185-752*1_2185-2072*1_2185-2264*1_2100-914*1_2100-1006*1_2100-1102*1_2100-1202*1_2185-1983*1_2185-2367*1_2185-2166*1_2185-735*1_2185-753*1_2185-823*1_2100-1898*1_2100-1918*1_2185-1982*1_2185-2366*1_2100-913*1_2100-1201*1_2185-2071*1_2185-2263*1_2185-734*1_2185-754*1_2100-1005*1_2100-1101*1_2100-1897*1_2100-1919*1_2185-1981*1_2185-2165*1_2185-2365*1_2100-912*1_2100-1200*1_2100-1896*1_2380-2459*1_2380-2458*1_2280-763*1_2280-830*1_2280-2358*1_2280-764*1_2280-924*1_2280-2260*1_2165-2164*2_2165-2163*2_2165-2162*2_2165-2161*2_2165-648*2_2165-2160*2_2165-647*2_2165-649*2_2165-646*2_2165-650*2_2165-645*2_2165-651*2_2165-2159*2_2165-644*2_2165-652*2_2165-2158*2_2165-643*2_2165-653*2_2165-642*2_2165-654*2_2165-2069*2_2165-2157*2_2165-2173*2_2165-2261*2_2165-2068*2_2165-2070*2_2165-2262*2_2165-2067*2_2165-2259*2_2165-2066*2_2165-2258*2_2165-641*2_2165-655*2_2165-2065*2_2165-2257*2_2165-2156*2_2165-2174*2_1903-1891*2_2165-640*2_2165-656*2_2165-2064*2_2165-2256*2_1903-1797*2_1903-1989*2_2165-2063*2_2165-2155*2_2165-2175*2_2165-2255*2_1903-1890*2_2165-639*2_2165-657*2_1104-1189*2_1104-1211*2_2165-2062*2_2165-2254*2_1903-1796*2_1903-1988*2_2165-840*2_2165-2154*2_2165-2176*2_2165-839*2_2165-841*2_1903-1889*2_2165-638*2_2165-658*2_2165-838*2_2165-842*2_2165-2061*2_2165-2077*2_2165-2253*2_1104-1188*2_1104-1212*2_2165-733*2_2165-755*2_2165-837*2_2165-843*2_1903-1795*2_1903-1987*2_2165-836*2_2165-844*2_1903-899*2_1903-925*2_2165-2153*2_2165-2177*2_2165-2060*2_2165-2078*2_2165-2252*2_2165-637*2_2165-659*2_2165-835*2_2165-845*2_1104-1187*2_1104-1213*2_1903-816*2_1903-1888*2_1903-815*2_1903-817*2_1903-814*2_1903-818*2_2165-732*2_2165-756*2_1903-1794*2_1903-1986*2_1903-813*2_1903-819*2_2165-834*2_2165-846*2_1903-812*2_1903-820*2_2165-2059*2_2165-2079*2_2165-2251*2_1903-898*2_1903-926*2_1903-811*2_1903-821*2_2165-552*2_2165-636*2_2165-660*2_2165-2152*2_2165-2178*2_1104-1186*2_1104-1214*2_2165-551*2_2165-553*2_2165-833*2_2165-847*2_2165-550*2_2165-554*2_1903-1887*2_1903-1793*2_1903-810*2_1903-822*2_2165-549*2_2165-555*2_2165-731*2_2165-757*2_1104-1724*2_2165-548*2_2165-556*2_2165-832*2_2165-848*2_2165-2058*2_2165-2080*2_2165-2250*2_2165-2272*2_1104-1725*2_1903-1707*2_1903-2091*2_1903-809*2_1903-897*2_1903-927*2_1104-1185*2_1104-1215*2_1903-1706*2_1903-2090*2_2165-547*2_2165-557*2_2165-635*2_2165-661*2_1104-1726*2_2165-2151*2_2165-2179*2_1903-808*2_1903-1792*2_1903-1886*2_2165-831*2_2165-849*2_1903-1705*2_1903-2089*2_2165-546*2_2165-558*2_2165-730*2_2165-758*2_1104-1727*2_2165-2057*2_2165-2081*2_2165-2249*2_2165-2273*2_1903-896*2_1903-928*2_1903-1704*2_1903-2088*2_1903-807*2_2165-545*2_2165-559*2_1104-1184*2_2165-634*2_2165-662*2_1104-1086*2_2165-2150*2_2165-2180*2_1903-1703*2_1903-1791*2_1903-1885*2_1903-806*2_2165-544*2_2165-560*2_2165-2056*2_2165-2082*2_2165-2248*2_2165-2274*2_2165-729*2_2165-759*2_1903-1702*2_1903-895*2_1903-929*2_1104-1183*2_1903-805*2_2165-543*2_2165-561*2_2165-633*2_2165-663*2_1104-1085*2_1903-1790*2_2165-1973*2_2165-2149*2_2165-2181*2_2165-2357*2_2165-1972*2_2165-1974*2_2165-2356*2_1903-1701*2_2165-1971*2_2165-1975*2_2165-2055*2_2165-2247*2_2165-2275*2_2165-2355*2_2165-2359*2_1903-1884*2_1903-989*2_2165-728*2_2165-760*2_2165-1970*2_2165-1976*2_2165-2354*2_2165-2360*2_1903-804*2_2165-542*2_2165-562*2_1903-894*2_2165-1969*2_2165-1977*2_2165-2353*2_2165-2361*2_1903-1700*2_1104-1182*2_2165-632*2_2165-664*2_2165-1968*2_2165-1978*2_2165-2352*2_2165-2362*2_1903-1789*2_1104-1084*2_2165-2054*2_2165-2148*2_2165-2182*2_2165-2246*2_2165-2276*2_1903-803*2_2165-541*2_2165-563*2_2165-1967*2_2165-1979*2_2165-2351*2_2165-2363*2_1903-1699*2_1903-1883*2_2165-727*2_2165-761*2_2165-1966*2_2165-1980*2_2165-2350*2_2165-2364*2_2165-540*2_2165-564*2_2165-631*2_2165-665*2_2165-1965*2_2165-2053*2_2165-2245*2_2165-2349*2_2165-2147*2_2165-726*2_2165-762*2_2165-1964*2_2165-2348*2_2165-539*2_2165-565*2_2165-630*2_2165-666*2_2165-2052*2_2165-2244*2_2165-1963*2_2165-2347*2_2165-2146*2_2165-538*2_2165-566*2_2165-725*2_2165-933*2_2165-856*2_2165-932*2_2165-1962*2_2165-2346*2_2165-2368*2_2165-629*2_2165-667*2_2165-931*2_2165-2051*2_2165-2243*2_2165-537*2_2165-567*2_2165-1961*2_2165-2145*2_2165-2345*2_2165-2369*2_2167-829*2_2167-2083*2_2167-828*2_2167-2084*2_2167-827*2_2167-2085*2_2167-826*2_2167-2086*2_2167-825*2_2167-2087*2_2167-930*2_2167-1985*2_2462-2461*2_2462-2460*2_2462-2457*2_2462-2456*2_2462-767*2_2462-766*2_2462-765*2_2462-2455*2_2462-2454*2_2462-2453*2_2462-2452*2_2462-2451*2_2462-2450*2_2462-2449*2_2462-2448*2_2462-671*2_2462-670*2_2462-669*2_2462-668*2_2462-2447*2_2462-2446*2_2462-2445*2_2462-2444*2_2462-2443*2_2462-2442*2_1222-1210*1_1222-1117*1_1222-1116*1_1222-1209*1_1222-1115*1_1222-1208*1_1222-2015*1_1222-2014*1_1222-2013*1_1222-1114*1_1222-2012*1_1222-2011*1_1222-1207*1_1222-2010*1_1222-1113*1_1222-2009*1_1222-1206*1_1222-1112*1_1222-2008*1_1222-2007*1_1222-1111*1_1222-1205*1_1222-2006*1_1222-1023*1_1222-2005*1_1222-1022*1_1222-1110*1_1222-1204*1_1222-2095*1_1222-1021*1_1222-2004*1_1222-1109*1_1222-1020*1_1222-2094*1_1222-1203*1_1222-2003*1_1222-1019*1_1222-1108*1_1222-2002*1_1222-2093*1_1222-1018*1_2170-923*2_2170-2092*2_2170-922*2_2170-1990*2_2377-1138*1_1707-990*3_1707-1713*3_1707-988*3_1707-1714*3_1707-987*3_1707-986*3_1707-1611*3_1707-1715*3_1707-1610*3_1707-1612*3_1707-1609*3_1707-1613*3_1707-888*3_1707-1608*3_1707-1614*3_1707-985*3_542-536*3_542-1960*3_542-1959*3_1707-1607*3_1707-1615*3_1707-1716*3_542-1958*3_542-2050*3_1707-984*3_1707-1616*3_542-1957*3_1707-887*3_542-535*3_542-1956*3_1707-1617*3_1707-1717*3_542-2049*3_1707-983*3_1707-886*3_542-1955*3_1707-1618*3_542-446*3_542-534*3_542-445*3_542-447*3_542-444*3_542-448*3_542-2048*3_1707-1718*3_1707-982*3_542-1954*3_542-443*3_542-449*3_1707-1619*3_1707-885*3_542-442*3_542-450*3_542-533*3_542-1953*3_542-2047*3_1707-1719*3_1707-1620*3_1707-981*3_542-441*3_542-451*3_1707-884*3_542-440*3_542-452*3_542-532*3_542-1952*3_1707-1621*3_542-2046*3_1707-980*3_1707-1088*3_1707-1720*3_1707-1087*3_1707-1089*3_1707-1090*3_1707-883*3_1707-1091*3_542-439*3_542-453*3_542-1951*3_1707-1092*3_1707-1622*3_1707-1814*3_542-531*3_542-2045*3_1707-979*3_1707-1083*3_1707-1093*3_1707-1721*3_542-438*3_542-454*3_811-1686*3_1707-882*3_1707-1082*3_1707-1094*3_542-1950*3_1707-1623*3_1707-1815*3_542-530*3_1707-1081*3_1707-1095*3_542-437*3_542-455*3_1707-790*3_1707-978*3_811-1685*3_542-2044*3_1707-1722*3_1707-1080*3_1707-1096*3_1707-1624*3_1707-1816*3_542-1949*3_1707-881*3_542-436*3_542-456*3_542-2144*3_1707-789*3_811-1684*3_542-529*3_1707-977*3_1707-1079*3_1707-1097*3_542-2043*3_1707-1515*3_1707-1723*3_1707-1514*3_1707-1516*3_1707-1513*3_1707-1517*3_1707-1625*3_1707-1817*3_542-1948*3_542-2143*3_1707-788*3_1707-880*3_1707-1512*3_1707-1518*3_542-435*3_542-457*3_811-1683*3_811-613*3_1707-1078*3_1707-1098*3_1707-1511*3_1707-1519*3_542-528*3_542-1864*3_1707-976*3_1707-1510*3_1707-1520*3_542-1863*3_542-1865*3_811-612*3_542-1862*3_542-1866*3_542-2042*3_542-2142*3_1707-1626*3_1707-1818*3_1707-787*3_1707-1077*3_1707-1099*3_542-1861*3_542-1867*3_542-1947*3_1707-1509*3_1707-1521*3_811-1682*3_542-434*3_542-458*3_811-611*3_1707-879*3_542-1860*3_542-1868*3_1707-1508*3_1707-1522*3_811-1774*3_542-1859*3_542-2141*3_811-610*3_1707-1076*3_1707-1100*3_1707-975*3_542-527*3_1707-786*3_542-2041*3_1707-1507*3_1707-1523*3_1707-1627*3_1707-1819*3_811-1681*3_542-1858*3_542-1946*3_542-433*3_542-459*3_811-609*3_1707-878*3_1707-1506*3_1707-1524*3_542-2140*3_1707-1075*3_542-1857*3_811-1773*3_1707-785*3_1707-974*3_811-608*3_811-1680*3_542-350*3_542-526*3_542-349*3_542-351*3_1707-1628*3_1707-1820*3_542-348*3_542-352*3_542-432*3_542-460*3_542-1856*3_542-2040*3_1707-1505*3_1707-1525*3_542-1945*3_811-697*3_542-347*3_542-353*3_1707-1074*3_542-2139*3_542-346*3_542-354*3_1707-877*3_811-607*3_542-1855*3_1707-784*3_1707-1504*3_1707-1526*3_542-345*3_542-355*3_1707-973*3_1707-1593*3_1707-1629*3_1707-1821*3_542-431*3_542-461*3_542-525*3_542-344*3_542-356*3_542-1944*3_1707-1073*3_542-2039*3_542-1854*3_542-2138*3_1707-1503*3_1707-1527*3_542-343*3_542-357*3_542-1853*3_542-342*3_542-358*3_542-430*3_542-462*3_542-524*3_542-1943*3_542-2137*3_542-2038*3_542-341*3_542-359*3_542-1852*3_542-429*3_542-463*3_542-340*3_542-360*3_542-2136*3_542-1942*3_542-2242*3_542-523*3_542-1851*3_542-2037*3_542-2241*3_542-339*3_542-361*3_542-428*3_542-464*3_542-2240*3_542-2135*3_542-1850*3_542-1941*3_542-338*3_542-362*3_542-522*3_2449-2441*3_2449-2440*3_2449-575*3_2449-574*3_2449-573*3_2449-572*3_2449-2439*3_2449-571*3_2449-570*3_2449-2438*3_2449-569*3_2449-2437*3_2449-568*3_2449-2344*3_2449-2343*3_2449-2436*3_2449-2342*3_2449-2435*3_2449-2341*3_2449-2434*3_2449-2340*3_2449-2433*3_2449-2339*3_2449-857*3_2449-2338*3_2449-2432*3_2449-479*3_2449-478*3_2449-477*3_2449-476*3_2449-475*3_2449-2337*3_2449-2431*3_2449-474*3_2449-473*3_2449-472*3_2449-2336*3_2449-2370*3_2449-2430*3_2449-471*3_2449-2335*3_2449-2371*3_2449-470*3_2449-2429*3_546-2239*3_546-465*3_546-2238*3_546-2237*3_546-466*3_546-363*3_546-2236*3_546-467*3_546-364*3_546-2134*3_546-2235*3_546-365*3_546-468*3_546-2234*3_546-2133*3_546-366*3_821-1998*3_821-1999*3_821-1013*3_821-1012*3_821-1014*3_821-1011*3_821-1015*3_821-1010*3_821-1016*3_821-2000*3_821-1009*3_821-1017*3_821-2001*3_1883-616*3_1883-1776*3_821-1004*3_1883-615*3_1883-706*3_1883-1775*3_821-1003*3_1883-614*3_821-1806*3_821-1002*3_1883-705*3_821-1807*3_821-1001*3_1883-1691*3_1883-1690*3_1883-1692*3_1883-1689*3_1883-1693*3_1883-704*3_1883-1688*3_1883-1694*3_1883-1687*3_1883-1695*3_1883-800*3_1883-1696*3_1883-1772*3_1883-1697*3_1883-703*3_1883-1698*3_1883-799*3_1883-1771*3_1883-702*3_1883-798*3_1883-1770*3_1883-701*3_1883-797*3_1883-1769*3_1883-1679*3_852-2372*2_979-972*4_979-971*4_979-1072*4_979-1528*4_2041-2036*4_979-1071*4_979-970*4_979-1070*4_979-1529*4_2041-2035*4_979-889*4_979-969*4_979-1069*4_979-1530*4_979-876*4_979-890*4_979-1068*4_2041-2034*4_979-968*4_979-1424*4_979-1423*4_979-1425*4_979-1422*4_979-1426*4_979-1606*4_979-875*4_979-891*4_979-1067*4_979-1421*4_979-1427*4_979-1531*4_979-1420*4_979-1428*4_2041-2033*4_979-967*4_979-991*4_979-874*4_979-892*4_979-1066*4_979-1419*4_979-1429*4_979-1605*4_979-1532*4_979-1418*4_979-1430*4_979-873*4_979-893*4_979-1065*4_2041-256*4_2041-2032*4_2041-255*4_2041-257*4_979-966*4_979-992*4_979-1604*4_979-1712*4_979-1417*4_979-1431*4_979-1711*4_979-1710*4_2041-254*4_2041-258*4_979-1533*4_979-1709*4_2041-1940*4_2041-2132*4_2041-253*4_2041-259*4_979-872*4_979-1064*4_979-1416*4_979-1432*4_979-1708*4_2041-252*4_2041-260*4_979-1603*4_2041-1939*4_2041-2031*4_2041-2131*4_979-965*4_979-993*4_979-1415*4_979-1433*4_2041-251*4_2041-261*4_979-1534*4_979-871*4_979-1063*4_2041-1938*4_2041-2130*4_2041-250*4_2041-262*4_979-1414*4_979-1434*4_979-1602*4_979-1630*4_2041-2030*4_979-964*4_979-994*4_2041-1937*4_2041-2129*4_979-870*4_979-1062*4_979-1535*4_2041-249*4_2041-263*4_979-1413*4_979-1435*4_979-1601*4_979-1631*4_2041-2029*4_2041-248*4_2041-264*4_2041-1936*4_2041-2128*4_979-963*4_979-995*4_979-1171*4_979-1170*4_979-1172*4_979-869*4_979-1061*4_979-1169*4_979-1173*4_979-1168*4_979-1174*4_979-1412*4_979-1436*4_979-783*4_979-791*4_979-1167*4_979-1175*4_2041-247*4_2041-265*4_2041-1935*4_2041-2127*4_979-782*4_979-792*4_979-1166*4_979-1176*4_979-1600*4_2041-2028*4_979-868*4_979-962*4_979-996*4_979-1060*4_979-1411*4_979-1437*4_979-781*4_979-793*4_979-1165*4_979-1177*4_2041-246*4_2041-266*4_979-780*4_979-794*4_979-1164*4_979-1178*4_2041-1934*4_2041-2126*4_979-1599*4_979-1410*4_979-1438*4_979-779*4_979-795*4_979-867*4_979-1059*4_979-1163*4_979-1179*4_2041-2027*4_979-961*4_979-997*4_2041-245*4_2041-267*4_979-1502*4_979-778*4_979-796*4_979-1162*4_979-1180*4_2041-1933*4_2041-2125*4_979-1409*4_979-1439*4_979-1598*4_979-866*4_979-900*4_979-1058*4_979-777*4_979-1161*4_979-1181*4_2041-244*4_2041-268*4_2041-2026*4_2041-337*4_979-960*4_979-998*4_979-1328*4_979-1327*4_979-1329*4_979-1326*4_979-1330*4_2041-1932*4_2041-2124*4_979-1325*4_979-1331*4_979-1501*4_979-776*4_979-1160*4_979-1324*4_979-1332*4_979-1408*4_979-1323*4_979-1333*4_979-1597*4_979-865*4_979-901*4_979-1057*4_2041-243*4_2041-269*4_979-1322*4_979-1334*4_2041-1849*4_2041-2025*4_2041-336*4_2041-1848*4_979-775*4_979-999*4_979-1159*4_2041-1847*4_2041-1931*4_2041-2123*4_2041-1846*4_2041-1845*4_2041-242*4_2041-270*4_2041-1844*4_2041-2228*4_2041-160*4_2041-1930*4_2041-2024*4_2041-2122*4_2041-159*4_2041-161*4_2041-335*4_2041-1843*4_2041-2227*4_2041-158*4_2041-162*4_2041-157*4_2041-163*4_2041-156*4_2041-164*4_2041-1842*4_2041-2226*4_2041-241*4_2041-271*4_2041-155*4_2041-165*4_2041-1841*4_2041-1929*4_2041-2121*4_2041-2225*4_2041-2023*4_2041-154*4_2041-166*4_2041-334*4_2041-240*4_2041-272*4_2041-1840*4_2041-2224*4_2041-153*4_2041-167*4_2041-152*4_2041-168*4_2041-1928*4_2041-2120*4_2041-1839*4_2041-2223*4_2041-2022*4_2041-333*4_2041-151*4_2041-169*4_2041-239*4_2041-273*4_2041-1838*4_2041-2222*4_2041-1927*4_2041-2119*4_2041-150*4_2041-170*4_2041-1837*4_2041-2021*4_2041-2221*4_554-469*3_554-2334*3_554-2333*3_554-2332*3_554-372*3_554-2331*3_554-373*3_554-2330*3_554-374*3_609-1678*4_609-606*4_609-1677*4_609-605*4_609-1676*4_609-604*4_609-1675*4_609-603*4_609-1674*4_609-602*4_609-1673*4_609-1777*4_609-1778*4_609-1779*4_609-513*4_609-601*4_609-617*4_609-512*4_609-514*4_609-1672*4_609-1780*4_609-511*4_609-515*4_609-707*4_609-510*4_609-516*4_609-708*4_609-1781*4_609-509*4_609-517*4_609-709*4_609-600*4_609-1584*4_609-1583*4_609-1585*4_609-1671*4_609-1582*4_609-1586*4_609-1782*4_609-508*4_609-518*4_609-700*4_609-710*4_609-1581*4_609-1587*4_609-1580*4_609-1588*4_609-1783*4_609-507*4_609-519*4_609-599*4_609-699*4_609-711*4_609-1670*4_609-1579*4_609-1589*4_609-506*4_609-520*4_609-698*4_609-712*4_609-1768*4_609-1784*4_609-1578*4_609-1590*4_609-598*4_609-1669*4_609-505*4_609-521*4_609-713*4_609-1577*4_609-1591*4_609-1767*4_609-1785*4_609-597*4_609-504*4_609-696*4_609-714*4_609-1576*4_609-1592*4_609-1668*4_609-1766*4_609-1786*4_609-1575*4_609-503*4_609-695*4_609-715*4_609-596*4_609-1667*4_609-1765*4_609-1787*4_609-1574*4_609-1594*4_609-502*4_609-694*4_609-1764*4_609-1788*4_609-595*4_609-1666*4_609-1573*4_609-1595*4_609-501*4_609-693*4_609-1763*4_609-594*4_609-1572*4_609-1596*4_609-1665*4_609-500*4_609-692*4_609-1762*4_609-1571*4_609-417*4_609-593*4_609-801*4_609-416*4_609-418*4_609-802*4_609-1664*4_609-415*4_609-419*4_609-499*4_609-691*4_609-414*4_609-420*4_609-413*4_609-421*4_609-1761*4_609-1570*4_609-412*4_609-422*4_609-498*4_609-592*4_609-690*4_609-1488*4_609-1487*4_609-1489*4_609-1663*4_609-411*4_609-423*4_609-1486*4_609-1490*4_609-1485*4_609-1491*4_609-410*4_609-424*4_609-1484*4_609-1492*4_609-1760*4_609-1569*4_609-1483*4_609-1493*4_609-409*4_609-425*4_609-497*4_609-689*4_609-591*4_609-1482*4_609-1494*4_609-1662*4_609-408*4_609-426*4_609-1568*4_609-1481*4_609-1495*4_609-1759*4_609-496*4_609-688*4_609-1480*4_609-1496*4_609-407*4_609-427*4_609-590*4_609-1661*4_609-1479*4_609-1497*4_609-1567*4_609-1758*4_609-406*4_609-495*4_609-687*4_609-1478*4_609-1498*4_609-405*4_609-589*4_638-724*3_474-2428*4_474-2329*4_474-2427*4_474-378*4_474-377*4_474-379*4_474-376*4_474-380*4_474-2328*4_474-2426*4_474-375*4_474-381*4_474-382*4_474-2327*4_474-2425*4_474-383*4_474-2424*4_474-2326*4_474-371*4_474-2423*4_474-2325*4_474-370*4_474-2422*4_474-369*4_474-2324*4_474-2233*4_474-2421*4_474-368*4_474-2232*4_474-2323*4_474-2420*4_474-2231*4_474-367*4_474-2230*4_474-2322*4_474-2419*4_474-2229*4_474-2321*4_474-2418*4_474-282*4_474-281*4_474-283*4_474-280*4_474-284*4_474-2320*4_474-2417*4_474-279*4_474-285*4_474-278*4_474-286*4_474-277*4_474-287*4_474-276*4_474-2416*4_474-2319*4_474-275*4_474-274*4_474-2415*4_474-2318*4_474-2414*4_474-2317*4_474-2413*4_803-1798*3_803-902*3_803-1799*3_803-903*3_803-904*3_803-1800*3_803-905*3_803-1801*3_803-906*3_803-1802*3_803-716*3_803-717*3_803-718*3_803-1892*3_803-1893*3_803-1882*3_803-719*3_803-1881*3_803-720*3_803-1880*3_803-1879*3_803-721*3_803-1878*3_803-722*3_803-1877*3_803-618*3_803-1876*3_803-619*3_803-723*3_803-620*3_803-1875*3_803-621*3_803-1874*3_803-622*3_803-1500*3_803-1499*3_803-1873*3_803-623*3_1111-919*2_1111-918*2_1111-921*2_1111-1991*2_961-1338*5_961-1339*5_961-1340*5_961-1341*5_961-1342*5_961-1343*5_1410-1394*5_1410-1300*5_961-1153*5_961-1152*5_961-1154*5_961-1155*5_961-1156*5_961-1157*5_961-1158*5_1410-1299*5_1410-1393*5_1410-1298*5_1410-584*5_1410-1392*5_1410-583*5_1410-585*5_1410-582*5_1410-586*5_1410-581*5_1410-587*5_1410-580*5_1410-588*5_1410-579*5_1410-1297*5_1410-578*5_1410-1391*5_1410-577*5_1410-576*5_1410-1296*5_1410-1390*5_1841-1649*5_1841-1650*5_1841-1647*5_1841-1651*5_1841-1646*5_1841-1652*5_1841-1645*5_1841-1653*5_1841-321*5_1841-1644*5_1841-1654*5_1841-223*5_1841-1643*5_1841-1655*5_1841-320*5_1841-1642*5_1841-1656*5_1841-129*5_1841-1641*5_1841-1657*5_1841-222*5_1841-128*5_1841-1640*5_1841-1658*5_1841-319*5_1841-1639*5_1841-1659*5_1841-221*5_1841-39*5_1841-127*5_1841-318*5_1841-1638*5_1841-1660*5_1841-38*5_1841-1637*5_2120-90*5_2120-188*5_805-907*3_805-908*3_805-909*3_805-1803*3_805-910*3_805-1804*3_805-1894*3_805-911*3_805-1895*3_805-1805*3_805-915*3_805-1000*3_805-1808*3_805-916*3_805-1809*3_805-917*3_805-1810*3_805-1811*3_805-624*3_805-1872*3_805-625*3_1568-1566*5_1568-1565*5_1568-404*5_1568-1564*5_1568-403*5_1568-1563*5_1568-402*5_1568-1562*5_1568-401*5_1568-1561*5_1568-312*5_1568-400*5_1568-1472*5_1568-1560*5_1568-311*5_1568-313*5_1568-1471*5_1568-1473*5_1568-310*5_1568-314*5_1568-1470*5_1568-1474*5_1568-309*5_1568-315*5_1568-1469*5_1568-1475*5_1568-308*5_1568-316*5_1568-1468*5_1568-1476*5_1568-399*5_1568-1559*5_1568-307*5_1568-317*5_1568-1467*5_1568-1477*5_1568-306*5_1568-398*5_1568-1466*5_1568-1558*5_1568-305*5_1568-1465*5_1568-397*5_1568-1557*5_1568-304*5_1568-1464*5_1568-396*5_1568-1556*5_1568-303*5_1568-1463*5_1568-302*5_1568-322*5_1568-494*5_1568-1462*5_1568-395*5_1568-1555*5_1568-301*5_1568-323*5_1568-493*5_1568-1461*5_1568-394*5_1568-1554*5_1568-300*5_1568-324*5_1568-492*5_1568-1460*5_1568-393*5_1568-1553*5_1568-299*5_1568-325*5_1568-491*5_1568-1459*5_1568-216*5_1568-392*5_1568-1376*5_1568-1552*5_1568-215*5_1568-217*5_1568-1375*5_1568-1377*5_1568-214*5_1568-218*5_1568-298*5_1568-326*5_1568-490*5_1568-1374*5_1568-1378*5_1568-1458*5_1568-213*5_1568-219*5_1568-1373*5_1568-1379*5_1568-1757*5_1568-212*5_1568-220*5_1568-1372*5_1568-1380*5_1568-1756*5_1568-211*5_1568-1371*5_1568-1381*5_1568-1755*5_1568-297*5_1568-327*5_1568-391*5_1568-489*5_1568-1457*5_1568-1551*5_1568-210*5_1568-1370*5_1568-1382*5_1568-1754*5_1568-209*5_1568-1369*5_1568-1383*5_1568-1753*5_1568-208*5_1568-224*5_1568-296*5_1568-328*5_1568-488*5_1568-1368*5_1568-1384*5_1568-1456*5_1568-1648*5_1568-1752*5_1568-390*5_1568-1550*5_1568-207*5_1568-225*5_1568-1367*5_1568-1385*5_1568-1751*5_1568-295*5_1568-329*5_1568-487*5_1568-1455*5_1568-206*5_1568-226*5_1568-1366*5_1568-1386*5_1568-1750*5_1568-389*5_1568-1549*5_1568-205*5_1568-227*5_1568-1365*5_1568-1387*5_1568-1749*5_1568-294*5_1568-330*5_1568-486*5_1568-1454*5_1568-204*5_1568-228*5_1568-388*5_1568-1364*5_1568-1388*5_1568-1548*5_1568-1748*5_282-2316*5_282-2315*5_282-2314*5_282-2412*5_282-2313*5_282-2411*5_282-186*5_282-185*5_282-187*5_282-184*5_282-2312*5_282-2410*5_282-183*5_282-189*5_282-182*5_282-190*5_282-2311*5_282-2409*5_282-181*5_282-191*5_282-2408*5_282-2310*5_282-2407*5_282-2309*5_282-2406*5_282-2308*5_282-2405*5_282-2307*5_282-2404*5_282-2306*5_282-2403*5_282-2305*5_282-2402*5_282-89*5_282-91*5_282-88*5_282-92*5_282-2304*5_282-2401*5_282-87*5_282-93*5_282-86*5_282-94*5_282-85*5_282-95*5_282-84*5_282-2400*5_282-83*5_1501-686*5_1501-1397*5_1501-1396*5_1501-1395*5_2028-237*5_1501-1389*5_2024-47*5_2024-46*5_2024-140*5_616-1871*4_616-1870*4_616-1869*4_616-626*4_616-627*4_616-628*4_1919-1199*2_1919-1198*2_1919-1197*2_1919-1196*2_1919-1195*2_1919-1194*2_1919-1193*2_1919-1107*2_1919-1823*2_1919-1192*2_1919-1822*2_1919-1191*2_1919-1190*2_1919-1813*2_1919-1812*2_1919-1997*2_1655-229*6_1655-1747*6_1655-230*6_1655-1746*6_1655-231*6_1655-1745*6_1655-232*6_1655-1744*6_1655-331*6_1655-1743*6_1655-233*6_1655-332*6_1655-1742*6_1655-234*6_1655-1741*6_1655-235*6_1655-1740*6_1655-236*6_1655-1547*6_1655-1739*6_1655-126*6_1655-130*6_1655-1546*6_1655-1738*6_1655-125*6_1655-131*6_1655-124*6_1655-132*6_1655-238*6_1655-123*6_1655-133*6_1655-1545*6_1655-1737*6_1655-122*6_1655-134*6_1655-121*6_1655-135*6_1655-120*6_1655-136*6_1655-1544*6_1655-1736*6_1655-119*6_1655-137*6_1655-1543*6_1655-1735*6_1655-118*6_1655-138*6_1655-117*6_1655-139*6_1655-1542*6_1655-1734*6_1655-1453*6_1655-1636*6_1655-116*6_1655-1452*6_1655-1836*6_1655-1541*6_1655-1733*6_1655-115*6_1655-141*6_1655-1451*6_1655-1635*6_1655-1835*6_1498-685*5_1498-684*5_1498-683*5_1498-682*5_1498-681*5_1498-1402*5_1498-1401*5_1498-1403*5_1498-680*5_1498-1400*5_1498-1404*5_1498-1399*5_1498-1405*5_1498-1398*5_1498-1406*5_1498-679*5_1498-1407*5_1498-678*5_1498-677*5_1498-774*5_1498-676*5_1498-773*5_1498-675*5_1498-772*5_1498-674*5_1498-771*5_1498-673*5_1498-770*5_1498-1306*5_1498-1305*5_1498-1307*5_1498-672*5_1498-1304*5_1498-1308*5_1498-769*5_1498-1303*5_1498-1309*5_1498-1302*5_1498-1310*5_1498-1301*5_1498-1311*5_1498-768*5_1498-1312*5_1498-1313*5_1498-1314*5_1498-1315*5_1498-1316*5_1498-1295*5_1498-1317*5_1498-1294*5_1498-1318*5_1899-1995*2_1899-1994*2_1899-1996*2_1899-1993*2_1899-920*2_1899-1992*2_2321-180*5_2321-82*5_2321-81*5_2027-2020*5_2027-2019*5_2027-2018*5_2027-1926*5_2027-1925*5_2027-2017*5_2027-1924*5_2027-2116*5_2027-64*5_2027-2016*5_2027-63*5_2027-65*5_2027-62*5_2027-66*5_2027-1923*5_2027-2115*5_2027-61*5_2027-67*5_2027-149*5_2027-60*5_2027-68*5_2027-1922*5_2027-2114*5_2027-59*5_2027-69*5_2027-148*5_2027-58*5_2027-70*5_2027-1921*5_2027-2113*5_2027-57*5_2027-71*5_2027-147*5_2027-56*5_2027-72*5_2027-1920*5_2027-2112*5_2027-55*5_2027-73*5_2027-146*5_2027-54*5_2027-74*5_2027-145*5_2027-53*5_2027-75*5_2027-1834*5_2027-1833*5_2027-52*5_2027-76*5_2027-144*5_2027-1832*5_2027-1831*5_2027-1830*5_2027-51*5_2027-77*5_2027-1829*5_2027-143*5_2027-1828*5_2027-50*5_2027-1827*5_2027-142*5_2027-1826*5_2027-49*5_2027-1825*5_2027-48*5_2027-1824*5_1299-1293*6_1299-1292*6_1299-1291*6_1299-1290*6_1299-1289*6_1299-480*6_1299-1288*6_1299-481*6_1299-482*6_1299-483*6_1299-484*6_1299-1287*6_1299-485*6_1299-1286*6_1299-1285*6_1299-1284*6_1299-1283*6_1299-1282*6_1299-1281*6_1299-384*6_1299-1280*6_1299-385*6_1299-386*6_1299-387*6_1299-1279*6_2121-2118*5_2121-171*5_2121-2117*5_2121-172*5_2121-173*5_2121-174*5_2121-175*5_2121-2217*5_2121-176*5_2121-2216*5_2121-2218*5_2121-2215*5_2121-2219*5_2121-2214*5_2121-2220*5_2121-2213*5_2121-177*5_2121-2212*5_2121-2211*5_2121-178*5_2121-2210*5_2121-78*5_2121-179*5_2121-2209*5_2121-79*5_2121-80*5_2121-2208*5_1547-1446*7_1547-1445*7_1547-1444*7_1547-23*7_1739-41*7_1547-22*7_1739-42*7_1547-1443*7_1547-21*7_1739-43*7_1547-20*7_1739-44*7_1547-1442*7_1547-19*7_1739-45*7_1547-18*7_1547-1441*7_1547-17*7_1547-16*7_1547-1440*7_1547-15*7_1547-14*7_1547-13*7_1547-12*7_1547-11*7_1547-1348*7_1547-10*7_1547-1347*7_1547-1346*7_1547-9*7_1547-1345*7_1547-8*7_1547-1344*7_295-293*6_295-292*6_295-291*6_295-290*6_295-289*6_295-288*6_295-1272*6_295-1271*6_295-1273*6_295-1270*6_295-1274*6_295-1269*6_295-1275*6_295-1268*6_295-1276*6_295-196*6_295-1267*6_295-1277*6_295-195*6_295-1266*6_295-1278*6_295-194*6_295-1265*6_295-193*6_295-192*6_295-1264*6_295-1263*6_295-1262*6_295-1261*6_295-1260*6_295-1259*6_295-1258*6_295-100*6_295-99*6_295-1257*6_295-98*6_295-97*6_295-96*6_295-1256*6_295-1255*6_295-1254*6_1059-1056*5_1059-1336*5_1059-1335*5_1059-1337*5_1300-1319*6_125-114*7_125-113*7_125-112*7_125-1448*7_125-1447*7_125-1449*7_125-1450*7_125-111*7_125-110*7_125-109*7_125-108*7_125-107*7_125-106*7_125-203*7_125-105*7_1427-1321*5_1427-864*5_1427-1320*5_120-1540*7_120-1539*7_120-1538*7_120-1537*7_120-24*7_120-1536*7_120-25*7_120-26*7_120-27*7_120-28*7_120-29*7_120-30*7_120-1634*7_120-31*7_120-1633*7_120-32*7_120-1632*7_120-33*7_120-34*7_120-35*7_120-36*7_120-37*7_120-104*7_120-1352*7_120-1351*7_120-1353*7_120-202*7_120-1350*7_120-1354*7_120-1349*7_120-1355*7_120-1356*7_120-1732*7_120-1357*7_120-1731*7_120-103*7_120-201*7_120-1358*7_120-1730*7_120-1359*7_120-1729*7_120-40*7_120-200*7_120-1360*7_120-1728*7_120-102*7_120-1361*7_120-7*7_120-199*7_120-1362*7_120-101*7_120-1363*7_120-6*7_120-198*7_1262-197*7_1262-1253*7_1262-1252*7_1262-1251*7_1262-1250*7_1262-1249*7_1262-0*7_1262-1248*7_1262-1*7_1262-2*7_1262-3*7_1262-4*7_1262-5*7_
0,1,500,300,0,2496,49,2496,49,-360.878,3.16327,2.4898,151,2496,2300,2150,1138,25,1137_1139_1136_1140_2296_2295_2297_2294_2298_1135_1141_2293_2299_1134_1142_2292_2300_1133_1143_2291_2301_1132_1144_2392_2391_2393_2290_2302_2390_2394_2389_2395_1131_1145_2388_2396_2289_2303_2387_2397_1042_1130_1146_1234_1041_1043_1233_1235_1040_1044_1232_1236_2288_2386_2398_1039_1045_1231_1237_1038_1046_1230_1238_1129_1147_2287_2385_2399_1037_1047_1229_1239_1036_1048_1128_1148_1228_1240_2200_2384_2199_2201_2198_2202_2286_2197_2203_1035_1049_1227_1241_2196_2204_2383_1127_1149_2195_2205_2285_1034_1050_1226_1242_2194_2206_2382_1126_1150_1033_1051_1225_1243_2284_2193_2207_2381_1032_1052_1224_1244_2192_1125_1151_2283_2380_2191_1031_1053_1223_1245_1124_2488_2487_2489_2190_2282_2486_2490_2379_2485_2491_1030_1054_1222_1246_2484_2492_2189_2483_2493_1123_2281_2378_2482_2494_1029_1055_1221_1247_2188_2481_2495_946_1122_945_947_944_948_1028_1220_2280_2480_2377_943_949_2187_942_950_2479_941_951_1027_1121_1219_940_952_2376_2279_2186_2478_939_953_2477_938_954_1026_1218_1120_2104_2103_2105_2185_2375_2102_2106_2278_2101_2107_937_955_2100_2108_2476_2099_2109_1025_1217_936_956_2184_2098_2110_2374_1119_2277_2475_2097_2111_935_957_1024_1216_2096_2183_2474_2373_934_958_1118_2473_2472_959_2471_2470_2469_2468_2467_2271_2172_2466_850_2270_2171_2465_851_2269_1106_852_2170_2464_863_2076_2268_862_861_860_853_859_1105_2169_2075_2267_858_2463_1908_1907_1909_1906_1910_854_1905_1911_1008_1104_1904_1912_744_2074_2168_2266_743_745_742_746_1903_1913_2462_741_747_740_748_855_1902_1914_739_749_1007_1103_1901_1915_2073_2265_2167_738_750_1900_1916_824_1984_737_751_1899_1917_736_752_2072_2264_914_1006_1102_1202_1983_2367_2166_735_753_823_1898_1918_1982_2366_913_1201_2071_2263_734_754_1005_1101_1897_1919_1981_2165_2365_912_1200_1896_2459_2458_763_830_2358_764_924_2260_2164_2163_2162_2161_648_2160_647_649_646_650_645_651_2159_644_652_2158_643_653_642_654_2069_2157_2173_2261_2068_2070_2262_2067_2259_2066_2258_641_655_2065_2257_2156_2174_1891_640_656_2064_2256_1797_1989_2063_2155_2175_2255_1890_639_657_1189_1211_2062_2254_1796_1988_840_2154_2176_839_841_1889_638_658_838_842_2061_2077_2253_1188_1212_733_755_837_843_1795_1987_836_844_899_925_2153_2177_2060_2078_2252_637_659_835_845_1187_1213_816_1888_815_817_814_818_732_756_1794_1986_813_819_834_846_812_820_2059_2079_2251_898_926_811_821_552_636_660_2152_2178_1186_1214_551_553_833_847_550_554_1887_1793_810_822_549_555_731_757_1724_548_556_832_848_2058_2080_2250_2272_1725_1707_2091_809_897_927_1185_1215_1706_2090_547_557_635_661_1726_2151_2179_808_1792_1886_831_849_1705_2089_546_558_730_758_1727_2057_2081_2249_2273_896_928_1704_2088_807_545_559_1184_634_662_1086_2150_2180_1703_1791_1885_806_544_560_2056_2082_2248_2274_729_759_1702_895_929_1183_805_543_561_633_663_1085_1790_1973_2149_2181_2357_1972_1974_2356_1701_1971_1975_2055_2247_2275_2355_2359_1884_989_728_760_1970_1976_2354_2360_804_542_562_894_1969_1977_2353_2361_1700_1182_632_664_1968_1978_2352_2362_1789_1084_2054_2148_2182_2246_2276_803_541_563_1967_1979_2351_2363_1699_1883_727_761_1966_1980_2350_2364_540_564_631_665_1965_2053_2245_2349_2147_726_762_1964_2348_539_565_630_666_2052_2244_1963_2347_2146_538_566_725_933_856_932_1962_2346_2368_629_667_931_2051_2243_537_567_1961_2145_2345_2369_829_2083_828_2084_827_2085_826_2086_825_2087_930_1985_2461_2460_2457_2456_767_766_765_2455_2454_2453_2452_2451_2450_2449_2448_671_670_669_668_2447_2446_2445_2444_2443_2442_1210_1117_1116_1209_1115_1208_2015_2014_2013_1114_2012_2011_1207_2010_1113_2009_1206_1112_2008_2007_1111_1205_2006_1023_2005_1022_1110_1204_2095_1021_2004_1109_1020_2094_1203_2003_1019_1108_2002_2093_1018_923_2092_922_1990_1138_990_1713_988_1714_987_986_1611_1715_1610_1612_1609_1613_888_1608_1614_985_536_1960_1959_1607_1615_1716_1958_2050_984_1616_1957_887_535_1956_1617_1717_2049_983_886_1955_1618_446_534_445_447_444_448_2048_1718_982_1954_443_449_1619_885_442_450_533_1953_2047_1719_1620_981_441_451_884_440_452_532_1952_1621_2046_980_1088_1720_1087_1089_1090_883_1091_439_453_1951_1092_1622_1814_531_2045_979_1083_1093_1721_438_454_1686_882_1082_1094_1950_1623_1815_530_1081_1095_437_455_790_978_1685_2044_1722_1080_1096_1624_1816_1949_881_436_456_2144_789_1684_529_977_1079_1097_2043_1515_1723_1514_1516_1513_1517_1625_1817_1948_2143_788_880_1512_1518_435_457_1683_613_1078_1098_1511_1519_528_1864_976_1510_1520_1863_1865_612_1862_1866_2042_2142_1626_1818_787_1077_1099_1861_1867_1947_1509_1521_1682_434_458_611_879_1860_1868_1508_1522_1774_1859_2141_610_1076_1100_975_527_786_2041_1507_1523_1627_1819_1681_1858_1946_433_459_609_878_1506_1524_2140_1075_1857_1773_785_974_608_1680_350_526_349_351_1628_1820_348_352_432_460_1856_2040_1505_1525_1945_697_347_353_1074_2139_346_354_877_607_1855_784_1504_1526_345_355_973_1593_1629_1821_431_461_525_344_356_1944_1073_2039_1854_2138_1503_1527_343_357_1853_342_358_430_462_524_1943_2137_2038_341_359_1852_429_463_340_360_2136_1942_2242_523_1851_2037_2241_339_361_428_464_2240_2135_1850_1941_338_362_522_2441_2440_575_574_573_572_2439_571_570_2438_569_2437_568_2344_2343_2436_2342_2435_2341_2434_2340_2433_2339_857_2338_2432_479_478_477_476_475_2337_2431_474_473_472_2336_2370_2430_471_2335_2371_470_2429_2239_465_2238_2237_466_363_2236_467_364_2134_2235_365_468_2234_2133_366_1998_1999_1013_1012_1014_1011_1015_1010_1016_2000_1009_1017_2001_616_1776_1004_615_706_1775_1003_614_1806_1002_705_1807_1001_1691_1690_1692_1689_1693_704_1688_1694_1687_1695_800_1696_1772_1697_703_1698_799_1771_702_798_1770_701_797_1769_1679_2372_972_971_1072_1528_2036_1071_970_1070_1529_2035_889_969_1069_1530_876_890_1068_2034_968_1424_1423_1425_1422_1426_1606_875_891_1067_1421_1427_1531_1420_1428_2033_967_991_874_892_1066_1419_1429_1605_1532_1418_1430_873_893_1065_256_2032_255_257_966_992_1604_1712_1417_1431_1711_1710_254_258_1533_1709_1940_2132_253_259_872_1064_1416_1432_1708_252_260_1603_1939_2031_2131_965_993_1415_1433_251_261_1534_871_1063_1938_2130_250_262_1414_1434_1602_1630_2030_964_994_1937_2129_870_1062_1535_249_263_1413_1435_1601_1631_2029_248_264_1936_2128_963_995_1171_1170_1172_869_1061_1169_1173_1168_1174_1412_1436_783_791_1167_1175_247_265_1935_2127_782_792_1166_1176_1600_2028_868_962_996_1060_1411_1437_781_793_1165_1177_246_266_780_794_1164_1178_1934_2126_1599_1410_1438_779_795_867_1059_1163_1179_2027_961_997_245_267_1502_778_796_1162_1180_1933_2125_1409_1439_1598_866_900_1058_777_1161_1181_244_268_2026_337_960_998_1328_1327_1329_1326_1330_1932_2124_1325_1331_1501_776_1160_1324_1332_1408_1323_1333_1597_865_901_1057_243_269_1322_1334_1849_2025_336_1848_775_999_1159_1847_1931_2123_1846_1845_242_270_1844_2228_160_1930_2024_2122_159_161_335_1843_2227_158_162_157_163_156_164_1842_2226_241_271_155_165_1841_1929_2121_2225_2023_154_166_334_240_272_1840_2224_153_167_152_168_1928_2120_1839_2223_2022_333_151_169_239_273_1838_2222_1927_2119_150_170_1837_2021_2221_469_2334_2333_2332_372_2331_373_2330_374_1678_606_1677_605_1676_604_1675_603_1674_602_1673_1777_1778_1779_513_601_617_512_514_1672_1780_511_515_707_510_516_708_1781_509_517_709_600_1584_1583_1585_1671_1582_1586_1782_508_518_700_710_1581_1587_1580_1588_1783_507_519_599_699_711_1670_1579_1589_506_520_698_712_1768_1784_1578_1590_598_1669_505_521_713_1577_1591_1767_1785_597_504_696_714_1576_1592_1668_1766_1786_1575_503_695_715_596_1667_1765_1787_1574_1594_502_694_1764_1788_595_1666_1573_1595_501_693_1763_594_1572_1596_1665_500_692_1762_1571_417_593_801_416_418_802_1664_415_419_499_691_414_420_413_421_1761_1570_412_422_498_592_690_1488_1487_1489_1663_411_423_1486_1490_1485_1491_410_424_1484_1492_1760_1569_1483_1493_409_425_497_689_591_1482_1494_1662_408_426_1568_1481_1495_1759_496_688_1480_1496_407_427_590_1661_1479_1497_1567_1758_406_495_687_1478_1498_405_589_724_2428_2329_2427_378_377_379_376_380_2328_2426_375_381_382_2327_2425_383_2424_2326_371_2423_2325_370_2422_369_2324_2233_2421_368_2232_2323_2420_2231_367_2230_2322_2419_2229_2321_2418_282_281_283_280_284_2320_2417_279_285_278_286_277_287_276_2416_2319_275_274_2415_2318_2414_2317_2413_1798_902_1799_903_904_1800_905_1801_906_1802_716_717_718_1892_1893_1882_719_1881_720_1880_1879_721_1878_722_1877_618_1876_619_723_620_1875_621_1874_622_1500_1499_1873_623_919_918_921_1991_1338_1339_1340_1341_1342_1343_1394_1300_1153_1152_1154_1155_1156_1157_1158_1299_1393_1298_584_1392_583_585_582_586_581_587_580_588_579_1297_578_1391_577_576_1296_1390_1649_1650_1647_1651_1646_1652_1645_1653_321_1644_1654_223_1643_1655_320_1642_1656_129_1641_1657_222_128_1640_1658_319_1639_1659_221_39_127_318_1638_1660_38_1637_90_188_907_908_909_1803_910_1804_1894_911_1895_1805_915_1000_1808_916_1809_917_1810_1811_624_1872_625_1566_1565_404_1564_403_1563_402_1562_401_1561_312_400_1472_1560_311_313_1471_1473_310_314_1470_1474_309_315_1469_1475_308_316_1468_1476_399_1559_307_317_1467_1477_306_398_1466_1558_305_1465_397_1557_304_1464_396_1556_303_1463_302_322_494_1462_395_1555_301_323_493_1461_394_1554_300_324_492_1460_393_1553_299_325_491_1459_216_392_1376_1552_215_217_1375_1377_214_218_298_326_490_1374_1378_1458_213_219_1373_1379_1757_212_220_1372_1380_1756_211_1371_1381_1755_297_327_391_489_1457_1551_210_1370_1382_1754_209_1369_1383_1753_208_224_296_328_488_1368_1384_1456_1648_1752_390_1550_207_225_1367_1385_1751_295_329_487_1455_206_226_1366_1386_1750_389_1549_205_227_1365_1387_1749_294_330_486_1454_204_228_388_1364_1388_1548_1748_2316_2315_2314_2412_2313_2411_186_185_187_184_2312_2410_183_189_182_190_2311_2409_181_191_2408_2310_2407_2309_2406_2308_2405_2307_2404_2306_2403_2305_2402_89_91_88_92_2304_2401_87_93_86_94_85_95_84_2400_83_686_1397_1396_1395_237_1389_47_46_140_1871_1870_1869_626_627_628_1199_1198_1197_1196_1195_1194_1193_1107_1823_1192_1822_1191_1190_1813_1812_1997_229_1747_230_1746_231_1745_232_1744_331_1743_233_332_1742_234_1741_235_1740_236_1547_1739_126_130_1546_1738_125_131_124_132_238_123_133_1545_1737_122_134_121_135_120_136_1544_1736_119_137_1543_1735_118_138_117_139_1542_1734_1453_1636_116_1452_1836_1541_1733_115_141_1451_1635_1835_685_684_683_682_681_1402_1401_1403_680_1400_1404_1399_1405_1398_1406_679_1407_678_677_774_676_773_675_772_674_771_673_770_1306_1305_1307_672_1304_1308_769_1303_1309_1302_1310_1301_1311_768_1312_1313_1314_1315_1316_1295_1317_1294_1318_1995_1994_1996_1993_920_1992_180_82_81_2020_2019_2018_1926_1925_2017_1924_2116_64_2016_63_65_62_66_1923_2115_61_67_149_60_68_1922_2114_59_69_148_58_70_1921_2113_57_71_147_56_72_1920_2112_55_73_146_54_74_145_53_75_1834_1833_52_76_144_1832_1831_1830_51_77_1829_143_1828_50_1827_142_1826_49_1825_48_1824_1293_1292_1291_1290_1289_480_1288_481_482_483_484_1287_485_1286_1285_1284_1283_1282_1281_384_1280_385_386_387_1279_2118_171_2117_172_173_174_175_2217_176_2216_2218_2215_2219_2214_2220_2213_177_2212_2211_178_2210_78_179_2209_79_80_2208_1446_1445_1444_23_41_22_42_1443_21_43_20_44_1442_19_45_18_1441_17_16_1440_15_14_13_12_11_1348_10_1347_1346_9_1345_8_1344_293_292_291_290_289_288_1272_1271_1273_1270_1274_1269_1275_1268_1276_196_1267_1277_195_1266_1278_194_1265_193_192_1264_1263_1262_1261_1260_1259_1258_100_99_1257_98_97_96_1256_1255_1254_1056_1336_1335_1337_1319_114_113_112_1448_1447_1449_1450_111_110_109_108_107_106_203_105_1321_864_1320_1540_1539_1538_1537_24_1536_25_26_27_28_29_30_1634_31_1633_32_1632_33_34_35_36_37_104_1352_1351_1353_202_1350_1354_1349_1355_1356_1732_1357_1731_103_201_1358_1730_1359_1729_40_200_1360_1728_102_1361_7_199_1362_101_1363_6_198_197_1253_1252_1251_1250_1249_0_1248_1_2_3_4_5_,0_1_2_3_4_5_6_7_8_9_10_11_12_13_14_15_16_17_18_19_20_21_22_23_24_25_26_27_28_29_30_31_32_33_34_35_36_37_38_39_40_41_42_43_44_45_46_47_48_49_50_51_52_53_54_55_56_57_58_59_60_61_62_63_64_65_66_67_68_69_70_71_72_73_74_75_76_77_78_79_80_81_82_83_84_85_86_87_88_89_90_91_92_93_94_95_96_97_98_99_100_101_102_103_104_105_106_107_108_109_110_111_112_113_114_115_116_117_118_119_120_121_122_123_124_125_126_127_128_129_130_131_132_133_134_135_136_137_138_139_140_141_142_143_144_145_146_147_148_149_150_151_152_153_154_155_156_157_158_159_160_161_162_163_164_165_166_167_168_169_170_171_172_173_174_175_176_177_178_179_180_181_182_183_184_185_186_187_188_189_190_191_192_193_194_195_196_197_198_199_200_201_202_203_204_205_206_207_208_209_210_211_212_213_214_215_216_217_218_219_220_221_222_223_224_225_226_227_228_229_230_231_232_233_234_235_236_237_238_239_240_241_242_243_244_245_246_247_248_249_250_251_252_253_254_255_256_257_258_259_260_261_262_263_264_265_266_267_268_269_270_271_272_273_274_275_276_277_278_279_280_281_282_283_284_285_286_287_288_289_290_291_292_293_294_295_296_297_298_299_300_301_302_303_304_305_306_307_308_309_310_311_312_313_314_315_316_317_318_319_320_321_322_323_324_325_326_327_328_329_330_331_332_333_334_335_336_337_338_339_340_341_342_343_344_345_346_347_348_349_350_351_352_353_354_355_356_357_358_359_360_361_362_363_364_365_366_367_368_369_370_371_372_373_374_375_376_377_378_379_380_381_382_383_384_385_386_387_388_389_390_391_392_393_394_395_396_397_398_399_400_401_402_403_404_405_406_407_408_409_410_411_412_413_414_415_416_417_418_419_420_421_422_423_424_425_426_427_428_429_430_431_432_433_434_435_436_437_438_439_440_441_442_443_444_445_446_447_448_449_450_451_452_453_454_455_456_457_458_459_460_461_462_463_464_465_466_467_468_469_470_471_472_473_474_475_476_477_478_479_480_481_482_483_484_485_486_487_488_489_490_491_492_493_494_495_496_497_498_499_500_501_502_503_504_505_506_507_508_509_510_511_512_513_514_515_516_517_518_519_520_521_522_523_524_525_526_527_528_529_530_531_532_533_534_535_536_537_538_539_540_541_542_543_544_545_546_547_548_549_550_551_552_553_554_555_556_557_558_559_560_561_562_563_564_565_566_567_568_569_570_571_572_573_574_575_576_577_578_579_580_581_582_583_584_585_586_587_588_589_590_591_592_593_594_595_596_597_598_599_600_601_602_603_604_605_606_607_608_609_610_611_612_613_614_615_616_617_618_619_620_621_622_623_624_625_626_627_628_629_630_631_632_633_634_635_636_637_638_639_640_641_642_643_644_645_646_647_648_649_650_651_652_653_654_655_656_657_658_659_660_661_662_663_664_665_666_667_668_669_670_671_672_673_674_675_676_677_678_679_680_681_682_683_684_685_686_687_688_689_690_691_692_693_694_695_696_697_698_699_700_701_702_703_704_705_706_707_708_709_710_711_712_713_714_715_716_717_718_719_720_721_722_723_724_725_726_727_728_729_730_731_732_733_734_735_736_737_738_739_740_741_742_743_744_745_746_747_748_749_750_751_752_753_754_755_756_757_758_759_760_761_762_763_764_765_766_767_768_769_770_771_772_773_774_775_776_777_778_779_780_781_782_783_784_785_786_787_788_789_790_791_792_793_794_795_796_797_798_799_800_801_802_803_804_805_806_807_808_809_810_811_812_813_814_815_816_817_818_819_820_821_822_823_824_825_826_827_828_829_830_831_832_833_834_835_836_837_838_839_840_841_842_843_844_845_846_847_848_849_850_851_852_853_854_855_856_857_858_859_860_861_862_863_864_865_866_867_868_869_870_871_872_873_874_875_876_877_878_879_880_881_882_883_884_885_886_887_888_889_890_891_892_893_894_895_896_897_898_899_900_901_902_903_904_905_906_907_908_909_910_911_912_913_914_915_916_917_918_919_920_921_922_923_924_925_926_927_928_929_930_931_932_933_934_935_936_937_938_939_940_941_942_943_944_945_946_947_948_949_950_951_952_953_954_955_956_957_958_959_960_961_962_963_964_965_966_967_968_969_970_971_972_973_974_975_976_977_978_979_980_981_982_983_984_985_986_987_988_989_990_991_992_993_994_995_996_997_998_999_1000_1001_1002_1003_1004_1005_1006_1007_1008_1009_1010_1011_1012_1013_1014_1015_1016_1017_1018_1019_1020_1021_1022_1023_1024_1025_1026_1027_1028_1029_1030_1031_1032_1033_1034_1035_1036_1037_1038_1039_1040_1041_1042_1043_1044_1045_1046_1047_1048_1049_1050_1051_1052_1053_1054_1055_1056_1057_1058_1059_1060_1061_1062_1063_1064_1065_1066_1067_1068_1069_1070_1071_1072_1073_1074_1075_1076_1077_1078_1079_1080_1081_1082_1083_1084_1085_1086_1087_1088_1089_1090_1091_1092_1093_1094_1095_1096_1097_1098_1099_1100_1101_1102_1103_1104_1105_1106_1107_1108_1109_1110_1111_1112_1113_1114_1115_1116_1117_1118_1119_1120_1121_1122_1123_1124_1125_1126_1127_1128_1129_1130_1131_1132_1133_1134_1135_1136_1137_1138_1139_1140_1141_1142_1143_1144_1145_1146_1147_1148_1149_1150_1151_1152_1153_1154_1155_1156_1157_1158_1159_1160_1161_1162_1163_1164_1165_1166_1167_1168_1169_1170_1171_1172_1173_1174_1175_1176_1177_1178_1179_1180_1181_1182_1183_1184_1185_1186_1187_1188_1189_1190_1191_1192_1193_1194_1195_1196_1197_1198_1199_1200_1201_1202_1203_1204_1205_1206_1207_1208_1209_1210_1211_1212_1213_1214_1215_1216_1217_1218_1219_1220_1221_1222_1223_1224_1225_1226_1227_1228_1229_1230_1231_1232_1233_1234_1235_1236_1237_1238_1239_1240_1241_1242_1243_1244_1245_1246_1247_1248_1249_1250_1251_1252_1253_1254_1255_1256_1257_1258_1259_1260_1261_1262_1263_1264_1265_1266_1267_1268_1269_1270_1271_1272_1273_1274_1275_1276_1277_1278_1279_1280_1281_1282_1283_1284_1285_1286_1287_1288_1289_1290_1291_1292_1293_1294_1295_1296_1297_1298_1299_1300_1301_1302_1303_1304_1305_1306_1307_1308_1309_1310_1311_1312_1313_1314_1315_1316_1317_1318_1319_1320_1321_1322_1323_1324_1325_1326_1327_1328_1329_1330_1331_1332_1333_1334_1335_1336_1337_1338_1339_1340_1341_1342_1343_1344_1345_1346_1347_1348_1349_1350_1351_1352_1353_1354_1355_1356_1357_1358_1359_1360_1361_1362_1363_1364_1365_1366_1367_1368_1369_1370_1371_1372_1373_1374_1375_1376_1377_1378_1379_1380_1381_1382_1383_1384_1385_1386_1387_1388_1389_1390_1391_1392_1393_1394_1395_1396_1397_1398_1399_1400_1401_1402_1403_1404_1405_1406_1407_1408_1409_1410_1411_1412_1413_1414_1415_1416_1417_1418_1419_1420_1421_1422_1423_1424_1425_1426_1427_1428_1429_1430_1431_1432_1433_1434_1435_1436_1437_1438_1439_1440_1441_1442_1443_1444_1445_1446_1447_1448_1449_1450_1451_1452_1453_1454_1455_1456_1457_1458_1459_1460_1461_1462_1463_1464_1465_1466_1467_1468_1469_1470_1471_1472_1473_1474_1475_1476_1477_1478_1479_1480_1481_1482_1483_1484_1485_1486_1487_1488_1489_1490_1491_1492_1493_1494_1495_1496_1497_1498_1499_1500_1501_1502_1503_1504_1505_1506_1507_1508_1509_1510_1511_1512_1513_1514_1515_1516_1517_1518_1519_1520_1521_1522_1523_1524_1525_1526_1527_1528_1529_1530_1531_1532_1533_1534_1535_1536_1537_1538_1539_1540_1541_1542_1543_1544_1545_1546_1547_1548_1549_1550_1551_1552_1553_1554_1555_1556_1557_1558_1559_1560_1561_1562_1563_1564_1565_1566_1567_1568_1569_1570_1571_1572_1573_1574_1575_1576_1577_1578_1579_1580_1581_1582_1583_1584_1585_1586_1587_1588_1589_1590_1591_1592_1593_1594_1595_1596_1597_1598_1599_1600_1601_1602_1603_1604_1605_1606_1607_1608_1609_1610_1611_1612_1613_1614_1615_1616_1617_1618_1619_1620_1621_1622_1623_1624_1625_1626_1627_1628_1629_1630_1631_1632_1633_1634_1635_1636_1637_1638_1639_1640_1641_1642_1643_1644_1645_1646_1647_1648_1649_1650_1651_1652_1653_1654_1655_1656_1657_1658_1659_1660_1661_1662_1663_1664_1665_1666_1667_1668_1669_1670_1671_1672_1673_1674_1675_1676_1677_1678_1679_1680_1681_1682_1683_1684_1685_1686_1687_1688_1689_1690_1691_1692_1693_1694_1695_1696_1697_1698_1699_1700_1701_1702_1703_1704_1705_1706_1707_1708_1709_1710_1711_1712_1713_1714_1715_1716_1717_1718_1719_1720_1721_1722_1723_1724_1725_1726_1727_1728_1729_1730_1731_1732_1733_1734_1735_1736_1737_1738_1739_1740_1741_1742_1743_1744_1745_1746_1747_1748_1749_1750_1751_1752_1753_1754_1755_1756_1757_1758_1759_1760_1761_1762_1763_1764_1765_1766_1767_1768_1769_1770_1771_1772_1773_1774_1775_1776_1777_1778_1779_1780_1781_1782_1783_1784_1785_1786_1787_1788_1789_1790_1791_1792_1793_1794_1795_1796_1797_1798_1799_1800_1801_1802_1803_1804_1805_1806_1807_1808_1809_1810_1811_1812_1813_1814_1815_1816_1817_1818_1819_1820_1821_1822_1823_1824_1825_1826_1827_1828_1829_1830_1831_1832_1833_1834_1835_1836_1837_1838_1839_1840_1841_1842_1843_1844_1845_1846_1847_1848_1849_1850_1851_1852_1853_1854_1855_1856_1857_1858_1859_1860_1861_1862_1863_1864_1865_1866_1867_1868_1869_1870_1871_1872_1873_1874_1875_1876_1877_1878_1879_1880_1881_1882_1883_1884_1885_1886_1887_1888_1889_1890_1891_1892_1893_1894_1895_1896_1897_1898_1899_1900_1901_1902_1903_1904_1905_1906_1907_1908_1909_1910_1911_1912_1913_1914_1915_1916_1917_1918_1919_1920_1921_1922_1923_1924_1925_1926_1927_1928_1929_1930_1931_1932_1933_1934_1935_1936_1937_1938_1939_1940_1941_1942_1943_1944_1945_1946_1947_1948_1949_1950_1951_1952_1953_1954_1955_1956_1957_1958_1959_1960_1961_1962_1963_1964_1965_1966_1967_1968_1969_1970_1971_1972_1973_1974_1975_1976_1977_1978_1979_1980_1981_1982_1983_1984_1985_1986_1987_1988_1989_1990_1991_1992_1993_1994_1995_1996_1997_1998_1999_2000_2001_2002_2003_2004_2005_2006_2007_2008_2009_2010_2011_2012_2013_2014_2015_2016_2017_2018_2019_2020_2021_2022_2023_2024_2025_2026_2027_2028_2029_2030_2031_2032_2033_2034_2035_2036_2037_2038_2039_2040_2041_2042_2043_2044_2045_2046_2047_2048_2049_2050_2051_2052_2053_2054_2055_2056_2057_2058_2059_2060_2061_2062_2063_2064_2065_2066_2067_2068_2069_2070_2071_2072_2073_2074_2075_2076_2077_2078_2079_2080_2081_2082_2083_2084_2085_2086_2087_2088_2089_2090_2091_2092_2093_2094_2095_2096_2097_2098_2099_2100_2101_2102_2103_2104_2105_2106_2107_2108_2109_2110_2111_2112_2113_2114_2115_2116_2117_2118_2119_2120_2121_2122_2123_2124_2125_2126_2127_2128_2129_2130_2131_2132_2133_2134_2135_2136_2137_2138_2139_2140_2141_2142_2143_2144_2145_2146_2147_2148_2149_2150_2151_2152_2153_2154_2155_2156_2157_2158_2159_2160_2161_2162_2163_2164_2165_2166_2167_2168_2169_2170_2171_2172_2173_2174_2175_2176_2177_2178_2179_2180_2181_2182_2183_2184_2185_2186_2187_2188_2189_2190_2191_2192_2193_2194_2195_2196_2197_2198_2199_2200_2201_2202_2203_2204_2205_2206_2207_2208_2209_2210_2211_2212_2213_2214_2215_2216_2217_2218_2219_2220_2221_2222_2223_2224_2225_2226_2227_2228_2229_2230_2231_2232_2233_2234_2235_2236_2237_2238_2239_2240_2241_2242_2243_2244_2245_2246_2247_2248_2249_2250_2251_2252_2253_2254_2255_2256_2257_2258_2259_2260_2261_2262_2263_2264_2265_2266_2267_2268_2269_2270_2271_2272_2273_2274_2275_2276_2277_2278_2279_2280_2281_2282_2283_2284_2285_2286_2287_2288_2289_2290_2291_2292_2293_2294_2295_2296_2297_2298_2299_2300_2301_2302_2303_2304_2305_2306_2307_2308_2309_2310_2311_2312_2313_2314_2315_2316_2317_2318_2319_2320_2321_2322_2323_2324_2325_2326_2327_2328_2329_2330_2331_2332_2333_2334_2335_2336_2337_2338_2339_2340_2341_2342_2343_2344_2345_2346_2347_2348_2349_2350_2351_2352_2353_2354_2355_2356_2357_2358_2359_2360_2361_2362_2363_2364_2365_2366_2367_2368_2369_2370_2371_2372_2373_2374_2375_2376_2377_2378_2379_2380_2381_2382_2383_2384_2385_2386_2387_2388_2389_2390_2391_2392_2393_2394_2395_2396_2397_2398_2399_2400_2401_2402_2403_2404_2405_2406_2407_2408_2409_2410_2411_2412_2413_2414_2415_2416_2417_2418_2419_2420_2421_2422_2423_2424_2425_2426_2427_2428_2429_2430_2431_2432_2433_2434_2435_2436_2437_2438_2439_2440_2441_2442_2443_2444_2445_2446_2447_2448_2449_2450_2451_2452_2453_2454_2455_2456_2457_2458_2459_2460_2461_2462_2463_2464_2465_2466_2467_2468_2469_2470_2471_2472_2473_2474_2475_2476_2477_2478_2479_2480_2481_2482_2483_2484_2485_2486_2487_2488_2489_2490_2491_2492_2493_2494_2495_,120:{1540;1539;1538;1537;24;1536;25;26;27;28;29;30;1634;31;1633;32;1632;33;34;35;36;37;104;1352;1351;1353;202;1350;1354;1349;1355;1356;1732;1357;1731;103;201;1358;1730;1359;1729;40;200;1360;1728;102;1361;7;199;1362;101;1363;6;198;}125:{114;113;112;1448;1447;1449;1450;111;110;109;108;107;106;203;105;}282:{2316;2315;2314;2412;2313;2411;186;185;187;184;2312;2410;183;189;182;190;2311;2409;181;191;2408;2310;2407;2309;2406;2308;2405;2307;2404;2306;2403;2305;2402;89;91;88;92;2304;2401;87;93;86;94;85;95;84;2400;83;}295:{293;292;291;290;289;288;1272;1271;1273;1270;1274;1269;1275;1268;1276;196;1267;1277;195;1266;1278;194;1265;193;192;1264;1263;1262;1261;1260;1259;1258;100;99;1257;98;97;96;1256;1255;1254;}474:{2428;2329;2427;378;377;379;376;380;2328;2426;375;381;382;2327;2425;383;2424;2326;371;2423;2325;370;2422;369;2324;2233;2421;368;2232;2323;2420;2231;367;2230;2322;2419;2229;2321;2418;282;281;283;280;284;2320;2417;279;285;278;286;277;287;276;2416;2319;275;274;2415;2318;2414;2317;2413;}542:{536;1960;1959;1958;2050;1957;535;1956;2049;1955;446;534;445;447;444;448;2048;1954;443;449;442;450;533;1953;2047;441;451;440;452;532;1952;2046;439;453;1951;531;2045;438;454;1950;530;437;455;2044;1949;436;456;2144;529;2043;1948;2143;435;457;528;1864;1863;1865;1862;1866;2042;2142;1861;1867;1947;434;458;1860;1868;1859;2141;527;2041;1858;1946;433;459;2140;1857;350;526;349;351;348;352;432;460;1856;2040;1945;347;353;2139;346;354;1855;345;355;431;461;525;344;356;1944;2039;1854;2138;343;357;1853;342;358;430;462;524;1943;2137;2038;341;359;1852;429;463;340;360;2136;1942;2242;523;1851;2037;2241;339;361;428;464;2240;2135;1850;1941;338;362;522;}546:{2239;465;2238;2237;466;363;2236;467;364;2134;2235;365;468;2234;2133;366;}554:{469;2334;2333;2332;372;2331;373;2330;374;}609:{1678;606;1677;605;1676;604;1675;603;1674;602;1673;1777;1778;1779;513;601;617;512;514;1672;1780;511;515;707;510;516;708;1781;509;517;709;600;1584;1583;1585;1671;1582;1586;1782;508;518;700;710;1581;1587;1580;1588;1783;507;519;599;699;711;1670;1579;1589;506;520;698;712;1768;1784;1578;1590;598;1669;505;521;713;1577;1591;1767;1785;597;504;696;714;1576;1592;1668;1766;1786;1575;503;695;715;596;1667;1765;1787;1574;1594;502;694;1764;1788;595;1666;1573;1595;501;693;1763;594;1572;1596;1665;500;692;1762;1571;417;593;801;416;418;802;1664;415;419;499;691;414;420;413;421;1761;1570;412;422;498;592;690;1488;1487;1489;1663;411;423;1486;1490;1485;1491;410;424;1484;1492;1760;1569;1483;1493;409;425;497;689;591;1482;1494;1662;408;426;1568;1481;1495;1759;496;688;1480;1496;407;427;590;1661;1479;1497;1567;1758;406;495;687;1478;1498;405;589;}616:{1871;1870;1869;626;627;628;}638:{724;}803:{1798;902;1799;903;904;1800;905;1801;906;1802;716;717;718;1892;1893;1882;719;1881;720;1880;1879;721;1878;722;1877;618;1876;619;723;620;1875;621;1874;622;1500;1499;1873;623;}805:{907;908;909;1803;910;1804;1894;911;1895;1805;915;1000;1808;916;1809;917;1810;1811;624;1872;625;}811:{1686;1685;1684;1683;613;612;1682;611;1774;610;1681;609;1773;608;1680;697;607;}821:{1998;1999;1013;1012;1014;1011;1015;1010;1016;2000;1009;1017;2001;1004;1003;1806;1002;1807;1001;}852:{2372;}961:{1338;1339;1340;1341;1342;1343;1153;1152;1154;1155;1156;1157;1158;}979:{972;971;1072;1528;1071;970;1070;1529;889;969;1069;1530;876;890;1068;968;1424;1423;1425;1422;1426;1606;875;891;1067;1421;1427;1531;1420;1428;967;991;874;892;1066;1419;1429;1605;1532;1418;1430;873;893;1065;966;992;1604;1712;1417;1431;1711;1710;1533;1709;872;1064;1416;1432;1708;1603;965;993;1415;1433;1534;871;1063;1414;1434;1602;1630;964;994;870;1062;1535;1413;1435;1601;1631;963;995;1171;1170;1172;869;1061;1169;1173;1168;1174;1412;1436;783;791;1167;1175;782;792;1166;1176;1600;868;962;996;1060;1411;1437;781;793;1165;1177;780;794;1164;1178;1599;1410;1438;779;795;867;1059;1163;1179;961;997;1502;778;796;1162;1180;1409;1439;1598;866;900;1058;777;1161;1181;960;998;1328;1327;1329;1326;1330;1325;1331;1501;776;1160;1324;1332;1408;1323;1333;1597;865;901;1057;1322;1334;775;999;1159;}1059:{1056;1336;1335;1337;}1104:{1189;1211;1188;1212;1187;1213;1186;1214;1724;1725;1185;1215;1726;1727;1184;1086;1183;1085;1182;1084;}1111:{919;918;921;1991;}1138:{1137;1139;1136;1140;2296;2295;2297;2294;2298;1135;1141;2293;2299;1134;1142;2292;2300;1133;1143;2291;2301;1132;1144;2392;2391;2393;2290;2302;2390;2394;2389;2395;1131;1145;2388;2396;2289;2303;2387;2397;1042;1130;1146;1234;1041;1043;1233;1235;1040;1044;1232;1236;2288;2386;2398;1039;1045;1231;1237;1038;1046;1230;1238;1129;1147;2287;2385;2399;1037;1047;1229;1239;1036;1048;1128;1148;1228;1240;2200;2384;2199;2201;2198;2202;2286;2197;2203;1035;1049;1227;1241;2196;2204;2383;1127;1149;2195;2205;2285;1034;1050;1226;1242;2194;2206;2382;1126;1150;1033;1051;1225;1243;2284;2193;2207;2381;1032;1052;1224;1244;2192;1125;1151;2283;2380;2191;1031;1053;1223;1245;1124;2488;2487;2489;2190;2282;2486;2490;2379;2485;2491;1030;1054;1222;1246;2484;2492;2189;2483;2493;1123;2281;2378;2482;2494;1029;1055;1221;1247;2188;2481;2495;946;1122;945;947;944;948;1028;1220;2280;2480;2377;943;949;2187;942;950;2479;941;951;1027;1121;1219;940;952;2376;2279;2186;2478;939;953;2477;938;954;1026;1218;1120;2104;2103;2105;2185;2375;2102;2106;2278;2101;2107;937;955;2100;2108;2476;2099;2109;1025;1217;936;956;2184;2098;2110;2374;1119;2277;2475;2097;2111;935;957;1024;1216;2096;2183;2474;2373;934;958;1118;}1222:{1210;1117;1116;1209;1115;1208;2015;2014;2013;1114;2012;2011;1207;2010;1113;2009;1206;1112;2008;2007;1111;1205;2006;1023;2005;1022;1110;1204;2095;1021;2004;1109;1020;2094;1203;2003;1019;1108;2002;2093;1018;}1262:{197;1253;1252;1251;1250;1249;0;1248;1;2;3;4;5;}1299:{1293;1292;1291;1290;1289;480;1288;481;482;483;484;1287;485;1286;1285;1284;1283;1282;1281;384;1280;385;386;387;1279;}1300:{1319;}1410:{1394;1300;1299;1393;1298;584;1392;583;585;582;586;581;587;580;588;579;1297;578;1391;577;576;1296;1390;}1427:{1321;864;1320;}1498:{685;684;683;682;681;1402;1401;1403;680;1400;1404;1399;1405;1398;1406;679;1407;678;677;774;676;773;675;772;674;771;673;770;1306;1305;1307;672;1304;1308;769;1303;1309;1302;1310;1301;1311;768;1312;1313;1314;1315;1316;1295;1317;1294;1318;}1501:{686;1397;1396;1395;1389;}1547:{1446;1445;1444;23;22;1443;21;20;1442;19;18;1441;17;16;1440;15;14;13;12;11;1348;10;1347;1346;9;1345;8;1344;}1568:{1566;1565;404;1564;403;1563;402;1562;401;1561;312;400;1472;1560;311;313;1471;1473;310;314;1470;1474;309;315;1469;1475;308;316;1468;1476;399;1559;307;317;1467;1477;306;398;1466;1558;305;1465;397;1557;304;1464;396;1556;303;1463;302;322;494;1462;395;1555;301;323;493;1461;394;1554;300;324;492;1460;393;1553;299;325;491;1459;216;392;1376;1552;215;217;1375;1377;214;218;298;326;490;1374;1378;1458;213;219;1373;1379;1757;212;220;1372;1380;1756;211;1371;1381;1755;297;327;391;489;1457;1551;210;1370;1382;1754;209;1369;1383;1753;208;224;296;328;488;1368;1384;1456;1648;1752;390;1550;207;225;1367;1385;1751;295;329;487;1455;206;226;1366;1386;1750;389;1549;205;227;1365;1387;1749;294;330;486;1454;204;228;388;1364;1388;1548;1748;}1655:{229;1747;230;1746;231;1745;232;1744;331;1743;233;332;1742;234;1741;235;1740;236;1547;1739;126;130;1546;1738;125;131;124;132;238;123;133;1545;1737;122;134;121;135;120;136;1544;1736;119;137;1543;1735;118;138;117;139;1542;1734;1453;1636;116;1452;1836;1541;1733;115;141;1451;1635;1835;}1707:{990;1713;988;1714;987;986;1611;1715;1610;1612;1609;1613;888;1608;1614;985;1607;1615;1716;984;1616;887;1617;1717;983;886;1618;1718;982;1619;885;1719;1620;981;884;1621;980;1088;1720;1087;1089;1090;883;1091;1092;1622;1814;979;1083;1093;1721;882;1082;1094;1623;1815;1081;1095;790;978;1722;1080;1096;1624;1816;881;789;977;1079;1097;1515;1723;1514;1516;1513;1517;1625;1817;788;880;1512;1518;1078;1098;1511;1519;976;1510;1520;1626;1818;787;1077;1099;1509;1521;879;1508;1522;1076;1100;975;786;1507;1523;1627;1819;878;1506;1524;1075;785;974;1628;1820;1505;1525;1074;877;784;1504;1526;973;1593;1629;1821;1073;1503;1527;}1739:{41;42;43;44;45;}1841:{1649;1650;1647;1651;1646;1652;1645;1653;321;1644;1654;223;1643;1655;320;1642;1656;129;1641;1657;222;128;1640;1658;319;1639;1659;221;39;127;318;1638;1660;38;1637;}1883:{616;1776;615;706;1775;614;705;1691;1690;1692;1689;1693;704;1688;1694;1687;1695;800;1696;1772;1697;703;1698;799;1771;702;798;1770;701;797;1769;1679;}1899:{1995;1994;1996;1993;920;1992;}1903:{1891;1797;1989;1890;1796;1988;1889;1795;1987;899;925;816;1888;815;817;814;818;1794;1986;813;819;812;820;898;926;811;821;1887;1793;810;822;1707;2091;809;897;927;1706;2090;808;1792;1886;1705;2089;896;928;1704;2088;807;1703;1791;1885;806;1702;895;929;805;1790;1701;1884;989;804;894;1700;1789;803;1699;1883;}1919:{1199;1198;1197;1196;1195;1194;1193;1107;1823;1192;1822;1191;1190;1813;1812;1997;}2024:{47;46;140;}2027:{2020;2019;2018;1926;1925;2017;1924;2116;64;2016;63;65;62;66;1923;2115;61;67;149;60;68;1922;2114;59;69;148;58;70;1921;2113;57;71;147;56;72;1920;2112;55;73;146;54;74;145;53;75;1834;1833;52;76;144;1832;1831;1830;51;77;1829;143;1828;50;1827;142;1826;49;1825;48;1824;}2028:{237;}2041:{2036;2035;2034;2033;256;2032;255;257;254;258;1940;2132;253;259;252;260;1939;2031;2131;251;261;1938;2130;250;262;2030;1937;2129;249;263;2029;248;264;1936;2128;247;265;1935;2127;2028;246;266;1934;2126;2027;245;267;1933;2125;244;268;2026;337;1932;2124;243;269;1849;2025;336;1848;1847;1931;2123;1846;1845;242;270;1844;2228;160;1930;2024;2122;159;161;335;1843;2227;158;162;157;163;156;164;1842;2226;241;271;155;165;1841;1929;2121;2225;2023;154;166;334;240;272;1840;2224;153;167;152;168;1928;2120;1839;2223;2022;333;151;169;239;273;1838;2222;1927;2119;150;170;1837;2021;2221;}2100:{1106;1105;1908;1907;1909;1906;1910;1905;1911;1008;1104;1904;1912;1903;1913;1902;1914;1007;1103;1901;1915;1900;1916;1899;1917;914;1006;1102;1202;1898;1918;913;1201;1005;1101;1897;1919;912;1200;1896;}2120:{90;188;}2121:{2118;171;2117;172;173;174;175;2217;176;2216;2218;2215;2219;2214;2220;2213;177;2212;2211;178;2210;78;179;2209;79;80;2208;}2165:{2164;2163;2162;2161;648;2160;647;649;646;650;645;651;2159;644;652;2158;643;653;642;654;2069;2157;2173;2261;2068;2070;2262;2067;2259;2066;2258;641;655;2065;2257;2156;2174;640;656;2064;2256;2063;2155;2175;2255;639;657;2062;2254;840;2154;2176;839;841;638;658;838;842;2061;2077;2253;733;755;837;843;836;844;2153;2177;2060;2078;2252;637;659;835;845;732;756;834;846;2059;2079;2251;552;636;660;2152;2178;551;553;833;847;550;554;549;555;731;757;548;556;832;848;2058;2080;2250;2272;547;557;635;661;2151;2179;831;849;546;558;730;758;2057;2081;2249;2273;545;559;634;662;2150;2180;544;560;2056;2082;2248;2274;729;759;543;561;633;663;1973;2149;2181;2357;1972;1974;2356;1971;1975;2055;2247;2275;2355;2359;728;760;1970;1976;2354;2360;542;562;1969;1977;2353;2361;632;664;1968;1978;2352;2362;2054;2148;2182;2246;2276;541;563;1967;1979;2351;2363;727;761;1966;1980;2350;2364;540;564;631;665;1965;2053;2245;2349;2147;726;762;1964;2348;539;565;630;666;2052;2244;1963;2347;2146;538;566;725;933;856;932;1962;2346;2368;629;667;931;2051;2243;537;567;1961;2145;2345;2369;}2167:{829;2083;828;2084;827;2085;826;2086;825;2087;930;1985;}2170:{923;2092;922;1990;}2185:{2271;2172;850;2270;2171;851;2269;852;2170;2076;2268;853;2169;2075;2267;854;744;2074;2168;2266;743;745;742;746;741;747;740;748;855;739;749;2073;2265;2167;738;750;824;1984;737;751;736;752;2072;2264;1983;2367;2166;735;753;823;1982;2366;2071;2263;734;754;1981;2165;2365;}2280:{763;830;2358;764;924;2260;}2321:{180;82;81;}2377:{1138;}2380:{2459;2458;}2449:{2441;2440;575;574;573;572;2439;571;570;2438;569;2437;568;2344;2343;2436;2342;2435;2341;2434;2340;2433;2339;857;2338;2432;479;478;477;476;475;2337;2431;474;473;472;2336;2370;2430;471;2335;2371;470;2429;}2462:{2461;2460;2457;2456;767;766;765;2455;2454;2453;2452;2451;2450;2449;2448;671;670;669;668;2447;2446;2445;2444;2443;2442;}2482:{2473;2472;959;2471;2470;2469;2468;2467;2466;2465;2464;863;862;861;860;859;858;2463;2462;},649_650_651_652_653_654_655_656_657_658_659_660_661_662_663_664_665_666_667_729_730_731_817_818_819_909_910_1002_1003_1097_1098_1099_1194_1195_1890_1891_1892_1977_1978_2068_2069_2161_2162_2256_2257_2352_2353_2450_2451_,1138-1137*0_1138-1139*0_1138-1136*0_1138-1140*0_1138-2296*0_1138-2295*0_1138-2297*0_1138-2294*0_1138-2298*0_1138-1135*0_1138-1141*0_1138-2293*0_1138-2299*0_1138-1134*0_1138-1142*0_1138-2292*0_1138-2300*0_1138-1133*0_1138-1143*0_1138-2291*0_1138-2301*0_1138-1132*0_1138-1144*0_1138-2392*0_1138-2391*0_1138-2393*0_1138-2290*0_1138-2302*0_1138-2390*0_1138-2394*0_1138-2389*0_1138-2395*0_1138-1131*0_1138-1145*0_1138-2388*0_1138-2396*0_1138-2289*0_1138-2303*0_1138-2387*0_1138-2397*0_1138-1042*0_1138-1130*0_1138-1146*0_1138-1234*0_1138-1041*0_1138-1043*0_1138-1233*0_1138-1235*0_1138-1040*0_1138-1044*0_1138-1232*0_1138-1236*0_1138-2288*0_1138-2386*0_1138-2398*0_1138-1039*0_1138-1045*0_1138-1231*0_1138-1237*0_1138-1038*0_1138-1046*0_1138-1230*0_1138-1238*0_1138-1129*0_1138-1147*0_1138-2287*0_1138-2385*0_1138-2399*0_1138-1037*0_1138-1047*0_1138-1229*0_1138-1239*0_1138-1036*0_1138-1048*0_1138-1128*0_1138-1148*0_1138-1228*0_1138-1240*0_1138-2200*0_1138-2384*0_1138-2199*0_1138-2201*0_1138-2198*0_1138-2202*0_1138-2286*0_1138-2197*0_1138-2203*0_1138-1035*0_1138-1049*0_1138-1227*0_1138-1241*0_1138-2196*0_1138-2204*0_1138-2383*0_1138-1127*0_1138-1149*0_1138-2195*0_1138-2205*0_1138-2285*0_1138-1034*0_1138-1050*0_1138-1226*0_1138-1242*0_1138-2194*0_1138-2206*0_1138-2382*0_1138-1126*0_1138-1150*0_1138-1033*0_1138-1051*0_1138-1225*0_1138-1243*0_1138-2284*0_1138-2193*0_1138-2207*0_1138-2381*0_1138-1032*0_1138-1052*0_1138-1224*0_1138-1244*0_1138-2192*0_1138-1125*0_1138-1151*0_1138-2283*0_1138-2380*0_1138-2191*0_1138-1031*0_1138-1053*0_1138-1223*0_1138-1245*0_1138-1124*0_1138-2488*0_1138-2487*0_1138-2489*0_1138-2190*0_1138-2282*0_1138-2486*0_1138-2490*0_1138-2379*0_1138-2485*0_1138-2491*0_1138-1030*0_1138-1054*0_1138-1222*0_1138-1246*0_1138-2484*0_1138-2492*0_1138-2189*0_1138-2483*0_1138-2493*0_1138-1123*0_1138-2281*0_1138-2378*0_1138-2482*0_1138-2494*0_1138-1029*0_1138-1055*0_1138-1221*0_1138-1247*0_1138-2188*0_1138-2481*0_1138-2495*0_1138-946*0_1138-1122*0_1138-945*0_1138-947*0_1138-944*0_1138-948*0_1138-1028*0_1138-1220*0_1138-2280*0_1138-2480*0_1138-2377*0_1138-943*0_1138-949*0_1138-2187*0_1138-942*0_1138-950*0_1138-2479*0_1138-941*0_1138-951*0_1138-1027*0_1138-1121*0_1138-1219*0_1138-940*0_1138-952*0_1138-2376*0_1138-2279*0_1138-2186*0_1138-2478*0_1138-939*0_1138-953*0_1138-2477*0_1138-938*0_1138-954*0_1138-1026*0_1138-1218*0_1138-1120*0_1138-2104*0_1138-2103*0_1138-2105*0_1138-2185*0_1138-2375*0_1138-2102*0_1138-2106*0_1138-2278*0_1138-2101*0_1138-2107*0_1138-937*0_1138-955*0_1138-2100*0_1138-2108*0_1138-2476*0_1138-2099*0_1138-2109*0_1138-1025*0_1138-1217*0_1138-936*0_1138-956*0_1138-2184*0_1138-2098*0_1138-2110*0_1138-2374*0_1138-1119*0_1138-2277*0_1138-2475*0_1138-2097*0_1138-2111*0_1138-935*0_1138-957*0_1138-1024*0_1138-1216*0_1138-2096*0_1138-2183*0_1138-2474*0_1138-2373*0_1138-934*0_1138-958*0_1138-1118*0_2482-2473*1_2482-2472*1_2482-959*1_2482-2471*1_2482-2470*1_2482-2469*1_2482-2468*1_2482-2467*1_2185-2271*1_2185-2172*1_2482-2466*1_2185-850*1_2185-2270*1_2185-2171*1_2482-2465*1_2185-851*1_2185-2269*1_2100-1106*1_2185-852*1_2185-2170*1_2482-2464*1_2482-863*1_2185-2076*1_2185-2268*1_2482-862*1_2482-861*1_2482-860*1_2185-853*1_2482-859*1_2100-1105*1_2185-2169*1_2185-2075*1_2185-2267*1_2482-858*1_2482-2463*1_2100-1908*1_2100-1907*1_2100-1909*1_2100-1906*1_2100-1910*1_2185-854*1_2100-1905*1_2100-1911*1_2100-1008*1_2100-1104*1_2100-1904*1_2100-1912*1_2185-744*1_2185-2074*1_2185-2168*1_2185-2266*1_2185-743*1_2185-745*1_2185-742*1_2185-746*1_2100-1903*1_2100-1913*1_2482-2462*1_2185-741*1_2185-747*1_2185-740*1_2185-748*1_2185-855*1_2100-1902*1_2100-1914*1_2185-739*1_2185-749*1_2100-1007*1_2100-1103*1_2100-1901*1_2100-1915*1_2185-2073*1_2185-2265*1_2185-2167*1_2185-738*1_2185-750*1_2100-1900*1_2100-1916*1_2185-824*1_2185-1984*1_2185-737*1_2185-751*1_2100-1899*1_2100-1917*1_2185-736*1_2185-752*1_2185-2072*1_2185-2264*1_2100-914*1_2100-1006*1_2100-1102*1_2100-1202*1_2185-1983*1_2185-2367*1_2185-2166*1_2185-735*1_2185-753*1_2185-823*1_2100-1898*1_2100-1918*1_2185-1982*1_2185-2366*1_2100-913*1_2100-1201*1_2185-2071*1_2185-2263*1_2185-734*1_2185-754*1_2100-1005*1_2100-1101*1_2100-1897*1_2100-1919*1_2185-1981*1_2185-2165*1_2185-2365*1_2100-912*1_2100-1200*1_2100-1896*1_2380-2459*1_2380-2458*1_2280-763*1_2280-830*1_2280-2358*1_2280-764*1_2280-924*1_2280-2260*1_2165-2164*2_2165-2163*2_2165-2162*2_2165-2161*2_2165-648*2_2165-2160*2_2165-647*2_2165-649*2_2165-646*2_2165-650*2_2165-645*2_2165-651*2_2165-2159*2_2165-644*2_2165-652*2_2165-2158*2_2165-643*2_2165-653*2_2165-642*2_2165-654*2_2165-2069*2_2165-2157*2_2165-2173*2_2165-2261*2_2165-2068*2_2165-2070*2_2165-2262*2_2165-2067*2_2165-2259*2_2165-2066*2_2165-2258*2_2165-641*2_2165-655*2_2165-2065*2_2165-2257*2_2165-2156*2_2165-2174*2_1903-1891*2_2165-640*2_2165-656*2_2165-2064*2_2165-2256*2_1903-1797*2_1903-1989*2_2165-2063*2_2165-2155*2_2165-2175*2_2165-2255*2_1903-1890*2_2165-639*2_2165-657*2_1104-1189*2_1104-1211*2_2165-2062*2_2165-2254*2_1903-1796*2_1903-1988*2_2165-840*2_2165-2154*2_2165-2176*2_2165-839*2_2165-841*2_1903-1889*2_2165-638*2_2165-658*2_2165-838*2_2165-842*2_2165-2061*2_2165-2077*2_2165-2253*2_1104-1188*2_1104-1212*2_2165-733*2_2165-755*2_2165-837*2_2165-843*2_1903-1795*2_1903-1987*2_2165-836*2_2165-844*2_1903-899*2_1903-925*2_2165-2153*2_2165-2177*2_2165-2060*2_2165-2078*2_2165-2252*2_2165-637*2_2165-659*2_2165-835*2_2165-845*2_1104-1187*2_1104-1213*2_1903-816*2_1903-1888*2_1903-815*2_1903-817*2_1903-814*2_1903-818*2_2165-732*2_2165-756*2_1903-1794*2_1903-1986*2_1903-813*2_1903-819*2_2165-834*2_2165-846*2_1903-812*2_1903-820*2_2165-2059*2_2165-2079*2_2165-2251*2_1903-898*2_1903-926*2_1903-811*2_1903-821*2_2165-552*2_2165-636*2_2165-660*2_2165-2152*2_2165-2178*2_1104-1186*2_1104-1214*2_2165-551*2_2165-553*2_2165-833*2_2165-847*2_2165-550*2_2165-554*2_1903-1887*2_1903-1793*2_1903-810*2_1903-822*2_2165-549*2_2165-555*2_2165-731*2_2165-757*2_1104-1724*2_2165-548*2_2165-556*2_2165-832*2_2165-848*2_2165-2058*2_2165-2080*2_2165-2250*2_2165-2272*2_1104-1725*2_1903-1707*2_1903-2091*2_1903-809*2_1903-897*2_1903-927*2_1104-1185*2_1104-1215*2_1903-1706*2_1903-2090*2_2165-547*2_2165-557*2_2165-635*2_2165-661*2_1104-1726*2_2165-2151*2_2165-2179*2_1903-808*2_1903-1792*2_1903-1886*2_2165-831*2_2165-849*2_1903-1705*2_1903-2089*2_2165-546*2_2165-558*2_2165-730*2_2165-758*2_1104-1727*2_2165-2057*2_2165-2081*2_2165-2249*2_2165-2273*2_1903-896*2_1903-928*2_1903-1704*2_1903-2088*2_1903-807*2_2165-545*2_2165-559*2_1104-1184*2_2165-634*2_2165-662*2_1104-1086*2_2165-2150*2_2165-2180*2_1903-1703*2_1903-1791*2_1903-1885*2_1903-806*2_2165-544*2_2165-560*2_2165-2056*2_2165-2082*2_2165-2248*2_2165-2274*2_2165-729*2_2165-759*2_1903-1702*2_1903-895*2_1903-929*2_1104-1183*2_1903-805*2_2165-543*2_2165-561*2_2165-633*2_2165-663*2_1104-1085*2_1903-1790*2_2165-1973*2_2165-2149*2_2165-2181*2_2165-2357*2_2165-1972*2_2165-1974*2_2165-2356*2_1903-1701*2_2165-1971*2_2165-1975*2_2165-2055*2_2165-2247*2_2165-2275*2_2165-2355*2_2165-2359*2_1903-1884*2_1903-989*2_2165-728*2_2165-760*2_2165-1970*2_2165-1976*2_2165-2354*2_2165-2360*2_1903-804*2_2165-542*2_2165-562*2_1903-894*2_2165-1969*2_2165-1977*2_2165-2353*2_2165-2361*2_1903-1700*2_1104-1182*2_2165-632*2_2165-664*2_2165-1968*2_2165-1978*2_2165-2352*2_2165-2362*2_1903-1789*2_1104-1084*2_2165-2054*2_2165-2148*2_2165-2182*2_2165-2246*2_2165-2276*2_1903-803*2_2165-541*2_2165-563*2_2165-1967*2_2165-1979*2_2165-2351*2_2165-2363*2_1903-1699*2_1903-1883*2_2165-727*2_2165-761*2_2165-1966*2_2165-1980*2_2165-2350*2_2165-2364*2_2165-540*2_2165-564*2_2165-631*2_2165-665*2_2165-1965*2_2165-2053*2_2165-2245*2_2165-2349*2_2165-2147*2_2165-726*2_2165-762*2_2165-1964*2_2165-2348*2_2165-539*2_2165-565*2_2165-630*2_2165-666*2_2165-2052*2_2165-2244*2_2165-1963*2_2165-2347*2_2165-2146*2_2165-538*2_2165-566*2_2165-725*2_2165-933*2_2165-856*2_2165-932*2_2165-1962*2_2165-2346*2_2165-2368*2_2165-629*2_2165-667*2_2165-931*2_2165-2051*2_2165-2243*2_2165-537*2_2165-567*2_2165-1961*2_2165-2145*2_2165-2345*2_2165-2369*2_2167-829*2_2167-2083*2_2167-828*2_2167-2084*2_2167-827*2_2167-2085*2_2167-826*2_2167-2086*2_2167-825*2_2167-2087*2_2167-930*2_2167-1985*2_2462-2461*2_2462-2460*2_2462-2457*2_2462-2456*2_2462-767*2_2462-766*2_2462-765*2_2462-2455*2_2462-2454*2_2462-2453*2_2462-2452*2_2462-2451*2_2462-2450*2_2462-2449*2_2462-2448*2_2462-671*2_2462-670*2_2462-669*2_2462-668*2_2462-2447*2_2462-2446*2_2462-2445*2_2462-2444*2_2462-2443*2_2462-2442*2_1222-1210*1_1222-1117*1_1222-1116*1_1222-1209*1_1222-1115*1_1222-1208*1_1222-2015*1_1222-2014*1_1222-2013*1_1222-1114*1_1222-2012*1_1222-2011*1_1222-1207*1_1222-2010*1_1222-1113*1_1222-2009*1_1222-1206*1_1222-1112*1_1222-2008*1_1222-2007*1_1222-1111*1_1222-1205*1_1222-2006*1_1222-1023*1_1222-2005*1_1222-1022*1_1222-1110*1_1222-1204*1_1222-2095*1_1222-1021*1_1222-2004*1_1222-1109*1_1222-1020*1_1222-2094*1_1222-1203*1_1222-2003*1_1222-1019*1_1222-1108*1_1222-2002*1_1222-2093*1_1222-1018*1_2170-923*2_2170-2092*2_2170-922*2_2170-1990*2_2377-1138*1_1707-990*3_1707-1713*3_1707-988*3_1707-1714*3_1707-987*3_1707-986*3_1707-1611*3_1707-1715*3_1707-1610*3_1707-1612*3_1707-1609*3_1707-1613*3_1707-888*3_1707-1608*3_1707-1614*3_1707-985*3_542-536*3_542-1960*3_542-1959*3_1707-1607*3_1707-1615*3_1707-1716*3_542-1958*3_542-2050*3_1707-984*3_1707-1616*3_542-1957*3_1707-887*3_542-535*3_542-1956*3_1707-1617*3_1707-1717*3_542-2049*3_1707-983*3_1707-886*3_542-1955*3_1707-1618*3_542-446*3_542-534*3_542-445*3_542-447*3_542-444*3_542-448*3_542-2048*3_1707-1718*3_1707-982*3_542-1954*3_542-443*3_542-449*3_1707-1619*3_1707-885*3_542-442*3_542-450*3_542-533*3_542-1953*3_542-2047*3_1707-1719*3_1707-1620*3_1707-981*3_542-441*3_542-451*3_1707-884*3_542-440*3_542-452*3_542-532*3_542-1952*3_1707-1621*3_542-2046*3_1707-980*3_1707-1088*3_1707-1720*3_1707-1087*3_1707-1089*3_1707-1090*3_1707-883*3_1707-1091*3_542-439*3_542-453*3_542-1951*3_1707-1092*3_1707-1622*3_1707-1814*3_542-531*3_542-2045*3_1707-979*3_1707-1083*3_1707-1093*3_1707-1721*3_542-438*3_542-454*3_811-1686*3_1707-882*3_1707-1082*3_1707-1094*3_542-1950*3_1707-1623*3_1707-1815*3_542-530*3_1707-1081*3_1707-1095*3_542-437*3_542-455*3_1707-790*3_1707-978*3_811-1685*3_542-2044*3_1707-1722*3_1707-1080*3_1707-1096*3_1707-1624*3_1707-1816*3_542-1949*3_1707-881*3_542-436*3_542-456*3_542-2144*3_1707-789*3_811-1684*3_542-529*3_1707-977*3_1707-1079*3_1707-1097*3_542-2043*3_1707-1515*3_1707-1723*3_1707-1514*3_1707-1516*3_1707-1513*3_1707-1517*3_1707-1625*3_1707-1817*3_542-1948*3_542-2143*3_1707-788*3_1707-880*3_1707-1512*3_1707-1518*3_542-435*3_542-457*3_811-1683*3_811-613*3_1707-1078*3_1707-1098*3_1707-1511*3_1707-1519*3_542-528*3_542-1864*3_1707-976*3_1707-1510*3_1707-1520*3_542-1863*3_542-1865*3_811-612*3_542-1862*3_542-1866*3_542-2042*3_542-2142*3_1707-1626*3_1707-1818*3_1707-787*3_1707-1077*3_1707-1099*3_542-1861*3_542-1867*3_542-1947*3_1707-1509*3_1707-1521*3_811-1682*3_542-434*3_542-458*3_811-611*3_1707-879*3_542-1860*3_542-1868*3_1707-1508*3_1707-1522*3_811-1774*3_542-1859*3_542-2141*3_811-610*3_1707-1076*3_1707-1100*3_1707-975*3_542-527*3_1707-786*3_542-2041*3_1707-1507*3_1707-1523*3_1707-1627*3_1707-1819*3_811-1681*3_542-1858*3_542-1946*3_542-433*3_542-459*3_811-609*3_1707-878*3_1707-1506*3_1707-1524*3_542-2140*3_1707-1075*3_542-1857*3_811-1773*3_1707-785*3_1707-974*3_811-608*3_811-1680*3_542-350*3_542-526*3_542-349*3_542-351*3_1707-1628*3_1707-1820*3_542-348*3_542-352*3_542-432*3_542-460*3_542-1856*3_542-2040*3_1707-1505*3_1707-1525*3_542-1945*3_811-697*3_542-347*3_542-353*3_1707-1074*3_542-2139*3_542-346*3_542-354*3_1707-877*3_811-607*3_542-1855*3_1707-784*3_1707-1504*3_1707-1526*3_542-345*3_542-355*3_1707-973*3_1707-1593*3_1707-1629*3_1707-1821*3_542-431*3_542-461*3_542-525*3_542-344*3_542-356*3_542-1944*3_1707-1073*3_542-2039*3_542-1854*3_542-2138*3_1707-1503*3_1707-1527*3_542-343*3_542-357*3_542-1853*3_542-342*3_542-358*3_542-430*3_542-462*3_542-524*3_542-1943*3_542-2137*3_542-2038*3_542-341*3_542-359*3_542-1852*3_542-429*3_542-463*3_542-340*3_542-360*3_542-2136*3_542-1942*3_542-2242*3_542-523*3_542-1851*3_542-2037*3_542-2241*3_542-339*3_542-361*3_542-428*3_542-464*3_542-2240*3_542-2135*3_542-1850*3_542-1941*3_542-338*3_542-362*3_542-522*3_2449-2441*3_2449-2440*3_2449-575*3_2449-574*3_2449-573*3_2449-572*3_2449-2439*3_2449-571*3_2449-570*3_2449-2438*3_2449-569*3_2449-2437*3_2449-568*3_2449-2344*3_2449-2343*3_2449-2436*3_2449-2342*3_2449-2435*3_2449-2341*3_2449-2434*3_2449-2340*3_2449-2433*3_2449-2339*3_2449-857*3_2449-2338*3_2449-2432*3_2449-479*3_2449-478*3_2449-477*3_2449-476*3_2449-475*3_2449-2337*3_2449-2431*3_2449-474*3_2449-473*3_2449-472*3_2449-2336*3_2449-2370*3_2449-2430*3_2449-471*3_2449-2335*3_2449-2371*3_2449-470*3_2449-2429*3_546-2239*3_546-465*3_546-2238*3_546-2237*3_546-466*3_546-363*3_546-2236*3_546-467*3_546-364*3_546-2134*3_546-2235*3_546-365*3_546-468*3_546-2234*3_546-2133*3_546-366*3_821-1998*3_821-1999*3_821-1013*3_821-1012*3_821-1014*3_821-1011*3_821-1015*3_821-1010*3_821-1016*3_821-2000*3_821-1009*3_821-1017*3_821-2001*3_1883-616*3_1883-1776*3_821-1004*3_1883-615*3_1883-706*3_1883-1775*3_821-1003*3_1883-614*3_821-1806*3_821-1002*3_1883-705*3_821-1807*3_821-1001*3_1883-1691*3_1883-1690*3_1883-1692*3_1883-1689*3_1883-1693*3_1883-704*3_1883-1688*3_1883-1694*3_1883-1687*3_1883-1695*3_1883-800*3_1883-1696*3_1883-1772*3_1883-1697*3_1883-703*3_1883-1698*3_1883-799*3_1883-1771*3_1883-702*3_1883-798*3_1883-1770*3_1883-701*3_1883-797*3_1883-1769*3_1883-1679*3_852-2372*2_979-972*4_979-971*4_979-1072*4_979-1528*4_2041-2036*4_979-1071*4_979-970*4_979-1070*4_979-1529*4_2041-2035*4_979-889*4_979-969*4_979-1069*4_979-1530*4_979-876*4_979-890*4_979-1068*4_2041-2034*4_979-968*4_979-1424*4_979-1423*4_979-1425*4_979-1422*4_979-1426*4_979-1606*4_979-875*4_979-891*4_979-1067*4_979-1421*4_979-1427*4_979-1531*4_979-1420*4_979-1428*4_2041-2033*4_979-967*4_979-991*4_979-874*4_979-892*4_979-1066*4_979-1419*4_979-1429*4_979-1605*4_979-1532*4_979-1418*4_979-1430*4_979-873*4_979-893*4_979-1065*4_2041-256*4_2041-2032*4_2041-255*4_2041-257*4_979-966*4_979-992*4_979-1604*4_979-1712*4_979-1417*4_979-1431*4_979-1711*4_979-1710*4_2041-254*4_2041-258*4_979-1533*4_979-1709*4_2041-1940*4_2041-2132*4_2041-253*4_2041-259*4_979-872*4_979-1064*4_979-1416*4_979-1432*4_979-1708*4_2041-252*4_2041-260*4_979-1603*4_2041-1939*4_2041-2031*4_2041-2131*4_979-965*4_979-993*4_979-1415*4_979-1433*4_2041-251*4_2041-261*4_979-1534*4_979-871*4_979-1063*4_2041-1938*4_2041-2130*4_2041-250*4_2041-262*4_979-1414*4_979-1434*4_979-1602*4_979-1630*4_2041-2030*4_979-964*4_979-994*4_2041-1937*4_2041-2129*4_979-870*4_979-1062*4_979-1535*4_2041-249*4_2041-263*4_979-1413*4_979-1435*4_979-1601*4_979-1631*4_2041-2029*4_2041-248*4_2041-264*4_2041-1936*4_2041-2128*4_979-963*4_979-995*4_979-1171*4_979-1170*4_979-1172*4_979-869*4_979-1061*4_979-1169*4_979-1173*4_979-1168*4_979-1174*4_979-1412*4_979-1436*4_979-783*4_979-791*4_979-1167*4_979-1175*4_2041-247*4_2041-265*4_2041-1935*4_2041-2127*4_979-782*4_979-792*4_979-1166*4_979-1176*4_979-1600*4_2041-2028*4_979-868*4_979-962*4_979-996*4_979-1060*4_979-1411*4_979-1437*4_979-781*4_979-793*4_979-1165*4_979-1177*4_2041-246*4_2041-266*4_979-780*4_979-794*4_979-1164*4_979-1178*4_2041-1934*4_2041-2126*4_979-1599*4_979-1410*4_979-1438*4_979-779*4_979-795*4_979-867*4_979-1059*4_979-1163*4_979-1179*4_2041-2027*4_979-961*4_979-997*4_2041-245*4_2041-267*4_979-1502*4_979-778*4_979-796*4_979-1162*4_979-1180*4_2041-1933*4_2041-2125*4_979-1409*4_979-1439*4_979-1598*4_979-866*4_979-900*4_979-1058*4_979-777*4_979-1161*4_979-1181*4_2041-244*4_2041-268*4_2041-2026*4_2041-337*4_979-960*4_979-998*4_979-1328*4_979-1327*4_979-1329*4_979-1326*4_979-1330*4_2041-1932*4_2041-2124*4_979-1325*4_979-1331*4_979-1501*4_979-776*4_979-1160*4_979-1324*4_979-1332*4_979-1408*4_979-1323*4_979-1333*4_979-1597*4_979-865*4_979-901*4_979-1057*4_2041-243*4_2041-269*4_979-1322*4_979-1334*4_2041-1849*4_2041-2025*4_2041-336*4_2041-1848*4_979-775*4_979-999*4_979-1159*4_2041-1847*4_2041-1931*4_2041-2123*4_2041-1846*4_2041-1845*4_2041-242*4_2041-270*4_2041-1844*4_2041-2228*4_2041-160*4_2041-1930*4_2041-2024*4_2041-2122*4_2041-159*4_2041-161*4_2041-335*4_2041-1843*4_2041-2227*4_2041-158*4_2041-162*4_2041-157*4_2041-163*4_2041-156*4_2041-164*4_2041-1842*4_2041-2226*4_2041-241*4_2041-271*4_2041-155*4_2041-165*4_2041-1841*4_2041-1929*4_2041-2121*4_2041-2225*4_2041-2023*4_2041-154*4_2041-166*4_2041-334*4_2041-240*4_2041-272*4_2041-1840*4_2041-2224*4_2041-153*4_2041-167*4_2041-152*4_2041-168*4_2041-1928*4_2041-2120*4_2041-1839*4_2041-2223*4_2041-2022*4_2041-333*4_2041-151*4_2041-169*4_2041-239*4_2041-273*4_2041-1838*4_2041-2222*4_2041-1927*4_2041-2119*4_2041-150*4_2041-170*4_2041-1837*4_2041-2021*4_2041-2221*4_554-469*3_554-2334*3_554-2333*3_554-2332*3_554-372*3_554-2331*3_554-373*3_554-2330*3_554-374*3_609-1678*4_609-606*4_609-1677*4_609-605*4_609-1676*4_609-604*4_609-1675*4_609-603*4_609-1674*4_609-602*4_609-1673*4_609-1777*4_609-1778*4_609-1779*4_609-513*4_609-601*4_609-617*4_609-512*4_609-514*4_609-1672*4_609-1780*4_609-511*4_609-515*4_609-707*4_609-510*4_609-516*4_609-708*4_609-1781*4_609-509*4_609-517*4_609-709*4_609-600*4_609-1584*4_609-1583*4_609-1585*4_609-1671*4_609-1582*4_609-1586*4_609-1782*4_609-508*4_609-518*4_609-700*4_609-710*4_609-1581*4_609-1587*4_609-1580*4_609-1588*4_609-1783*4_609-507*4_609-519*4_609-599*4_609-699*4_609-711*4_609-1670*4_609-1579*4_609-1589*4_609-506*4_609-520*4_609-698*4_609-712*4_609-1768*4_609-1784*4_609-1578*4_609-1590*4_609-598*4_609-1669*4_609-505*4_609-521*4_609-713*4_609-1577*4_609-1591*4_609-1767*4_609-1785*4_609-597*4_609-504*4_609-696*4_609-714*4_609-1576*4_609-1592*4_609-1668*4_609-1766*4_609-1786*4_609-1575*4_609-503*4_609-695*4_609-715*4_609-596*4_609-1667*4_609-1765*4_609-1787*4_609-1574*4_609-1594*4_609-502*4_609-694*4_609-1764*4_609-1788*4_609-595*4_609-1666*4_609-1573*4_609-1595*4_609-501*4_609-693*4_609-1763*4_609-594*4_609-1572*4_609-1596*4_609-1665*4_609-500*4_609-692*4_609-1762*4_609-1571*4_609-417*4_609-593*4_609-801*4_609-416*4_609-418*4_609-802*4_609-1664*4_609-415*4_609-419*4_609-499*4_609-691*4_609-414*4_609-420*4_609-413*4_609-421*4_609-1761*4_609-1570*4_609-412*4_609-422*4_609-498*4_609-592*4_609-690*4_609-1488*4_609-1487*4_609-1489*4_609-1663*4_609-411*4_609-423*4_609-1486*4_609-1490*4_609-1485*4_609-1491*4_609-410*4_609-424*4_609-1484*4_609-1492*4_609-1760*4_609-1569*4_609-1483*4_609-1493*4_609-409*4_609-425*4_609-497*4_609-689*4_609-591*4_609-1482*4_609-1494*4_609-1662*4_609-408*4_609-426*4_609-1568*4_609-1481*4_609-1495*4_609-1759*4_609-496*4_609-688*4_609-1480*4_609-1496*4_609-407*4_609-427*4_609-590*4_609-1661*4_609-1479*4_609-1497*4_609-1567*4_609-1758*4_609-406*4_609-495*4_609-687*4_609-1478*4_609-1498*4_609-405*4_609-589*4_638-724*3_474-2428*4_474-2329*4_474-2427*4_474-378*4_474-377*4_474-379*4_474-376*4_474-380*4_474-2328*4_474-2426*4_474-375*4_474-381*4_474-382*4_474-2327*4_474-2425*4_474-383*4_474-2424*4_474-2326*4_474-371*4_474-2423*4_474-2325*4_474-370*4_474-2422*4_474-369*4_474-2324*4_474-2233*4_474-2421*4_474-368*4_474-2232*4_474-2323*4_474-2420*4_474-2231*4_474-367*4_474-2230*4_474-2322*4_474-2419*4_474-2229*4_474-2321*4_474-2418*4_474-282*4_474-281*4_474-283*4_474-280*4_474-284*4_474-2320*4_474-2417*4_474-279*4_474-285*4_474-278*4_474-286*4_474-277*4_474-287*4_474-276*4_474-2416*4_474-2319*4_474-275*4_474-274*4_474-2415*4_474-2318*4_474-2414*4_474-2317*4_474-2413*4_803-1798*3_803-902*3_803-1799*3_803-903*3_803-904*3_803-1800*3_803-905*3_803-1801*3_803-906*3_803-1802*3_803-716*3_803-717*3_803-718*3_803-1892*3_803-1893*3_803-1882*3_803-719*3_803-1881*3_803-720*3_803-1880*3_803-1879*3_803-721*3_803-1878*3_803-722*3_803-1877*3_803-618*3_803-1876*3_803-619*3_803-723*3_803-620*3_803-1875*3_803-621*3_803-1874*3_803-622*3_803-1500*3_803-1499*3_803-1873*3_803-623*3_1111-919*2_1111-918*2_1111-921*2_1111-1991*2_961-1338*5_961-1339*5_961-1340*5_961-1341*5_961-1342*5_961-1343*5_1410-1394*5_1410-1300*5_961-1153*5_961-1152*5_961-1154*5_961-1155*5_961-1156*5_961-1157*5_961-1158*5_1410-1299*5_1410-1393*5_1410-1298*5_1410-584*5_1410-1392*5_1410-583*5_1410-585*5_1410-582*5_1410-586*5_1410-581*5_1410-587*5_1410-580*5_1410-588*5_1410-579*5_1410-1297*5_1410-578*5_1410-1391*5_1410-577*5_1410-576*5_1410-1296*5_1410-1390*5_1841-1649*5_1841-1650*5_1841-1647*5_1841-1651*5_1841-1646*5_1841-1652*5_1841-1645*5_1841-1653*5_1841-321*5_1841-1644*5_1841-1654*5_1841-223*5_1841-1643*5_1841-1655*5_1841-320*5_1841-1642*5_1841-1656*5_1841-129*5_1841-1641*5_1841-1657*5_1841-222*5_1841-128*5_1841-1640*5_1841-1658*5_1841-319*5_1841-1639*5_1841-1659*5_1841-221*5_1841-39*5_1841-127*5_1841-318*5_1841-1638*5_1841-1660*5_1841-38*5_1841-1637*5_2120-90*5_2120-188*5_805-907*3_805-908*3_805-909*3_805-1803*3_805-910*3_805-1804*3_805-1894*3_805-911*3_805-1895*3_805-1805*3_805-915*3_805-1000*3_805-1808*3_805-916*3_805-1809*3_805-917*3_805-1810*3_805-1811*3_805-624*3_805-1872*3_805-625*3_1568-1566*5_1568-1565*5_1568-404*5_1568-1564*5_1568-403*5_1568-1563*5_1568-402*5_1568-1562*5_1568-401*5_1568-1561*5_1568-312*5_1568-400*5_1568-1472*5_1568-1560*5_1568-311*5_1568-313*5_1568-1471*5_1568-1473*5_1568-310*5_1568-314*5_1568-1470*5_1568-1474*5_1568-309*5_1568-315*5_1568-1469*5_1568-1475*5_1568-308*5_1568-316*5_1568-1468*5_1568-1476*5_1568-399*5_1568-1559*5_1568-307*5_1568-317*5_1568-1467*5_1568-1477*5_1568-306*5_1568-398*5_1568-1466*5_1568-1558*5_1568-305*5_1568-1465*5_1568-397*5_1568-1557*5_1568-304*5_1568-1464*5_1568-396*5_1568-1556*5_1568-303*5_1568-1463*5_1568-302*5_1568-322*5_1568-494*5_1568-1462*5_1568-395*5_1568-1555*5_1568-301*5_1568-323*5_1568-493*5_1568-1461*5_1568-394*5_1568-1554*5_1568-300*5_1568-324*5_1568-492*5_1568-1460*5_1568-393*5_1568-1553*5_1568-299*5_1568-325*5_1568-491*5_1568-1459*5_1568-216*5_1568-392*5_1568-1376*5_1568-1552*5_1568-215*5_1568-217*5_1568-1375*5_1568-1377*5_1568-214*5_1568-218*5_1568-298*5_1568-326*5_1568-490*5_1568-1374*5_1568-1378*5_1568-1458*5_1568-213*5_1568-219*5_1568-1373*5_1568-1379*5_1568-1757*5_1568-212*5_1568-220*5_1568-1372*5_1568-1380*5_1568-1756*5_1568-211*5_1568-1371*5_1568-1381*5_1568-1755*5_1568-297*5_1568-327*5_1568-391*5_1568-489*5_1568-1457*5_1568-1551*5_1568-210*5_1568-1370*5_1568-1382*5_1568-1754*5_1568-209*5_1568-1369*5_1568-1383*5_1568-1753*5_1568-208*5_1568-224*5_1568-296*5_1568-328*5_1568-488*5_1568-1368*5_1568-1384*5_1568-1456*5_1568-1648*5_1568-1752*5_1568-390*5_1568-1550*5_1568-207*5_1568-225*5_1568-1367*5_1568-1385*5_1568-1751*5_1568-295*5_1568-329*5_1568-487*5_1568-1455*5_1568-206*5_1568-226*5_1568-1366*5_1568-1386*5_1568-1750*5_1568-389*5_1568-1549*5_1568-205*5_1568-227*5_1568-1365*5_1568-1387*5_1568-1749*5_1568-294*5_1568-330*5_1568-486*5_1568-1454*5_1568-204*5_1568-228*5_1568-388*5_1568-1364*5_1568-1388*5_1568-1548*5_1568-1748*5_282-2316*5_282-2315*5_282-2314*5_282-2412*5_282-2313*5_282-2411*5_282-186*5_282-185*5_282-187*5_282-184*5_282-2312*5_282-2410*5_282-183*5_282-189*5_282-182*5_282-190*5_282-2311*5_282-2409*5_282-181*5_282-191*5_282-2408*5_282-2310*5_282-2407*5_282-2309*5_282-2406*5_282-2308*5_282-2405*5_282-2307*5_282-2404*5_282-2306*5_282-2403*5_282-2305*5_282-2402*5_282-89*5_282-91*5_282-88*5_282-92*5_282-2304*5_282-2401*5_282-87*5_282-93*5_282-86*5_282-94*5_282-85*5_282-95*5_282-84*5_282-2400*5_282-83*5_1501-686*5_1501-1397*5_1501-1396*5_1501-1395*5_2028-237*5_1501-1389*5_2024-47*5_2024-46*5_2024-140*5_616-1871*4_616-1870*4_616-1869*4_616-626*4_616-627*4_616-628*4_1919-1199*2_1919-1198*2_1919-1197*2_1919-1196*2_1919-1195*2_1919-1194*2_1919-1193*2_1919-1107*2_1919-1823*2_1919-1192*2_1919-1822*2_1919-1191*2_1919-1190*2_1919-1813*2_1919-1812*2_1919-1997*2_1655-229*6_1655-1747*6_1655-230*6_1655-1746*6_1655-231*6_1655-1745*6_1655-232*6_1655-1744*6_1655-331*6_1655-1743*6_1655-233*6_1655-332*6_1655-1742*6_1655-234*6_1655-1741*6_1655-235*6_1655-1740*6_1655-236*6_1655-1547*6_1655-1739*6_1655-126*6_1655-130*6_1655-1546*6_1655-1738*6_1655-125*6_1655-131*6_1655-124*6_1655-132*6_1655-238*6_1655-123*6_1655-133*6_1655-1545*6_1655-1737*6_1655-122*6_1655-134*6_1655-121*6_1655-135*6_1655-120*6_1655-136*6_1655-1544*6_1655-1736*6_1655-119*6_1655-137*6_1655-1543*6_1655-1735*6_1655-118*6_1655-138*6_1655-117*6_1655-139*6_1655-1542*6_1655-1734*6_1655-1453*6_1655-1636*6_1655-116*6_1655-1452*6_1655-1836*6_1655-1541*6_1655-1733*6_1655-115*6_1655-141*6_1655-1451*6_1655-1635*6_1655-1835*6_1498-685*5_1498-684*5_1498-683*5_1498-682*5_1498-681*5_1498-1402*5_1498-1401*5_1498-1403*5_1498-680*5_1498-1400*5_1498-1404*5_1498-1399*5_1498-1405*5_1498-1398*5_1498-1406*5_1498-679*5_1498-1407*5_1498-678*5_1498-677*5_1498-774*5_1498-676*5_1498-773*5_1498-675*5_1498-772*5_1498-674*5_1498-771*5_1498-673*5_1498-770*5_1498-1306*5_1498-1305*5_1498-1307*5_1498-672*5_1498-1304*5_1498-1308*5_1498-769*5_1498-1303*5_1498-1309*5_1498-1302*5_1498-1310*5_1498-1301*5_1498-1311*5_1498-768*5_1498-1312*5_1498-1313*5_1498-1314*5_1498-1315*5_1498-1316*5_1498-1295*5_1498-1317*5_1498-1294*5_1498-1318*5_1899-1995*2_1899-1994*2_1899-1996*2_1899-1993*2_1899-920*2_1899-1992*2_2321-180*5_2321-82*5_2321-81*5_2027-2020*5_2027-2019*5_2027-2018*5_2027-1926*5_2027-1925*5_2027-2017*5_2027-1924*5_2027-2116*5_2027-64*5_2027-2016*5_2027-63*5_2027-65*5_2027-62*5_2027-66*5_2027-1923*5_2027-2115*5_2027-61*5_2027-67*5_2027-149*5_2027-60*5_2027-68*5_2027-1922*5_2027-2114*5_2027-59*5_2027-69*5_2027-148*5_2027-58*5_2027-70*5_2027-1921*5_2027-2113*5_2027-57*5_2027-71*5_2027-147*5_2027-56*5_2027-72*5_2027-1920*5_2027-2112*5_2027-55*5_2027-73*5_2027-146*5_2027-54*5_2027-74*5_2027-145*5_2027-53*5_2027-75*5_2027-1834*5_2027-1833*5_2027-52*5_2027-76*5_2027-144*5_2027-1832*5_2027-1831*5_2027-1830*5_2027-51*5_2027-77*5_2027-1829*5_2027-143*5_2027-1828*5_2027-50*5_2027-1827*5_2027-142*5_2027-1826*5_2027-49*5_2027-1825*5_2027-48*5_2027-1824*5_1299-1293*6_1299-1292*6_1299-1291*6_1299-1290*6_1299-1289*6_1299-480*6_1299-1288*6_1299-481*6_1299-482*6_1299-483*6_1299-484*6_1299-1287*6_1299-485*6_1299-1286*6_1299-1285*6_1299-1284*6_1299-1283*6_1299-1282*6_1299-1281*6_1299-384*6_1299-1280*6_1299-385*6_1299-386*6_1299-387*6_1299-1279*6_2121-2118*5_2121-171*5_2121-2117*5_2121-172*5_2121-173*5_2121-174*5_2121-175*5_2121-2217*5_2121-176*5_2121-2216*5_2121-2218*5_2121-2215*5_2121-2219*5_2121-2214*5_2121-2220*5_2121-2213*5_2121-177*5_2121-2212*5_2121-2211*5_2121-178*5_2121-2210*5_2121-78*5_2121-179*5_2121-2209*5_2121-79*5_2121-80*5_2121-2208*5_1547-1446*7_1547-1445*7_1547-1444*7_1547-23*7_1739-41*7_1547-22*7_1739-42*7_1547-1443*7_1547-21*7_1739-43*7_1547-20*7_1739-44*7_1547-1442*7_1547-19*7_1739-45*7_1547-18*7_1547-1441*7_1547-17*7_1547-16*7_1547-1440*7_1547-15*7_1547-14*7_1547-13*7_1547-12*7_1547-11*7_1547-1348*7_1547-10*7_1547-1347*7_1547-1346*7_1547-9*7_1547-1345*7_1547-8*7_1547-1344*7_295-293*6_295-292*6_295-291*6_295-290*6_295-289*6_295-288*6_295-1272*6_295-1271*6_295-1273*6_295-1270*6_295-1274*6_295-1269*6_295-1275*6_295-1268*6_295-1276*6_295-196*6_295-1267*6_295-1277*6_295-195*6_295-1266*6_295-1278*6_295-194*6_295-1265*6_295-193*6_295-192*6_295-1264*6_295-1263*6_295-1262*6_295-1261*6_295-1260*6_295-1259*6_295-1258*6_295-100*6_295-99*6_295-1257*6_295-98*6_295-97*6_295-96*6_295-1256*6_295-1255*6_295-1254*6_1059-1056*5_1059-1336*5_1059-1335*5_1059-1337*5_1300-1319*6_125-114*7_125-113*7_125-112*7_125-1448*7_125-1447*7_125-1449*7_125-1450*7_125-111*7_125-110*7_125-109*7_125-108*7_125-107*7_125-106*7_125-203*7_125-105*7_1427-1321*5_1427-864*5_1427-1320*5_120-1540*7_120-1539*7_120-1538*7_120-1537*7_120-24*7_120-1536*7_120-25*7_120-26*7_120-27*7_120-28*7_120-29*7_120-30*7_120-1634*7_120-31*7_120-1633*7_120-32*7_120-1632*7_120-33*7_120-34*7_120-35*7_120-36*7_120-37*7_120-104*7_120-1352*7_120-1351*7_120-1353*7_120-202*7_120-1350*7_120-1354*7_120-1349*7_120-1355*7_120-1356*7_120-1732*7_120-1357*7_120-1731*7_120-103*7_120-201*7_120-1358*7_120-1730*7_120-1359*7_120-1729*7_120-40*7_120-200*7_120-1360*7_120-1728*7_120-102*7_120-1361*7_120-7*7_120-199*7_120-1362*7_120-101*7_120-1363*7_120-6*7_120-198*7_1262-197*7_1262-1253*7_1262-1252*7_1262-1251*7_1262-1250*7_1262-1249*7_1262-0*7_1262-1248*7_1262-1*7_1262-2*7_1262-3*7_1262-4*7_1262-5*7_
0,1,500,300,0,2496,49,2496,49,-1286.98,3,2.14286,195,2496,2300,2150,1138,25,1137_1139_1136_1140_2296_2295_2297_2294_2298_1135_1141_2293_2299_1134_1142_2292_2300_1133_1143_2291_2301_1132_1144_2392_2391_2393_2290_2302_2390_2394_2389_2395_1131_1145_2388_2396_2289_2303_2387_2397_1042_1130_1146_1234_1041_1043_1233_1235_1040_1044_1232_1236_2288_2386_2398_1039_1045_1231_1237_1038_1046_1230_1238_1129_1147_2287_2385_2399_1037_1047_1229_1239_1036_1048_1128_1148_1228_1240_2200_2384_2199_2201_2198_2202_2286_2197_2203_1035_1049_1227_1241_2196_2204_2383_1127_1149_2195_2205_2285_1034_1050_1226_1242_2194_2206_2382_1126_1150_1033_1051_1225_1243_2284_2193_2207_2381_1032_1052_1224_1244_2192_1125_1151_2283_2380_2191_1031_1053_1223_1245_1124_2488_2487_2489_2190_2282_2486_2490_2379_2485_2491_1030_1054_1222_1246_2484_2492_2189_2483_2493_1123_2281_2378_2482_2494_1029_1055_1221_1247_2188_2481_2495_946_1122_945_947_944_948_1028_1220_2280_2480_2377_943_949_2187_942_950_2479_941_951_1027_1121_1219_940_952_2376_2279_2186_2478_939_953_2477_938_954_1026_1218_1120_2104_2103_2105_2185_2375_2102_2106_2278_2101_2107_937_955_2100_2108_2476_2099_2109_1025_1217_936_956_2184_2098_2110_2374_1119_2277_2475_2097_2111_935_957_1024_1216_2096_2183_2474_2373_934_958_1118_959_2472_2471_2473_2470_2469_2468_2467_2466_2180_2372_2465_2179_2371_2084_862_861_863_860_2464_2370_859_2178_2083_858_2369_2463_857_2177_2082_856_2368_2462_838_837_839_836_840_2176_2081_855_835_841_2367_834_842_1991_833_843_2461_854_832_2080_2175_1990_2366_831_853_2460_1989_830_918_2079_2365_2174_829_852_1988_2459_917_828_2078_2364_1987_2173_851_827_1104_1912_1911_1913_1910_916_2458_1986_1909_2363_2077_826_1908_1907_1009_1906_1103_2457_2362_1200_766_1919_765_767_764_2456_2361_763_762_761_1199_760_2360_2455_2270_759_2269_758_2359_2454_757_2268_756_2358_2267_2453_755_2266_2357_754_1209_2015_1208_1207_849_2271_1108_1206_850_2172_1107_1205_2171_1204_1106_2170_1203_1012_1105_2076_2169_1202_1011_1914_1915_2075_1916_745_744_746_2168_743_747_1917_1201_742_748_1010_1918_741_749_2265_2074_740_750_2167_739_751_738_752_2264_2073_1905_1102_737_753_825_1008_1904_2166_736_2072_1985_2263_1903_1101_824_1984_735_1007_1198_2165_1902_1983_2071_2262_734_1901_823_1982_733_2452_2451_2450_2449_2448_671_670_2356_669_668_2355_2447_667_2354_666_2446_2353_665_2445_664_2352_663_2351_2444_662_2350_2443_661_2349_660_2442_2348_659_2441_2347_2261_658_2260_2346_2440_575_2259_574_573_572_2258_657_571_2257_2345_2439_570_656_2256_569_568_2344_2255_2438_567_655_2254_2343_566_2253_2437_2085_2086_2087_1981_927_926_928_1980_2088_925_929_732_924_930_1979_731_923_931_822_2089_1978_730_922_932_1977_729_821_921_933_2070_2090_2181_728_920_1976_1992_2182_820_2069_2091_727_919_1975_1993_819_726_2068_2092_1974_1994_725_818_844_1973_1995_2067_2093_724_1972_1996_817_845_2066_2094_723_915_1971_1997_816_1888_2164_1887_1889_2065_2095_1886_1890_722_914_1885_1891_1884_1892_1970_1998_1883_1893_2163_639_815_1023_638_640_1022_2064_637_641_721_913_1021_1882_1894_636_642_1020_635_643_1019_1881_1895_1969_1999_2162_634_644_1018_720_814_912_1880_1896_2063_633_645_1017_632_646_1016_1968_2000_1879_1897_2161_631_647_719_911_1015_813_1878_1898_2062_630_648_1014_2160_1967_2001_1877_1899_718_910_629_649_1013_812_2061_1876_1900_2159_1966_2002_628_650_717_909_1875_627_651_811_846_847_848_2272_2273_2274_2275_2276_652_653_2158_654_2157_1006_1005_1004_1003_1002_1100_1001_1099_1109_1810_1809_1811_2003_1000_1808_1812_2004_1098_1110_1807_1813_2005_1806_1814_2006_999_1097_1111_1805_1815_2007_1096_1112_1804_1816_2008_998_1803_1817_2009_908_1095_1113_907_997_1802_1818_2010_906_1094_1114_1801_1819_2011_996_905_1093_1115_904_1800_1820_2012_995_1092_1116_903_1799_1821_2013_902_994_1091_1117_1197_1798_1822_2014_1196_901_1195_993_1090_1194_1797_1823_900_1193_1714_1713_1715_992_1192_1712_1716_1796_1089_1711_1717_899_1710_1718_1191_1709_1719_1795_1088_1708_1720_991_898_1190_1210_1707_1721_1189_1211_1706_1722_1794_897_1087_990_1705_1723_1188_1212_1793_896_1704_1724_810_1086_989_1187_1213_809_1703_1725_808_1792_895_1186_1214_1085_1702_1726_2436_2435_2342_2434_2341_2433_2340_565_2432_479_2339_478_477_476_564_2338_475_2431_474_563_2337_473_2430_472_2336_562_471_2429_2335_561_470_2252_2428_2251_2250_2334_469_2249_560_2248_2247_468_2333_2427_2246_559_2245_467_2244_2332_2426_2243_466_558_2331_2242_2425_465_557_2241_2330_464_2240_2424_1138_2058_2057_1965_546_545_544_1964_2056_543_542_1963_541_2055_540_1962_539_2054_538_1961_626_537_2053_536_1960_2149_625_1874_535_1215_1185_1727_1184_1183_1182_1181_1180_1179_1084_1178_1083_1177_1082_1631_1176_1630_1629_1628_1627_1081_1626_1175_1625_1080_1624_1623_1174_1622_1079_1621_1173_988_1078_1620_987_1619_1868_1867_1772_1866_1771_1865_1770_526_525_527_524_528_608_1680_1864_1769_894_523_529_522_530_1679_521_531_607_520_532_1768_893_1863_1678_795_519_533_1677_518_534_606_892_1767_1862_794_517_1676_605_516_891_1766_1675_1861_793_515_604_1959_1674_1765_514_698_548_547_450_271_2052_2051_449_270_2223_2050_2133_358_269_2317_2132_2415_2222_268_357_2131_267_788_882_980_787_979_881_1684_786_978_1683_880_1512_1511_1513_1510_1514_1509_1515_1508_1516_1507_1517_612_785_977_1682_1506_1518_695_879_611_610_1681_609_2060_2059_1958_1957_1956_1955_1954_549_1860_1953_550_1859_441_440_442_1952_439_443_438_444_437_445_2049_1858_436_446_1951_435_447_434_448_2048_1857_433_1950_432_1856_2047_431_451_1949_1855_2046_430_452_429_453_2239_463_2238_462_2329_2237_379_378_380_377_381_461_376_382_2236_2328_375_383_374_460_2235_373_2327_372_2423_2234_371_459_2326_370_2233_2422_458_369_2325_368_2232_2421_457_2146_367_624_1872_1871_1873_1870_1869_623_622_621_620_619_618_716_617_715_616_1776_1775_1777_1774_1778_1773_1779_1780_2156_1781_2155_551_615_1782_2154_2153_552_2152_614_553_613_554_1854_428_1764_2130_2129_264_2128_2134_263_265_262_266_2127_2135_261_260_360_2126_2136_359_361_362_259_363_2125_2137_356_364_258_2124_2138_355_365_257_354_366_2035_2123_2139_2227_2034_2036_2226_2228_2033_2037_2225_2229_256_272_2032_2038_2224_2230_353_2031_2039_2231_2122_2140_352_2030_2040_255_273_2029_2041_2121_2141_2221_351_254_274_2028_2042_2220_168_2120_2142_167_169_166_170_350_2027_2043_2219_165_171_253_275_164_172_2119_2143_2026_2044_2218_163_173_349_252_276_162_174_2025_2045_2217_348_456_2118_2144_161_175_455_454_251_277_160_176_2024_2216_347_2117_2145_159_177_250_278_2023_2215_158_178_346_2116_2022_2214_249_279_157_179_345_1939_2115_2147_2323_1938_1940_2322_2324_1937_1941_2021_2213_2321_156_180_248_280_1936_1942_2320_1935_1943_2319_344_1934_1944_2318_2020_2114_2212_155_181_1933_1945_247_281_1932_1946_2316_343_154_182_1931_1947_2019_2211_2315_2113_246_282_1930_2314_153_183_342_2018_2210_1929_2313_72_2112_71_73_70_74_69_75_245_283_68_76_152_184_1928_2312_67_77_341_2017_2209_66_78_1927_2311_890_889_888_1608_1607_1609_1606_1610_1605_1611_887_1604_1612_1697_1603_1613_798_886_797_799_796_800_1696_1602_1614_986_885_1601_1615_1695_985_792_884_984_1600_1616_1694_791_983_1599_1617_883_1693_790_982_1598_1618_789_981_1692_1597_1691_1596_1690_1595_1689_1594_1505_1519_702_878_701_703_700_704_784_976_1504_1520_1688_1593_699_705_706_1503_1521_697_707_783_877_975_696_708_1592_1687_1502_1522_709_1501_1523_694_782_974_876_1591_1686_693_1077_1500_1524_781_973_692_1076_1590_875_1499_1525_1685_691_1075_780_972_1498_1526_1589_690_874_1074_556_555_2151_2150_1433_1064_1158_1432_1431_1063_1157_1430_1429_1062_1156_1428_1061_1427_971_1155_714_713_712_1784_1783_1785_1786_1787_1788_711_1789_710_1790_1791_807_806_805_804_803_802_801_1698_1699_1700_2420_2419_2418_2417_2416_287_286_285_284_2414_2413_2412_2148_1948_1701_1852_1853_330_46_329_45_1750_44_43_1737_136_1736_1735_1734_1733_42_1732_135_1731_1730_41_1729_134_40_1728_133_39_230_689_688_1496_1495_1497_1494_687_1493_686_1492_685_1491_684_1490_683_1588_1489_1587_594_682_593_595_592_596_1488_1586_591_597_590_598_681_1487_1585_589_599_588_600_680_1400_1584_1399_1401_1398_1402_1486_1397_1403_587_601_779_1396_1404_1583_679_1395_1405_1485_586_602_778_1394_1406_1582_678_585_603_777_1484_1393_1407_1581_584_776_1392_1408_677_1483_1580_1391_1409_583_775_676_1390_1410_1482_1579_582_774_1389_1411_675_1481_1578_581_773_1388_1412_498_674_497_499_496_500_580_772_1480_1577_495_501_1387_1413_494_502_493_503_579_673_771_492_504_1576_1479_1386_1414_491_505_490_506_578_770_672_1304_1303_1305_1385_1415_1575_1302_1306_1478_1301_1307_489_507_873_1300_1308_1299_1309_577_769_488_508_872_1384_1416_1298_1310_1574_1477_1297_1311_487_509_871_576_768_1296_1312_1383_1417_1573_486_510_870_1172_1171_1170_1169_1168_1535_1534_1533_1167_1532_1531_1166_1530_1165_1529_1073_1072_1164_1528_1071_1527_1163_1070_1162_1069_1068_1161_1067_1160_1439_1438_1437_1066_1436_1435_1159_1434_1065_1060_1426_970_1154_1673_513_512_1672_511_1671_1670_1669_2411_2410_2409_2408_2407_1753_327_1754_1668_1667_1572_1666_1571_1665_1570_414_413_415_412_416_1664_1569_411_417_1763_410_418_409_419_408_420_1568_1663_1762_407_421_406_422_1567_1761_1662_405_423_404_424_1760_1566_1661_403_425_1759_1474_1565_402_426_1425_1059_968_1424_967_966_1058_965_1423_964_1057_963_1334_1333_1335_1056_1332_1336_962_1331_1337_1330_1338_961_1329_1339_960_1328_1340_1327_1341_1326_1342_1325_1343_1153_1152_1324_1323_1285_1379_1284_1378_1283_1377_137_138_1738_132_131_130_129_128_1640_1639_1641_38_1638_1642_37_229_1637_1643_36_228_1636_1644_127_35_227_1635_1645_34_126_226_1634_1646_33_225_1633_1647_125_32_224_1632_1648_124_31_223_1649_30_222_1650_123_29_221_1651_122_28_220_1652_121_27_219_1653_120_1544_1543_1545_26_218_1542_1546_1654_1541_1547_324_1540_1548_323_1539_1549_25_119_217_1655_322_1538_1550_321_1537_1551_24_216_320_1536_1552_1656_118_319_1553_23_215_1657_318_1554_117_317_1555_22_214_1658_116_316_1556_187_186_188_185_189_190_191_2310_2406_2309_2405_2308_2404_2307_2403_2306_2402_2305_2401_91_90_92_89_93_88_94_2304_87_95_86_2400_85_84_83_82_64_2016_63_65_62_61_60_59_1851_427_1757_1758_1420_1419_1418_869_1322_868_867_866_1321_865_864_1320_1319_1313_1314_1315_1316_1317_1318_1421_1422_969_1295_1476_1475_1473_401_400_1472_399_398_1471_397_1470_396_1382_395_1381_1469_1380_394_1468_393_1564_1467_392_1376_1563_485_1375_1466_391_1374_1562_484_390_1465_1373_1561_307_483_306_308_305_309_389_304_310_1372_1464_303_311_302_312_1560_388_482_1371_301_313_1463_300_314_1660_1559_1370_299_315_387_481_1462_298_1659_1369_1558_386_297_480_1288_1287_1289_1286_1290_1291_1461_296_1292_1368_1293_1557_385_1282_1294_295_79_80_2208_81_150_1829_1828_1827_1921_1826_55_54_56_1920_53_52_51_1825_50_49_48_1824_47_9_1345_8_1344_200_1360_1361_1362_1363_7_1364_199_6_198_5_197_196_195_100_194_1281_384_1280_1279_1278_1277_1276_1275_1274_291_1273_290_289_288_1272_1271_244_243_242_241_1839_1838_1837_151_239_1836_149_148_1835_238_147_1834_146_1926_237_1833_145_1925_144_236_1832_143_1831_1924_235_142_1830_1923_234_141_140_1922_233_139_1743_1742_1741_1740_57_1739_58_1460_1459_213_212_1458_211_210_1457_209_208_1456_207_1455_206_1454_205_1453_204_1452_203_1367_1366_1365_1451_202_1450_201_294_1449_115_114_1359_113_293_112_1448_1358_111_1357_110_292_1447_109_1356_108_1446_1355_107_1354_1445_106_240_1840_1841_1842_1843_1844_1845_1846_340_339_338_1847_337_336_1848_335_1849_334_333_1850_332_331_193_192_1264_1263_1265_1262_1266_1261_1267_1260_1268_1259_1269_1258_1270_1257_99_98_97_101_96_1256_1255_1254_1253_1252_1251_1347_1250_1346_1249_3_2_4_1_0_1248_10_11_21_20_19_18_17_16_1440_1442_1441_15_14_13_12_1746_1745_1747_232_1744_1748_1749_1751_328_1752_231_1755_1756_326_325_1443_1348_1444_1349_1350_1351_105_104_1352_103_1353_102_,0_1_2_3_4_5_6_7_8_9_10_11_12_13_14_15_16_17_18_19_20_21_22_23_24_25_26_27_28_29_30_31_32_33_34_35_36_37_38_39_40_41_42_43_44_45_46_47_48_49_50_51_52_53_54_55_56_57_58_59_60_61_62_63_64_65_66_67_68_69_70_71_72_73_74_75_76_77_78_79_80_81_82_83_84_85_86_87_88_89_90_91_92_93_94_95_96_97_98_99_100_101_102_103_104_105_106_107_108_109_110_111_112_113_114_115_116_117_118_119_120_121_122_123_124_125_126_127_128_129_130_131_132_133_134_135_136_137_138_139_140_141_142_143_144_145_146_147_148_149_150_151_152_153_154_155_156_157_158_159_160_161_162_163_164_165_166_167_168_169_170_171_172_173_174_175_176_177_178_179_180_181_182_183_184_185_186_187_188_189_190_191_192_193_194_195_196_197_198_199_200_201_202_203_204_205_206_207_208_209_210_211_212_213_214_215_216_217_218_219_220_221_222_223_224_225_226_227_228_229_230_231_232_233_234_235_236_237_238_239_240_241_242_243_244_245_246_247_248_249_250_251_252_253_254_255_256_257_258_259_260_261_262_263_264_265_266_267_268_269_270_271_272_273_274_275_276_277_278_279_280_281_282_283_284_285_286_287_288_289_290_291_292_293_294_295_296_297_298_299_300_301_302_303_304_305_306_307_308_309_310_311_312_313_314_315_316_317_318_319_320_321_322_323_324_325_326_327_328_329_330_331_332_333_334_335_336_337_338_339_340_341_342_343_344_345_346_347_348_349_350_351_352_353_354_355_356_357_358_359_360_361_362_363_364_365_366_367_368_369_370_371_372_373_374_375_376_377_378_379_380_381_382_383_384_385_386_387_388_389_390_391_392_393_394_395_396_397_398_399_400_401_402_403_404_405_406_407_408_409_410_411_412_413_414_415_416_417_418_419_420_421_422_423_424_425_426_427_428_429_430_431_432_433_434_435_436_437_438_439_440_441_442_443_444_445_446_447_448_449_450_451_452_453_454_455_456_457_458_459_460_461_462_463_464_465_466_467_468_469_470_471_472_473_474_475_476_477_478_479_480_481_482_483_484_485_486_487_488_489_490_491_492_493_494_495_496_497_498_499_500_501_502_503_504_505_506_507_508_509_510_511_512_513_514_515_516_517_518_519_520_521_522_523_524_525_526_527_528_529_530_531_532_533_534_535_536_537_538_539_540_541_542_543_544_545_546_547_548_549_550_551_552_553_554_555_556_557_558_559_560_561_562_563_564_565_566_567_568_569_570_571_572_573_574_575_576_577_578_579_580_581_582_583_584_585_586_587_588_589_590_591_592_593_594_595_596_597_598_599_600_601_602_603_604_605_606_607_608_609_610_611_612_613_614_615_616_617_618_619_620_621_622_623_624_625_626_627_628_629_630_631_632_633_634_635_636_637_638_639_640_641_642_643_644_645_646_647_648_649_650_651_652_653_654_655_656_657_658_659_660_661_662_663_664_665_666_667_668_669_670_671_672_673_674_675_676_677_678_679_680_681_682_683_684_685_686_687_688_689_690_691_692_693_694_695_696_697_698_699_700_701_702_703_704_705_706_707_708_709_710_711_712_713_714_715_716_717_718_719_720_721_722_723_724_725_726_727_728_729_730_731_732_733_734_735_736_737_738_739_740_741_742_743_744_745_746_747_748_749_750_751_752_753_754_755_756_757_758_759_760_761_762_763_764_765_766_767_768_769_770_771_772_773_774_775_776_777_778_779_780_781_782_783_784_785_786_787_788_789_790_791_792_793_794_795_796_797_798_799_800_801_802_803_804_805_806_807_808_809_810_811_812_813_814_815_816_817_818_819_820_821_822_823_824_825_826_827_828_829_830_831_832_833_834_835_836_837_838_839_840_841_842_843_844_845_846_847_848_849_850_851_852_853_854_855_856_857_858_859_860_861_862_863_864_865_866_867_868_869_870_871_872_873_874_875_876_877_878_879_880_881_882_883_884_885_886_887_888_889_890_891_892_893_894_895_896_897_898_899_900_901_902_903_904_905_906_907_908_909_910_911_912_913_914_915_916_917_918_919_920_921_922_923_924_925_926_927_928_929_930_931_932_933_934_935_936_937_938_939_940_941_942_943_944_945_946_947_948_949_950_951_952_953_954_955_956_957_958_959_960_961_962_963_964_965_966_967_968_969_970_971_972_973_974_975_976_977_978_979_980_981_982_983_984_985_986_987_988_989_990_991_992_993_994_995_996_997_998_999_1000_1001_1002_1003_1004_1005_1006_1007_1008_1009_1010_1011_1012_1013_1014_1015_1016_1017_1018_1019_1020_1021_1022_1023_1024_1025_1026_1027_1028_1029_1030_1031_1032_1033_1034_1035_1036_1037_1038_1039_1040_1041_1042_1043_1044_1045_1046_1047_1048_1049_1050_1051_1052_1053_1054_1055_1056_1057_1058_1059_1060_1061_1062_1063_1064_1065_1066_1067_1068_1069_1070_1071_1072_1073_1074_1075_1076_1077_1078_1079_1080_1081_1082_1083_1084_1085_1086_1087_1088_1089_1090_1091_1092_1093_1094_1095_1096_1097_1098_1099_1100_1101_1102_1103_1104_1105_1106_1107_1108_1109_1110_1111_1112_1113_1114_1115_1116_1117_1118_1119_1120_1121_1122_1123_1124_1125_1126_1127_1128_1129_1130_1131_1132_1133_1134_1135_1136_1137_1138_1139_1140_1141_1142_1143_1144_1145_1146_1147_1148_1149_1150_1151_1152_1153_1154_1155_1156_1157_1158_1159_1160_1161_1162_1163_1164_1165_1166_1167_1168_1169_1170_1171_1172_1173_1174_1175_1176_1177_1178_1179_1180_1181_1182_1183_1184_1185_1186_1187_1188_1189_1190_1191_1192_1193_1194_1195_1196_1197_1198_1199_1200_1201_1202_1203_1204_1205_1206_1207_1208_1209_1210_1211_1212_1213_1214_1215_1216_1217_1218_1219_1220_1221_1222_1223_1224_1225_1226_1227_1228_1229_1230_1231_1232_1233_1234_1235_1236_1237_1238_1239_1240_1241_1242_1243_1244_1245_1246_1247_1248_1249_1250_1251_1252_1253_1254_1255_1256_1257_1258_1259_1260_1261_1262_1263_1264_1265_1266_1267_1268_1269_1270_1271_1272_1273_1274_1275_1276_1277_1278_1279_1280_1281_1282_1283_1284_1285_1286_1287_1288_1289_1290_1291_1292_1293_1294_1295_1296_1297_1298_1299_1300_1301_1302_1303_1304_1305_1306_1307_1308_1309_1310_1311_1312_1313_1314_1315_1316_1317_1318_1319_1320_1321_1322_1323_1324_1325_1326_1327_1328_1329_1330_1331_1332_1333_1334_1335_1336_1337_1338_1339_1340_1341_1342_1343_1344_1345_1346_1347_1348_1349_1350_1351_1352_1353_1354_1355_1356_1357_1358_1359_1360_1361_1362_1363_1364_1365_1366_1367_1368_1369_1370_1371_1372_1373_1374_1375_1376_1377_1378_1379_1380_1381_1382_1383_1384_1385_1386_1387_1388_1389_1390_1391_1392_1393_1394_1395_1396_1397_1398_1399_1400_1401_1402_1403_1404_1405_1406_1407_1408_1409_1410_1411_1412_1413_1414_1415_1416_1417_1418_1419_1420_1421_1422_1423_1424_1425_1426_1427_1428_1429_1430_1431_1432_1433_1434_1435_1436_1437_1438_1439_1440_1441_1442_1443_1444_1445_1446_1447_1448_1449_1450_1451_1452_1453_1454_1455_1456_1457_1458_1459_1460_1461_1462_1463_1464_1465_1466_1467_1468_1469_1470_1471_1472_1473_1474_1475_1476_1477_1478_1479_1480_1481_1482_1483_1484_1485_1486_1487_1488_1489_1490_1491_1492_1493_1494_1495_1496_1497_1498_1499_1500_1501_1502_1503_1504_1505_1506_1507_1508_1509_1510_1511_1512_1513_1514_1515_1516_1517_1518_1519_1520_1521_1522_1523_1524_1525_1526_1527_1528_1529_1530_1531_1532_1533_1534_1535_1536_1537_1538_1539_1540_1541_1542_1543_1544_1545_1546_1547_1548_1549_1550_1551_1552_1553_1554_1555_1556_1557_1558_1559_1560_1561_1562_1563_1564_1565_1566_1567_1568_1569_1570_1571_1572_1573_1574_1575_1576_1577_1578_1579_1580_1581_1582_1583_1584_1585_1586_1587_1588_1589_1590_1591_1592_1593_1594_1595_1596_1597_1598_1599_1600_1601_1602_1603_1604_1605_1606_1607_1608_1609_1610_1611_1612_1613_1614_1615_1616_1617_1618_1619_1620_1621_1622_1623_1624_1625_1626_1627_1628_1629_1630_1631_1632_1633_1634_1635_1636_1637_1638_1639_1640_1641_1642_1643_1644_1645_1646_1647_1648_1649_1650_1651_1652_1653_1654_1655_1656_1657_1658_1659_1660_1661_1662_1663_1664_1665_1666_1667_1668_1669_1670_1671_1672_1673_1674_1675_1676_1677_1678_1679_1680_1681_1682_1683_1684_1685_1686_1687_1688_1689_1690_1691_1692_1693_1694_1695_1696_1697_1698_1699_1700_1701_1702_1703_1704_1705_1706_1707_1708_1709_1710_1711_1712_1713_1714_1715_1716_1717_1718_1719_1720_1721_1722_1723_1724_1725_1726_1727_1728_1729_1730_1731_1732_1733_1734_1735_1736_1737_1738_1739_1740_1741_1742_1743_1744_1745_1746_1747_1748_1749_1750_1751_1752_1753_1754_1755_1756_1757_1758_1759_1760_1761_1762_1763_1764_1765_1766_1767_1768_1769_1770_1771_1772_1773_1774_1775_1776_1777_1778_1779_1780_1781_1782_1783_1784_1785_1786_1787_1788_1789_1790_1791_1792_1793_1794_1795_1796_1797_1798_1799_1800_1801_1802_1803_1804_1805_1806_1807_1808_1809_1810_1811_1812_1813_1814_1815_1816_1817_1818_1819_1820_1821_1822_1823_1824_1825_1826_1827_1828_1829_1830_1831_1832_1833_1834_1835_1836_1837_1838_1839_1840_1841_1842_1843_1844_1845_1846_1847_1848_1849_1850_1851_1852_1853_1854_1855_1856_1857_1858_1859_1860_1861_1862_1863_1864_1865_1866_1867_1868_1869_1870_1871_1872_1873_1874_1875_1876_1877_1878_1879_1880_1881_1882_1883_1884_1885_1886_1887_1888_1889_1890_1891_1892_1893_1894_1895_1896_1897_1898_1899_1900_1901_1902_1903_1904_1905_1906_1907_1908_1909_1910_1911_1912_1913_1914_1915_1916_1917_1918_1919_1920_1921_1922_1923_1924_1925_1926_1927_1928_1929_1930_1931_1932_1933_1934_1935_1936_1937_1938_1939_1940_1941_1942_1943_1944_1945_1946_1947_1948_1949_1950_1951_1952_1953_1954_1955_1956_1957_1958_1959_1960_1961_1962_1963_1964_1965_1966_1967_1968_1969_1970_1971_1972_1973_1974_1975_1976_1977_1978_1979_1980_1981_1982_1983_1984_1985_1986_1987_1988_1989_1990_1991_1992_1993_1994_1995_1996_1997_1998_1999_2000_2001_2002_2003_2004_2005_2006_2007_2008_2009_2010_2011_2012_2013_2014_2015_2016_2017_2018_2019_2020_2021_2022_2023_2024_2025_2026_2027_2028_2029_2030_2031_2032_2033_2034_2035_2036_2037_2038_2039_2040_2041_2042_2043_2044_2045_2046_2047_2048_2049_2050_2051_2052_2053_2054_2055_2056_2057_2058_2059_2060_2061_2062_2063_2064_2065_2066_2067_2068_2069_2070_2071_2072_2073_2074_2075_2076_2077_2078_2079_2080_2081_2082_2083_2084_2085_2086_2087_2088_2089_2090_2091_2092_2093_2094_2095_2096_2097_2098_2099_2100_2101_2102_2103_2104_2105_2106_2107_2108_2109_2110_2111_2112_2113_2114_2115_2116_2117_2118_2119_2120_2121_2122_2123_2124_2125_2126_2127_2128_2129_2130_2131_2132_2133_2134_2135_2136_2137_2138_2139_2140_2141_2142_2143_2144_2145_2146_2147_2148_2149_2150_2151_2152_2153_2154_2155_2156_2157_2158_2159_2160_2161_2162_2163_2164_2165_2166_2167_2168_2169_2170_2171_2172_2173_2174_2175_2176_2177_2178_2179_2180_2181_2182_2183_2184_2185_2186_2187_2188_2189_2190_2191_2192_2193_2194_2195_2196_2197_2198_2199_2200_2201_2202_2203_2204_2205_2206_2207_2208_2209_2210_2211_2212_2213_2214_2215_2216_2217_2218_2219_2220_2221_2222_2223_2224_2225_2226_2227_2228_2229_2230_2231_2232_2233_2234_2235_2236_2237_2238_2239_2240_2241_2242_2243_2244_2245_2246_2247_2248_2249_2250_2251_2252_2253_2254_2255_2256_2257_2258_2259_2260_2261_2262_2263_2264_2265_2266_2267_2268_2269_2270_2271_2272_2273_2274_2275_2276_2277_2278_2279_2280_2281_2282_2283_2284_2285_2286_2287_2288_2289_2290_2291_2292_2293_2294_2295_2296_2297_2298_2299_2300_2301_2302_2303_2304_2305_2306_2307_2308_2309_2310_2311_2312_2313_2314_2315_2316_2317_2318_2319_2320_2321_2322_2323_2324_2325_2326_2327_2328_2329_2330_2331_2332_2333_2334_2335_2336_2337_2338_2339_2340_2341_2342_2343_2344_2345_2346_2347_2348_2349_2350_2351_2352_2353_2354_2355_2356_2357_2358_2359_2360_2361_2362_2363_2364_2365_2366_2367_2368_2369_2370_2371_2372_2373_2374_2375_2376_2377_2378_2379_2380_2381_2382_2383_2384_2385_2386_2387_2388_2389_2390_2391_2392_2393_2394_2395_2396_2397_2398_2399_2400_2401_2402_2403_2404_2405_2406_2407_2408_2409_2410_2411_2412_2413_2414_2415_2416_2417_2418_2419_2420_2421_2422_2423_2424_2425_2426_2427_2428_2429_2430_2431_2432_2433_2434_2435_2436_2437_2438_2439_2440_2441_2442_2443_2444_2445_2446_2447_2448_2449_2450_2451_2452_2453_2454_2455_2456_2457_2458_2459_2460_2461_2462_2463_2464_2465_2466_2467_2468_2469_2470_2471_2472_2473_2474_2475_2476_2477_2478_2479_2480_2481_2482_2483_2484_2485_2486_2487_2488_2489_2490_2491_2492_2493_2494_2495_,12:{1443;1348;1444;1349;1350;1351;105;104;1352;103;1353;102;}171:{79;80;2208;81;}195:{193;192;1264;1263;1265;1262;1266;1261;1267;1260;1268;1259;1269;1258;1270;1257;99;98;97;101;96;1256;1255;1254;1253;1252;1251;1347;1250;1346;1249;3;2;4;1;0;1248;10;11;}214:{200;1360;1361;1362;1363;1364;199;198;197;196;195;100;194;}216:{21;20;19;18;17;16;1440;}247:{150;1829;1828;1827;1921;1826;55;54;56;1920;53;52;51;1825;50;49;48;1824;47;}251:{1852;1853;330;329;1750;}283:{187;186;188;185;189;190;191;2310;2406;2309;2405;2308;2404;2307;2403;2306;2402;2305;2401;91;90;92;89;93;88;94;2304;87;95;86;2400;85;84;83;82;}310:{1460;1459;213;212;1458;211;210;1457;209;208;1456;207;1455;206;1454;205;1453;204;1452;203;1367;1366;1365;1451;202;1450;201;294;1449;115;114;1359;113;293;112;1448;1358;111;1357;110;292;1447;109;1356;108;1446;1355;107;1354;1445;106;}471:{271;270;2223;2133;358;269;2317;2132;2415;2222;268;357;2131;267;}499:{1476;1475;1473;401;400;1472;399;398;1471;397;1470;396;1382;395;1381;1469;1380;394;1468;393;1564;1467;392;1376;1563;485;1375;1466;391;1374;1562;484;390;1465;1373;1561;307;483;306;308;305;309;389;304;310;1372;1464;303;311;302;312;1560;388;482;1371;301;313;1463;300;314;1660;1559;1370;299;315;387;481;1462;298;1659;1369;1558;386;297;480;1288;1287;1289;1286;1290;1291;1461;296;1292;1368;1293;1557;385;1282;1294;295;}548:{2148;1948;}563:{548;547;450;2052;2051;449;2050;}571:{2239;463;2238;462;2329;2237;379;378;380;377;381;461;376;382;2236;2328;375;383;374;460;2235;373;2327;372;2423;2234;371;459;2326;370;2233;2422;458;369;2325;368;2232;2421;457;2146;367;}606:{1668;1667;1572;1666;1571;1665;1570;414;413;415;412;416;1664;1569;411;417;1763;410;418;409;419;408;420;1568;1663;1762;407;421;406;422;1567;1761;1662;405;423;404;424;1760;1566;1661;403;425;1759;1474;1565;402;426;}633:{2060;2059;1958;1957;1956;1955;1954;549;1860;1953;550;1859;441;440;442;1952;439;443;438;444;437;445;2049;1858;436;446;1951;435;447;434;448;2048;1857;433;1950;432;1856;2047;431;451;1949;1855;2046;430;452;429;453;}665:{556;555;2151;2150;}690:{689;688;1496;1495;1497;1494;687;1493;686;1492;685;1491;684;1490;683;1588;1489;1587;594;682;593;595;592;596;1488;1586;591;597;590;598;681;1487;1585;589;599;588;600;680;1400;1584;1399;1401;1398;1402;1486;1397;1403;587;601;779;1396;1404;1583;679;1395;1405;1485;586;602;778;1394;1406;1582;678;585;603;777;1484;1393;1407;1581;584;776;1392;1408;677;1483;1580;1391;1409;583;775;676;1390;1410;1482;1579;582;774;1389;1411;675;1481;1578;581;773;1388;1412;498;674;497;499;496;500;580;772;1480;1577;495;501;1387;1413;494;502;493;503;579;673;771;492;504;1576;1479;1386;1414;491;505;490;506;578;770;672;1304;1303;1305;1385;1415;1575;1302;1306;1478;1301;1307;489;507;873;1300;1308;1299;1309;577;769;488;508;872;1384;1416;1298;1310;1574;1477;1297;1311;487;509;871;576;768;1296;1312;1383;1417;1573;486;510;870;}709:{1673;513;512;1672;511;1671;1670;1669;}718:{1868;1867;1772;1866;1771;1865;1770;526;525;527;524;528;608;1680;1864;1769;523;529;522;530;1679;521;531;607;520;532;1768;1863;1678;519;533;1677;518;534;606;1767;1862;517;1676;605;516;1766;1675;1861;515;604;1959;1674;1765;514;698;}720:{714;713;712;1784;1783;1785;1786;1787;1788;711;1789;710;1790;1791;807;806;805;804;803;802;801;1698;1699;1700;}739:{2058;2057;1965;546;545;544;1964;2056;543;542;1963;541;2055;540;1962;539;2054;538;1961;626;537;2053;536;1960;2149;625;1874;535;}778:{1313;1314;1315;1316;1317;1318;1421;1422;969;1295;}810:{1684;1683;612;1682;611;610;1681;609;}813:{894;893;795;892;794;891;793;}831:{2085;2086;2087;1981;927;926;928;1980;2088;925;929;732;924;930;1979;731;923;931;822;2089;1978;730;922;932;1977;729;821;921;933;2070;2090;2181;728;920;1976;1992;2182;820;2069;2091;727;919;1975;1993;819;726;2068;2092;1974;1994;725;818;844;1973;1995;2067;2093;724;1972;1996;817;845;2066;2094;723;915;1971;1997;816;1888;2164;1887;1889;2065;2095;1886;1890;722;914;1885;1891;1884;1892;1970;1998;1883;1893;2163;639;815;1023;638;640;1022;2064;637;641;721;913;1021;1882;1894;636;642;1020;635;643;1019;1881;1895;1969;1999;2162;634;644;1018;720;814;912;1880;1896;2063;633;645;1017;632;646;1016;1968;2000;1879;1897;2161;631;647;719;911;1015;813;1878;1898;2062;630;648;1014;2160;1967;2001;1877;1899;718;910;629;649;1013;812;2061;1876;1900;2159;1966;2002;628;650;717;909;1875;627;651;811;}837:{846;847;848;2272;2273;2274;2275;2276;652;653;2158;654;2157;}894:{890;889;888;1608;1607;1609;1606;1610;1605;1611;887;1604;1612;1697;1603;1613;798;886;797;799;796;800;1696;1602;1614;986;885;1601;1615;1695;985;792;884;984;1600;1616;1694;791;983;1599;1617;883;1693;790;982;1598;1618;789;981;1692;1597;1691;1596;1690;1595;1689;1594;1505;1519;702;878;701;703;700;704;784;976;1504;1520;1688;1593;699;705;706;1503;1521;697;707;783;877;975;696;708;1592;1687;1502;1522;709;1501;1523;694;782;974;876;1591;1686;693;1077;1500;1524;781;973;692;1076;1590;875;1499;1525;1685;691;1075;780;972;1498;1526;1589;690;874;1074;}899:{788;882;980;787;979;881;786;978;880;1512;1511;1513;1510;1514;1509;1515;1508;1516;1507;1517;785;977;1506;1518;695;879;}937:{849;2271;850;2172;2171;2170;2076;2169;2075;745;744;746;2168;743;747;742;748;741;749;2265;2074;740;750;2167;739;751;738;752;2264;2073;737;753;825;2166;736;2072;1985;2263;824;1984;735;2165;1983;2071;2262;734;823;1982;733;}958:{959;2472;2471;2473;2470;2469;2468;2467;2466;2372;2465;2371;862;861;863;860;2464;2370;859;858;2369;2463;857;856;2368;2462;855;2367;2461;854;2366;853;2460;2365;852;2459;2364;851;2458;2363;2457;2362;766;765;767;764;2456;2361;763;762;761;760;2360;2455;2270;759;2269;758;2359;2454;757;2268;756;2358;2267;2453;755;2266;2357;754;}1030:{2180;2179;2084;2178;2083;2177;2082;838;837;839;836;840;2176;2081;835;841;834;842;1991;833;843;832;2080;2175;1990;831;1989;830;918;2079;2174;829;1988;917;828;2078;1987;2173;827;916;1986;2077;826;}1065:{1420;1419;1418;869;1322;868;867;866;1321;865;864;1320;1319;}1123:{1104;1912;1911;1913;1910;1909;1908;1907;1009;1906;1103;}1138:{1137;1139;1136;1140;2296;2295;2297;2294;2298;1135;1141;2293;2299;1134;1142;2292;2300;1133;1143;2291;2301;1132;1144;2392;2391;2393;2290;2302;2390;2394;2389;2395;1131;1145;2388;2396;2289;2303;2387;2397;1042;1130;1146;1234;1041;1043;1233;1235;1040;1044;1232;1236;2288;2386;2398;1039;1045;1231;1237;1038;1046;1230;1238;1129;1147;2287;2385;2399;1037;1047;1229;1239;1036;1048;1128;1148;1228;1240;2200;2384;2199;2201;2198;2202;2286;2197;2203;1035;1049;1227;1241;2196;2204;2383;1127;1149;2195;2205;2285;1034;1050;1226;1242;2194;2206;2382;1126;1150;1033;1051;1225;1243;2284;2193;2207;2381;1032;1052;1224;1244;2192;1125;1151;2283;2380;2191;1031;1053;1223;1245;1124;2488;2487;2489;2190;2282;2486;2490;2379;2485;2491;1030;1054;1222;1246;2484;2492;2189;2483;2493;1123;2281;2378;2482;2494;1029;1055;1221;1247;2188;2481;2495;946;1122;945;947;944;948;1028;1220;2280;2480;2377;943;949;2187;942;950;2479;941;951;1027;1121;1219;940;952;2376;2279;2186;2478;939;953;2477;938;954;1026;1218;1120;2104;2103;2105;2185;2375;2102;2106;2278;2101;2107;937;955;2100;2108;2476;2099;2109;1025;1217;936;956;2184;2098;2110;2374;1119;2277;2475;2097;2111;935;957;1024;1216;2096;2183;2474;2373;934;958;1118;}1174:{1172;1171;1170;1169;1168;1535;1534;1533;1167;1532;1531;1166;1530;1165;1529;1073;1072;1164;1528;1071;1527;1163;1070;1162;1069;1068;1161;1067;1160;1439;1438;1437;1066;1436;1435;1159;1434;1065;1060;1426;970;1154;}1175:{1433;1064;1158;1432;1431;1063;1157;1430;1429;1062;1156;1428;1061;1427;971;1155;}1219:{1200;1919;1199;}1385:{1281;384;1280;1279;1278;1277;1276;1275;1274;291;1273;290;289;288;1272;1271;}1397:{1285;1379;1284;1378;1283;1377;}1430:{1425;1059;968;1424;967;966;1058;965;1423;964;1057;963;1334;1333;1335;1056;1332;1336;962;1331;1337;1330;1338;961;1329;1339;960;1328;1340;1327;1341;1326;1342;1325;1343;1153;1152;1324;1323;}1452:{1442;1441;15;14;13;12;}1539:{9;1345;8;1344;7;6;5;}1736:{137;138;1738;132;131;130;129;128;1640;1639;1641;38;1638;1642;37;229;1637;1643;36;228;1636;1644;127;35;227;1635;1645;34;126;226;1634;1646;33;225;1633;1647;125;32;224;1632;1648;124;31;223;1649;30;222;1650;123;29;221;1651;122;28;220;1652;121;27;219;1653;120;1544;1543;1545;26;218;1542;1546;1654;1541;1547;324;1540;1548;323;1539;1549;25;119;217;1655;322;1538;1550;321;1537;1551;24;216;320;1536;1552;1656;118;319;1553;23;215;1657;318;1554;117;317;1555;22;214;1658;116;316;1556;}1801:{1701;}1823:{1185;1727;1184;1183;1182;1181;1180;1179;1084;1178;1083;1177;1082;1631;1176;1630;1629;1628;1627;1081;1626;1175;1625;1080;1624;1623;1174;1622;1079;1621;1173;988;1078;1620;987;1619;}1906:{1006;1005;1004;1003;1002;1100;1001;1099;1109;1810;1809;1811;2003;1000;1808;1812;2004;1098;1110;1807;1813;2005;1806;1814;2006;999;1097;1111;1805;1815;2007;1096;1112;1804;1816;2008;998;1803;1817;2009;908;1095;1113;907;997;1802;1818;2010;906;1094;1114;1801;1819;2011;996;905;1093;1115;904;1800;1820;2012;995;1092;1116;903;1799;1821;2013;902;994;1091;1117;1197;1798;1822;2014;1196;901;1195;993;1090;1194;1797;1823;900;1193;1714;1713;1715;992;1192;1712;1716;1796;1089;1711;1717;899;1710;1718;1191;1709;1719;1795;1088;1708;1720;991;898;1190;1210;1707;1721;1189;1211;1706;1722;1794;897;1087;990;1705;1723;1188;1212;1793;896;1704;1724;810;1086;989;1187;1213;809;1703;1725;808;1792;895;1186;1214;1085;1702;1726;}1929:{46;45;44;43;1737;136;1736;1735;1734;1733;42;1732;135;1731;1730;41;1729;134;40;1728;133;39;230;}1930:{240;1840;1841;1842;1843;1844;1845;1846;340;339;338;1847;337;336;1848;335;1849;334;333;1850;332;331;}1934:{1753;327;1754;}1937:{244;243;242;241;1839;1838;1837;151;239;1836;149;148;1835;238;147;1834;146;1926;237;1833;145;1925;144;236;1832;143;1831;1924;235;142;1830;1923;234;141;140;1922;233;139;1743;1742;1741;1740;57;1739;58;}1938:{1746;1745;1747;232;1744;1748;1749;1751;328;1752;231;1755;1756;326;325;}1943:{1851;427;1757;1758;}1968:{624;1872;1871;1873;1870;1869;623;622;621;620;619;618;716;617;715;616;1776;1775;1777;1774;1778;1773;1779;1780;2156;1781;2155;551;615;1782;2154;2153;552;2152;614;553;613;554;1854;428;1764;}2026:{64;2016;63;65;62;61;60;59;}2105:{1209;2015;1208;1207;1108;1206;1107;1205;1204;1106;1203;1012;1105;1202;1011;1914;1915;1916;1917;1201;1010;1918;1905;1102;1008;1904;1903;1101;1007;1198;1902;1901;}2131:{2130;2129;264;2128;2134;263;265;262;266;2127;2135;261;260;360;2126;2136;359;361;362;259;363;2125;2137;356;364;258;2124;2138;355;365;257;354;366;2035;2123;2139;2227;2034;2036;2226;2228;2033;2037;2225;2229;256;272;2032;2038;2224;2230;353;2031;2039;2231;2122;2140;352;2030;2040;255;273;2029;2041;2121;2141;2221;351;254;274;2028;2042;2220;168;2120;2142;167;169;166;170;350;2027;2043;2219;165;171;253;275;164;172;2119;2143;2026;2044;2218;163;173;349;252;276;162;174;2025;2045;2217;348;456;2118;2144;161;175;455;454;251;277;160;176;2024;2216;347;2117;2145;159;177;250;278;2023;2215;158;178;346;2116;2022;2214;249;279;157;179;345;1939;2115;2147;2323;1938;1940;2322;2324;1937;1941;2021;2213;2321;156;180;248;280;1936;1942;2320;1935;1943;2319;344;1934;1944;2318;2020;2114;2212;155;181;1933;1945;247;281;1932;1946;2316;343;154;182;1931;1947;2019;2211;2315;2113;246;282;1930;2314;153;183;342;2018;2210;1929;2313;72;2112;71;73;70;74;69;75;245;283;68;76;152;184;1928;2312;67;77;341;2017;2209;66;78;1927;2311;}2196:{1215;}2277:{1138;}2412:{2411;2410;2409;2408;2407;}2432:{2420;2419;2418;2417;2416;287;286;285;284;2414;2413;2412;}2444:{2436;2435;2342;2434;2341;2433;2340;565;2432;479;2339;478;477;476;564;2338;475;2431;474;563;2337;473;2430;472;2336;562;471;2429;2335;561;470;2252;2428;2251;2250;2334;469;2249;560;2248;2247;468;2333;2427;2246;559;2245;467;2244;2332;2426;2243;466;558;2331;2242;2425;465;557;2241;2330;464;2240;2424;}2457:{2452;2451;2450;2449;2448;671;670;2356;669;668;2355;2447;667;2354;666;2446;2353;665;2445;664;2352;663;2351;2444;662;2350;2443;661;2349;660;2442;2348;659;2441;2347;2261;658;2260;2346;2440;575;2259;574;573;572;2258;657;571;2257;2345;2439;570;656;2256;569;568;2344;2255;2438;567;655;2254;2343;566;2253;2437;},649_650_651_652_653_654_655_656_657_658_659_660_661_662_663_664_665_666_667_729_730_731_817_818_819_909_910_1002_1003_1097_1098_1099_1194_1195_1890_1891_1892_1977_1978_2068_2069_2161_2162_2256_2257_2352_2353_2450_2451_,1138-1137*0_1138-1139*0_1138-1136*0_1138-1140*0_1138-2296*0_1138-2295*0_1138-2297*0_1138-2294*0_1138-2298*0_1138-1135*0_1138-1141*0_1138-2293*0_1138-2299*0_1138-1134*0_1138-1142*0_1138-2292*0_1138-2300*0_1138-1133*0_1138-1143*0_1138-2291*0_1138-2301*0_1138-1132*0_1138-1144*0_1138-2392*0_1138-2391*0_1138-2393*0_1138-2290*0_1138-2302*0_1138-2390*0_1138-2394*0_1138-2389*0_1138-2395*0_1138-1131*0_1138-1145*0_1138-2388*0_1138-2396*0_1138-2289*0_1138-2303*0_1138-2387*0_1138-2397*0_1138-1042*0_1138-1130*0_1138-1146*0_1138-1234*0_1138-1041*0_1138-1043*0_1138-1233*0_1138-1235*0_1138-1040*0_1138-1044*0_1138-1232*0_1138-1236*0_1138-2288*0_1138-2386*0_1138-2398*0_1138-1039*0_1138-1045*0_1138-1231*0_1138-1237*0_1138-1038*0_1138-1046*0_1138-1230*0_1138-1238*0_1138-1129*0_1138-1147*0_1138-2287*0_1138-2385*0_1138-2399*0_1138-1037*0_1138-1047*0_1138-1229*0_1138-1239*0_1138-1036*0_1138-1048*0_1138-1128*0_1138-1148*0_1138-1228*0_1138-1240*0_1138-2200*0_1138-2384*0_1138-2199*0_1138-2201*0_1138-2198*0_1138-2202*0_1138-2286*0_1138-2197*0_1138-2203*0_1138-1035*0_1138-1049*0_1138-1227*0_1138-1241*0_1138-2196*0_1138-2204*0_1138-2383*0_1138-1127*0_1138-1149*0_1138-2195*0_1138-2205*0_1138-2285*0_1138-1034*0_1138-1050*0_1138-1226*0_1138-1242*0_1138-2194*0_1138-2206*0_1138-2382*0_1138-1126*0_1138-1150*0_1138-1033*0_1138-1051*0_1138-1225*0_1138-1243*0_1138-2284*0_1138-2193*0_1138-2207*0_1138-2381*0_1138-1032*0_1138-1052*0_1138-1224*0_1138-1244*0_1138-2192*0_1138-1125*0_1138-1151*0_1138-2283*0_1138-2380*0_1138-2191*0_1138-1031*0_1138-1053*0_1138-1223*0_1138-1245*0_1138-1124*0_1138-2488*0_1138-2487*0_1138-2489*0_1138-2190*0_1138-2282*0_1138-2486*0_1138-2490*0_1138-2379*0_1138-2485*0_1138-2491*0_1138-1030*0_1138-1054*0_1138-1222*0_1138-1246*0_1138-2484*0_1138-2492*0_1138-2189*0_1138-2483*0_1138-2493*0_1138-1123*0_1138-2281*0_1138-2378*0_1138-2482*0_1138-2494*0_1138-1029*0_1138-1055*0_1138-1221*0_1138-1247*0_1138-2188*0_1138-2481*0_1138-2495*0_1138-946*0_1138-1122*0_1138-945*0_1138-947*0_1138-944*0_1138-948*0_1138-1028*0_1138-1220*0_1138-2280*0_1138-2480*0_1138-2377*0_1138-943*0_1138-949*0_1138-2187*0_1138-942*0_1138-950*0_1138-2479*0_1138-941*0_1138-951*0_1138-1027*0_1138-1121*0_1138-1219*0_1138-940*0_1138-952*0_1138-2376*0_1138-2279*0_1138-2186*0_1138-2478*0_1138-939*0_1138-953*0_1138-2477*0_1138-938*0_1138-954*0_1138-1026*0_1138-1218*0_1138-1120*0_1138-2104*0_1138-2103*0_1138-2105*0_1138-2185*0_1138-2375*0_1138-2102*0_1138-2106*0_1138-2278*0_1138-2101*0_1138-2107*0_1138-937*0_1138-955*0_1138-2100*0_1138-2108*0_1138-2476*0_1138-2099*0_1138-2109*0_1138-1025*0_1138-1217*0_1138-936*0_1138-956*0_1138-2184*0_1138-2098*0_1138-2110*0_1138-2374*0_1138-1119*0_1138-2277*0_1138-2475*0_1138-2097*0_1138-2111*0_1138-935*0_1138-957*0_1138-1024*0_1138-1216*0_1138-2096*0_1138-2183*0_1138-2474*0_1138-2373*0_1138-934*0_1138-958*0_1138-1118*0_958-959*1_958-2472*1_958-2471*1_958-2473*1_958-2470*1_958-2469*1_958-2468*1_958-2467*1_958-2466*1_1030-2180*1_958-2372*1_958-2465*1_1030-2179*1_958-2371*1_1030-2084*1_958-862*1_958-861*1_958-863*1_958-860*1_958-2464*1_958-2370*1_958-859*1_1030-2178*1_1030-2083*1_958-858*1_958-2369*1_958-2463*1_958-857*1_1030-2177*1_1030-2082*1_958-856*1_958-2368*1_958-2462*1_1030-838*1_1030-837*1_1030-839*1_1030-836*1_1030-840*1_1030-2176*1_1030-2081*1_958-855*1_1030-835*1_1030-841*1_958-2367*1_1030-834*1_1030-842*1_1030-1991*1_1030-833*1_1030-843*1_958-2461*1_958-854*1_1030-832*1_1030-2080*1_1030-2175*1_1030-1990*1_958-2366*1_1030-831*1_958-853*1_958-2460*1_1030-1989*1_1030-830*1_1030-918*1_1030-2079*1_958-2365*1_1030-2174*1_1030-829*1_958-852*1_1030-1988*1_958-2459*1_1030-917*1_1030-828*1_1030-2078*1_958-2364*1_1030-1987*1_1030-2173*1_958-851*1_1030-827*1_1123-1104*1_1123-1912*1_1123-1911*1_1123-1913*1_1123-1910*1_1030-916*1_958-2458*1_1030-1986*1_1123-1909*1_958-2363*1_1030-2077*1_1030-826*1_1123-1908*1_1123-1907*1_1123-1009*1_1123-1906*1_1123-1103*1_958-2457*1_958-2362*1_1219-1200*1_958-766*1_1219-1919*1_958-765*1_958-767*1_958-764*1_958-2456*1_958-2361*1_958-763*1_958-762*1_958-761*1_1219-1199*1_958-760*1_958-2360*1_958-2455*1_958-2270*1_958-759*1_958-2269*1_958-758*1_958-2359*1_958-2454*1_958-757*1_958-2268*1_958-756*1_958-2358*1_958-2267*1_958-2453*1_958-755*1_958-2266*1_958-2357*1_958-754*1_2105-1209*1_2105-2015*1_2105-1208*1_2105-1207*1_937-849*1_937-2271*1_2105-1108*1_2105-1206*1_937-850*1_937-2172*1_2105-1107*1_2105-1205*1_937-2171*1_2105-1204*1_2105-1106*1_937-2170*1_2105-1203*1_2105-1012*1_2105-1105*1_937-2076*1_937-2169*1_2105-1202*1_2105-1011*1_2105-1914*1_2105-1915*1_937-2075*1_2105-1916*1_937-745*1_937-744*1_937-746*1_937-2168*1_937-743*1_937-747*1_2105-1917*1_2105-1201*1_937-742*1_937-748*1_2105-1010*1_2105-1918*1_937-741*1_937-749*1_937-2265*1_937-2074*1_937-740*1_937-750*1_937-2167*1_937-739*1_937-751*1_937-738*1_937-752*1_937-2264*1_937-2073*1_2105-1905*1_2105-1102*1_937-737*1_937-753*1_937-825*1_2105-1008*1_2105-1904*1_937-2166*1_937-736*1_937-2072*1_937-1985*1_937-2263*1_2105-1903*1_2105-1101*1_937-824*1_937-1984*1_937-735*1_2105-1007*1_2105-1198*1_937-2165*1_2105-1902*1_937-1983*1_937-2071*1_937-2262*1_937-734*1_2105-1901*1_937-823*1_937-1982*1_937-733*1_2457-2452*2_2457-2451*2_2457-2450*2_2457-2449*2_2457-2448*2_2457-671*2_2457-670*2_2457-2356*2_2457-669*2_2457-668*2_2457-2355*2_2457-2447*2_2457-667*2_2457-2354*2_2457-666*2_2457-2446*2_2457-2353*2_2457-665*2_2457-2445*2_2457-664*2_2457-2352*2_2457-663*2_2457-2351*2_2457-2444*2_2457-662*2_2457-2350*2_2457-2443*2_2457-661*2_2457-2349*2_2457-660*2_2457-2442*2_2457-2348*2_2457-659*2_2457-2441*2_2457-2347*2_2457-2261*2_2457-658*2_2457-2260*2_2457-2346*2_2457-2440*2_2457-575*2_2457-2259*2_2457-574*2_2457-573*2_2457-572*2_2457-2258*2_2457-657*2_2457-571*2_2457-2257*2_2457-2345*2_2457-2439*2_2457-570*2_2457-656*2_2457-2256*2_2457-569*2_2457-568*2_2457-2344*2_2457-2255*2_2457-2438*2_2457-567*2_2457-655*2_2457-2254*2_2457-2343*2_2457-566*2_2457-2253*2_2457-2437*2_831-2085*2_831-2086*2_831-2087*2_831-1981*2_831-927*2_831-926*2_831-928*2_831-1980*2_831-2088*2_831-925*2_831-929*2_831-732*2_831-924*2_831-930*2_831-1979*2_831-731*2_831-923*2_831-931*2_831-822*2_831-2089*2_831-1978*2_831-730*2_831-922*2_831-932*2_831-1977*2_831-729*2_831-821*2_831-921*2_831-933*2_831-2070*2_831-2090*2_831-2181*2_831-728*2_831-920*2_831-1976*2_831-1992*2_831-2182*2_831-820*2_831-2069*2_831-2091*2_831-727*2_831-919*2_831-1975*2_831-1993*2_831-819*2_831-726*2_831-2068*2_831-2092*2_831-1974*2_831-1994*2_831-725*2_831-818*2_831-844*2_831-1973*2_831-1995*2_831-2067*2_831-2093*2_831-724*2_831-1972*2_831-1996*2_831-817*2_831-845*2_831-2066*2_831-2094*2_831-723*2_831-915*2_831-1971*2_831-1997*2_831-816*2_831-1888*2_831-2164*2_831-1887*2_831-1889*2_831-2065*2_831-2095*2_831-1886*2_831-1890*2_831-722*2_831-914*2_831-1885*2_831-1891*2_831-1884*2_831-1892*2_831-1970*2_831-1998*2_831-1883*2_831-1893*2_831-2163*2_831-639*2_831-815*2_831-1023*2_831-638*2_831-640*2_831-1022*2_831-2064*2_831-637*2_831-641*2_831-721*2_831-913*2_831-1021*2_831-1882*2_831-1894*2_831-636*2_831-642*2_831-1020*2_831-635*2_831-643*2_831-1019*2_831-1881*2_831-1895*2_831-1969*2_831-1999*2_831-2162*2_831-634*2_831-644*2_831-1018*2_831-720*2_831-814*2_831-912*2_831-1880*2_831-1896*2_831-2063*2_831-633*2_831-645*2_831-1017*2_831-632*2_831-646*2_831-1016*2_831-1968*2_831-2000*2_831-1879*2_831-1897*2_831-2161*2_831-631*2_831-647*2_831-719*2_831-911*2_831-1015*2_831-813*2_831-1878*2_831-1898*2_831-2062*2_831-630*2_831-648*2_831-1014*2_831-2160*2_831-1967*2_831-2001*2_831-1877*2_831-1899*2_831-718*2_831-910*2_831-629*2_831-649*2_831-1013*2_831-812*2_831-2061*2_831-1876*2_831-1900*2_831-2159*2_831-1966*2_831-2002*2_831-628*2_831-650*2_831-717*2_831-909*2_831-1875*2_831-627*2_831-651*2_831-811*2_837-846*2_837-847*2_837-848*2_837-2272*2_837-2273*2_837-2274*2_837-2275*2_837-2276*2_837-652*2_837-653*2_837-2158*2_837-654*2_837-2157*2_1906-1006*2_1906-1005*2_1906-1004*2_1906-1003*2_1906-1002*2_1906-1100*2_1906-1001*2_1906-1099*2_1906-1109*2_1906-1810*2_1906-1809*2_1906-1811*2_1906-2003*2_1906-1000*2_1906-1808*2_1906-1812*2_1906-2004*2_1906-1098*2_1906-1110*2_1906-1807*2_1906-1813*2_1906-2005*2_1906-1806*2_1906-1814*2_1906-2006*2_1906-999*2_1906-1097*2_1906-1111*2_1906-1805*2_1906-1815*2_1906-2007*2_1906-1096*2_1906-1112*2_1906-1804*2_1906-1816*2_1906-2008*2_1906-998*2_1906-1803*2_1906-1817*2_1906-2009*2_1906-908*2_1906-1095*2_1906-1113*2_1906-907*2_1906-997*2_1906-1802*2_1906-1818*2_1906-2010*2_1906-906*2_1906-1094*2_1906-1114*2_1906-1801*2_1906-1819*2_1906-2011*2_1906-996*2_1906-905*2_1906-1093*2_1906-1115*2_1906-904*2_1906-1800*2_1906-1820*2_1906-2012*2_1906-995*2_1906-1092*2_1906-1116*2_1906-903*2_1906-1799*2_1906-1821*2_1906-2013*2_1906-902*2_1906-994*2_1906-1091*2_1906-1117*2_1906-1197*2_1906-1798*2_1906-1822*2_1906-2014*2_1906-1196*2_1906-901*2_1906-1195*2_1906-993*2_1906-1090*2_1906-1194*2_1906-1797*2_1906-1823*2_1906-900*2_1906-1193*2_1906-1714*2_1906-1713*2_1906-1715*2_1906-992*2_1906-1192*2_1906-1712*2_1906-1716*2_1906-1796*2_1906-1089*2_1906-1711*2_1906-1717*2_1906-899*2_1906-1710*2_1906-1718*2_1906-1191*2_1906-1709*2_1906-1719*2_1906-1795*2_1906-1088*2_1906-1708*2_1906-1720*2_1906-991*2_1906-898*2_1906-1190*2_1906-1210*2_1906-1707*2_1906-1721*2_1906-1189*2_1906-1211*2_1906-1706*2_1906-1722*2_1906-1794*2_1906-897*2_1906-1087*2_1906-990*2_1906-1705*2_1906-1723*2_1906-1188*2_1906-1212*2_1906-1793*2_1906-896*2_1906-1704*2_1906-1724*2_1906-810*2_1906-1086*2_1906-989*2_1906-1187*2_1906-1213*2_1906-809*2_1906-1703*2_1906-1725*2_1906-808*2_1906-1792*2_1906-895*2_1906-1186*2_1906-1214*2_1906-1085*2_1906-1702*2_1906-1726*2_2444-2436*3_2444-2435*3_2444-2342*3_2444-2434*3_2444-2341*3_2444-2433*3_2444-2340*3_2444-565*3_2444-2432*3_2444-479*3_2444-2339*3_2444-478*3_2444-477*3_2444-476*3_2444-564*3_2444-2338*3_2444-475*3_2444-2431*3_2444-474*3_2444-563*3_2444-2337*3_2444-473*3_2444-2430*3_2444-472*3_2444-2336*3_2444-562*3_2444-471*3_2444-2429*3_2444-2335*3_2444-561*3_2444-470*3_2444-2252*3_2444-2428*3_2444-2251*3_2444-2250*3_2444-2334*3_2444-469*3_2444-2249*3_2444-560*3_2444-2248*3_2444-2247*3_2444-468*3_2444-2333*3_2444-2427*3_2444-2246*3_2444-559*3_2444-2245*3_2444-467*3_2444-2244*3_2444-2332*3_2444-2426*3_2444-2243*3_2444-466*3_2444-558*3_2444-2331*3_2444-2242*3_2444-2425*3_2444-465*3_2444-557*3_2444-2241*3_2444-2330*3_2444-464*3_2444-2240*3_2444-2424*3_2277-1138*1_739-2058*2_739-2057*2_739-1965*2_739-546*2_739-545*2_739-544*2_739-1964*2_739-2056*2_739-543*2_739-542*2_739-1963*2_739-541*2_739-2055*2_739-540*2_739-1962*2_739-539*2_739-2054*2_739-538*2_739-1961*2_739-626*2_739-537*2_739-2053*2_739-536*2_739-1960*2_739-2149*2_739-625*2_739-1874*2_739-535*2_2196-1215*1_1823-1185*3_1823-1727*3_1823-1184*3_1823-1183*3_1823-1182*3_1823-1181*3_1823-1180*3_1823-1179*3_1823-1084*3_1823-1178*3_1823-1083*3_1823-1177*3_1823-1082*3_1823-1631*3_1823-1176*3_1823-1630*3_1823-1629*3_1823-1628*3_1823-1627*3_1823-1081*3_1823-1626*3_1823-1175*3_1823-1625*3_1823-1080*3_1823-1624*3_1823-1623*3_1823-1174*3_1823-1622*3_1823-1079*3_1823-1621*3_1823-1173*3_1823-988*3_1823-1078*3_1823-1620*3_1823-987*3_1823-1619*3_718-1868*3_718-1867*3_718-1772*3_718-1866*3_718-1771*3_718-1865*3_718-1770*3_718-526*3_718-525*3_718-527*3_718-524*3_718-528*3_718-608*3_718-1680*3_718-1864*3_718-1769*3_813-894*3_718-523*3_718-529*3_718-522*3_718-530*3_718-1679*3_718-521*3_718-531*3_718-607*3_718-520*3_718-532*3_718-1768*3_813-893*3_718-1863*3_718-1678*3_813-795*3_718-519*3_718-533*3_718-1677*3_718-518*3_718-534*3_718-606*3_813-892*3_718-1767*3_718-1862*3_813-794*3_718-517*3_718-1676*3_718-605*3_718-516*3_813-891*3_718-1766*3_718-1675*3_718-1861*3_813-793*3_718-515*3_718-604*3_718-1959*3_718-1674*3_718-1765*3_718-514*3_718-698*3_563-548*4_563-547*4_563-450*4_471-271*4_563-2052*4_563-2051*4_563-449*4_471-270*4_471-2223*4_563-2050*4_471-2133*4_471-358*4_471-269*4_471-2317*4_471-2132*4_471-2415*4_471-2222*4_471-268*4_471-357*4_471-2131*4_471-267*4_899-788*3_899-882*3_899-980*3_899-787*3_899-979*3_899-881*3_810-1684*3_899-786*3_899-978*3_810-1683*3_899-880*3_899-1512*3_899-1511*3_899-1513*3_899-1510*3_899-1514*3_899-1509*3_899-1515*3_899-1508*3_899-1516*3_899-1507*3_899-1517*3_810-612*3_899-785*3_899-977*3_810-1682*3_899-1506*3_899-1518*3_899-695*3_899-879*3_810-611*3_810-610*3_810-1681*3_810-609*3_633-2060*3_633-2059*3_633-1958*3_633-1957*3_633-1956*3_633-1955*3_633-1954*3_633-549*3_633-1860*3_633-1953*3_633-550*3_633-1859*3_633-441*3_633-440*3_633-442*3_633-1952*3_633-439*3_633-443*3_633-438*3_633-444*3_633-437*3_633-445*3_633-2049*3_633-1858*3_633-436*3_633-446*3_633-1951*3_633-435*3_633-447*3_633-434*3_633-448*3_633-2048*3_633-1857*3_633-433*3_633-1950*3_633-432*3_633-1856*3_633-2047*3_633-431*3_633-451*3_633-1949*3_633-1855*3_633-2046*3_633-430*3_633-452*3_633-429*3_633-453*3_571-2239*3_571-463*3_571-2238*3_571-462*3_571-2329*3_571-2237*3_571-379*3_571-378*3_571-380*3_571-377*3_571-381*3_571-461*3_571-376*3_571-382*3_571-2236*3_571-2328*3_571-375*3_571-383*3_571-374*3_571-460*3_571-2235*3_571-373*3_571-2327*3_571-372*3_571-2423*3_571-2234*3_571-371*3_571-459*3_571-2326*3_571-370*3_571-2233*3_571-2422*3_571-458*3_571-369*3_571-2325*3_571-368*3_571-2232*3_571-2421*3_571-457*3_571-2146*3_571-367*3_1968-624*3_1968-1872*3_1968-1871*3_1968-1873*3_1968-1870*3_1968-1869*3_1968-623*3_1968-622*3_1968-621*3_1968-620*3_1968-619*3_1968-618*3_1968-716*3_1968-617*3_1968-715*3_1968-616*3_1968-1776*3_1968-1775*3_1968-1777*3_1968-1774*3_1968-1778*3_1968-1773*3_1968-1779*3_1968-1780*3_1968-2156*3_1968-1781*3_1968-2155*3_1968-551*3_1968-615*3_1968-1782*3_1968-2154*3_1968-2153*3_1968-552*3_1968-2152*3_1968-614*3_1968-553*3_1968-613*3_1968-554*3_1968-1854*3_1968-428*3_1968-1764*3_2131-2130*5_2131-2129*5_2131-264*5_2131-2128*5_2131-2134*5_2131-263*5_2131-265*5_2131-262*5_2131-266*5_2131-2127*5_2131-2135*5_2131-261*5_2131-260*5_2131-360*5_2131-2126*5_2131-2136*5_2131-359*5_2131-361*5_2131-362*5_2131-259*5_2131-363*5_2131-2125*5_2131-2137*5_2131-356*5_2131-364*5_2131-258*5_2131-2124*5_2131-2138*5_2131-355*5_2131-365*5_2131-257*5_2131-354*5_2131-366*5_2131-2035*5_2131-2123*5_2131-2139*5_2131-2227*5_2131-2034*5_2131-2036*5_2131-2226*5_2131-2228*5_2131-2033*5_2131-2037*5_2131-2225*5_2131-2229*5_2131-256*5_2131-272*5_2131-2032*5_2131-2038*5_2131-2224*5_2131-2230*5_2131-353*5_2131-2031*5_2131-2039*5_2131-2231*5_2131-2122*5_2131-2140*5_2131-352*5_2131-2030*5_2131-2040*5_2131-255*5_2131-273*5_2131-2029*5_2131-2041*5_2131-2121*5_2131-2141*5_2131-2221*5_2131-351*5_2131-254*5_2131-274*5_2131-2028*5_2131-2042*5_2131-2220*5_2131-168*5_2131-2120*5_2131-2142*5_2131-167*5_2131-169*5_2131-166*5_2131-170*5_2131-350*5_2131-2027*5_2131-2043*5_2131-2219*5_2131-165*5_2131-171*5_2131-253*5_2131-275*5_2131-164*5_2131-172*5_2131-2119*5_2131-2143*5_2131-2026*5_2131-2044*5_2131-2218*5_2131-163*5_2131-173*5_2131-349*5_2131-252*5_2131-276*5_2131-162*5_2131-174*5_2131-2025*5_2131-2045*5_2131-2217*5_2131-348*5_2131-456*5_2131-2118*5_2131-2144*5_2131-161*5_2131-175*5_2131-455*5_2131-454*5_2131-251*5_2131-277*5_2131-160*5_2131-176*5_2131-2024*5_2131-2216*5_2131-347*5_2131-2117*5_2131-2145*5_2131-159*5_2131-177*5_2131-250*5_2131-278*5_2131-2023*5_2131-2215*5_2131-158*5_2131-178*5_2131-346*5_2131-2116*5_2131-2022*5_2131-2214*5_2131-249*5_2131-279*5_2131-157*5_2131-179*5_2131-345*5_2131-1939*5_2131-2115*5_2131-2147*5_2131-2323*5_2131-1938*5_2131-1940*5_2131-2322*5_2131-2324*5_2131-1937*5_2131-1941*5_2131-2021*5_2131-2213*5_2131-2321*5_2131-156*5_2131-180*5_2131-248*5_2131-280*5_2131-1936*5_2131-1942*5_2131-2320*5_2131-1935*5_2131-1943*5_2131-2319*5_2131-344*5_2131-1934*5_2131-1944*5_2131-2318*5_2131-2020*5_2131-2114*5_2131-2212*5_2131-155*5_2131-181*5_2131-1933*5_2131-1945*5_2131-247*5_2131-281*5_2131-1932*5_2131-1946*5_2131-2316*5_2131-343*5_2131-154*5_2131-182*5_2131-1931*5_2131-1947*5_2131-2019*5_2131-2211*5_2131-2315*5_2131-2113*5_2131-246*5_2131-282*5_2131-1930*5_2131-2314*5_2131-153*5_2131-183*5_2131-342*5_2131-2018*5_2131-2210*5_2131-1929*5_2131-2313*5_2131-72*5_2131-2112*5_2131-71*5_2131-73*5_2131-70*5_2131-74*5_2131-69*5_2131-75*5_2131-245*5_2131-283*5_2131-68*5_2131-76*5_2131-152*5_2131-184*5_2131-1928*5_2131-2312*5_2131-67*5_2131-77*5_2131-341*5_2131-2017*5_2131-2209*5_2131-66*5_2131-78*5_2131-1927*5_2131-2311*5_894-890*4_894-889*4_894-888*4_894-1608*4_894-1607*4_894-1609*4_894-1606*4_894-1610*4_894-1605*4_894-1611*4_894-887*4_894-1604*4_894-1612*4_894-1697*4_894-1603*4_894-1613*4_894-798*4_894-886*4_894-797*4_894-799*4_894-796*4_894-800*4_894-1696*4_894-1602*4_894-1614*4_894-986*4_894-885*4_894-1601*4_894-1615*4_894-1695*4_894-985*4_894-792*4_894-884*4_894-984*4_894-1600*4_894-1616*4_894-1694*4_894-791*4_894-983*4_894-1599*4_894-1617*4_894-883*4_894-1693*4_894-790*4_894-982*4_894-1598*4_894-1618*4_894-789*4_894-981*4_894-1692*4_894-1597*4_894-1691*4_894-1596*4_894-1690*4_894-1595*4_894-1689*4_894-1594*4_894-1505*4_894-1519*4_894-702*4_894-878*4_894-701*4_894-703*4_894-700*4_894-704*4_894-784*4_894-976*4_894-1504*4_894-1520*4_894-1688*4_894-1593*4_894-699*4_894-705*4_894-706*4_894-1503*4_894-1521*4_894-697*4_894-707*4_894-783*4_894-877*4_894-975*4_894-696*4_894-708*4_894-1592*4_894-1687*4_894-1502*4_894-1522*4_894-709*4_894-1501*4_894-1523*4_894-694*4_894-782*4_894-974*4_894-876*4_894-1591*4_894-1686*4_894-693*4_894-1077*4_894-1500*4_894-1524*4_894-781*4_894-973*4_894-692*4_894-1076*4_894-1590*4_894-875*4_894-1499*4_894-1525*4_894-1685*4_894-691*4_894-1075*4_894-780*4_894-972*4_894-1498*4_894-1526*4_894-1589*4_894-690*4_894-874*4_894-1074*4_665-556*3_665-555*3_665-2151*3_665-2150*3_1175-1433*4_1175-1064*4_1175-1158*4_1175-1432*4_1175-1431*4_1175-1063*4_1175-1157*4_1175-1430*4_1175-1429*4_1175-1062*4_1175-1156*4_1175-1428*4_1175-1061*4_1175-1427*4_1175-971*4_1175-1155*4_720-714*3_720-713*3_720-712*3_720-1784*3_720-1783*3_720-1785*3_720-1786*3_720-1787*3_720-1788*3_720-711*3_720-1789*3_720-710*3_720-1790*3_720-1791*3_720-807*3_720-806*3_720-805*3_720-804*3_720-803*3_720-802*3_720-801*3_720-1698*3_720-1699*3_720-1700*3_2432-2420*4_2432-2419*4_2432-2418*4_2432-2417*4_2432-2416*4_2432-287*4_2432-286*4_2432-285*4_2432-284*4_2432-2414*4_2432-2413*4_2432-2412*4_548-2148*5_548-1948*5_1801-1701*3_251-1852*6_251-1853*6_251-330*6_1929-46*6_251-329*6_1929-45*6_251-1750*6_1929-44*6_1929-43*6_1929-1737*6_1929-136*6_1929-1736*6_1929-1735*6_1929-1734*6_1929-1733*6_1929-42*6_1929-1732*6_1929-135*6_1929-1731*6_1929-1730*6_1929-41*6_1929-1729*6_1929-134*6_1929-40*6_1929-1728*6_1929-133*6_1929-39*6_1929-230*6_690-689*5_690-688*5_690-1496*5_690-1495*5_690-1497*5_690-1494*5_690-687*5_690-1493*5_690-686*5_690-1492*5_690-685*5_690-1491*5_690-684*5_690-1490*5_690-683*5_690-1588*5_690-1489*5_690-1587*5_690-594*5_690-682*5_690-593*5_690-595*5_690-592*5_690-596*5_690-1488*5_690-1586*5_690-591*5_690-597*5_690-590*5_690-598*5_690-681*5_690-1487*5_690-1585*5_690-589*5_690-599*5_690-588*5_690-600*5_690-680*5_690-1400*5_690-1584*5_690-1399*5_690-1401*5_690-1398*5_690-1402*5_690-1486*5_690-1397*5_690-1403*5_690-587*5_690-601*5_690-779*5_690-1396*5_690-1404*5_690-1583*5_690-679*5_690-1395*5_690-1405*5_690-1485*5_690-586*5_690-602*5_690-778*5_690-1394*5_690-1406*5_690-1582*5_690-678*5_690-585*5_690-603*5_690-777*5_690-1484*5_690-1393*5_690-1407*5_690-1581*5_690-584*5_690-776*5_690-1392*5_690-1408*5_690-677*5_690-1483*5_690-1580*5_690-1391*5_690-1409*5_690-583*5_690-775*5_690-676*5_690-1390*5_690-1410*5_690-1482*5_690-1579*5_690-582*5_690-774*5_690-1389*5_690-1411*5_690-675*5_690-1481*5_690-1578*5_690-581*5_690-773*5_690-1388*5_690-1412*5_690-498*5_690-674*5_690-497*5_690-499*5_690-496*5_690-500*5_690-580*5_690-772*5_690-1480*5_690-1577*5_690-495*5_690-501*5_690-1387*5_690-1413*5_690-494*5_690-502*5_690-493*5_690-503*5_690-579*5_690-673*5_690-771*5_690-492*5_690-504*5_690-1576*5_690-1479*5_690-1386*5_690-1414*5_690-491*5_690-505*5_690-490*5_690-506*5_690-578*5_690-770*5_690-672*5_690-1304*5_690-1303*5_690-1305*5_690-1385*5_690-1415*5_690-1575*5_690-1302*5_690-1306*5_690-1478*5_690-1301*5_690-1307*5_690-489*5_690-507*5_690-873*5_690-1300*5_690-1308*5_690-1299*5_690-1309*5_690-577*5_690-769*5_690-488*5_690-508*5_690-872*5_690-1384*5_690-1416*5_690-1298*5_690-1310*5_690-1574*5_690-1477*5_690-1297*5_690-1311*5_690-487*5_690-509*5_690-871*5_690-576*5_690-768*5_690-1296*5_690-1312*5_690-1383*5_690-1417*5_690-1573*5_690-486*5_690-510*5_690-870*5_1174-1172*4_1174-1171*4_1174-1170*4_1174-1169*4_1174-1168*4_1174-1535*4_1174-1534*4_1174-1533*4_1174-1167*4_1174-1532*4_1174-1531*4_1174-1166*4_1174-1530*4_1174-1165*4_1174-1529*4_1174-1073*4_1174-1072*4_1174-1164*4_1174-1528*4_1174-1071*4_1174-1527*4_1174-1163*4_1174-1070*4_1174-1162*4_1174-1069*4_1174-1068*4_1174-1161*4_1174-1067*4_1174-1160*4_1174-1439*4_1174-1438*4_1174-1437*4_1174-1066*4_1174-1436*4_1174-1435*4_1174-1159*4_1174-1434*4_1174-1065*4_1174-1060*4_1174-1426*4_1174-970*4_1174-1154*4_709-1673*5_709-513*5_709-512*5_709-1672*5_709-511*5_709-1671*5_709-1670*5_709-1669*5_2412-2411*5_2412-2410*5_2412-2409*5_2412-2408*5_2412-2407*5_1934-1753*6_1934-327*6_1934-1754*6_606-1668*4_606-1667*4_606-1572*4_606-1666*4_606-1571*4_606-1665*4_606-1570*4_606-414*4_606-413*4_606-415*4_606-412*4_606-416*4_606-1664*4_606-1569*4_606-411*4_606-417*4_606-1763*4_606-410*4_606-418*4_606-409*4_606-419*4_606-408*4_606-420*4_606-1568*4_606-1663*4_606-1762*4_606-407*4_606-421*4_606-406*4_606-422*4_606-1567*4_606-1761*4_606-1662*4_606-405*4_606-423*4_606-404*4_606-424*4_606-1760*4_606-1566*4_606-1661*4_606-403*4_606-425*4_606-1759*4_606-1474*4_606-1565*4_606-402*4_606-426*4_1430-1425*5_1430-1059*5_1430-968*5_1430-1424*5_1430-967*5_1430-966*5_1430-1058*5_1430-965*5_1430-1423*5_1430-964*5_1430-1057*5_1430-963*5_1430-1334*5_1430-1333*5_1430-1335*5_1430-1056*5_1430-1332*5_1430-1336*5_1430-962*5_1430-1331*5_1430-1337*5_1430-1330*5_1430-1338*5_1430-961*5_1430-1329*5_1430-1339*5_1430-960*5_1430-1328*5_1430-1340*5_1430-1327*5_1430-1341*5_1430-1326*5_1430-1342*5_1430-1325*5_1430-1343*5_1430-1153*5_1430-1152*5_1430-1324*5_1430-1323*5_1397-1285*6_1397-1379*6_1397-1284*6_1397-1378*6_1397-1283*6_1397-1377*6_1736-137*7_1736-138*7_1736-1738*7_1736-132*7_1736-131*7_1736-130*7_1736-129*7_1736-128*7_1736-1640*7_1736-1639*7_1736-1641*7_1736-38*7_1736-1638*7_1736-1642*7_1736-37*7_1736-229*7_1736-1637*7_1736-1643*7_1736-36*7_1736-228*7_1736-1636*7_1736-1644*7_1736-127*7_1736-35*7_1736-227*7_1736-1635*7_1736-1645*7_1736-34*7_1736-126*7_1736-226*7_1736-1634*7_1736-1646*7_1736-33*7_1736-225*7_1736-1633*7_1736-1647*7_1736-125*7_1736-32*7_1736-224*7_1736-1632*7_1736-1648*7_1736-124*7_1736-31*7_1736-223*7_1736-1649*7_1736-30*7_1736-222*7_1736-1650*7_1736-123*7_1736-29*7_1736-221*7_1736-1651*7_1736-122*7_1736-28*7_1736-220*7_1736-1652*7_1736-121*7_1736-27*7_1736-219*7_1736-1653*7_1736-120*7_1736-1544*7_1736-1543*7_1736-1545*7_1736-26*7_1736-218*7_1736-1542*7_1736-1546*7_1736-1654*7_1736-1541*7_1736-1547*7_1736-324*7_1736-1540*7_1736-1548*7_1736-323*7_1736-1539*7_1736-1549*7_1736-25*7_1736-119*7_1736-217*7_1736-1655*7_1736-322*7_1736-1538*7_1736-1550*7_1736-321*7_1736-1537*7_1736-1551*7_1736-24*7_1736-216*7_1736-320*7_1736-1536*7_1736-1552*7_1736-1656*7_1736-118*7_1736-319*7_1736-1553*7_1736-23*7_1736-215*7_1736-1657*7_1736-318*7_1736-1554*7_1736-117*7_1736-317*7_1736-1555*7_1736-22*7_1736-214*7_1736-1658*7_1736-116*7_1736-316*7_1736-1556*7_283-187*6_283-186*6_283-188*6_283-185*6_283-189*6_283-190*6_283-191*6_283-2310*6_283-2406*6_283-2309*6_283-2405*6_283-2308*6_283-2404*6_283-2307*6_283-2403*6_283-2306*6_283-2402*6_283-2305*6_283-2401*6_283-91*6_283-90*6_283-92*6_283-89*6_283-93*6_283-88*6_283-94*6_283-2304*6_283-87*6_283-95*6_283-86*6_283-2400*6_283-85*6_283-84*6_283-83*6_283-82*6_2026-64*6_2026-2016*6_2026-63*6_2026-65*6_2026-62*6_2026-61*6_2026-60*6_2026-59*6_1943-1851*6_1943-427*6_1943-1757*6_1943-1758*6_1065-1420*5_1065-1419*5_1065-1418*5_1065-869*5_1065-1322*5_1065-868*5_1065-867*5_1065-866*5_1065-1321*5_1065-865*5_1065-864*5_1065-1320*5_1065-1319*5_778-1313*6_778-1314*6_778-1315*6_778-1316*6_778-1317*6_778-1318*6_778-1421*6_778-1422*6_778-969*6_778-1295*6_499-1476*6_499-1475*6_499-1473*6_499-401*6_499-400*6_499-1472*6_499-399*6_499-398*6_499-1471*6_499-397*6_499-1470*6_499-396*6_499-1382*6_499-395*6_499-1381*6_499-1469*6_499-1380*6_499-394*6_499-1468*6_499-393*6_499-1564*6_499-1467*6_499-392*6_499-1376*6_499-1563*6_499-485*6_499-1375*6_499-1466*6_499-391*6_499-1374*6_499-1562*6_499-484*6_499-390*6_499-1465*6_499-1373*6_499-1561*6_499-307*6_499-483*6_499-306*6_499-308*6_499-305*6_499-309*6_499-389*6_499-304*6_499-310*6_499-1372*6_499-1464*6_499-303*6_499-311*6_499-302*6_499-312*6_499-1560*6_499-388*6_499-482*6_499-1371*6_499-301*6_499-313*6_499-1463*6_499-300*6_499-314*6_499-1660*6_499-1559*6_499-1370*6_499-299*6_499-315*6_499-387*6_499-481*6_499-1462*6_499-298*6_499-1659*6_499-1369*6_499-1558*6_499-386*6_499-297*6_499-480*6_499-1288*6_499-1287*6_499-1289*6_499-1286*6_499-1290*6_499-1291*6_499-1461*6_499-296*6_499-1292*6_499-1368*6_499-1293*6_499-1557*6_499-385*6_499-1282*6_499-1294*6_499-295*6_171-79*6_171-80*6_171-2208*6_171-81*6_247-150*6_247-1829*6_247-1828*6_247-1827*6_247-1921*6_247-1826*6_247-55*6_247-54*6_247-56*6_247-1920*6_247-53*6_247-52*6_247-51*6_247-1825*6_247-50*6_247-49*6_247-48*6_247-1824*6_247-47*6_1539-9*8_1539-1345*8_1539-8*8_1539-1344*8_214-200*8_214-1360*8_214-1361*8_214-1362*8_214-1363*8_1539-7*8_214-1364*8_214-199*8_1539-6*8_214-198*8_1539-5*8_214-197*8_214-196*8_214-195*8_214-100*8_214-194*8_1385-1281*6_1385-384*6_1385-1280*6_1385-1279*6_1385-1278*6_1385-1277*6_1385-1276*6_1385-1275*6_1385-1274*6_1385-291*6_1385-1273*6_1385-290*6_1385-289*6_1385-288*6_1385-1272*6_1385-1271*6_1937-244*6_1937-243*6_1937-242*6_1937-241*6_1937-1839*6_1937-1838*6_1937-1837*6_1937-151*6_1937-239*6_1937-1836*6_1937-149*6_1937-148*6_1937-1835*6_1937-238*6_1937-147*6_1937-1834*6_1937-146*6_1937-1926*6_1937-237*6_1937-1833*6_1937-145*6_1937-1925*6_1937-144*6_1937-236*6_1937-1832*6_1937-143*6_1937-1831*6_1937-1924*6_1937-235*6_1937-142*6_1937-1830*6_1937-1923*6_1937-234*6_1937-141*6_1937-140*6_1937-1922*6_1937-233*6_1937-139*6_1937-1743*6_1937-1742*6_1937-1741*6_1937-1740*6_1937-57*6_1937-1739*6_1937-58*6_310-1460*7_310-1459*7_310-213*7_310-212*7_310-1458*7_310-211*7_310-210*7_310-1457*7_310-209*7_310-208*7_310-1456*7_310-207*7_310-1455*7_310-206*7_310-1454*7_310-205*7_310-1453*7_310-204*7_310-1452*7_310-203*7_310-1367*7_310-1366*7_310-1365*7_310-1451*7_310-202*7_310-1450*7_310-201*7_310-294*7_310-1449*7_310-115*7_310-114*7_310-1359*7_310-113*7_310-293*7_310-112*7_310-1448*7_310-1358*7_310-111*7_310-1357*7_310-110*7_310-292*7_310-1447*7_310-109*7_310-1356*7_310-108*7_310-1446*7_310-1355*7_310-107*7_310-1354*7_310-1445*7_310-106*7_1930-240*6_1930-1840*6_1930-1841*6_1930-1842*6_1930-1843*6_1930-1844*6_1930-1845*6_1930-1846*6_1930-340*6_1930-339*6_1930-338*6_1930-1847*6_1930-337*6_1930-336*6_1930-1848*6_1930-335*6_1930-1849*6_1930-334*6_1930-333*6_1930-1850*6_1930-332*6_1930-331*6_195-193*9_195-192*9_195-1264*9_195-1263*9_195-1265*9_195-1262*9_195-1266*9_195-1261*9_195-1267*9_195-1260*9_195-1268*9_195-1259*9_195-1269*9_195-1258*9_195-1270*9_195-1257*9_195-99*9_195-98*9_195-97*9_195-101*9_195-96*9_195-1256*9_195-1255*9_195-1254*9_195-1253*9_195-1252*9_195-1251*9_195-1347*9_195-1250*9_195-1346*9_195-1249*9_195-3*9_195-2*9_195-4*9_195-1*9_195-0*9_195-1248*9_195-10*9_195-11*9_216-21*8_216-20*8_216-19*8_216-18*8_216-17*8_216-16*8_216-1440*8_1452-1442*8_1452-1441*8_1452-15*8_1452-14*8_1452-13*8_1452-12*8_1938-1746*6_1938-1745*6_1938-1747*6_1938-232*6_1938-1744*6_1938-1748*6_1938-1749*6_1938-1751*6_1938-328*6_1938-1752*6_1938-231*6_1938-1755*6_1938-1756*6_1938-326*6_1938-325*6_12-1443*9_12-1348*9_12-1444*9_12-1349*9_12-1350*9_12-1351*9_12-105*9_12-104*9_12-1352*9_12-103*9_12-1353*9_12-102*9_
