"id","Scenario","Actual Range","Protocol","Buildings","Total nodes","Nodes on circ","Total coverage","Coverage on circ","Alert received mean time","Hops","Slots","Messages sent","Messages received", "Starting x", "Starting y","Starting node", "Vehicle distance", "Received node ids", "Node ids", "Transmission map", "Received on circ nodes", "Transmission vector"
0,0,300,0,1,1344,29,1344,29,1.00175e+07,5.55172,15.7931,129,1343,225,2100,1157,45,1156_1158_1155_1159_1154_1160_1153_1161_80_1152_1162_79_81_78_82_77_83_1163_76_84_1164_75_85_74_86_1165_1166_1167_176_1168_1169_1170_175_177_1171_174_178_1172_173_179_1173_172_180_1174_171_181_1175_170_182_1176_169_183_1177_168_184_1178_167_185_1179_186_1180_187_1181_1182_1183_272_1184_271_273_270_274_1185_269_275_268_276_1186_267_277_1187_266_278_1188_265_279_1189_1190_1191_1192_1193_188_189_190_191_1264_1263_1265_1262_1266_1261_1267_1260_1268_1259_1269_1258_1270_1194_1195_1196_1197_1198_1199_368_1200_367_369_366_370_365_371_1201_1202_1203_1204_1205_87_88_89_90_91_92_93_94_95_1248_1206_1207_1208_1209_1210_1211_364_372_1212_363_373_362_374_1213_1214_1215_464_1216_1217_166_165_164_163_162_161_160_1072_1071_1073_1070_1074_1069_1075_159_1068_1076_158_157_156_155_1218_463_465_1219_462_466_1220_461_467_1221_460_468_1222_459_469_1223_458_470_1224_457_471_1225_456_472_1226_455_473_1227_474_1228_475_1229_1249_1250_1251_1252_1253_1254_1255_1256_1257_264_280_263_281_154_262_282_153_261_283_152_260_284_151_259_285_150_258_286_149_257_287_148_1067_1077_256_1088_1280_1087_1089_1279_1281_1090_1066_1078_147_1091_255_146_254_145_253_144_976_977_978_979_143_1230_1231_560_1232_559_561_558_562_1233_557_563_556_564_1234_555_565_1235_554_566_1236_553_567_1237_1238_1239_1240_1241_252_251_142_975_250_141_1086_974_249_1085_140_973_248_1084_1092_139_972_980_1083_1093_247_138_971_981_1082_1094_246_137_970_982_1081_1095_245_136_969_983_244_135_968_984_243_134_967_985_242_133_241_132_131_476_477_478_479_1312_1311_1313_1310_1314_1309_1315_1308_1316_1307_1317_1306_1318_1271_1272_1273_1274_1275_1276_1277_1278_1282_1242_1243_1244_1245_1246_1247_656_655_657_654_658_653_659_240_992_375_991_993_239_376_990_994_130_238_989_995_377_129_237_988_996_378_128_880_879_881_236_878_882_987_997_379_127_877_883_235_986_998_380_126_876_884_234_999_381_875_885_125_233_1000_874_886_382_124_232_1001_873_887_383_123_888_231_1002_1296_122_889_230_1003_121_890_229_120_891_119_1283_1284_1285_1286_1287_1288_1289_1290_1291_1292_1293_228_227_454_118_226_453_117_225_452_116_224_896_895_897_894_898_451_115_893_899_223_892_900_450_114_222_901_449_113_902_221_448_1120_112_784_1119_1121_783_785_1118_1122_782_786_220_1117_1123_781_787_447_111_1124_780_219_446_110_218_445_109_217_444_108_443_107_1294_1295_966_965_1297_964_1298_963_1299_962_1300_961_1301_48_960_47_49_46_50_1302_45_51_52_1303_1304_1305_1004_1005_1006_1007_336_1008_335_337_334_338_333_339_1009_332_340_1010_331_341_330_342_1011_1012_1013_1014_1015_552_568_216_551_569_215_442_106_550_570_214_441_105_549_571_213_440_104_548_572_212_439_103_547_573_211_438_102_546_574_210_437_101_1116_788_545_575_209_436_100_1115_1125_779_789_544_1136_1328_208_800_1135_1137_1327_1329_799_801_1138_802_1114_1126_778_790_435_99_1139_803_543_207_434_98_542_206_433_97_541_205_432_1024_96_688_1025_689_1026_690_1027_691_431_1080_1096_1079_1097_1098_1099_1100_1101_1102_1103_352_1104_351_353_1105_1106_1107_1016_1017_1018_1019_1020_1021_1022_1023_540_204_539_203_430_538_202_429_1134_798_537_201_1133_797_428_536_1132_1140_200_796_804_427_1028_1131_1141_795_805_535_199_426_1029_1130_1142_794_806_534_198_425_1030_1129_1143_793_807_533_197_424_1031_532_196_423_1032_531_195_422_1033_530_194_421_529_193_420_419_1108_1109_1110_350_354_1111_349_355_348_356_1112_347_357_1113_346_358_345_359_360_361_692_693_694_687_695_686_696_685_697_684_698_683_699_682_700_681_701_680_702_679_703_1319_1320_1321_1322_903_1323_1324_1325_1326_1330_528_1040_192_704_1039_1041_705_527_1038_1042_706_418_526_1037_1043_707_417_525_1036_1044_708_416_928_927_929_524_926_930_1035_1045_709_415_925_931_523_1034_1046_710_414_924_932_522_1047_711_923_933_413_521_1048_712_922_934_412_520_1049_713_921_935_411_936_519_1050_714_410_937_518_1051_715_409_938_517_408_939_407_1331_1332_1333_1334_1335_1336_1337_1338_1339_1340_1341_678_677_676_675_674_673_0_672_1_2_3_53_54_55_56_57_58_59_44_60_43_61_42_62_41_63_40_64_1056_660_661_662_663_664_665_652_666_651_667_650_668_649_669_648_670_647_671_872_871_870_344_869_343_868_867_866_865_32_864_31_33_34_35_516_515_406_514_405_513_404_512_944_943_945_942_946_403_941_947_511_940_948_402_510_949_401_950_509_400_832_831_833_830_834_508_829_835_399_507_398_506_397_505_396_395_1342_1343_1052_716_1053_717_1054_718_1055_719_624_288_720_623_625_289_622_626_290_621_627_291_721_620_628_292_722_619_629_293_618_630_294_723_724_725_726_727_39_65_1057_38_66_1058_37_67_1059_36_68_1060_69_1061_70_1062_71_1063_72_1064_73_1065_30_29_28_646_645_644_643_642_641_640_1151_1150_1149_639_638_637_636_635_504_503_394_502_393_501_392_500_391_499_390_498_389_828_836_497_388_827_837_496_848_847_849_850_826_838_387_851_495_386_494_385_493_384_736_737_738_739_1128_1144_792_808_1127_1145_791_809_1146_810_1147_811_1148_812_813_814_815_304_816_303_305_817_818_819_728_729_730_731_732_733_734_735_27_26_25_24_23_22_21_20_19_18_17_16_768_634_633_632_631_904_905_906_907_908_909_910_911_320_912_319_321_913_914_915_492_491_490_846_489_845_488_844_852_843_853_487_842_854_486_841_855_485_484_483_482_481_820_821_822_302_306_823_301_307_300_308_824_299_309_825_298_310_297_311_312_313_314_315_740_741_742_743_744_745_746_747_748_749_750_751_15_769_14_770_13_771_12_772_11_773_10_774_9_775_8_776_7_777_6_5_4_951_916_917_918_318_322_919_317_323_316_324_920_325_326_327_328_329_480_752_753_754_755_756_757_758_759_760_761_762_763_764_765_766_767_576_577_578_579_580_581_582_295_296_840_856_839_857_858_859_860_861_862_863_592_591_593_952_953_954_955_956_957_958_959_608_607_609_594_595_590_596_589_597_588_598_587_599_586_600_585_601_584_602_583_603_604_605_610_611_606_612_613_614_615_616_617_,0_1_2_3_4_5_6_7_8_9_10_11_12_13_14_15_16_17_18_19_20_21_22_23_24_25_26_27_28_29_30_31_32_33_34_35_36_37_38_39_40_41_42_43_44_45_46_47_48_49_50_51_52_53_54_55_56_57_58_59_60_61_62_63_64_65_66_67_68_69_70_71_72_73_74_75_76_77_78_79_80_81_82_83_84_85_86_87_88_89_90_91_92_93_94_95_96_97_98_99_100_101_102_103_104_105_106_107_108_109_110_111_112_113_114_115_116_117_118_119_120_121_122_123_124_125_126_127_128_129_130_131_132_133_134_135_136_137_138_139_140_141_142_143_144_145_146_147_148_149_150_151_152_153_154_155_156_157_158_159_160_161_162_163_164_165_166_167_168_169_170_171_172_173_174_175_176_177_178_179_180_181_182_183_184_185_186_187_188_189_190_191_192_193_194_195_196_197_198_199_200_201_202_203_204_205_206_207_208_209_210_211_212_213_214_215_216_217_218_219_220_221_222_223_224_225_226_227_228_229_230_231_232_233_234_235_236_237_238_239_240_241_242_243_244_245_246_247_248_249_250_251_252_253_254_255_256_257_258_259_260_261_262_263_264_265_266_267_268_269_270_271_272_273_274_275_276_277_278_279_280_281_282_283_284_285_286_287_288_289_290_291_292_293_294_295_296_297_298_299_300_301_302_303_304_305_306_307_308_309_310_311_312_313_314_315_316_317_318_319_320_321_322_323_324_325_326_327_328_329_330_331_332_333_334_335_336_337_338_339_340_341_342_343_344_345_346_347_348_349_350_351_352_353_354_355_356_357_358_359_360_361_362_363_364_365_366_367_368_369_370_371_372_373_374_375_376_377_378_379_380_381_382_383_384_385_386_387_388_389_390_391_392_393_394_395_396_397_398_399_400_401_402_403_404_405_406_407_408_409_410_411_412_413_414_415_416_417_418_419_420_421_422_423_424_425_426_427_428_429_430_431_432_433_434_435_436_437_438_439_440_441_442_443_444_445_446_447_448_449_450_451_452_453_454_455_456_457_458_459_460_461_462_463_464_465_466_467_468_469_470_471_472_473_474_475_476_477_478_479_480_481_482_483_484_485_486_487_488_489_490_491_492_493_494_495_496_497_498_499_500_501_502_503_504_505_506_507_508_509_510_511_512_513_514_515_516_517_518_519_520_521_522_523_524_525_526_527_528_529_530_531_532_533_534_535_536_537_538_539_540_541_542_543_544_545_546_547_548_549_550_551_552_553_554_555_556_557_558_559_560_561_562_563_564_565_566_567_568_569_570_571_572_573_574_575_576_577_578_579_580_581_582_583_584_585_586_587_588_589_590_591_592_593_594_595_596_597_598_599_600_601_602_603_604_605_606_607_608_609_610_611_612_613_614_615_616_617_618_619_620_621_622_623_624_625_626_627_628_629_630_631_632_633_634_635_636_637_638_639_640_641_642_643_644_645_646_647_648_649_650_651_652_653_654_655_656_657_658_659_660_661_662_663_664_665_666_667_668_669_670_671_672_673_674_675_676_677_678_679_680_681_682_683_684_685_686_687_688_689_690_691_692_693_694_695_696_697_698_699_700_701_702_703_704_705_706_707_708_709_710_711_712_713_714_715_716_717_718_719_720_721_722_723_724_725_726_727_728_729_730_731_732_733_734_735_736_737_738_739_740_741_742_743_744_745_746_747_748_749_750_751_752_753_754_755_756_757_758_759_760_761_762_763_764_765_766_767_768_769_770_771_772_773_774_775_776_777_778_779_780_781_782_783_784_785_786_787_788_789_790_791_792_793_794_795_796_797_798_799_800_801_802_803_804_805_806_807_808_809_810_811_812_813_814_815_816_817_818_819_820_821_822_823_824_825_826_827_828_829_830_831_832_833_834_835_836_837_838_839_840_841_842_843_844_845_846_847_848_849_850_851_852_853_854_855_856_857_858_859_860_861_862_863_864_865_866_867_868_869_870_871_872_873_874_875_876_877_878_879_880_881_882_883_884_885_886_887_888_889_890_891_892_893_894_895_896_897_898_899_900_901_902_903_904_905_906_907_908_909_910_911_912_913_914_915_916_917_918_919_920_921_922_923_924_925_926_927_928_929_930_931_932_933_934_935_936_937_938_939_940_941_942_943_944_945_946_947_948_949_950_951_952_953_954_955_956_957_958_959_960_961_962_963_964_965_966_967_968_969_970_971_972_973_974_975_976_977_978_979_980_981_982_983_984_985_986_987_988_989_990_991_992_993_994_995_996_997_998_999_1000_1001_1002_1003_1004_1005_1006_1007_1008_1009_1010_1011_1012_1013_1014_1015_1016_1017_1018_1019_1020_1021_1022_1023_1024_1025_1026_1027_1028_1029_1030_1031_1032_1033_1034_1035_1036_1037_1038_1039_1040_1041_1042_1043_1044_1045_1046_1047_1048_1049_1050_1051_1052_1053_1054_1055_1056_1057_1058_1059_1060_1061_1062_1063_1064_1065_1066_1067_1068_1069_1070_1071_1072_1073_1074_1075_1076_1077_1078_1079_1080_1081_1082_1083_1084_1085_1086_1087_1088_1089_1090_1091_1092_1093_1094_1095_1096_1097_1098_1099_1100_1101_1102_1103_1104_1105_1106_1107_1108_1109_1110_1111_1112_1113_1114_1115_1116_1117_1118_1119_1120_1121_1122_1123_1124_1125_1126_1127_1128_1129_1130_1131_1132_1133_1134_1135_1136_1137_1138_1139_1140_1141_1142_1143_1144_1145_1146_1147_1148_1149_1150_1151_1152_1153_1154_1155_1156_1157_1158_1159_1160_1161_1162_1163_1164_1165_1166_1167_1168_1169_1170_1171_1172_1173_1174_1175_1176_1177_1178_1179_1180_1181_1182_1183_1184_1185_1186_1187_1188_1189_1190_1191_1192_1193_1194_1195_1196_1197_1198_1199_1200_1201_1202_1203_1204_1205_1206_1207_1208_1209_1210_1211_1212_1213_1214_1215_1216_1217_1218_1219_1220_1221_1222_1223_1224_1225_1226_1227_1228_1229_1230_1231_1232_1233_1234_1235_1236_1237_1238_1239_1240_1241_1242_1243_1244_1245_1246_1247_1248_1249_1250_1251_1252_1253_1254_1255_1256_1257_1258_1259_1260_1261_1262_1263_1264_1265_1266_1267_1268_1269_1270_1271_1272_1273_1274_1275_1276_1277_1278_1279_1280_1281_1282_1283_1284_1285_1286_1287_1288_1289_1290_1291_1292_1293_1294_1295_1296_1297_1298_1299_1300_1301_1302_1303_1304_1305_1306_1307_1308_1309_1310_1311_1312_1313_1314_1315_1316_1317_1318_1319_1320_1321_1322_1323_1324_1325_1326_1327_1328_1329_1330_1331_1332_1333_1334_1335_1336_1337_1338_1339_1340_1341_1342_1343_,28:{27;26;25;24;23;22;21;20;19;18;17;16;768;}40:{39;38;37;36;30;29;28;}52:{53;54;55;56;57;58;59;44;60;43;61;42;62;41;63;40;64;1056;}86:{87;88;89;90;91;92;93;94;95;1248;}107:{106;105;104;103;102;101;788;100;779;789;778;790;99;98;97;96;688;689;690;691;}119:{118;117;116;115;114;113;112;784;783;785;782;786;781;787;111;780;110;109;108;107;}131:{130;129;128;880;879;881;878;882;127;877;883;126;876;884;875;885;125;874;886;124;873;887;123;888;122;889;121;890;120;891;119;}143:{142;975;141;974;140;973;139;972;980;138;971;981;137;970;982;136;969;983;135;968;984;134;967;985;133;132;131;}155:{154;153;152;151;150;149;148;1067;1077;1066;1078;147;146;145;144;976;977;978;979;143;}167:{166;165;164;163;162;161;160;1072;1071;1073;1070;1074;1069;1075;159;1068;1076;158;157;156;155;}187:{188;189;190;191;1264;1263;1265;1262;1266;1261;1267;1260;1268;1259;1269;1258;1270;}193:{192;704;705;706;707;708;709;710;711;712;713;714;715;}205:{204;203;202;798;201;797;200;796;804;795;805;199;794;806;198;793;807;197;196;195;194;193;}217:{216;215;214;213;212;211;210;209;208;800;799;801;802;803;207;206;205;}221:{903;}229:{228;227;226;225;224;896;895;897;894;898;893;899;223;892;900;222;901;902;221;220;219;218;217;}241:{240;992;991;993;239;990;994;238;989;995;237;988;996;236;987;997;235;986;998;234;999;233;1000;232;1001;231;1002;230;1003;229;}253:{252;251;250;1086;249;1085;248;1084;1092;1083;1093;247;1082;1094;246;1081;1095;245;244;243;242;241;}265:{264;263;262;261;260;259;258;257;256;1088;1087;1089;1090;1091;255;254;253;}279:{280;281;282;283;284;285;286;287;1280;1279;1281;}294:{295;296;}374:{375;376;377;378;379;380;381;382;383;1296;}395:{394;393;392;391;390;389;828;836;388;827;837;826;838;387;386;385;384;736;737;738;739;}407:{406;405;404;403;402;401;400;832;831;833;830;834;829;835;399;398;397;396;395;}419:{418;417;416;928;927;929;926;930;415;925;931;414;924;932;923;933;413;922;934;412;921;935;411;936;410;937;409;938;408;939;407;}431:{430;429;428;427;1028;426;1029;425;1030;424;1031;423;1032;422;1033;421;420;419;}443:{442;441;440;439;438;437;1116;436;1115;1125;1114;1126;435;434;433;432;1024;1025;1026;1027;431;}455:{454;453;452;451;450;449;448;1120;1119;1121;1118;1122;1117;1123;447;1124;446;445;444;443;}475:{476;477;478;479;1312;1311;1313;1310;1314;1309;1315;1308;1316;1307;1317;1306;1318;}481:{480;752;753;754;755;756;757;758;759;760;761;762;763;}493:{492;491;490;846;489;845;488;844;852;843;853;487;842;854;486;841;855;485;484;483;482;481;}505:{504;503;502;501;500;499;498;497;496;848;847;849;850;851;495;494;493;}509:{951;}517:{516;515;514;513;512;944;943;945;942;946;941;947;511;940;948;510;949;950;509;508;507;506;505;}529:{528;1040;1039;1041;527;1038;1042;526;1037;1043;525;1036;1044;524;1035;1045;523;1034;1046;522;1047;521;1048;520;1049;519;1050;518;1051;517;}541:{540;539;538;1134;537;1133;536;1132;1140;1131;1141;535;1130;1142;534;1129;1143;533;532;531;530;529;}553:{552;551;550;549;548;547;546;545;544;1136;1135;1137;1138;1139;543;542;541;}567:{568;569;570;571;572;573;574;575;1328;1327;1329;}593:{594;595;590;596;589;597;588;598;587;599;586;600;585;601;584;602;583;603;604;605;}609:{610;611;606;612;613;614;615;616;617;}635:{634;633;632;631;}647:{646;645;644;643;642;641;640;1151;1150;1149;639;638;637;636;635;}659:{660;661;662;663;664;665;652;666;651;667;650;668;649;669;648;670;647;671;}679:{678;677;676;675;674;673;0;672;1;2;3;}691:{692;693;694;687;695;686;696;685;697;684;698;683;699;682;700;681;701;680;702;679;703;}715:{716;717;718;719;288;720;289;290;291;721;292;722;293;294;723;724;725;726;727;}727:{728;729;730;731;732;733;734;735;}739:{740;741;742;743;744;745;746;747;748;749;750;751;}763:{764;765;766;767;576;577;578;579;580;581;582;}768:{15;769;14;770;13;771;12;772;11;773;10;774;9;775;8;776;7;777;6;5;4;}793:{792;791;}807:{808;809;810;811;812;813;814;815;304;816;303;305;817;818;819;}819:{820;821;822;302;306;823;301;307;300;308;824;299;309;825;298;310;297;311;312;313;314;315;}841:{840;839;}855:{856;857;858;859;860;861;862;863;592;591;593;}873:{872;871;870;869;868;867;866;865;32;864;31;33;34;35;}903:{904;905;906;907;908;909;910;911;320;912;319;321;913;914;915;}915:{916;917;918;318;322;919;317;323;316;324;920;325;326;327;328;329;}951:{952;953;954;955;956;957;958;959;608;607;609;}967:{966;965;964;963;962;961;48;960;47;49;46;50;45;51;52;}1003:{1004;1005;1006;1007;336;1008;335;337;334;338;333;339;1009;332;340;1010;331;341;330;342;1011;1012;1013;1014;1015;}1015:{1016;1017;1018;1019;1020;1021;1022;1023;}1051:{1052;1053;1054;1055;624;623;625;622;626;621;627;620;628;619;629;618;630;}1056:{65;1057;66;1058;67;1059;68;1060;69;1061;70;1062;71;1063;72;1064;73;1065;}1081:{1080;1079;}1095:{1096;1097;1098;1099;1100;1101;1102;1103;352;1104;351;353;1105;1106;1107;}1104:{344;343;}1107:{1108;1109;1110;350;354;1111;349;355;348;356;1112;347;357;1113;346;358;345;359;360;361;}1129:{1128;1127;}1143:{1144;1145;1146;1147;1148;}1157:{1156;1158;1155;1159;1154;1160;1153;1161;80;1152;1162;79;81;78;82;77;83;1163;76;84;1164;75;85;74;86;1165;1166;1167;176;1168;1169;}1169:{1170;175;177;1171;174;178;1172;173;179;1173;172;180;1174;171;181;1175;170;182;1176;169;183;1177;168;184;1178;167;185;1179;186;1180;187;1181;}1181:{1182;1183;272;1184;271;273;270;274;1185;269;275;268;276;1186;267;277;1187;266;278;1188;265;279;1189;1190;1191;1192;1193;}1193:{1194;1195;1196;1197;1198;1199;368;1200;367;369;366;370;365;371;1201;1202;1203;1204;1205;}1205:{1206;1207;1208;1209;1210;1211;364;372;1212;363;373;362;374;1213;1214;1215;464;1216;1217;}1217:{1218;463;465;1219;462;466;1220;461;467;1221;460;468;1222;459;469;1223;458;470;1224;457;471;1225;456;472;1226;455;473;1227;474;1228;475;1229;}1229:{1230;1231;560;1232;559;561;558;562;1233;557;563;556;564;1234;555;565;1235;554;566;1236;553;567;1237;1238;1239;1240;1241;}1241:{1242;1243;1244;1245;1246;1247;656;655;657;654;658;653;659;}1248:{1249;1250;1251;1252;1253;1254;1255;1256;1257;}1270:{1271;1272;1273;1274;1275;1276;1277;1278;1282;}1281:{1283;1284;1285;1286;1287;1288;1289;1290;1291;1292;1293;}1293:{1294;1295;1297;1298;1299;1300;1301;1302;1303;1304;1305;}1318:{1319;1320;1321;1322;1323;1324;1325;1326;1330;}1329:{1331;1332;1333;1334;1335;1336;1337;1338;1339;1340;1341;}1341:{1342;1343;},39_40_41_42_136_137_138_139_241_242_243_244_986_987_988_989_990_991_1096_1097_1098_1099_1196_1197_1198_1288_1289_1290_1291_,1157-1156*0_1157-1158*0_1157-1155*0_1157-1159*0_1157-1154*0_1157-1160*0_1157-1153*0_1157-1161*0_1157-80*0_1157-1152*0_1157-1162*0_1157-79*0_1157-81*0_1157-78*0_1157-82*0_1157-77*0_1157-83*0_1157-1163*0_1157-76*0_1157-84*0_1157-1164*0_1157-75*0_1157-85*0_1157-74*0_1157-86*0_1157-1165*0_1157-1166*0_1157-1167*0_1157-176*0_1157-1168*0_1157-1169*0_1169-1170*1_1169-175*1_1169-177*1_1169-1171*1_1169-174*1_1169-178*1_1169-1172*1_1169-173*1_1169-179*1_1169-1173*1_1169-172*1_1169-180*1_1169-1174*1_1169-171*1_1169-181*1_1169-1175*1_1169-170*1_1169-182*1_1169-1176*1_1169-169*1_1169-183*1_1169-1177*1_1169-168*1_1169-184*1_1169-1178*1_1169-167*1_1169-185*1_1169-1179*1_1169-186*1_1169-1180*1_1169-187*1_1169-1181*1_1181-1182*2_1181-1183*2_1181-272*2_1181-1184*2_1181-271*2_1181-273*2_1181-270*2_1181-274*2_1181-1185*2_1181-269*2_1181-275*2_1181-268*2_1181-276*2_1181-1186*2_1181-267*2_1181-277*2_1181-1187*2_1181-266*2_1181-278*2_1181-1188*2_1181-265*2_1181-279*2_1181-1189*2_1181-1190*2_1181-1191*2_1181-1192*2_1181-1193*2_187-188*2_187-189*2_187-190*2_187-191*2_187-1264*2_187-1263*2_187-1265*2_187-1262*2_187-1266*2_187-1261*2_187-1267*2_187-1260*2_187-1268*2_187-1259*2_187-1269*2_187-1258*2_187-1270*2_1193-1194*3_1193-1195*3_1193-1196*3_1193-1197*3_1193-1198*3_1193-1199*3_1193-368*3_1193-1200*3_1193-367*3_1193-369*3_1193-366*3_1193-370*3_1193-365*3_1193-371*3_1193-1201*3_1193-1202*3_1193-1203*3_1193-1204*3_1193-1205*3_86-87*1_86-88*1_86-89*1_86-90*1_86-91*1_86-92*1_86-93*1_86-94*1_86-95*1_86-1248*1_1205-1206*4_1205-1207*4_1205-1208*4_1205-1209*4_1205-1210*4_1205-1211*4_1205-364*4_1205-372*4_1205-1212*4_1205-363*4_1205-373*4_1205-362*4_1205-374*4_1205-1213*4_1205-1214*4_1205-1215*4_1205-464*4_1205-1216*4_1205-1217*4_167-166*2_167-165*2_167-164*2_167-163*2_167-162*2_167-161*2_167-160*2_167-1072*2_167-1071*2_167-1073*2_167-1070*2_167-1074*2_167-1069*2_167-1075*2_167-159*2_167-1068*2_167-1076*2_167-158*2_167-157*2_167-156*2_167-155*2_1217-1218*5_1217-463*5_1217-465*5_1217-1219*5_1217-462*5_1217-466*5_1217-1220*5_1217-461*5_1217-467*5_1217-1221*5_1217-460*5_1217-468*5_1217-1222*5_1217-459*5_1217-469*5_1217-1223*5_1217-458*5_1217-470*5_1217-1224*5_1217-457*5_1217-471*5_1217-1225*5_1217-456*5_1217-472*5_1217-1226*5_1217-455*5_1217-473*5_1217-1227*5_1217-474*5_1217-1228*5_1217-475*5_1217-1229*5_1248-1249*2_1248-1250*2_1248-1251*2_1248-1252*2_1248-1253*2_1248-1254*2_1248-1255*2_1248-1256*2_1248-1257*2_265-264*3_279-280*3_265-263*3_279-281*3_155-154*3_265-262*3_279-282*3_155-153*3_265-261*3_279-283*3_155-152*3_265-260*3_279-284*3_155-151*3_265-259*3_279-285*3_155-150*3_265-258*3_279-286*3_155-149*3_265-257*3_279-287*3_155-148*3_155-1067*3_155-1077*3_265-256*3_265-1088*3_279-1280*3_265-1087*3_265-1089*3_279-1279*3_279-1281*3_265-1090*3_155-1066*3_155-1078*3_155-147*3_265-1091*3_265-255*3_155-146*3_265-254*3_155-145*3_265-253*3_155-144*3_155-976*3_155-977*3_155-978*3_155-979*3_155-143*3_1229-1230*6_1229-1231*6_1229-560*6_1229-1232*6_1229-559*6_1229-561*6_1229-558*6_1229-562*6_1229-1233*6_1229-557*6_1229-563*6_1229-556*6_1229-564*6_1229-1234*6_1229-555*6_1229-565*6_1229-1235*6_1229-554*6_1229-566*6_1229-1236*6_1229-553*6_1229-567*6_1229-1237*6_1229-1238*6_1229-1239*6_1229-1240*6_1229-1241*6_253-252*4_253-251*4_143-142*4_143-975*4_253-250*4_143-141*4_253-1086*4_143-974*4_253-249*4_253-1085*4_143-140*4_143-973*4_253-248*4_253-1084*4_253-1092*4_143-139*4_143-972*4_143-980*4_253-1083*4_253-1093*4_253-247*4_143-138*4_143-971*4_143-981*4_253-1082*4_253-1094*4_253-246*4_143-137*4_143-970*4_143-982*4_253-1081*4_253-1095*4_253-245*4_143-136*4_143-969*4_143-983*4_253-244*4_143-135*4_143-968*4_143-984*4_253-243*4_143-134*4_143-967*4_143-985*4_253-242*4_143-133*4_253-241*4_143-132*4_143-131*4_475-476*6_475-477*6_475-478*6_475-479*6_475-1312*6_475-1311*6_475-1313*6_475-1310*6_475-1314*6_475-1309*6_475-1315*6_475-1308*6_475-1316*6_475-1307*6_475-1317*6_475-1306*6_475-1318*6_1270-1271*3_1270-1272*3_1270-1273*3_1270-1274*3_1270-1275*3_1270-1276*3_1270-1277*3_1270-1278*3_1270-1282*3_1241-1242*7_1241-1243*7_1241-1244*7_1241-1245*7_1241-1246*7_1241-1247*7_1241-656*7_1241-655*7_1241-657*7_1241-654*7_1241-658*7_1241-653*7_1241-659*7_241-240*5_241-992*5_374-375*5_241-991*5_241-993*5_241-239*5_374-376*5_241-990*5_241-994*5_131-130*5_241-238*5_241-989*5_241-995*5_374-377*5_131-129*5_241-237*5_241-988*5_241-996*5_374-378*5_131-128*5_131-880*5_131-879*5_131-881*5_241-236*5_131-878*5_131-882*5_241-987*5_241-997*5_374-379*5_131-127*5_131-877*5_131-883*5_241-235*5_241-986*5_241-998*5_374-380*5_131-126*5_131-876*5_131-884*5_241-234*5_241-999*5_374-381*5_131-875*5_131-885*5_131-125*5_241-233*5_241-1000*5_131-874*5_131-886*5_374-382*5_131-124*5_241-232*5_241-1001*5_131-873*5_131-887*5_374-383*5_131-123*5_131-888*5_241-231*5_241-1002*5_374-1296*5_131-122*5_131-889*5_241-230*5_241-1003*5_131-121*5_131-890*5_241-229*5_131-120*5_131-891*5_131-119*5_1281-1283*4_1281-1284*4_1281-1285*4_1281-1286*4_1281-1287*4_1281-1288*4_1281-1289*4_1281-1290*4_1281-1291*4_1281-1292*4_1281-1293*4_229-228*6_229-227*6_455-454*6_119-118*6_229-226*6_455-453*6_119-117*6_229-225*6_455-452*6_119-116*6_229-224*6_229-896*6_229-895*6_229-897*6_229-894*6_229-898*6_455-451*6_119-115*6_229-893*6_229-899*6_229-223*6_229-892*6_229-900*6_455-450*6_119-114*6_229-222*6_229-901*6_455-449*6_119-113*6_229-902*6_229-221*6_455-448*6_455-1120*6_119-112*6_119-784*6_455-1119*6_455-1121*6_119-783*6_119-785*6_455-1118*6_455-1122*6_119-782*6_119-786*6_229-220*6_455-1117*6_455-1123*6_119-781*6_119-787*6_455-447*6_119-111*6_455-1124*6_119-780*6_229-219*6_455-446*6_119-110*6_229-218*6_455-445*6_119-109*6_229-217*6_455-444*6_119-108*6_455-443*6_119-107*6_1293-1294*5_1293-1295*5_967-966*5_967-965*5_1293-1297*5_967-964*5_1293-1298*5_967-963*5_1293-1299*5_967-962*5_1293-1300*5_967-961*5_1293-1301*5_967-48*5_967-960*5_967-47*5_967-49*5_967-46*5_967-50*5_1293-1302*5_967-45*5_967-51*5_967-52*5_1293-1303*5_1293-1304*5_1293-1305*5_1003-1004*6_1003-1005*6_1003-1006*6_1003-1007*6_1003-336*6_1003-1008*6_1003-335*6_1003-337*6_1003-334*6_1003-338*6_1003-333*6_1003-339*6_1003-1009*6_1003-332*6_1003-340*6_1003-1010*6_1003-331*6_1003-341*6_1003-330*6_1003-342*6_1003-1011*6_1003-1012*6_1003-1013*6_1003-1014*6_1003-1015*6_553-552*7_567-568*7_217-216*7_553-551*7_567-569*7_217-215*7_443-442*7_107-106*7_553-550*7_567-570*7_217-214*7_443-441*7_107-105*7_553-549*7_567-571*7_217-213*7_443-440*7_107-104*7_553-548*7_567-572*7_217-212*7_443-439*7_107-103*7_553-547*7_567-573*7_217-211*7_443-438*7_107-102*7_553-546*7_567-574*7_217-210*7_443-437*7_107-101*7_443-1116*7_107-788*7_553-545*7_567-575*7_217-209*7_443-436*7_107-100*7_443-1115*7_443-1125*7_107-779*7_107-789*7_553-544*7_553-1136*7_567-1328*7_217-208*7_217-800*7_553-1135*7_553-1137*7_567-1327*7_567-1329*7_217-799*7_217-801*7_553-1138*7_217-802*7_443-1114*7_443-1126*7_107-778*7_107-790*7_443-435*7_107-99*7_553-1139*7_217-803*7_553-543*7_217-207*7_443-434*7_107-98*7_553-542*7_217-206*7_443-433*7_107-97*7_553-541*7_217-205*7_443-432*7_443-1024*7_107-96*7_107-688*7_443-1025*7_107-689*7_443-1026*7_107-690*7_443-1027*7_107-691*7_443-431*7_1081-1080*5_1095-1096*5_1081-1079*5_1095-1097*5_1095-1098*5_1095-1099*5_1095-1100*5_1095-1101*5_1095-1102*5_1095-1103*5_1095-352*5_1095-1104*5_1095-351*5_1095-353*5_1095-1105*5_1095-1106*5_1095-1107*5_1015-1016*7_1015-1017*7_1015-1018*7_1015-1019*7_1015-1020*7_1015-1021*7_1015-1022*7_1015-1023*7_541-540*8_205-204*8_541-539*8_205-203*8_431-430*8_541-538*8_205-202*8_431-429*8_541-1134*8_205-798*8_541-537*8_205-201*8_541-1133*8_205-797*8_431-428*8_541-536*8_541-1132*8_541-1140*8_205-200*8_205-796*8_205-804*8_431-427*8_431-1028*8_541-1131*8_541-1141*8_205-795*8_205-805*8_541-535*8_205-199*8_431-426*8_431-1029*8_541-1130*8_541-1142*8_205-794*8_205-806*8_541-534*8_205-198*8_431-425*8_431-1030*8_541-1129*8_541-1143*8_205-793*8_205-807*8_541-533*8_205-197*8_431-424*8_431-1031*8_541-532*8_205-196*8_431-423*8_431-1032*8_541-531*8_205-195*8_431-422*8_431-1033*8_541-530*8_205-194*8_431-421*8_541-529*8_205-193*8_431-420*8_431-419*8_1107-1108*6_1107-1109*6_1107-1110*6_1107-350*6_1107-354*6_1107-1111*6_1107-349*6_1107-355*6_1107-348*6_1107-356*6_1107-1112*6_1107-347*6_1107-357*6_1107-1113*6_1107-346*6_1107-358*6_1107-345*6_1107-359*6_1107-360*6_1107-361*6_691-692*8_691-693*8_691-694*8_691-687*8_691-695*8_691-686*8_691-696*8_691-685*8_691-697*8_691-684*8_691-698*8_691-683*8_691-699*8_691-682*8_691-700*8_691-681*8_691-701*8_691-680*8_691-702*8_691-679*8_691-703*8_1318-1319*7_1318-1320*7_1318-1321*7_1318-1322*7_221-903*7_1318-1323*7_1318-1324*7_1318-1325*7_1318-1326*7_1318-1330*7_529-528*9_529-1040*9_193-192*9_193-704*9_529-1039*9_529-1041*9_193-705*9_529-527*9_529-1038*9_529-1042*9_193-706*9_419-418*9_529-526*9_529-1037*9_529-1043*9_193-707*9_419-417*9_529-525*9_529-1036*9_529-1044*9_193-708*9_419-416*9_419-928*9_419-927*9_419-929*9_529-524*9_419-926*9_419-930*9_529-1035*9_529-1045*9_193-709*9_419-415*9_419-925*9_419-931*9_529-523*9_529-1034*9_529-1046*9_193-710*9_419-414*9_419-924*9_419-932*9_529-522*9_529-1047*9_193-711*9_419-923*9_419-933*9_419-413*9_529-521*9_529-1048*9_193-712*9_419-922*9_419-934*9_419-412*9_529-520*9_529-1049*9_193-713*9_419-921*9_419-935*9_419-411*9_419-936*9_529-519*9_529-1050*9_193-714*9_419-410*9_419-937*9_529-518*9_529-1051*9_193-715*9_419-409*9_419-938*9_529-517*9_419-408*9_419-939*9_419-407*9_1329-1331*8_1329-1332*8_1329-1333*8_1329-1334*8_1329-1335*8_1329-1336*8_1329-1337*8_1329-1338*8_1329-1339*8_1329-1340*8_1329-1341*8_679-678*9_679-677*9_679-676*9_679-675*9_679-674*9_679-673*9_679-0*9_679-672*9_679-1*9_679-2*9_679-3*9_52-53*6_52-54*6_52-55*6_52-56*6_52-57*6_52-58*6_52-59*6_52-44*6_52-60*6_52-43*6_52-61*6_52-42*6_52-62*6_52-41*6_52-63*6_52-40*6_52-64*6_52-1056*6_659-660*8_659-661*8_659-662*8_659-663*8_659-664*8_659-665*8_659-652*8_659-666*8_659-651*8_659-667*8_659-650*8_659-668*8_659-649*8_659-669*8_659-648*8_659-670*8_659-647*8_659-671*8_873-872*6_873-871*6_873-870*6_1104-344*6_873-869*6_1104-343*6_873-868*6_873-867*6_873-866*6_873-865*6_873-32*6_873-864*6_873-31*6_873-33*6_873-34*6_873-35*6_517-516*10_517-515*10_407-406*10_517-514*10_407-405*10_517-513*10_407-404*10_517-512*10_517-944*10_517-943*10_517-945*10_517-942*10_517-946*10_407-403*10_517-941*10_517-947*10_517-511*10_517-940*10_517-948*10_407-402*10_517-510*10_517-949*10_407-401*10_517-950*10_517-509*10_407-400*10_407-832*10_407-831*10_407-833*10_407-830*10_407-834*10_517-508*10_407-829*10_407-835*10_407-399*10_517-507*10_407-398*10_517-506*10_407-397*10_517-505*10_407-396*10_407-395*10_1341-1342*9_1341-1343*9_1051-1052*10_715-716*10_1051-1053*10_715-717*10_1051-1054*10_715-718*10_1051-1055*10_715-719*10_1051-624*10_715-288*10_715-720*10_1051-623*10_1051-625*10_715-289*10_1051-622*10_1051-626*10_715-290*10_1051-621*10_1051-627*10_715-291*10_715-721*10_1051-620*10_1051-628*10_715-292*10_715-722*10_1051-619*10_1051-629*10_715-293*10_1051-618*10_1051-630*10_715-294*10_715-723*10_715-724*10_715-725*10_715-726*10_715-727*10_40-39*7_1056-65*7_1056-1057*7_40-38*7_1056-66*7_1056-1058*7_40-37*7_1056-67*7_1056-1059*7_40-36*7_1056-68*7_1056-1060*7_1056-69*7_1056-1061*7_1056-70*7_1056-1062*7_1056-71*7_1056-1063*7_1056-72*7_1056-1064*7_1056-73*7_1056-1065*7_40-30*7_40-29*7_40-28*7_647-646*9_647-645*9_647-644*9_647-643*9_647-642*9_647-641*9_647-640*9_647-1151*9_647-1150*9_647-1149*9_647-639*9_647-638*9_647-637*9_647-636*9_647-635*9_505-504*11_505-503*11_395-394*11_505-502*11_395-393*11_505-501*11_395-392*11_505-500*11_395-391*11_505-499*11_395-390*11_505-498*11_395-389*11_395-828*11_395-836*11_505-497*11_395-388*11_395-827*11_395-837*11_505-496*11_505-848*11_505-847*11_505-849*11_505-850*11_395-826*11_395-838*11_395-387*11_505-851*11_505-495*11_395-386*11_505-494*11_395-385*11_505-493*11_395-384*11_395-736*11_395-737*11_395-738*11_395-739*11_1129-1128*9_1143-1144*9_793-792*9_807-808*9_1129-1127*9_1143-1145*9_793-791*9_807-809*9_1143-1146*9_807-810*9_1143-1147*9_807-811*9_1143-1148*9_807-812*9_807-813*9_807-814*9_807-815*9_807-304*9_807-816*9_807-303*9_807-305*9_807-817*9_807-818*9_807-819*9_727-728*11_727-729*11_727-730*11_727-731*11_727-732*11_727-733*11_727-734*11_727-735*11_28-27*8_28-26*8_28-25*8_28-24*8_28-23*8_28-22*8_28-21*8_28-20*8_28-19*8_28-18*8_28-17*8_28-16*8_28-768*8_635-634*10_635-633*10_635-632*10_635-631*10_903-904*8_903-905*8_903-906*8_903-907*8_903-908*8_903-909*8_903-910*8_903-911*8_903-320*8_903-912*8_903-319*8_903-321*8_903-913*8_903-914*8_903-915*8_493-492*12_493-491*12_493-490*12_493-846*12_493-489*12_493-845*12_493-488*12_493-844*12_493-852*12_493-843*12_493-853*12_493-487*12_493-842*12_493-854*12_493-486*12_493-841*12_493-855*12_493-485*12_493-484*12_493-483*12_493-482*12_493-481*12_819-820*10_819-821*10_819-822*10_819-302*10_819-306*10_819-823*10_819-301*10_819-307*10_819-300*10_819-308*10_819-824*10_819-299*10_819-309*10_819-825*10_819-298*10_819-310*10_819-297*10_819-311*10_819-312*10_819-313*10_819-314*10_819-315*10_739-740*12_739-741*12_739-742*12_739-743*12_739-744*12_739-745*12_739-746*12_739-747*12_739-748*12_739-749*12_739-750*12_739-751*12_768-15*9_768-769*9_768-14*9_768-770*9_768-13*9_768-771*9_768-12*9_768-772*9_768-11*9_768-773*9_768-10*9_768-774*9_768-9*9_768-775*9_768-8*9_768-776*9_768-7*9_768-777*9_768-6*9_768-5*9_768-4*9_509-951*11_915-916*9_915-917*9_915-918*9_915-318*9_915-322*9_915-919*9_915-317*9_915-323*9_915-316*9_915-324*9_915-920*9_915-325*9_915-326*9_915-327*9_915-328*9_915-329*9_481-480*13_481-752*13_481-753*13_481-754*13_481-755*13_481-756*13_481-757*13_481-758*13_481-759*13_481-760*13_481-761*13_481-762*13_481-763*13_763-764*14_763-765*14_763-766*14_763-767*14_763-576*14_763-577*14_763-578*14_763-579*14_763-580*14_763-581*14_763-582*14_294-295*11_294-296*11_841-840*13_855-856*13_841-839*13_855-857*13_855-858*13_855-859*13_855-860*13_855-861*13_855-862*13_855-863*13_855-592*13_855-591*13_855-593*13_951-952*12_951-953*12_951-954*12_951-955*12_951-956*12_951-957*12_951-958*12_951-959*12_951-608*12_951-607*12_951-609*12_593-594*14_593-595*14_593-590*14_593-596*14_593-589*14_593-597*14_593-588*14_593-598*14_593-587*14_593-599*14_593-586*14_593-600*14_593-585*14_593-601*14_593-584*14_593-602*14_593-583*14_593-603*14_593-604*14_593-605*14_609-610*13_609-611*13_609-606*13_609-612*13_609-613*13_609-614*13_609-615*13_609-616*13_609-617*13_
