"id","Scenario","Actual Range","Protocol","Buildings","Total nodes","Nodes on circ","Total coverage","Coverage on circ","Alert received mean time","Hops","Slots","Messages sent","Messages received", "Starting x", "Starting y","Starting node", "Vehicle distance", "Received node ids", "Node ids", "Transmission map", "Received on circ nodes", "Transmission vector"
0,1,100,0,0,1776,80,1554,66,720136,18.2576,582.682,882,1554,1153.84,1884.7,310,25,309_311_308_312_294_314_293_275_315_316_310_317_276_274_277_273_287_272_278_318_698_1196_699_697_1197_319_700_286_285_271_851_850_279_320_321_701_1198_1200_1201_703_1202_1191_1190_1195_1189_1460_1461_1462_1463_1464_1459_852_284_853_283_849_847_848_281_282_270_259_1457_1456_1458_1454_1465_704_1220_1223_1203_1759_1204_1219_1758_1757_268_260_261_257_262_263_264_256_229_254_265_228_255_230_253_227_266_226_267_331_223_1756_1218_1755_1217_1205_1216_1206_1207_1214_696_1213_1212_1211_695_1215_1208_1209_1224_694_1225_1240_693_1239_1467_1468_1473_1469_1474_1563_1470_1562_1453_222_1238_1237_1236_1226_1227_1235_1228_1234_1229_1561_1560_1494_1495_1471_1496_1232_1472_1475_1476_1497_288_1230_1241_1231_1242_1243_1187_1186_1192_1193_1185_1165_1167_1194_342_221_289_290_334_220_341_292_337_1498_1500_1169_1168_1170_1171_1164_1141_252_231_326_251_232_325_327_338_217_332_333_328_1575_1501_1502_218_216_219_175_173_176_172_1245_1246_1429_1428_1247_1140_1142_1135_1143_1136_1134_705_1137_1172_1145_1173_1132_1146_1128_1127_1156_1129_1163_1131_1174_692_690_1259_1258_1503_1504_1528_1505_1527_1526_1506_1551_1556_1553_1552_1507_1557_1508_1558_1509_1427_1248_1426_1582_1581_1257_1260_1261_1262_1269_1268_1270_1766_1271_1265_1484_1478_1479_1485_1480_1486_1487_1267_1264_1601_1773_1263_1627_1772_1286_1771_1285_1764_1613_1130_1126_1175_1579_1425_1576_1523_1511_1522_1559_1520_1512_1524_1519_1525_1518_1513_1531_1249_1250_1272_1273_1283_1284_1282_1256_1274_1281_1254_1275_1292_1291_1138_1574_1578_1573_1572_1125_1124_1139_1123_1059_1060_1183_1161_1121_1058_1182_1446_1445_1564_1442_1447_1565_1441_1448_1567_233_323_330_234_238_237_235_244_239_1057_1120_1087_1056_1089_1061_706_1090_1115_1160_1054_246_322_245_202_1530_1529_1280_1279_1276_1278_1253_1252_1251_1604_1605_1606_1157_1147_1148_1158_1159_1149_1492_1162_1491_1150_240_329_241_242_480_502_174_171_203_1602_1580_1430_1431_1433_170_204_1490_339_751_340_1151_1152_1489_1153_1094_1603_1607_1608_1753_1752_1760_1751_1761_1763_1091_1114_1481_1482_1483_1493_1399_1119_1118_1388_1117_827_750_1154_1093_1116_1095_1108_1092_1096_1107_1097_809_749_343_344_748_1609_1611_1612_1434_1435_1436_201_205_140_200_139_199_206_138_141_207_1424_1423_1422_1112_1109_1113_1098_1100_1101_1102_803_1103_801_800_804_799_243_513_524_724_491_1287_840_1290_1600_1293_1295_1294_1296_1289_1297_707_1053_708_1052_709_1051_1050_1049_1048_839_838_805_806_808_807_826_798_1514_1584_1515_1583_1517_1516_1541_137_142_599_654_208_143_209_653_133_598_652_130_145_198_146_129_797_796_1104_1105_795_1106_1532_825_1521_1303_1302_1301_680_535_669_646_657_635_469_546_1298_1300_131_605_134_144_132_148_606_651_135_597_649_191_447_295_1410_1047_1588_1599_1577_1610_1035_822_1034_1566_1036_1621_821_1555_820_1452_1451_1450_823_1455_1466_1444_1477_1432_1488_1543_819_818_817_930_931_1510_1304_1315_1311_1312_1322_1313_710_1081_1063_1064_1082_1062_1083_1065_1084_1542_1535_650_600_601_607_558_757_569_746_768_1377_828_1366_1018_1014_1544_1545_1546_1549_816_815_1499_814_812_1316_1314_1317_1085_789_788_787_1086_603_1181_345_1180_845_844_168_346_167_351_1449_1568_1421_1013_1019_934_935_932_810_936_937_1032_927_928_926_929_925_811_938_939_940_1420_1396_1409_1411_1762_1750_1749_924_1037_923_1012_1020_1002_1021_1769_177_215_178_214_212_348_352_349_350_166_353_570_165_571_357_572_356_747_745_744_435_236_225_180_354_568_595_355_593_359_378_379_372_594_371_1533_786_785_1688_1677_772_784_1666_773_1654_1699_776_777_775_774_1440_384_373_567_360_383_381_374_361_370_362_382_375_368_1001_790_1710_1721_792_1732_793_1743_915_914_778_916_913_794_1754_917_336_781_324_1768_1770_1615_1614_1616_1767_1725_1617_1724_1726_1618_1040_1039_1643_919_920_918_1038_1632_921_1571_1570_604_153_152_151_149_150_584_585_586_1619_1620_1723_837_385_386_441_387_163_388_836_834_833_832_389_437_438_436_390_439_440_434_1015_1023_1765_3_912_358_910_347_14_909_369_424_25_843_1076_842_841_1075_1078_1068_1069_1067_1070_783_305_1184_392_433_566_399_780_761_758_791_756_759_755_752_753_754_802_760_742_1024_1025_1009_1016_1008_1010_1017_1007_1355_1000_955_1344_977_1003_1534_1550_888_1439_1438_1437_813_1398_1395_1394_1397_1400_1585_398_400_401_565_397_377_396_403_393_395_404_409_408_154_596_575_574_573_458_169_158_367_363_366_365_364_376_870_869_881_872_824_880_782_879_878_553_876_552_874_873_551_1393_1392_1586_1391_1386_1587_1401_1385_394_432_431_444_443_429_442_1188_1177_1199_944_933_922_1210_831_830_829_998_997_996_1004_579_578_577_576_581_875_871_531_580_771_770_591_602_733_769_613_691_884_767_702_582_164_1006_1005_988_993_966_992_991_428_427_430_426_425_423_735_1626_1625_941_532_533_534_554_536_555_561_537_407_410_411_405_560_211_210_197_1628_1624_883_885_882_1384_1548_1547_743_835_846_247_1080_713_258_1079_147_213_1623_1629_1622_1693_589_590_588_583_157_160_159_161_854_855_156_155_162_1692_741_868_867_857_865_953_406_196_954_952_956_951_989_957_990_958_1144_136_269_125_1073_280_1072_1071_1074_128_864_380_291_114_391_587_592_1536_900_889_911_877_1310_1387_1589_1590_1591_550_549_543_544_542_545_547_127_655_124_123_732_541_302_313_731_548_730_725_726_727_890_1691_1690_624_412_414_999_1540_1537_1155_1133_969_1166_1122_968_987_1111_986_967_985_1099_122_656_126_612_121_611_120_1383_1404_1382_1403_1389_1418_1402_1381_1390_1598_1597_1592_556_562_1594_1593_1595_1309_1318_1596_1319_1538_1539_942_943_1372_1362_1361_1371_1360_723_722_721_728_720_729_856_1655_1653_1652_766_538_539_402_413_58_563_564_452_453_559_454_1320_1331_1330_1356_1323_1329_1354_1328_455_456_490_457_507_91_102_80_69_47_762_763_1370_1364_1363_945_946_950_1030_949_948_1031_947_959_963_960_964_961_965_962_415_765_764_734_886_1327_1326_1324_1325_1365_1367_1368_1359_1343_1369_1342_1380_1379_1373_1374_1375_1378_1376_862_416_445_610_609_658_659_119_660_1340_1345_1339_1346_1338_970_971_984_981_492_493_982_972_980_973_983_540_36_908_907_717_906_711_740_905_866_779_668_887_736_891_737_661_608_614_115_112_892_716_893_715_714_738_894_739_712_719_464_465_463_526_466_896_897_895_462_467_994_995_506_459_489_488_460_487_461_1630_1631_1633_974_975_979_976_978_525_523_522_616_615_642_617_641_499_494_498_495_497_496_500_528_501_1689_1687_1686_904_903_1353_1357_1352_1358_1337_1336_1341_1634_1635_1412_898_899_468_901_902_618_640_619_639_620_638_621_637_622_623_625_626_1636_1637_1638_1639_1413_1414_1415_1416_1417_1347_1348_627_628_631_630_643_629_632_633_503_530_504_529_1640_1641_1642_1644_521_520_505_422_421_519_420_518_1351_1350_1349_486_485_1682_1681_1680_475_474_473_476_472_477_527_470_517_419_516_471_718_478_1679_1676_1678_1675_1683_1684_1700_1674_1698_1685_484_483_508_482_481_510_479_1645_1673_1646_1672_509_511_1026_1027_1028_515_514_512_1335_1334_557_224_113_335_2_446_1665_1044_1661_1660_1697_687_1662_1659_1696_688_1695_1701_1694_1702_1703_1663_1664_689_1670_1671_1669_1667_1658_1668_1657_418_417_636_634_1656_1405_1408_863_861_1406_860_1029_449_1033_1055_1066_1022_1077_1011_1647_859_858_1308_1651_1650_1307_1306_1305_1704_1705_1088_1648_1649_1569_451_,0_1_2_3_4_5_6_7_8_9_10_11_12_13_14_15_16_17_18_19_20_21_22_23_24_25_26_27_28_29_30_31_32_33_34_35_36_37_38_39_40_41_42_43_44_45_46_47_48_49_50_51_52_53_54_55_56_57_58_59_60_61_62_63_64_65_66_67_68_69_70_71_72_73_74_75_76_77_78_79_80_81_82_83_84_85_86_87_88_89_90_91_92_93_94_95_96_97_98_99_100_101_102_103_104_105_106_107_108_109_110_111_112_113_114_115_116_117_118_119_120_121_122_123_124_125_126_127_128_129_130_131_132_133_134_135_136_137_138_139_140_141_142_143_144_145_146_147_148_149_150_151_152_153_154_155_156_157_158_159_160_161_162_163_164_165_166_167_168_169_170_171_172_173_174_175_176_177_178_179_180_181_182_183_184_185_186_187_188_189_190_191_192_193_194_195_196_197_198_199_200_201_202_203_204_205_206_207_208_209_210_211_212_213_214_215_216_217_218_219_220_221_222_223_224_225_226_227_228_229_230_231_232_233_234_235_236_237_238_239_240_241_242_243_244_245_246_247_248_249_250_251_252_253_254_255_256_257_258_259_260_261_262_263_264_265_266_267_268_269_270_271_272_273_274_275_276_277_278_279_280_281_282_283_284_285_286_287_288_289_290_291_292_293_294_295_296_297_298_299_300_301_302_303_304_305_306_307_308_309_310_311_312_313_314_315_316_317_318_319_320_321_322_323_324_325_326_327_328_329_330_331_332_333_334_335_336_337_338_339_340_341_342_343_344_345_346_347_348_349_350_351_352_353_354_355_356_357_358_359_360_361_362_363_364_365_366_367_368_369_370_371_372_373_374_375_376_377_378_379_380_381_382_383_384_385_386_387_388_389_390_391_392_393_394_395_396_397_398_399_400_401_402_403_404_405_406_407_408_409_410_411_412_413_414_415_416_417_418_419_420_421_422_423_424_425_426_427_428_429_430_431_432_433_434_435_436_437_438_439_440_441_442_443_444_445_446_447_448_449_450_451_452_453_454_455_456_457_458_459_460_461_462_463_464_465_466_467_468_469_470_471_472_473_474_475_476_477_478_479_480_481_482_483_484_485_486_487_488_489_490_491_492_493_494_495_496_497_498_499_500_501_502_503_504_505_506_507_508_509_510_511_512_513_514_515_516_517_518_519_520_521_522_523_524_525_526_527_528_529_530_531_532_533_534_535_536_537_538_539_540_541_542_543_544_545_546_547_548_549_550_551_552_553_554_555_556_557_558_559_560_561_562_563_564_565_566_567_568_569_570_571_572_573_574_575_576_577_578_579_580_581_582_583_584_585_586_587_588_589_590_591_592_593_594_595_596_597_598_599_600_601_602_603_604_605_606_607_608_609_610_611_612_613_614_615_616_617_618_619_620_621_622_623_624_625_626_627_628_629_630_631_632_633_634_635_636_637_638_639_640_641_642_643_644_645_646_647_648_649_650_651_652_653_654_655_656_657_658_659_660_661_662_663_664_665_666_667_668_669_670_671_672_673_674_675_676_677_678_679_680_681_682_683_684_685_686_687_688_689_690_691_692_693_694_695_696_697_698_699_700_701_702_703_704_705_706_707_708_709_710_711_712_713_714_715_716_717_718_719_720_721_722_723_724_725_726_727_728_729_730_731_732_733_734_735_736_737_738_739_740_741_742_743_744_745_746_747_748_749_750_751_752_753_754_755_756_757_758_759_760_761_762_763_764_765_766_767_768_769_770_771_772_773_774_775_776_777_778_779_780_781_782_783_784_785_786_787_788_789_790_791_792_793_794_795_796_797_798_799_800_801_802_803_804_805_806_807_808_809_810_811_812_813_814_815_816_817_818_819_820_821_822_823_824_825_826_827_828_829_830_831_832_833_834_835_836_837_838_839_840_841_842_843_844_845_846_847_848_849_850_851_852_853_854_855_856_857_858_859_860_861_862_863_864_865_866_867_868_869_870_871_872_873_874_875_876_877_878_879_880_881_882_883_884_885_886_887_888_889_890_891_892_893_894_895_896_897_898_899_900_901_902_903_904_905_906_907_908_909_910_911_912_913_914_915_916_917_918_919_920_921_922_923_924_925_926_927_928_929_930_931_932_933_934_935_936_937_938_939_940_941_942_943_944_945_946_947_948_949_950_951_952_953_954_955_956_957_958_959_960_961_962_963_964_965_966_967_968_969_970_971_972_973_974_975_976_977_978_979_980_981_982_983_984_985_986_987_988_989_990_991_992_993_994_995_996_997_998_999_1000_1001_1002_1003_1004_1005_1006_1007_1008_1009_1010_1011_1012_1013_1014_1015_1016_1017_1018_1019_1020_1021_1022_1023_1024_1025_1026_1027_1028_1029_1030_1031_1032_1033_1034_1035_1036_1037_1038_1039_1040_1041_1042_1043_1044_1045_1046_1047_1048_1049_1050_1051_1052_1053_1054_1055_1056_1057_1058_1059_1060_1061_1062_1063_1064_1065_1066_1067_1068_1069_1070_1071_1072_1073_1074_1075_1076_1077_1078_1079_1080_1081_1082_1083_1084_1085_1086_1087_1088_1089_1090_1091_1092_1093_1094_1095_1096_1097_1098_1099_1100_1101_1102_1103_1104_1105_1106_1107_1108_1109_1110_1111_1112_1113_1114_1115_1116_1117_1118_1119_1120_1121_1122_1123_1124_1125_1126_1127_1128_1129_1130_1131_1132_1133_1134_1135_1136_1137_1138_1139_1140_1141_1142_1143_1144_1145_1146_1147_1148_1149_1150_1151_1152_1153_1154_1155_1156_1157_1158_1159_1160_1161_1162_1163_1164_1165_1166_1167_1168_1169_1170_1171_1172_1173_1174_1175_1176_1177_1178_1179_1180_1181_1182_1183_1184_1185_1186_1187_1188_1189_1190_1191_1192_1193_1194_1195_1196_1197_1198_1199_1200_1201_1202_1203_1204_1205_1206_1207_1208_1209_1210_1211_1212_1213_1214_1215_1216_1217_1218_1219_1220_1221_1222_1223_1224_1225_1226_1227_1228_1229_1230_1231_1232_1233_1234_1235_1236_1237_1238_1239_1240_1241_1242_1243_1244_1245_1246_1247_1248_1249_1250_1251_1252_1253_1254_1255_1256_1257_1258_1259_1260_1261_1262_1263_1264_1265_1266_1267_1268_1269_1270_1271_1272_1273_1274_1275_1276_1277_1278_1279_1280_1281_1282_1283_1284_1285_1286_1287_1288_1289_1290_1291_1292_1293_1294_1295_1296_1297_1298_1299_1300_1301_1302_1303_1304_1305_1306_1307_1308_1309_1310_1311_1312_1313_1314_1315_1316_1317_1318_1319_1320_1321_1322_1323_1324_1325_1326_1327_1328_1329_1330_1331_1332_1333_1334_1335_1336_1337_1338_1339_1340_1341_1342_1343_1344_1345_1346_1347_1348_1349_1350_1351_1352_1353_1354_1355_1356_1357_1358_1359_1360_1361_1362_1363_1364_1365_1366_1367_1368_1369_1370_1371_1372_1373_1374_1375_1376_1377_1378_1379_1380_1381_1382_1383_1384_1385_1386_1387_1388_1389_1390_1391_1392_1393_1394_1395_1396_1397_1398_1399_1400_1401_1402_1403_1404_1405_1406_1407_1408_1409_1410_1411_1412_1413_1414_1415_1416_1417_1418_1419_1420_1421_1422_1423_1424_1425_1426_1427_1428_1429_1430_1431_1432_1433_1434_1435_1436_1437_1438_1439_1440_1441_1442_1443_1444_1445_1446_1447_1448_1449_1450_1451_1452_1453_1454_1455_1456_1457_1458_1459_1460_1461_1462_1463_1464_1465_1466_1467_1468_1469_1470_1471_1472_1473_1474_1475_1476_1477_1478_1479_1480_1481_1482_1483_1484_1485_1486_1487_1488_1489_1490_1491_1492_1493_1494_1495_1496_1497_1498_1499_1500_1501_1502_1503_1504_1505_1506_1507_1508_1509_1510_1511_1512_1513_1514_1515_1516_1517_1518_1519_1520_1521_1522_1523_1524_1525_1526_1527_1528_1529_1530_1531_1532_1533_1534_1535_1536_1537_1538_1539_1540_1541_1542_1543_1544_1545_1546_1547_1548_1549_1550_1551_1552_1553_1554_1555_1556_1557_1558_1559_1560_1561_1562_1563_1564_1565_1566_1567_1568_1569_1570_1571_1572_1573_1574_1575_1576_1577_1578_1579_1580_1581_1582_1583_1584_1585_1586_1587_1588_1589_1590_1591_1592_1593_1594_1595_1596_1597_1598_1599_1600_1601_1602_1603_1604_1605_1606_1607_1608_1609_1610_1611_1612_1613_1614_1615_1616_1617_1618_1619_1620_1621_1622_1623_1624_1625_1626_1627_1628_1629_1630_1631_1632_1633_1634_1635_1636_1637_1638_1639_1640_1641_1642_1643_1644_1645_1646_1647_1648_1649_1650_1651_1652_1653_1654_1655_1656_1657_1658_1659_1660_1661_1662_1663_1664_1665_1666_1667_1668_1669_1670_1671_1672_1673_1674_1675_1676_1677_1678_1679_1680_1681_1682_1683_1684_1685_1686_1687_1688_1689_1690_1691_1692_1693_1694_1695_1696_1697_1698_1699_1700_1701_1702_1703_1704_1705_1706_1707_1708_1709_1710_1711_1712_1713_1714_1715_1716_1717_1718_1719_1720_1721_1722_1723_1724_1725_1726_1727_1728_1729_1730_1731_1732_1733_1734_1735_1736_1737_1738_1739_1740_1741_1742_1743_1744_1745_1746_1747_1748_1749_1750_1751_1752_1753_1754_1755_1756_1757_1758_1759_1760_1761_1762_1763_1764_1765_1766_1767_1768_1769_1770_1771_1772_1773_1774_1775_,36:{739;712;}123:{122;656;126;612;121;611;120;}128:{127;655;124;123;}134:{650;600;601;}135:{607;}147:{624;}158:{136;269;125;1073;280;}159:{156;155;162;}165:{587;592;}169:{247;1080;713;258;1079;147;213;}170:{574;573;}172:{170;204;}173:{174;171;203;}176:{177;215;178;214;212;}199:{196;}202:{435;236;225;180;}203:{201;205;140;200;139;199;206;138;141;207;}204:{137;142;599;654;}207:{208;143;209;653;133;598;652;130;145;198;146;129;}208:{128;}209:{131;605;134;144;132;148;606;651;135;597;649;}212:{197;}214:{211;210;}217:{218;216;219;175;173;176;172;}222:{338;217;}223:{342;221;289;290;334;220;341;292;337;}227:{222;}228:{266;226;267;331;223;}231:{233;323;330;234;238;237;235;244;239;}235:{246;322;245;202;}238:{242;480;502;}242:{243;513;524;724;491;}254:{252;231;326;251;232;325;327;}258:{380;291;114;391;}259:{268;260;261;257;262;263;264;256;229;254;265;228;255;230;253;227;}275:{276;274;277;273;287;272;278;}276:{286;285;271;851;850;279;}282:{288;}310:{309;311;308;312;294;314;293;275;}313:{402;413;58;}314:{315;316;310;317;}316:{318;698;1196;699;697;1197;319;700;}317:{320;321;}318:{1191;1190;}319:{1195;1189;}320:{1187;}321:{1460;1461;}322:{191;447;295;}330:{240;329;241;}331:{332;333;328;}338:{339;751;340;}341:{750;}344:{345;168;346;167;351;}351:{348;352;349;350;166;353;570;165;571;357;572;356;}357:{354;568;595;355;593;359;378;379;372;594;371;}364:{406;}368:{367;363;366;365;364;376;}376:{407;}378:{384;373;567;360;383;381;374;361;370;362;382;375;368;}383:{385;386;441;387;163;388;}387:{389;437;438;436;390;439;440;434;}388:{392;433;566;399;}392:{394;432;431;444;443;429;442;}397:{410;411;405;560;}399:{398;400;401;565;397;377;396;403;393;395;404;409;408;}402:{91;102;80;69;47;762;763;}410:{415;}414:{416;445;}416:{449;}420:{418;417;}423:{412;414;}424:{36;}443:{428;427;430;426;425;423;}447:{458;169;158;}453:{492;493;}454:{455;456;490;457;507;}463:{525;523;522;}476:{479;}483:{509;511;}486:{482;481;510;}487:{484;483;508;}488:{485;}490:{486;}493:{499;494;498;495;497;496;500;528;501;}496:{503;530;504;529;}502:{680;535;669;646;657;635;469;546;}504:{505;422;421;519;420;518;}505:{517;419;516;}507:{506;459;489;488;460;487;461;}513:{735;}516:{515;514;512;}520:{478;}522:{475;474;473;476;472;477;527;470;}525:{521;520;}527:{471;718;}530:{451;}531:{532;533;534;554;536;555;561;537;}532:{556;562;}535:{558;757;569;746;768;}536:{538;539;}542:{540;}544:{731;548;730;725;726;727;890;}551:{732;541;}552:{550;549;543;544;542;545;547;}562:{563;564;452;453;559;454;}569:{580;771;770;591;602;733;769;613;691;884;767;702;}574:{579;578;577;576;581;}576:{589;590;588;583;157;160;159;161;}579:{582;164;}591:{766;}603:{604;153;152;151;149;150;584;585;586;}604:{154;596;575;}608:{616;615;642;617;641;}611:{610;609;658;659;119;660;}626:{627;628;631;630;643;629;632;633;}633:{636;634;}637:{622;623;625;626;}641:{618;640;619;639;620;638;621;637;}649:{603;}660:{661;608;614;115;112;}668:{557;224;113;335;2;446;1665;1044;}688:{689;1670;1671;1669;1667;1658;1668;1657;}694:{692;690;1259;1258;}700:{701;1198;1200;1201;703;1202;}703:{704;1220;1223;1203;1759;1204;1219;1758;1757;}706:{707;1053;708;1052;709;1051;}709:{710;1081;1063;1064;1082;1062;1083;1065;1084;}721:{719;464;465;463;526;466;896;897;895;462;467;}725:{723;722;721;728;720;729;}735:{743;}743:{741;868;867;857;865;}745:{835;846;}748:{747;745;744;}750:{749;343;344;748;}754:{870;869;881;872;824;880;}760:{883;885;882;}767:{765;764;734;886;}768:{780;761;758;791;756;759;755;752;753;754;802;760;742;}775:{790;1710;1721;792;1732;793;1743;915;914;778;916;913;794;1754;917;336;781;324;}780:{813;}787:{786;785;1688;1677;772;784;1666;773;1654;1699;776;777;775;774;}795:{816;815;1499;814;812;}798:{797;796;1104;1105;795;1106;1532;825;1521;}803:{805;806;808;807;826;798;}809:{1410;}810:{811;938;939;940;}822:{1032;927;928;926;929;925;}825:{823;1455;1466;1444;1477;1432;1488;}830:{854;855;}832:{831;830;829;}837:{836;834;833;832;}844:{843;1076;842;841;1075;1078;1068;1069;1067;1070;783;305;1184;}850:{281;282;270;259;}851:{852;284;853;283;849;847;848;}855:{856;1655;1653;1652;}860:{859;858;}865:{864;}874:{875;871;531;}877:{866;779;668;}880:{879;878;553;876;552;874;873;551;}886:{887;736;891;737;}888:{999;1540;1537;}891:{892;716;893;715;714;738;894;}897:{898;899;468;901;902;}905:{904;903;}909:{908;907;717;906;711;740;905;}933:{900;889;911;877;1310;}938:{941;}940:{942;943;}943:{945;946;950;1030;949;948;1031;947;}948:{994;995;}953:{954;952;956;951;989;957;990;958;1144;}958:{959;963;960;964;961;965;962;}960:{1026;1027;1028;}965:{982;972;980;973;983;}968:{970;971;984;981;}973:{974;975;979;976;978;}1001:{998;997;996;1004;}1005:{953;}1012:{1015;1023;}1013:{1001;}1014:{1012;1020;1002;1021;}1017:{1006;1005;988;993;966;992;991;}1023:{1024;1025;1009;1016;1008;1010;1017;1007;1355;1000;955;1344;977;1003;}1028:{1029;}1032:{924;1037;923;}1044:{1033;1055;1066;1022;1077;1011;}1048:{1047;1588;1599;1577;1610;1035;822;1034;1566;1036;1621;821;1555;820;}1051:{1050;1049;1048;}1055:{1088;}1058:{1057;1120;1087;1056;1089;1061;706;1090;1115;1160;1054;}1061:{1181;1180;845;844;}1069:{782;}1073:{302;313;}1079:{1072;1071;1074;}1083:{1085;789;788;787;1086;}1089:{1091;1114;}1097:{801;800;804;799;}1106:{1543;819;818;817;930;931;1510;}1112:{1113;1098;1100;1101;1102;803;1103;}1126:{1125;1124;1139;1123;1059;1060;1183;1161;1121;1058;1182;}1131:{1130;1126;1175;}1140:{1138;}1141:{1140;1142;1135;1143;1136;1134;705;1137;1172;1145;1173;1132;1146;1128;1127;1156;1129;}1144:{1155;1133;969;1166;1122;968;987;1111;986;967;985;1099;}1150:{1151;1152;1489;1153;1094;}1153:{1154;1093;1116;1095;1108;1092;1096;1107;1097;809;}1156:{1157;1147;1148;1158;1159;1149;1492;1162;1491;1150;}1162:{1112;1109;}1167:{1163;1131;1174;}1173:{1490;}1187:{1186;1192;1193;1185;1165;1167;1194;}1192:{1169;1168;1170;1171;1164;1141;}1209:{1227;1235;}1213:{1212;1211;695;1215;1208;1209;1224;694;1225;1240;693;1239;}1219:{1206;1207;1214;696;1213;}1225:{1228;1234;1229;}1226:{1232;}1229:{1230;1241;1231;1242;1243;}1231:{1575;}1239:{1238;1237;1236;1226;}1242:{1245;1246;}1243:{1429;1428;1247;}1246:{1427;1248;1426;}1247:{1249;1250;}1250:{1292;1291;}1258:{1257;1260;1261;1262;1269;1268;1270;1766;1271;1265;}1265:{1267;1264;1601;1773;1263;1627;1772;1286;1771;1285;1764;1613;}1271:{1272;1273;1283;1284;1282;1256;1274;1281;1254;1275;}1275:{1280;1279;1276;1278;1253;1252;1251;1604;1605;1606;}1285:{1602;}1291:{1293;1295;1294;1296;1289;1297;}1297:{1303;1302;1301;}1300:{1304;1315;1311;1312;1322;1313;}1301:{1298;1300;}1312:{1316;1314;1317;}1317:{1318;1319;}1319:{1320;1331;1330;1356;1323;1329;1354;1328;}1330:{1327;1326;1324;1325;}1335:{1307;1306;1305;}1337:{1335;1334;}1342:{1340;1345;1339;1346;1338;}1344:{1188;1177;1199;944;933;922;1210;}1346:{1347;1348;}1352:{1351;1350;1349;}1354:{1353;1357;1352;1358;}1362:{1337;1336;1341;}1364:{1365;1367;1368;1359;1343;1369;1342;}1376:{862;}1381:{1380;1379;1373;1374;1375;1378;1376;}1385:{1383;1404;1382;1403;1389;1418;1402;1381;}1387:{1390;1598;1597;1592;}1388:{1377;828;1366;1018;1014;}1391:{1387;1589;1590;1591;}1392:{1384;}1396:{1398;1395;1394;1397;1400;1585;}1402:{863;}1403:{1405;1408;}1408:{861;1406;860;}1410:{1421;1013;1019;}1411:{1413;1414;1415;1416;1417;}1420:{1412;}1422:{1420;1396;1409;1411;}1425:{1424;1423;1422;}1427:{1579;1425;1576;}1433:{1434;1435;1436;}1440:{1439;1438;1437;}1441:{1440;}1446:{1568;}1450:{1449;}1454:{1452;1451;1450;}1461:{1462;1463;1464;1459;}1464:{1457;1456;1458;1454;1465;}1465:{1467;1468;1473;1469;1474;1563;1470;1562;1453;}1471:{1472;1475;1476;1497;}1476:{1484;1478;1479;1485;1480;1486;1487;}1480:{1481;1482;1483;}1483:{1493;1399;1119;1118;1388;1117;827;}1496:{1498;1500;}1497:{1501;1502;}1502:{1503;1504;1528;1505;1527;1526;1506;1551;}1509:{1523;1511;1522;1559;1520;1512;1524;1519;1525;1518;1513;1531;}1512:{1514;1584;1515;1583;1517;1516;1541;}1518:{1542;1535;}1521:{934;935;932;810;936;937;}1530:{1533;}1531:{1530;1529;}1533:{1534;1550;888;}1536:{1538;1539;}1541:{1544;1545;1546;1549;}1549:{1548;1547;}1550:{1536;}1553:{1552;1507;1557;1508;1558;1509;}1560:{1582;1581;}1561:{1556;1553;}1562:{1561;1560;1494;1495;1471;1496;}1568:{1569;}1574:{1571;1570;}1575:{1574;1578;1573;1572;}1578:{1580;1430;1431;1433;}1581:{1446;1445;1564;1442;1447;1565;1441;1448;1567;}1585:{1393;1392;1586;1391;1386;1587;1401;1385;}1590:{1308;}1591:{1594;1593;1595;1309;1596;}1597:{1372;1362;1361;1371;1360;}1598:{1370;1364;1363;}1600:{839;838;}1605:{1603;1607;1608;}1607:{1609;1611;1612;}1608:{1287;840;1290;1600;}1609:{837;}1614:{1619;1620;1723;}1620:{1692;}1626:{1623;1629;1622;1693;}1627:{1628;1624;}1629:{1630;1631;1633;}1630:{1634;1635;}1635:{1636;1637;1638;1639;}1639:{1640;1641;1642;1644;}1644:{1645;1646;}1647:{1648;1649;}1655:{1651;1650;}1656:{1647;}1666:{1040;1039;1643;919;920;918;1038;1632;921;}1669:{1656;}1674:{1673;1672;}1680:{1679;1676;1678;1675;1683;1684;1700;}1681:{1674;1698;1685;}1684:{1661;1660;1697;687;1662;1659;1696;688;}1687:{1682;1681;1680;}1690:{1689;1687;1686;}1693:{1691;1690;}1696:{1695;1701;1694;1702;1703;1663;1664;}1701:{1704;1705;}1754:{1765;3;912;358;910;347;14;909;369;424;25;}1755:{1753;1752;1760;1751;1761;1763;}1758:{1756;1218;1755;1217;1205;1216;}1761:{1762;1750;1749;}1762:{1769;}1769:{1768;1770;1615;1614;1616;1767;1725;1617;1724;1726;1618;}1773:{1626;1625;},392_397_398_401_403_404_405_432_433_434_454_455_462_463_464_465_466_467_562_563_565_566_608_615_616_617_642_688_689_810_811_833_834_836_897_898_899_901_935_936_937_1002_1021_1023_1199_1210_1302_1303_1344_1396_1398_1415_1533_1534_1546_1547_1548_1549_1550_1642_1644_1658_1659_1664_1667_1671_,310-309*0_310-311*0_310-308*0_310-312*0_310-294*0_310-314*0_310-293*0_310-275*0_314-315*1_314-316*1_314-310*1_314-317*1_275-276*1_275-274*1_275-277*1_275-273*1_275-287*1_275-272*1_275-278*1_316-318*2_316-698*2_316-1196*2_316-699*2_316-697*2_316-1197*2_316-319*2_316-700*2_276-286*2_276-285*2_276-271*2_276-851*2_276-850*2_276-279*2_317-320*2_317-321*2_700-701*3_700-1198*3_700-1200*3_700-1201*3_700-703*3_700-1202*3_318-1191*3_318-1190*3_319-1195*3_319-1189*3_321-1460*3_321-1461*3_1461-1462*4_1461-1463*4_1461-1464*4_1461-1459*4_851-852*3_851-284*3_851-853*3_851-283*3_851-849*3_851-847*3_851-848*3_850-281*4_850-282*4_850-270*4_850-259*4_1464-1457*5_1464-1456*5_1464-1458*5_1464-1454*5_1464-1465*5_703-704*4_703-1220*4_703-1223*4_703-1203*4_703-1759*4_703-1204*4_703-1219*4_703-1758*4_703-1757*4_259-268*5_259-260*5_259-261*5_259-257*5_259-262*5_259-263*5_259-264*5_259-256*5_259-229*5_259-254*5_259-265*5_259-228*5_259-255*5_259-230*5_259-253*5_259-227*5_228-266*6_228-226*6_228-267*6_228-331*6_228-223*6_1758-1756*5_1758-1218*5_1758-1755*5_1758-1217*5_1758-1205*5_1758-1216*5_1219-1206*5_1219-1207*5_1219-1214*5_1219-696*5_1219-1213*5_1213-1212*6_1213-1211*6_1213-695*6_1213-1215*6_1213-1208*6_1213-1209*6_1213-1224*6_1213-694*6_1213-1225*6_1213-1240*6_1213-693*6_1213-1239*6_1465-1467*6_1465-1468*6_1465-1473*6_1465-1469*6_1465-1474*6_1465-1563*6_1465-1470*6_1465-1562*6_1465-1453*6_227-222*6_1239-1238*7_1239-1237*7_1239-1236*7_1239-1226*7_1209-1227*8_1209-1235*8_1225-1228*7_1225-1234*7_1225-1229*7_1562-1561*7_1562-1560*7_1562-1494*7_1562-1495*7_1562-1471*7_1562-1496*7_1226-1232*8_1471-1472*8_1471-1475*8_1471-1476*8_1471-1497*8_282-288*5_1229-1230*8_1229-1241*8_1229-1231*8_1229-1242*8_1229-1243*8_320-1187*4_1187-1186*5_1187-1192*5_1187-1193*5_1187-1185*5_1187-1165*5_1187-1167*5_1187-1194*5_223-342*7_223-221*7_223-289*7_223-290*7_223-334*7_223-220*7_223-341*7_223-292*7_223-337*7_1496-1498*8_1496-1500*8_1192-1169*6_1192-1168*6_1192-1170*6_1192-1171*6_1192-1164*6_1192-1141*6_254-252*6_254-231*6_254-326*6_254-251*6_254-232*6_254-325*6_254-327*6_222-338*7_222-217*7_331-332*7_331-333*7_331-328*7_1231-1575*10_1497-1501*9_1497-1502*9_217-218*8_217-216*8_217-219*8_217-175*8_217-173*8_217-176*8_217-172*8_1242-1245*9_1242-1246*9_1243-1429*9_1243-1428*9_1243-1247*9_1141-1140*7_1141-1142*7_1141-1135*7_1141-1143*7_1141-1136*7_1141-1134*7_1141-705*7_1141-1137*7_1141-1172*7_1141-1145*7_1141-1173*7_1141-1132*7_1141-1146*7_1141-1128*7_1141-1127*7_1141-1156*7_1141-1129*7_1167-1163*6_1167-1131*6_1167-1174*6_694-692*8_694-690*8_694-1259*8_694-1258*8_1502-1503*10_1502-1504*10_1502-1528*10_1502-1505*10_1502-1527*10_1502-1526*10_1502-1506*10_1502-1551*10_1561-1556*8_1561-1553*8_1553-1552*9_1553-1507*9_1553-1557*9_1553-1508*9_1553-1558*9_1553-1509*9_1246-1427*12_1246-1248*12_1246-1426*12_1560-1582*8_1560-1581*8_1258-1257*9_1258-1260*9_1258-1261*9_1258-1262*9_1258-1269*9_1258-1268*9_1258-1270*9_1258-1766*9_1258-1271*9_1258-1265*9_1476-1484*9_1476-1478*9_1476-1479*9_1476-1485*9_1476-1480*9_1476-1486*9_1476-1487*9_1265-1267*10_1265-1264*10_1265-1601*10_1265-1773*10_1265-1263*10_1265-1627*10_1265-1772*10_1265-1286*10_1265-1771*10_1265-1285*10_1265-1764*10_1265-1613*10_1131-1130*7_1131-1126*7_1131-1175*7_1427-1579*13_1427-1425*13_1427-1576*13_1509-1523*10_1509-1511*10_1509-1522*10_1509-1559*10_1509-1520*10_1509-1512*10_1509-1524*10_1509-1519*10_1509-1525*10_1509-1518*10_1509-1513*10_1509-1531*10_1247-1249*13_1247-1250*13_1271-1272*10_1271-1273*10_1271-1283*10_1271-1284*10_1271-1282*10_1271-1256*10_1271-1274*10_1271-1281*10_1271-1254*10_1271-1275*10_1250-1292*14_1250-1291*14_1140-1138*8_1575-1574*11_1575-1578*11_1575-1573*11_1575-1572*11_1126-1125*8_1126-1124*8_1126-1139*8_1126-1123*8_1126-1059*8_1126-1060*8_1126-1183*8_1126-1161*8_1126-1121*8_1126-1058*8_1126-1182*8_1581-1446*9_1581-1445*9_1581-1564*9_1581-1442*9_1581-1447*9_1581-1565*9_1581-1441*9_1581-1448*9_1581-1567*9_231-233*7_231-323*7_231-330*7_231-234*7_231-238*7_231-237*7_231-235*7_231-244*7_231-239*7_1058-1057*9_1058-1120*9_1058-1087*9_1058-1056*9_1058-1089*9_1058-1061*9_1058-706*9_1058-1090*9_1058-1115*9_1058-1160*9_1058-1054*9_235-246*8_235-322*8_235-245*8_235-202*8_1531-1530*11_1531-1529*11_1275-1280*11_1275-1279*11_1275-1276*11_1275-1278*11_1275-1253*11_1275-1252*11_1275-1251*11_1275-1604*11_1275-1605*11_1275-1606*11_1156-1157*8_1156-1147*8_1156-1148*8_1156-1158*8_1156-1159*8_1156-1149*8_1156-1492*8_1156-1162*8_1156-1491*8_1156-1150*8_330-240*9_330-329*9_330-241*9_238-242*8_238-480*8_238-502*8_173-174*9_173-171*9_173-203*9_1285-1602*11_1578-1580*12_1578-1430*12_1578-1431*12_1578-1433*12_172-170*9_172-204*9_1173-1490*9_338-339*8_338-751*8_338-340*8_1150-1151*9_1150-1152*9_1150-1489*9_1150-1153*9_1150-1094*9_1605-1603*12_1605-1607*12_1605-1608*12_1755-1753*6_1755-1752*6_1755-1760*6_1755-1751*6_1755-1761*6_1755-1763*6_1089-1091*10_1089-1114*10_1480-1481*10_1480-1482*10_1480-1483*10_1483-1493*11_1483-1399*11_1483-1119*11_1483-1118*11_1483-1388*11_1483-1117*11_1483-827*11_341-750*9_1153-1154*10_1153-1093*10_1153-1116*10_1153-1095*10_1153-1108*10_1153-1092*10_1153-1096*10_1153-1107*10_1153-1097*10_1153-809*10_750-749*10_750-343*10_750-344*10_750-748*10_1607-1609*13_1607-1611*13_1607-1612*13_1433-1434*13_1433-1435*13_1433-1436*13_203-201*10_203-205*10_203-140*10_203-200*10_203-139*10_203-199*10_203-206*10_203-138*10_203-141*10_203-207*10_1425-1424*14_1425-1423*14_1425-1422*14_1162-1112*9_1162-1109*9_1112-1113*10_1112-1098*10_1112-1100*10_1112-1101*10_1112-1102*10_1112-803*10_1112-1103*10_1097-801*11_1097-800*11_1097-804*11_1097-799*11_242-243*9_242-513*9_242-524*9_242-724*9_242-491*9_1608-1287*13_1608-840*13_1608-1290*13_1608-1600*13_1291-1293*15_1291-1295*15_1291-1294*15_1291-1296*15_1291-1289*15_1291-1297*15_706-707*10_706-1053*10_706-708*10_706-1052*10_706-709*10_706-1051*10_1051-1050*11_1051-1049*11_1051-1048*11_1600-839*14_1600-838*14_803-805*11_803-806*11_803-808*11_803-807*11_803-826*11_803-798*11_1512-1514*11_1512-1584*11_1512-1515*11_1512-1583*11_1512-1517*11_1512-1516*11_1512-1541*11_204-137*10_204-142*10_204-599*10_204-654*10_207-208*11_207-143*11_207-209*11_207-653*11_207-133*11_207-598*11_207-652*11_207-130*11_207-145*11_207-198*11_207-146*11_207-129*11_798-797*12_798-796*12_798-1104*12_798-1105*12_798-795*12_798-1106*12_798-1532*12_798-825*12_798-1521*12_1297-1303*16_1297-1302*16_1297-1301*16_502-680*10_502-535*10_502-669*10_502-646*10_502-657*10_502-635*10_502-469*10_502-546*10_1301-1298*17_1301-1300*17_209-131*12_209-605*12_209-134*12_209-144*12_209-132*12_209-148*12_209-606*12_209-651*12_209-135*12_209-597*12_209-649*12_322-191*9_322-447*9_322-295*9_809-1410*11_1048-1047*12_1048-1588*12_1048-1599*12_1048-1577*12_1048-1610*12_1048-1035*12_1048-822*12_1048-1034*12_1048-1566*12_1048-1036*12_1048-1621*12_1048-821*12_1048-1555*12_1048-820*12_1454-1452*8_1454-1451*8_1454-1450*8_825-823*13_825-1455*13_825-1466*13_825-1444*13_825-1477*13_825-1432*13_825-1488*13_1106-1543*13_1106-819*13_1106-818*13_1106-817*13_1106-930*13_1106-931*13_1106-1510*13_1300-1304*18_1300-1315*18_1300-1311*18_1300-1312*18_1300-1322*18_1300-1313*18_709-710*11_709-1081*11_709-1063*11_709-1064*11_709-1082*11_709-1062*11_709-1083*11_709-1065*11_709-1084*11_1518-1542*12_1518-1535*12_134-650*13_134-600*13_134-601*13_135-607*14_535-558*11_535-757*11_535-569*11_535-746*11_535-768*11_1388-1377*12_1388-828*12_1388-1366*12_1388-1018*12_1388-1014*12_1541-1544*12_1541-1545*12_1541-1546*12_1541-1549*12_795-816*13_795-815*13_795-1499*13_795-814*13_795-812*13_1312-1316*19_1312-1314*19_1312-1317*19_1083-1085*12_1083-789*12_1083-788*12_1083-787*12_1083-1086*12_649-603*13_1061-1181*11_344-345*11_1061-1180*11_1061-845*11_1061-844*11_344-168*11_344-346*11_344-167*11_344-351*11_1450-1449*9_1446-1568*10_1410-1421*13_1410-1013*13_1410-1019*13_1521-934*15_1521-935*15_1521-932*15_1521-810*15_1521-936*15_1521-937*15_822-1032*14_822-927*14_822-928*14_822-926*14_822-929*14_822-925*14_810-811*16_810-938*16_810-939*16_810-940*16_1422-1420*15_1422-1396*15_1422-1409*15_1422-1411*15_1761-1762*7_1761-1750*7_1761-1749*7_1032-924*15_1032-1037*15_1032-923*15_1014-1012*13_1014-1020*13_1014-1002*13_1014-1021*13_1762-1769*8_176-177*10_176-215*10_176-178*10_176-214*10_176-212*10_351-348*12_351-352*12_351-349*12_351-350*12_351-166*12_351-353*12_351-570*12_351-165*12_351-571*12_351-357*12_351-572*12_351-356*12_748-747*11_748-745*11_748-744*11_202-435*9_202-236*9_202-225*9_202-180*9_357-354*13_357-568*13_357-595*13_357-355*13_357-593*13_357-359*13_357-378*13_357-379*13_357-372*13_357-594*13_357-371*13_1530-1533*13_787-786*13_787-785*13_787-1688*13_787-1677*13_787-772*13_787-784*13_787-1666*13_787-773*13_787-1654*13_787-1699*13_787-776*13_787-777*13_787-775*13_787-774*13_1441-1440*10_378-384*14_378-373*14_378-567*14_378-360*14_378-383*14_378-381*14_378-374*14_378-361*14_378-370*14_378-362*14_378-382*14_378-375*14_378-368*14_1013-1001*16_775-790*14_775-1710*14_775-1721*14_775-792*14_775-1732*14_775-793*14_775-1743*14_775-915*14_775-914*14_775-778*14_775-916*14_775-913*14_775-794*14_775-1754*14_775-917*14_775-336*14_775-781*14_775-324*14_1769-1768*9_1769-1770*9_1769-1615*9_1769-1614*9_1769-1616*9_1769-1767*9_1769-1725*9_1769-1617*9_1769-1724*9_1769-1726*9_1769-1618*9_1666-1040*14_1666-1039*14_1666-1643*14_1666-919*14_1666-920*14_1666-918*14_1666-1038*14_1666-1632*14_1666-921*14_1574-1571*13_1574-1570*13_603-604*14_603-153*14_603-152*14_603-151*14_603-149*14_603-150*14_603-584*14_603-585*14_603-586*14_1614-1619*10_1614-1620*10_1614-1723*10_1609-837*17_383-385*15_383-386*15_383-441*15_383-387*15_383-163*15_383-388*15_837-836*18_837-834*18_837-833*18_837-832*18_387-389*16_387-437*16_387-438*16_387-436*16_387-390*16_387-439*16_387-440*16_387-434*16_1012-1015*16_1012-1023*16_1754-1765*15_1754-3*15_1754-912*15_1754-358*15_1754-910*15_1754-347*15_1754-14*15_1754-909*15_1754-369*15_1754-424*15_1754-25*15_844-843*12_844-1076*12_844-842*12_844-841*12_844-1075*12_844-1078*12_844-1068*12_844-1069*12_844-1067*12_844-1070*12_844-783*12_844-305*12_844-1184*12_388-392*16_388-433*16_388-566*16_388-399*16_768-780*12_768-761*12_768-758*12_768-791*12_768-756*12_768-759*12_768-755*12_768-752*12_768-753*12_768-754*12_768-802*12_768-760*12_768-742*12_1023-1024*17_1023-1025*17_1023-1009*17_1023-1016*17_1023-1008*17_1023-1010*17_1023-1017*17_1023-1007*17_1023-1355*17_1023-1000*17_1023-955*17_1023-1344*17_1023-977*17_1023-1003*17_1533-1534*14_1533-1550*14_1533-888*14_1440-1439*11_1440-1438*11_1440-1437*11_780-813*13_1396-1398*16_1396-1395*16_1396-1394*16_1396-1397*16_1396-1400*16_1396-1585*16_399-398*17_399-400*17_399-401*17_399-565*17_399-397*17_399-377*17_399-396*17_399-403*17_399-393*17_399-395*17_399-404*17_399-409*17_399-408*17_604-154*15_604-596*15_604-575*15_170-574*10_170-573*10_447-458*10_447-169*10_447-158*10_368-367*15_368-363*15_368-366*15_368-365*15_368-364*15_368-376*15_754-870*14_754-869*14_754-881*14_754-872*14_754-824*14_754-880*14_1069-782*13_880-879*15_880-878*15_880-553*15_880-876*15_880-552*15_880-874*15_880-873*15_880-551*15_1585-1393*17_1585-1392*17_1585-1586*17_1585-1391*17_1585-1386*17_1585-1587*17_1585-1401*17_1585-1385*17_392-394*17_392-432*17_392-431*17_392-444*17_392-443*17_392-429*17_392-442*17_1344-1188*18_1344-1177*18_1344-1199*18_1344-944*18_1344-933*18_1344-922*18_1344-1210*18_832-831*19_832-830*19_832-829*19_1001-998*17_1001-997*17_1001-996*17_1001-1004*17_574-579*11_574-578*11_574-577*11_574-576*11_574-581*11_874-875*16_874-871*16_874-531*16_569-580*12_569-771*12_569-770*12_569-591*12_569-602*12_569-733*12_569-769*12_569-613*12_569-691*12_569-884*12_569-767*12_569-702*12_579-582*12_579-164*12_1017-1006*18_1017-1005*18_1017-988*18_1017-993*18_1017-966*18_1017-992*18_1017-991*18_443-428*19_443-427*19_443-430*19_443-426*19_443-425*19_443-423*19_513-735*12_1773-1626*11_1773-1625*11_938-941*18_531-532*17_531-533*17_531-534*17_531-554*17_531-536*17_531-555*17_531-561*17_531-537*17_376-407*16_397-410*20_397-411*20_397-405*20_397-560*20_214-211*14_214-210*14_212-197*11_1627-1628*11_1627-1624*11_760-883*13_760-885*13_760-882*13_1392-1384*18_1549-1548*13_1549-1547*13_735-743*13_745-835*12_745-846*12_169-247*11_169-1080*11_169-713*11_169-258*11_169-1079*11_169-147*11_169-213*11_1626-1623*13_1626-1629*13_1626-1622*13_1626-1693*13_576-589*12_576-590*12_576-588*12_576-583*12_576-157*12_576-160*12_576-159*12_576-161*12_830-854*20_830-855*20_159-156*13_159-155*13_159-162*13_1620-1692*11_743-741*14_743-868*14_743-867*14_743-857*14_743-865*14_1005-953*20_364-406*16_199-196*15_953-954*21_953-952*21_953-956*21_953-951*21_953-989*21_953-957*21_953-990*21_953-958*21_953-1144*21_158-136*12_158-269*12_158-125*12_158-1073*12_158-280*12_1079-1072*12_1079-1071*12_1079-1074*12_208-128*16_865-864*15_258-380*12_258-291*12_258-114*12_258-391*12_165-587*13_165-592*13_1550-1536*15_933-900*19_933-889*19_933-911*19_933-877*19_933-1310*19_1391-1387*19_1391-1589*19_1391-1590*19_1391-1591*19_552-550*16_552-549*16_552-543*16_552-544*16_552-542*16_552-545*16_552-547*16_128-127*17_128-655*17_128-124*17_128-123*17_551-732*16_551-541*16_1073-302*13_1073-313*13_544-731*17_544-548*17_544-730*17_544-725*17_544-726*17_544-727*17_544-890*17_1693-1691*14_1693-1690*14_147-624*13_423-412*20_423-414*20_888-999*15_888-1540*15_888-1537*15_1144-1155*22_1144-1133*22_1144-969*22_1144-1166*22_1144-1122*22_1144-968*22_1144-987*22_1144-1111*22_1144-986*22_1144-967*22_1144-985*22_1144-1099*22_123-122*18_123-656*18_123-126*18_123-612*18_123-121*18_123-611*18_123-120*18_1385-1383*18_1385-1404*18_1385-1382*18_1385-1403*18_1385-1389*18_1385-1418*18_1385-1402*18_1385-1381*18_1387-1390*20_1387-1598*20_1387-1597*20_1387-1592*20_532-556*18_532-562*18_1591-1594*20_1591-1593*20_1591-1595*20_1591-1309*20_1317-1318*20_1591-1596*20_1317-1319*20_1536-1538*16_1536-1539*16_940-942*17_940-943*17_1597-1372*21_1597-1362*21_1597-1361*21_1597-1371*21_1597-1360*21_725-723*18_725-722*18_725-721*18_725-728*18_725-720*18_725-729*18_855-856*21_855-1655*21_855-1653*21_855-1652*21_591-766*14_536-538*19_536-539*19_313-402*14_313-413*14_313-58*14_562-563*19_562-564*19_562-452*19_562-453*19_562-559*19_562-454*19_1319-1320*21_1319-1331*21_1319-1330*21_1319-1356*21_1319-1323*21_1319-1329*21_1319-1354*21_1319-1328*21_454-455*20_454-456*20_454-490*20_454-457*20_454-507*20_402-91*15_402-102*15_402-80*15_402-69*15_402-47*15_402-762*15_402-763*15_1598-1370*21_1598-1364*21_1598-1363*21_943-945*18_943-946*18_943-950*18_943-1030*18_943-949*18_943-948*18_943-1031*18_943-947*18_958-959*22_958-963*22_958-960*22_958-964*22_958-961*22_958-965*22_958-962*22_410-415*22_767-765*13_767-764*13_767-734*13_767-886*13_1330-1327*22_1330-1326*22_1330-1324*22_1330-1325*22_1364-1365*22_1364-1367*22_1364-1368*22_1364-1359*22_1364-1343*22_1364-1369*22_1364-1342*22_1381-1380*19_1381-1379*19_1381-1373*19_1381-1374*19_1381-1375*19_1381-1378*19_1381-1376*19_1376-862*20_414-416*22_414-445*22_611-610*19_611-609*19_611-658*19_611-659*19_611-119*19_611-660*19_1342-1340*23_1342-1345*23_1342-1339*23_1342-1346*23_1342-1338*23_968-970*23_968-971*23_968-984*23_968-981*23_453-492*20_453-493*20_965-982*24_965-972*24_965-980*24_965-973*24_965-983*24_542-540*17_424-36*16_909-908*16_909-907*16_909-717*16_909-906*16_909-711*16_909-740*16_909-905*16_877-866*20_877-779*20_877-668*20_886-887*14_886-736*14_886-891*14_886-737*14_660-661*20_660-608*20_660-614*20_660-115*20_660-112*20_891-892*15_891-716*15_891-893*15_891-715*15_891-714*15_891-738*15_891-894*15_36-739*17_36-712*17_721-719*19_721-464*19_721-465*19_721-463*19_721-526*19_721-466*19_721-896*19_721-897*19_721-895*19_721-462*19_721-467*19_948-994*19_948-995*19_507-506*21_507-459*21_507-489*21_507-488*21_507-460*21_507-487*21_507-461*21_1629-1630*14_1629-1631*14_1629-1633*14_973-974*25_973-975*25_973-979*25_973-976*25_973-978*25_463-525*20_463-523*20_463-522*20_608-616*21_608-615*21_608-642*21_608-617*21_608-641*21_493-499*21_493-494*21_493-498*21_493-495*21_493-497*21_493-496*21_493-500*21_493-528*21_493-501*21_1690-1689*15_1690-1687*15_1690-1686*15_905-904*17_905-903*17_1354-1353*23_1354-1357*23_1354-1352*23_1354-1358*23_1362-1337*22_1362-1336*22_1362-1341*22_1630-1634*15_1630-1635*15_1420-1412*18_897-898*20_897-899*20_897-468*20_897-901*20_897-902*20_641-618*22_641-640*22_641-619*22_641-639*22_641-620*22_641-638*22_641-621*22_641-637*22_637-622*23_637-623*23_637-625*23_637-626*23_1635-1636*16_1635-1637*16_1635-1638*16_1635-1639*16_1411-1413*19_1411-1414*19_1411-1415*19_1411-1416*19_1411-1417*19_1346-1347*24_1346-1348*24_626-627*24_626-628*24_626-631*24_626-630*24_626-643*24_626-629*24_626-632*24_626-633*24_496-503*22_496-530*22_496-504*22_496-529*22_1639-1640*17_1639-1641*17_1639-1642*17_1639-1644*17_525-521*22_525-520*22_504-505*23_504-422*23_504-421*23_504-519*23_504-420*23_504-518*23_1352-1351*26_1352-1350*26_1352-1349*26_490-486*22_488-485*22_1687-1682*16_1687-1681*16_1687-1680*16_522-475*21_522-474*21_522-473*21_522-476*21_522-472*21_522-477*21_522-527*21_522-470*21_505-517*24_505-419*24_505-516*24_527-471*22_527-718*22_520-478*23_1680-1679*17_1680-1676*17_1680-1678*17_1680-1675*17_1680-1683*17_1680-1684*17_1680-1700*17_1681-1674*17_1681-1698*17_1681-1685*17_487-484*23_487-483*23_487-508*23_486-482*23_486-481*23_486-510*23_476-479*22_1644-1645*18_1674-1673*18_1644-1646*18_1674-1672*18_483-509*24_483-511*24_960-1026*23_960-1027*23_960-1028*23_516-515*25_516-514*25_516-512*25_1337-1335*23_1337-1334*23_668-557*21_668-224*21_668-113*21_668-335*21_668-2*21_668-446*21_668-1665*21_668-1044*21_1684-1661*18_1684-1660*18_1684-1697*18_1684-687*18_1684-1662*18_1684-1659*18_1684-1696*18_1684-688*18_1696-1695*19_1696-1701*19_1696-1694*19_1696-1702*19_1696-1703*19_1696-1663*19_1696-1664*19_688-689*19_688-1670*19_688-1671*19_688-1669*19_688-1667*19_688-1658*19_688-1668*19_688-1657*19_420-418*24_420-417*24_633-636*25_633-634*25_1669-1656*20_1403-1405*22_1403-1408*22_1402-863*22_1408-861*23_1408-1406*23_1408-860*23_1028-1029*24_416-449*23_1044-1033*22_1044-1055*22_1044-1066*22_1044-1022*22_1044-1077*22_1044-1011*22_1656-1647*21_860-859*24_860-858*24_1590-1308*23_1655-1651*22_1655-1650*22_1335-1307*25_1335-1306*25_1335-1305*25_1701-1704*21_1701-1705*21_1055-1088*24_1647-1648*22_1647-1649*22_1568-1569*12_530-451*29_
