"id","Scenario","Actual Range","Protocol","Buildings","Total nodes","Nodes on circ","Total coverage","Coverage on circ","Alert received mean time","Hops","Slots","Messages sent","Messages received", "Starting x", "Starting y","Starting node", "Vehicle distance", "Received node ids", "Node ids", "Transmission map", "Received on circ nodes", "Transmission vector"
0,1,500,0,1,1344,31,1344,31,28188.4,4,26.4516,887,1344,2200,1550,646,25,645_647_644_648_1175_1174_643_649_1173_642_650_1172_641_651_1171_640_652_1170_639_653_1169_638_654_1168_637_655_1167_636_656_1091_635_657_634_658_565_566_567_633_659_632_660_631_661_630_662_629_663_628_664_627_665_547_1075_546_626_666_625_624_1007_1006_623_1005_622_1004_621_1003_620_1002_619_1001_618_1000_617_999_616_615_614_539_538_537_613_536_612_611_610_609_991_608_990_607_989_527_526_606_646_605_604_603_602_601_600_839_923_838_922_837_921_599_836_920_835_919_598_834_918_597_596_595_594_593_592_591_590_511_510_534_589_535_588_823_822_821_525_524_528_912_911_913_910_914_523_529_909_915_522_530_908_916_521_531_907_917_520_532_906_519_533_905_518_904_517_903_516_828_827_829_515_514_445_446_447_513_512_540_996_998_541_542_509_543_508_544_507_545_427_811_426_506_548_549_550_551_552_1080_1079_1081_1078_1082_1077_1083_553_1076_1084_554_995_997_1085_994_993_1074_1086_555_992_1073_1087_556_557_558_559_560_469_470_561_455_471_454_472_562_453_473_563_452_451_564_1164_1165_1166_450_979_978_755_754_753_752_751_750_749_739_738_737_448_449_444_900_899_901_898_902_443_897_442_896_895_441_894_440_893_439_892_438_456_984_983_985_982_986_437_457_436_458_435_459_358_434_460_357_356_433_461_432_462_816_431_463_430_464_883_429_465_882_428_466_881_347_467_810_812_809_813_808_814_807_815_806_805_817_348_804_818_349_346_350_345_351_803_819_344_352_343_353_425_802_820_801_800_799_798_824_797_825_736_796_826_795_715_794_714_740_793_741_264_792_830_742_743_791_831_424_423_422_713_421_712_716_711_717_735_710_718_709_719_252_336_708_720_253_337_254_338_255_339_707_721_256_340_257_341_706_722_258_342_705_723_704_724_703_354_702_355_701_700_790_891_699_789_890_359_788_698_787_786_697_168_696_695_694_880_884_879_885_878_886_877_887_276_360_876_888_275_277_361_274_278_362_273_279_363_875_889_272_280_364_271_281_365_874_270_282_366_873_872_871_870_869_868_263_867_262_866_261_954_865_260_953_192_864_259_952_980_863_981_862_283_284_194_265_861_266_961_860_962_963_964_859_785_858_779_947_784_179_857_946_178_945_856_177_944_855_176_943_854_942_175_853_941_182_183_184_185_186_187_693_692_691_940_939_938_937_120_936_119_121_118_122_117_123_935_116_124_204_934_948_115_125_203_205_202_206_201_207_114_126_933_949_200_208_113_127_199_209_932_950_931_951_930_929_928_851_1019_850_1018_107_927_955_849_1017_191_106_848_926_956_1016_847_1015_190_105_925_957_846_189_104_36_924_958_188_103_959_102_288_960_287_289_286_290_285_291_292_101_293_294_1041_988_987_977_976_975_974_1088_973_1089_372_972_1090_971_193_195_196_197_198_181_108_180_780_852_95_767_174_210_94_766_173_211_845_93_765_92_172_212_764_844_970_371_373_969_370_374_968_369_375_967_368_376_966_367_377_965_378_379_380_381_382_1057_1058_91_90_89_88_96_768_769_770_87_97_771_772_86_98_763_773_85_99_762_774_84_100_684_683_685_761_775_682_686_681_687_760_15_16_17_18_19_20_109_21_110_843_22_842_111_23_841_24_112_840_35_37_34_38_33_39_32_40_31_41_30_42_29_43_28_44_27_45_26_46_468_1068_1067_1069_1066_1070_1065_1071_1064_1072_474_1063_475_1062_476_1061_477_1060_478_1059_479_480_1152_481_383_482_483_484_485_486_1051_487_1050_488_1049_489_25_14_8_7_6_5_128_129_130_131_132_1020_1021_1022_1023_133_134_135_136_137_138_139_140_141_142_143_144_1104_13_12_756_11_10_9_4_420_732_505_504_744_745_746_747_748_730_729_728_727_726_725_757_758_759_3_2_1_0_672_1259_1258_1257_1256_1255_667_1254_668_1253_669_1252_670_1251_671_1250_575_574_573_572_1243_1242_1241_731_267_733_268_734_269_778_777_776_783_782_781_169_170_171_690_689_688_1033_1034_1035_1036_1037_1038_1039_1040_295_296_297_1042_298_1043_299_300_1014_1044_301_1013_1045_673_674_675_676_677_678_679_680_384_1056_385_386_387_1055_388_389_1054_390_1053_1052_1048_1047_1046_1135_1157_1134_1158_1133_1159_1132_1160_1161_1162_1136_1137_1138_1131_1139_396_1130_1140_395_397_394_398_393_399_1129_1141_392_400_312_1128_1142_311_313_391_401_310_314_309_315_402_1127_1143_308_316_307_317_403_1126_1144_1125_1145_1124_1146_1123_1147_1122_1148_1121_1149_1120_1150_1228_1229_1119_1151_1230_1231_1118_1232_1117_1153_1233_228_1116_1154_1234_490_1115_1155_1235_1012_1011_1010_1009_48_1008_1024_47_49_50_51_1025_1026_1027_1028_1029_1106_1107_1030_1108_1031_1109_1110_216_1032_215_217_214_218_213_219_1111_220_221_1112_222_223_1113_224_225_1114_226_227_306_318_305_319_304_320_303_321_302_322_323_324_1212_325_326_327_328_329_1199_330_1198_331_1197_332_1196_1211_1213_1210_1214_1209_1215_1208_1216_1207_1217_1206_1218_1205_1219_1204_1220_1203_1221_333_334_241_409_242_410_243_335_411_1296_1195_1194_1193_1295_1297_1294_1298_1293_1299_1292_1300_1291_1301_1290_1302_235_234_832_833_229_230_231_232_233_236_237_1105_238_1103_1201_1202_1102_1101_1100_1099_1187_1098_1186_1097_1185_1096_1184_1095_1183_52_53_1289_1288_1287_1286_1285_1284_251_250_1283_1303_1282_1304_1281_1305_1280_1306_1279_1307_1278_1308_1277_1309_1276_1310_1275_1311_1274_1312_1273_1313_54_55_56_57_58_59_60_1092_61_62_63_64_65_66_67_68_156_1182_1188_155_157_154_158_1181_1189_153_159_152_160_1180_1190_151_161_1179_1191_150_162_1178_1192_149_163_1177_148_164_72_1176_71_73_70_74_240_1200_1094_145_146_147_1093_1240_1244_1239_1245_1238_1246_1237_1247_492_576_1236_1248_491_493_577_494_578_495_579_1249_496_580_497_571_581_498_570_582_1227_1226_1315_1314_1338_1225_1339_408_1224_1340_1223_1341_1222_1342_1343_1337_1336_1335_1334_1333_1332_587_586_1331_1330_1329_1328_1327_1326_1325_1324_1323_1322_1321_1156_499_500_501_502_503_1320_407_406_405_404_569_568_1319_1318_1317_1316_419_418_417_249_248_247_246_1272_167_245_166_165_1271_1270_1269_1268_1267_1266_1265_1264_1263_1262_1261_1260_239_244_75_76_77_78_69_79_83_82_81_80_412_413_414_415_416_1163_583_584_585_,0_1_2_3_4_5_6_7_8_9_10_11_12_13_14_15_16_17_18_19_20_21_22_23_24_25_26_27_28_29_30_31_32_33_34_35_36_37_38_39_40_41_42_43_44_45_46_47_48_49_50_51_52_53_54_55_56_57_58_59_60_61_62_63_64_65_66_67_68_69_70_71_72_73_74_75_76_77_78_79_80_81_82_83_84_85_86_87_88_89_90_91_92_93_94_95_96_97_98_99_100_101_102_103_104_105_106_107_108_109_110_111_112_113_114_115_116_117_118_119_120_121_122_123_124_125_126_127_128_129_130_131_132_133_134_135_136_137_138_139_140_141_142_143_144_145_146_147_148_149_150_151_152_153_154_155_156_157_158_159_160_161_162_163_164_165_166_167_168_169_170_171_172_173_174_175_176_177_178_179_180_181_182_183_184_185_186_187_188_189_190_191_192_193_194_195_196_197_198_199_200_201_202_203_204_205_206_207_208_209_210_211_212_213_214_215_216_217_218_219_220_221_222_223_224_225_226_227_228_229_230_231_232_233_234_235_236_237_238_239_240_241_242_243_244_245_246_247_248_249_250_251_252_253_254_255_256_257_258_259_260_261_262_263_264_265_266_267_268_269_270_271_272_273_274_275_276_277_278_279_280_281_282_283_284_285_286_287_288_289_290_291_292_293_294_295_296_297_298_299_300_301_302_303_304_305_306_307_308_309_310_311_312_313_314_315_316_317_318_319_320_321_322_323_324_325_326_327_328_329_330_331_332_333_334_335_336_337_338_339_340_341_342_343_344_345_346_347_348_349_350_351_352_353_354_355_356_357_358_359_360_361_362_363_364_365_366_367_368_369_370_371_372_373_374_375_376_377_378_379_380_381_382_383_384_385_386_387_388_389_390_391_392_393_394_395_396_397_398_399_400_401_402_403_404_405_406_407_408_409_410_411_412_413_414_415_416_417_418_419_420_421_422_423_424_425_426_427_428_429_430_431_432_433_434_435_436_437_438_439_440_441_442_443_444_445_446_447_448_449_450_451_452_453_454_455_456_457_458_459_460_461_462_463_464_465_466_467_468_469_470_471_472_473_474_475_476_477_478_479_480_481_482_483_484_485_486_487_488_489_490_491_492_493_494_495_496_497_498_499_500_501_502_503_504_505_506_507_508_509_510_511_512_513_514_515_516_517_518_519_520_521_522_523_524_525_526_527_528_529_530_531_532_533_534_535_536_537_538_539_540_541_542_543_544_545_546_547_548_549_550_551_552_553_554_555_556_557_558_559_560_561_562_563_564_565_566_567_568_569_570_571_572_573_574_575_576_577_578_579_580_581_582_583_584_585_586_587_588_589_590_591_592_593_594_595_596_597_598_599_600_601_602_603_604_605_606_607_608_609_610_611_612_613_614_615_616_617_618_619_620_621_622_623_624_625_626_627_628_629_630_631_632_633_634_635_636_637_638_639_640_641_642_643_644_645_646_647_648_649_650_651_652_653_654_655_656_657_658_659_660_661_662_663_664_665_666_667_668_669_670_671_672_673_674_675_676_677_678_679_680_681_682_683_684_685_686_687_688_689_690_691_692_693_694_695_696_697_698_699_700_701_702_703_704_705_706_707_708_709_710_711_712_713_714_715_716_717_718_719_720_721_722_723_724_725_726_727_728_729_730_731_732_733_734_735_736_737_738_739_740_741_742_743_744_745_746_747_748_749_750_751_752_753_754_755_756_757_758_759_760_761_762_763_764_765_766_767_768_769_770_771_772_773_774_775_776_777_778_779_780_781_782_783_784_785_786_787_788_789_790_791_792_793_794_795_796_797_798_799_800_801_802_803_804_805_806_807_808_809_810_811_812_813_814_815_816_817_818_819_820_821_822_823_824_825_826_827_828_829_830_831_832_833_834_835_836_837_838_839_840_841_842_843_844_845_846_847_848_849_850_851_852_853_854_855_856_857_858_859_860_861_862_863_864_865_866_867_868_869_870_871_872_873_874_875_876_877_878_879_880_881_882_883_884_885_886_887_888_889_890_891_892_893_894_895_896_897_898_899_900_901_902_903_904_905_906_907_908_909_910_911_912_913_914_915_916_917_918_919_920_921_922_923_924_925_926_927_928_929_930_931_932_933_934_935_936_937_938_939_940_941_942_943_944_945_946_947_948_949_950_951_952_953_954_955_956_957_958_959_960_961_962_963_964_965_966_967_968_969_970_971_972_973_974_975_976_977_978_979_980_981_982_983_984_985_986_987_988_989_990_991_992_993_994_995_996_997_998_999_1000_1001_1002_1003_1004_1005_1006_1007_1008_1009_1010_1011_1012_1013_1014_1015_1016_1017_1018_1019_1020_1021_1022_1023_1024_1025_1026_1027_1028_1029_1030_1031_1032_1033_1034_1035_1036_1037_1038_1039_1040_1041_1042_1043_1044_1045_1046_1047_1048_1049_1050_1051_1052_1053_1054_1055_1056_1057_1058_1059_1060_1061_1062_1063_1064_1065_1066_1067_1068_1069_1070_1071_1072_1073_1074_1075_1076_1077_1078_1079_1080_1081_1082_1083_1084_1085_1086_1087_1088_1089_1090_1091_1092_1093_1094_1095_1096_1097_1098_1099_1100_1101_1102_1103_1104_1105_1106_1107_1108_1109_1110_1111_1112_1113_1114_1115_1116_1117_1118_1119_1120_1121_1122_1123_1124_1125_1126_1127_1128_1129_1130_1131_1132_1133_1134_1135_1136_1137_1138_1139_1140_1141_1142_1143_1144_1145_1146_1147_1148_1149_1150_1151_1152_1153_1154_1155_1156_1157_1158_1159_1160_1161_1162_1163_1164_1165_1166_1167_1168_1169_1170_1171_1172_1173_1174_1175_1176_1177_1178_1179_1180_1181_1182_1183_1184_1185_1186_1187_1188_1189_1190_1191_1192_1193_1194_1195_1196_1197_1198_1199_1200_1201_1202_1203_1204_1205_1206_1207_1208_1209_1210_1211_1212_1213_1214_1215_1216_1217_1218_1219_1220_1221_1222_1223_1224_1225_1226_1227_1228_1229_1230_1231_1232_1233_1234_1235_1236_1237_1238_1239_1240_1241_1242_1243_1244_1245_1246_1247_1248_1249_1250_1251_1252_1253_1254_1255_1256_1257_1258_1259_1260_1261_1262_1263_1264_1265_1266_1267_1268_1269_1270_1271_1272_1273_1274_1275_1276_1277_1278_1279_1280_1281_1282_1283_1284_1285_1286_1287_1288_1289_1290_1291_1292_1293_1294_1295_1296_1297_1298_1299_1300_1301_1302_1303_1304_1305_1306_1307_1308_1309_1310_1311_1312_1313_1314_1315_1316_1317_1318_1319_1320_1321_1322_1323_1324_1325_1326_1327_1328_1329_1330_1331_1332_1333_1334_1335_1336_1337_1338_1339_1340_1341_1342_1343_,16:{757;758;759;3;2;1;0;672;}48:{54;55;56;57;58;59;60;1092;61;62;63;64;65;66;67;68;}92:{91;90;89;88;96;768;769;770;87;97;771;772;86;98;763;773;85;99;762;774;84;100;684;683;685;761;775;682;686;681;687;760;15;16;17;18;19;20;109;21;110;843;22;842;111;23;841;24;112;840;}124:{128;129;130;131;132;1020;1021;1022;1023;133;134;135;136;137;138;139;140;141;142;143;144;1104;}150:{75;76;77;78;}261:{265;266;785;784;182;183;184;185;186;187;693;692;691;}322:{1211;1213;1210;1214;1209;1215;1208;1216;1207;1217;1206;1218;1205;1219;1204;1220;1203;1221;333;334;241;409;242;410;243;335;411;1296;1195;1194;1193;}330:{1295;1297;1294;1298;1293;1299;1292;1300;1291;1301;1290;1302;235;234;}344:{267;268;269;}401:{412;413;414;415;416;}427:{424;423;422;421;735;354;355;891;890;359;}439:{420;732;}447:{448;449;444;900;899;901;898;902;443;897;442;896;895;441;894;440;893;439;892;438;456;984;983;985;982;986;437;457;436;458;435;459;358;434;460;357;356;433;461;432;462;816;431;463;430;464;883;429;465;882;428;466;881;347;467;}469:{468;1068;1067;1069;1066;1070;1065;1071;1064;1072;474;1063;475;1062;476;1061;477;1060;478;1059;479;480;1152;481;383;482;483;484;485;486;1051;487;1050;488;1049;489;}473:{1156;}493:{503;1320;407;406;405;404;569;568;}507:{505;504;744;745;746;747;748;730;729;728;727;726;725;}526:{525;524;528;912;911;913;910;914;523;529;909;915;522;530;908;916;521;531;907;917;520;532;906;519;533;905;518;904;517;903;516;828;827;829;515;514;445;446;447;513;512;540;996;998;541;542;509;543;508;544;507;545;427;811;426;506;}547:{548;549;550;551;552;1080;1079;1081;1078;1082;1077;1083;553;1076;1084;554;995;997;1085;994;993;1074;1086;555;992;1073;1087;556;557;558;559;560;469;470;561;455;471;454;472;562;453;473;563;452;451;564;1164;1165;1166;450;979;978;}582:{583;584;585;}592:{755;754;753;752;751;750;749;739;738;737;}606:{605;604;603;602;601;600;839;923;838;922;837;921;599;836;920;835;919;598;834;918;597;596;595;594;593;592;591;590;511;510;534;589;535;588;823;822;821;}626:{625;624;1007;1006;623;1005;622;1004;621;1003;620;1002;619;1001;618;1000;617;999;616;615;614;539;538;537;613;536;612;611;610;609;991;608;990;607;989;527;526;606;646;}646:{645;647;644;648;1175;1174;643;649;1173;642;650;1172;641;651;1171;640;652;1170;639;653;1169;638;654;1168;637;655;1167;636;656;1091;635;657;634;658;565;566;567;633;659;632;660;631;661;630;662;629;663;628;664;627;665;547;1075;546;626;666;}661:{1259;1258;1257;1256;1255;667;1254;668;1253;669;1252;670;1251;671;1250;575;574;573;572;1243;1242;1241;}672:{673;674;675;676;677;678;679;680;}703:{169;170;171;690;689;688;}714:{713;712;716;711;717;710;718;709;719;252;336;708;720;253;337;254;338;255;339;707;721;256;340;257;341;706;722;258;342;705;723;704;724;703;702;701;700;790;699;789;788;698;787;786;697;168;696;695;694;}727:{731;733;734;}791:{783;782;781;}811:{810;812;809;813;808;814;807;815;806;805;817;348;804;818;349;346;350;345;351;803;819;344;352;343;353;425;802;820;801;800;799;798;824;797;825;736;796;826;795;715;794;714;740;793;741;264;792;830;742;743;791;831;}822:{832;833;}840:{13;12;756;11;10;9;4;}841:{25;14;8;7;6;5;}864:{193;195;196;197;198;181;108;180;780;852;95;767;174;210;94;766;173;211;845;93;765;92;172;212;764;844;}871:{778;777;776;}873:{283;284;194;861;961;860;962;963;964;859;858;779;947;179;857;946;178;945;856;177;944;855;176;943;854;942;175;853;941;}882:{880;884;879;885;878;886;877;887;276;360;876;888;275;277;361;274;278;362;273;279;363;875;889;272;280;364;271;281;365;874;270;282;366;873;872;871;870;869;868;263;867;262;866;261;954;865;260;953;192;864;259;952;980;863;981;862;}925:{35;37;34;38;33;39;32;40;31;41;30;42;29;43;28;44;27;45;26;46;}941:{940;939;938;937;120;936;119;121;118;122;117;123;935;116;124;204;934;948;115;125;203;205;202;206;201;207;114;126;933;949;200;208;113;127;199;209;932;950;931;951;930;929;928;851;1019;850;1018;107;927;955;849;1017;191;106;848;926;956;1016;847;1015;190;105;925;957;846;189;104;36;924;958;188;103;959;102;288;960;287;289;286;290;285;291;292;101;293;294;1041;}945:{1033;1034;1035;1036;1037;1038;1039;1040;295;296;297;1042;298;1043;299;300;1014;1044;301;1013;1045;}971:{970;371;373;969;370;374;968;369;375;967;368;376;966;367;377;965;378;379;380;381;382;1057;1058;}991:{988;987;977;976;975;974;1088;973;1089;372;972;1090;971;}1015:{52;53;}1016:{1012;1011;1010;1009;48;1008;1024;47;49;50;51;1025;1026;1027;1028;1029;1106;1107;1030;1108;1031;1109;1110;216;1032;215;217;214;218;213;219;1111;220;221;1112;222;223;1113;224;225;1114;226;227;}1062:{384;1056;385;386;387;1055;388;389;1054;390;1053;1052;1048;1047;1046;1135;1157;1134;1158;1133;1159;1132;1160;1161;1162;}1063:{1163;}1099:{1094;145;146;147;1093;}1115:{229;230;231;232;233;236;237;1105;238;1103;1201;1202;1102;1101;1100;1099;1187;1098;1186;1097;1185;1096;1184;1095;1183;}1128:{306;318;305;319;304;320;303;321;302;322;323;324;1212;325;326;327;328;329;1199;330;1198;331;1197;332;1196;}1135:{1136;1137;1138;1131;1139;396;1130;1140;395;397;394;398;393;399;1129;1141;392;400;312;1128;1142;311;313;391;401;310;314;309;315;402;1127;1143;308;316;307;317;403;1126;1144;1125;1145;1124;1146;1123;1147;1122;1148;1121;1149;1120;1150;1228;1229;1119;1151;1230;1231;1118;1232;1117;1153;1233;228;1116;1154;1234;490;1115;1155;1235;}1181:{69;79;}1185:{156;1182;1188;155;157;154;158;1181;1189;153;159;152;160;1180;1190;151;161;1179;1191;150;162;1178;1192;149;163;1177;148;164;72;1176;71;73;70;74;240;1200;}1210:{239;}1235:{499;500;501;502;}1237:{1319;1318;1317;1316;}1242:{1240;1244;1239;1245;1238;1246;1237;1247;492;576;1236;1248;491;493;577;494;578;495;579;1249;496;580;497;571;581;498;570;582;1227;1226;1315;1314;1338;1225;1339;408;1224;1340;1223;1341;1222;1342;}1261:{83;82;81;80;}1280:{249;248;247;246;1272;167;245;166;165;1271;1270;1269;1268;1267;1266;1265;1264;1263;1262;1261;1260;}1281:{244;}1293:{1289;1288;1287;1286;1285;1284;251;250;1283;1303;1282;1304;1281;1305;1280;1306;1279;1307;1278;1308;1277;1309;1276;1310;1275;1311;1274;1312;1273;1313;}1300:{419;418;417;}1341:{1343;1337;1336;1335;1334;1333;1332;587;586;1331;1330;1329;1328;1327;1326;1325;1324;1323;1322;1321;},375_376_377_378_379_409_410_411_412_413_445_446_447_523_524_605_606_607_902_903_904_974_975_1053_1054_1136_1137_1222_1223_1313_1314_,646-645*0_646-647*0_646-644*0_646-648*0_646-1175*0_646-1174*0_646-643*0_646-649*0_646-1173*0_646-642*0_646-650*0_646-1172*0_646-641*0_646-651*0_646-1171*0_646-640*0_646-652*0_646-1170*0_646-639*0_646-653*0_646-1169*0_646-638*0_646-654*0_646-1168*0_646-637*0_646-655*0_646-1167*0_646-636*0_646-656*0_646-1091*0_646-635*0_646-657*0_646-634*0_646-658*0_646-565*0_646-566*0_646-567*0_646-633*0_646-659*0_646-632*0_646-660*0_646-631*0_646-661*0_646-630*0_646-662*0_646-629*0_646-663*0_646-628*0_646-664*0_646-627*0_646-665*0_646-547*0_646-1075*0_646-546*0_646-626*0_646-666*0_626-625*1_626-624*1_626-1007*1_626-1006*1_626-623*1_626-1005*1_626-622*1_626-1004*1_626-621*1_626-1003*1_626-620*1_626-1002*1_626-619*1_626-1001*1_626-618*1_626-1000*1_626-617*1_626-999*1_626-616*1_626-615*1_626-614*1_626-539*1_626-538*1_626-537*1_626-613*1_626-536*1_626-612*1_626-611*1_626-610*1_626-609*1_626-991*1_626-608*1_626-990*1_626-607*1_626-989*1_626-527*1_626-526*1_626-606*1_626-646*1_606-605*2_606-604*2_606-603*2_606-602*2_606-601*2_606-600*2_606-839*2_606-923*2_606-838*2_606-922*2_606-837*2_606-921*2_606-599*2_606-836*2_606-920*2_606-835*2_606-919*2_606-598*2_606-834*2_606-918*2_606-597*2_606-596*2_606-595*2_606-594*2_606-593*2_606-592*2_606-591*2_606-590*2_606-511*2_606-510*2_606-534*2_606-589*2_606-535*2_606-588*2_606-823*2_606-822*2_606-821*2_526-525*2_526-524*2_526-528*2_526-912*2_526-911*2_526-913*2_526-910*2_526-914*2_526-523*2_526-529*2_526-909*2_526-915*2_526-522*2_526-530*2_526-908*2_526-916*2_526-521*2_526-531*2_526-907*2_526-917*2_526-520*2_526-532*2_526-906*2_526-519*2_526-533*2_526-905*2_526-518*2_526-904*2_526-517*2_526-903*2_526-516*2_526-828*2_526-827*2_526-829*2_526-515*2_526-514*2_526-445*2_526-446*2_526-447*2_526-513*2_526-512*2_526-540*2_526-996*2_526-998*2_526-541*2_526-542*2_526-509*2_526-543*2_526-508*2_526-544*2_526-507*2_526-545*2_526-427*2_526-811*2_526-426*2_526-506*2_547-548*1_547-549*1_547-550*1_547-551*1_547-552*1_547-1080*1_547-1079*1_547-1081*1_547-1078*1_547-1082*1_547-1077*1_547-1083*1_547-553*1_547-1076*1_547-1084*1_547-554*1_547-995*1_547-997*1_547-1085*1_547-994*1_547-993*1_547-1074*1_547-1086*1_547-555*1_547-992*1_547-1073*1_547-1087*1_547-556*1_547-557*1_547-558*1_547-559*1_547-560*1_547-469*1_547-470*1_547-561*1_547-455*1_547-471*1_547-454*1_547-472*1_547-562*1_547-453*1_547-473*1_547-563*1_547-452*1_547-451*1_547-564*1_547-1164*1_547-1165*1_547-1166*1_547-450*1_547-979*1_547-978*1_592-755*3_592-754*3_592-753*3_592-752*3_592-751*3_592-750*3_592-749*3_592-739*3_592-738*3_592-737*3_447-448*3_447-449*3_447-444*3_447-900*3_447-899*3_447-901*3_447-898*3_447-902*3_447-443*3_447-897*3_447-442*3_447-896*3_447-895*3_447-441*3_447-894*3_447-440*3_447-893*3_447-439*3_447-892*3_447-438*3_447-456*3_447-984*3_447-983*3_447-985*3_447-982*3_447-986*3_447-437*3_447-457*3_447-436*3_447-458*3_447-435*3_447-459*3_447-358*3_447-434*3_447-460*3_447-357*3_447-356*3_447-433*3_447-461*3_447-432*3_447-462*3_447-816*3_447-431*3_447-463*3_447-430*3_447-464*3_447-883*3_447-429*3_447-465*3_447-882*3_447-428*3_447-466*3_447-881*3_447-347*3_447-467*3_811-810*3_811-812*3_811-809*3_811-813*3_811-808*3_811-814*3_811-807*3_811-815*3_811-806*3_811-805*3_811-817*3_811-348*3_811-804*3_811-818*3_811-349*3_811-346*3_811-350*3_811-345*3_811-351*3_811-803*3_811-819*3_811-344*3_811-352*3_811-343*3_811-353*3_811-425*3_811-802*3_811-820*3_811-801*3_811-800*3_811-799*3_811-798*3_811-824*3_811-797*3_811-825*3_811-736*3_811-796*3_811-826*3_811-795*3_811-715*3_811-794*3_811-714*3_811-740*3_811-793*3_811-741*3_811-264*3_811-792*3_811-830*3_811-742*3_811-743*3_811-791*3_811-831*3_427-424*4_427-423*4_427-422*4_714-713*4_427-421*4_714-712*4_714-716*4_714-711*4_714-717*4_427-735*4_714-710*4_714-718*4_714-709*4_714-719*4_714-252*4_714-336*4_714-708*4_714-720*4_714-253*4_714-337*4_714-254*4_714-338*4_714-255*4_714-339*4_714-707*4_714-721*4_714-256*4_714-340*4_714-257*4_714-341*4_714-706*4_714-722*4_714-258*4_714-342*4_714-705*4_714-723*4_714-704*4_714-724*4_714-703*4_427-354*4_714-702*4_427-355*4_714-701*4_714-700*4_714-790*4_427-891*4_714-699*4_714-789*4_427-890*4_427-359*4_714-788*4_714-698*4_714-787*4_714-786*4_714-697*4_714-168*4_714-696*4_714-695*4_714-694*4_882-880*4_882-884*4_882-879*4_882-885*4_882-878*4_882-886*4_882-877*4_882-887*4_882-276*4_882-360*4_882-876*4_882-888*4_882-275*4_882-277*4_882-361*4_882-274*4_882-278*4_882-362*4_882-273*4_882-279*4_882-363*4_882-875*4_882-889*4_882-272*4_882-280*4_882-364*4_882-271*4_882-281*4_882-365*4_882-874*4_882-270*4_882-282*4_882-366*4_882-873*4_882-872*4_882-871*4_882-870*4_882-869*4_882-868*4_882-263*4_882-867*4_882-262*4_882-866*4_882-261*4_882-954*4_882-865*4_882-260*4_882-953*4_882-192*4_882-864*4_882-259*4_882-952*4_882-980*4_882-863*4_882-981*4_882-862*4_873-283*5_873-284*5_873-194*5_261-265*5_873-861*5_261-266*5_873-961*5_873-860*5_873-962*5_873-963*5_873-964*5_873-859*5_261-785*5_873-858*5_873-779*5_873-947*5_261-784*5_873-179*5_873-857*5_873-946*5_873-178*5_873-945*5_873-856*5_873-177*5_873-944*5_873-855*5_873-176*5_873-943*5_873-854*5_873-942*5_873-175*5_873-853*5_873-941*5_261-182*5_261-183*5_261-184*5_261-185*5_261-186*5_261-187*5_261-693*5_261-692*5_261-691*5_941-940*6_941-939*6_941-938*6_941-937*6_941-120*6_941-936*6_941-119*6_941-121*6_941-118*6_941-122*6_941-117*6_941-123*6_941-935*6_941-116*6_941-124*6_941-204*6_941-934*6_941-948*6_941-115*6_941-125*6_941-203*6_941-205*6_941-202*6_941-206*6_941-201*6_941-207*6_941-114*6_941-126*6_941-933*6_941-949*6_941-200*6_941-208*6_941-113*6_941-127*6_941-199*6_941-209*6_941-932*6_941-950*6_941-931*6_941-951*6_941-930*6_941-929*6_941-928*6_941-851*6_941-1019*6_941-850*6_941-1018*6_941-107*6_941-927*6_941-955*6_941-849*6_941-1017*6_941-191*6_941-106*6_941-848*6_941-926*6_941-956*6_941-1016*6_941-847*6_941-1015*6_941-190*6_941-105*6_941-925*6_941-957*6_941-846*6_941-189*6_941-104*6_941-36*6_941-924*6_941-958*6_941-188*6_941-103*6_941-959*6_941-102*6_941-288*6_941-960*6_941-287*6_941-289*6_941-286*6_941-290*6_941-285*6_941-291*6_941-292*6_941-101*6_941-293*6_941-294*6_941-1041*6_991-988*2_991-987*2_991-977*2_991-976*2_991-975*2_991-974*2_991-1088*2_991-973*2_991-1089*2_991-372*2_991-972*2_991-1090*2_991-971*2_864-193*6_864-195*6_864-196*6_864-197*6_864-198*6_864-181*6_864-108*6_864-180*6_864-780*6_864-852*6_864-95*6_864-767*6_864-174*6_864-210*6_864-94*6_864-766*6_864-173*6_864-211*6_864-845*6_864-93*6_864-765*6_864-92*6_864-172*6_864-212*6_864-764*6_864-844*6_971-970*3_971-371*3_971-373*3_971-969*3_971-370*3_971-374*3_971-968*3_971-369*3_971-375*3_971-967*3_971-368*3_971-376*3_971-966*3_971-367*3_971-377*3_971-965*3_971-378*3_971-379*3_971-380*3_971-381*3_971-382*3_971-1057*3_971-1058*3_92-91*7_92-90*7_92-89*7_92-88*7_92-96*7_92-768*7_92-769*7_92-770*7_92-87*7_92-97*7_92-771*7_92-772*7_92-86*7_92-98*7_92-763*7_92-773*7_92-85*7_92-99*7_92-762*7_92-774*7_92-84*7_92-100*7_92-684*7_92-683*7_92-685*7_92-761*7_92-775*7_92-682*7_92-686*7_92-681*7_92-687*7_92-760*7_92-15*7_92-16*7_92-17*7_92-18*7_92-19*7_92-20*7_92-109*7_92-21*7_92-110*7_92-843*7_92-22*7_92-842*7_92-111*7_92-23*7_92-841*7_92-24*7_92-112*7_92-840*7_925-35*7_925-37*7_925-34*7_925-38*7_925-33*7_925-39*7_925-32*7_925-40*7_925-31*7_925-41*7_925-30*7_925-42*7_925-29*7_925-43*7_925-28*7_925-44*7_925-27*7_925-45*7_925-26*7_925-46*7_469-468*2_469-1068*2_469-1067*2_469-1069*2_469-1066*2_469-1070*2_469-1065*2_469-1071*2_469-1064*2_469-1072*2_469-474*2_469-1063*2_469-475*2_469-1062*2_469-476*2_469-1061*2_469-477*2_469-1060*2_469-478*2_469-1059*2_469-479*2_469-480*2_469-1152*2_469-481*2_469-383*2_469-482*2_469-483*2_469-484*2_469-485*2_469-486*2_469-1051*2_469-487*2_469-1050*2_469-488*2_469-1049*2_469-489*2_841-25*8_841-14*8_841-8*8_841-7*8_841-6*8_841-5*8_124-128*7_124-129*7_124-130*7_124-131*7_124-132*7_124-1020*7_124-1021*7_124-1022*7_124-1023*7_124-133*7_124-134*7_124-135*7_124-136*7_124-137*7_124-138*7_124-139*7_124-140*7_124-141*7_124-142*7_124-143*7_124-144*7_124-1104*7_840-13*8_840-12*8_840-756*8_840-11*8_840-10*8_840-9*8_840-4*8_439-420*3_439-732*3_507-505*4_507-504*4_507-744*4_507-745*4_507-746*4_507-747*4_507-748*4_507-730*4_507-729*4_507-728*4_507-727*4_507-726*4_507-725*4_16-757*9_16-758*9_16-759*9_16-3*9_16-2*9_16-1*9_16-0*9_16-672*9_661-1259*1_661-1258*1_661-1257*1_661-1256*1_661-1255*1_661-667*1_661-1254*1_661-668*1_661-1253*1_661-669*1_661-1252*1_661-670*1_661-1251*1_661-671*1_661-1250*1_661-575*1_661-574*1_661-573*1_661-572*1_661-1243*1_661-1242*1_661-1241*1_727-731*5_344-267*5_727-733*5_344-268*5_727-734*5_344-269*5_871-778*4_871-777*4_871-776*4_791-783*6_791-782*6_791-781*6_703-169*6_703-170*6_703-171*6_703-690*6_703-689*6_703-688*6_945-1033*5_945-1034*5_945-1035*5_945-1036*5_945-1037*5_945-1038*5_945-1039*5_945-1040*5_945-295*5_945-296*5_945-297*5_945-1042*5_945-298*5_945-1043*5_945-299*5_945-300*5_945-1014*5_945-1044*5_945-301*5_945-1013*5_945-1045*5_672-673*10_672-674*10_672-675*10_672-676*10_672-677*10_672-678*10_672-679*10_672-680*10_1062-384*3_1062-1056*3_1062-385*3_1062-386*3_1062-387*3_1062-1055*3_1062-388*3_1062-389*3_1062-1054*3_1062-390*3_1062-1053*3_1062-1052*3_1062-1048*3_1062-1047*3_1062-1046*3_1062-1135*3_1062-1157*3_1062-1134*3_1062-1158*3_1062-1133*3_1062-1159*3_1062-1132*3_1062-1160*3_1062-1161*3_1062-1162*3_1135-1136*4_1135-1137*4_1135-1138*4_1135-1131*4_1135-1139*4_1135-396*4_1135-1130*4_1135-1140*4_1135-395*4_1135-397*4_1135-394*4_1135-398*4_1135-393*4_1135-399*4_1135-1129*4_1135-1141*4_1135-392*4_1135-400*4_1135-312*4_1135-1128*4_1135-1142*4_1135-311*4_1135-313*4_1135-391*4_1135-401*4_1135-310*4_1135-314*4_1135-309*4_1135-315*4_1135-402*4_1135-1127*4_1135-1143*4_1135-308*4_1135-316*4_1135-307*4_1135-317*4_1135-403*4_1135-1126*4_1135-1144*4_1135-1125*4_1135-1145*4_1135-1124*4_1135-1146*4_1135-1123*4_1135-1147*4_1135-1122*4_1135-1148*4_1135-1121*4_1135-1149*4_1135-1120*4_1135-1150*4_1135-1228*4_1135-1229*4_1135-1119*4_1135-1151*4_1135-1230*4_1135-1231*4_1135-1118*4_1135-1232*4_1135-1117*4_1135-1153*4_1135-1233*4_1135-228*4_1135-1116*4_1135-1154*4_1135-1234*4_1135-490*4_1135-1115*4_1135-1155*4_1135-1235*4_1016-1012*6_1016-1011*6_1016-1010*6_1016-1009*6_1016-48*6_1016-1008*6_1016-1024*6_1016-47*6_1016-49*6_1016-50*6_1016-51*6_1016-1025*6_1016-1026*6_1016-1027*6_1016-1028*6_1016-1029*6_1016-1106*6_1016-1107*6_1016-1030*6_1016-1108*6_1016-1031*6_1016-1109*6_1016-1110*6_1016-216*6_1016-1032*6_1016-215*6_1016-217*6_1016-214*6_1016-218*6_1016-213*6_1016-219*6_1016-1111*6_1016-220*6_1016-221*6_1016-1112*6_1016-222*6_1016-223*6_1016-1113*6_1016-224*6_1016-225*6_1016-1114*6_1016-226*6_1016-227*6_1128-306*5_1128-318*5_1128-305*5_1128-319*5_1128-304*5_1128-320*5_1128-303*5_1128-321*5_1128-302*5_1128-322*5_1128-323*5_1128-324*5_1128-1212*5_1128-325*5_1128-326*5_1128-327*5_1128-328*5_1128-329*5_1128-1199*5_1128-330*5_1128-1198*5_1128-331*5_1128-1197*5_1128-332*5_1128-1196*5_322-1211*6_322-1213*6_322-1210*6_322-1214*6_322-1209*6_322-1215*6_322-1208*6_322-1216*6_322-1207*6_322-1217*6_322-1206*6_322-1218*6_322-1205*6_322-1219*6_322-1204*6_322-1220*6_322-1203*6_322-1221*6_322-333*6_322-334*6_322-241*6_322-409*6_322-242*6_322-410*6_322-243*6_322-335*6_322-411*6_322-1296*6_322-1195*6_322-1194*6_322-1193*6_330-1295*6_330-1297*6_330-1294*6_330-1298*6_330-1293*6_330-1299*6_330-1292*6_330-1300*6_330-1291*6_330-1301*6_330-1290*6_330-1302*6_330-235*6_330-234*6_822-832*5_822-833*5_1115-229*7_1115-230*7_1115-231*7_1115-232*7_1115-233*7_1115-236*7_1115-237*7_1115-1105*7_1115-238*7_1115-1103*7_1115-1201*7_1115-1202*7_1115-1102*7_1115-1101*7_1115-1100*7_1115-1099*7_1115-1187*7_1115-1098*7_1115-1186*7_1115-1097*7_1115-1185*7_1115-1096*7_1115-1184*7_1115-1095*7_1115-1183*7_1015-52*8_1015-53*8_1293-1289*7_1293-1288*7_1293-1287*7_1293-1286*7_1293-1285*7_1293-1284*7_1293-251*7_1293-250*7_1293-1283*7_1293-1303*7_1293-1282*7_1293-1304*7_1293-1281*7_1293-1305*7_1293-1280*7_1293-1306*7_1293-1279*7_1293-1307*7_1293-1278*7_1293-1308*7_1293-1277*7_1293-1309*7_1293-1276*7_1293-1310*7_1293-1275*7_1293-1311*7_1293-1274*7_1293-1312*7_1293-1273*7_1293-1313*7_48-54*7_48-55*7_48-56*7_48-57*7_48-58*7_48-59*7_48-60*7_48-1092*7_48-61*7_48-62*7_48-63*7_48-64*7_48-65*7_48-66*7_48-67*7_48-68*7_1185-156*8_1185-1182*8_1185-1188*8_1185-155*8_1185-157*8_1185-154*8_1185-158*8_1185-1181*8_1185-1189*8_1185-153*8_1185-159*8_1185-152*8_1185-160*8_1185-1180*8_1185-1190*8_1185-151*8_1185-161*8_1185-1179*8_1185-1191*8_1185-150*8_1185-162*8_1185-1178*8_1185-1192*8_1185-149*8_1185-163*8_1185-1177*8_1185-148*8_1185-164*8_1185-72*8_1185-1176*8_1185-71*8_1185-73*8_1185-70*8_1185-74*8_1185-240*8_1185-1200*8_1099-1094*8_1099-145*8_1099-146*8_1099-147*8_1099-1093*8_1242-1240*2_1242-1244*2_1242-1239*2_1242-1245*2_1242-1238*2_1242-1246*2_1242-1237*2_1242-1247*2_1242-492*2_1242-576*2_1242-1236*2_1242-1248*2_1242-491*2_1242-493*2_1242-577*2_1242-494*2_1242-578*2_1242-495*2_1242-579*2_1242-1249*2_1242-496*2_1242-580*2_1242-497*2_1242-571*2_1242-581*2_1242-498*2_1242-570*2_1242-582*2_1242-1227*2_1242-1226*2_1242-1315*2_1242-1314*2_1242-1338*2_1242-1225*2_1242-1339*2_1242-408*2_1242-1224*2_1242-1340*2_1242-1223*2_1242-1341*2_1242-1222*2_1242-1342*2_1341-1343*3_1341-1337*3_1341-1336*3_1341-1335*3_1341-1334*3_1341-1333*3_1341-1332*3_1341-587*3_1341-586*3_1341-1331*3_1341-1330*3_1341-1329*3_1341-1328*3_1341-1327*3_1341-1326*3_1341-1325*3_1341-1324*3_1341-1323*3_1341-1322*3_1341-1321*3_473-1156*3_1235-499*3_1235-500*3_1235-501*3_1235-502*3_493-503*4_493-1320*4_493-407*4_493-406*4_493-405*4_493-404*4_493-569*4_493-568*4_1237-1319*4_1237-1318*4_1237-1317*4_1237-1316*4_1300-419*6_1300-418*6_1300-417*6_1280-249*8_1280-248*8_1280-247*8_1280-246*8_1280-1272*8_1280-167*8_1280-245*8_1280-166*8_1280-165*8_1280-1271*8_1280-1270*8_1280-1269*8_1280-1268*8_1280-1267*8_1280-1266*8_1280-1265*8_1280-1264*8_1280-1263*8_1280-1262*8_1280-1261*8_1280-1260*8_1210-239*7_1281-244*7_150-75*9_150-76*9_150-77*9_150-78*9_1181-69*8_1181-79*8_1261-83*8_1261-82*8_1261-81*8_1261-80*8_401-412*4_401-413*4_401-414*4_401-415*4_401-416*4_1063-1163*5_582-583*3_582-584*3_582-585*3_
