"id","Scenario","Actual Range","Protocol","Buildings","Total nodes","Nodes on circ","Total coverage","Coverage on circ","Alert received mean time","Hops","Slots","Messages sent","Messages received", "Starting x", "Starting y","Starting node", "Vehicle distance", "Received node ids", "Node ids", "Transmission map", "Received on circ nodes", "Transmission vector"
0,1,500,0,1,1344,36,1344,36,19623.8,4,20.6389,830,1344,2200,700,612,25,611_613_923_610_614_922_609_615_921_608_616_920_607_617_919_606_618_918_605_619_917_604_620_916_603_621_915_602_622_914_601_623_913_528_600_624_912_599_625_911_598_626_910_597_627_909_596_628_908_595_629_907_594_630_906_593_631_905_592_632_904_527_529_526_530_525_531_524_532_523_533_522_534_521_535_520_536_519_537_903_518_538_612_902_901_827_995_826_994_825_993_444_824_900_992_991_990_899_989_898_988_897_896_511_895_510_894_509_893_591_590_589_588_755_754_753_752_751_750_749_839_838_837_748_739_738_737_539_540_996_997_998_999_541_542_543_544_545_441_546_440_439_547_516_548_828_515_549_514_550_513_551_512_552_1080_508_507_506_829_830_831_505_517_832_504_744_743_745_823_833_742_746_741_747_822_834_740_821_835_433_434_815_435_731_814_436_437_730_813_438_729_812_728_811_727_810_726_809_553_1079_1081_554_1078_1082_555_1077_1083_556_1076_1084_820_836_557_1075_1085_819_818_558_1074_1086_559_1073_1087_817_432_816_560_1072_1088_561_1071_1089_562_1070_1090_563_1069_1091_468_564_1068_1164_565_1067_566_1066_567_1065_808_568_1064_569_1063_455_570_1062_454_571_1061_453_452_572_1060_633_634_635_637_638_639_640_1007_1006_1005_1004_641_642_643_644_645_646_647_648_649_650_651_652_1175_1174_1173_1172_653_1171_654_1170_655_1169_656_1168_657_1167_658_1166_659_1165_636_660_661_1163_662_1162_663_1161_664_1160_665_1159_666_1158_667_1157_668_1156_725_420_724_732_421_422_423_723_733_424_722_734_425_721_735_426_336_720_736_337_427_338_339_719_718_717_716_715_714_713_712_711_710_709_252_708_1155_1154_1153_480_1152_479_481_478_482_477_483_1151_476_484_475_485_1150_474_486_1149_1148_1147_1146_1145_1144_1143_1142_1230_1254_1141_1229_1255_396_1140_463_1228_1256_462_1139_1257_461_1138_1258_1259_1253_1252_1251_1250_1249_576_1248_575_1247_1246_1245_1244_1243_1242_1241_1240_1239_1238_487_488_489_573_490_574_491_492_1236_1235_1237_1234_1233_493_1232_577_1231_494_578_495_579_496_580_473_497_581_472_498_582_471_499_583_409_392_410_470_500_584_391_411_469_501_412_585_413_502_586_414_1135_467_503_587_1134_466_1320_1321_1322_1323_1332_1324_1133_1325_1326_465_1227_1226_1225_408_1224_1223_1222_1221_1220_1219_1218_1331_1333_1330_1334_1329_1335_1328_1336_1327_1337_1338_1339_1340_1341_1342_1343_443_445_442_446_447_448_892_449_891_450_890_451_889_360_888_359_361_358_362_887_886_885_985_884_986_987_883_430_882_429_347_881_428_346_880_345_879_344_799_878_798_343_797_877_1217_1216_1215_1214_407_406_405_1213_404_324_1212_323_325_403_322_326_321_327_402_1211_320_328_319_329_401_415_1210_1209_1208_1207_1206_395_1205_311_394_1204_1312_1313_310_393_1203_1314_309_1123_1315_1202_308_1122_1316_1201_307_1317_240_1200_1318_306_1199_1319_253_707_254_706_255_705_256_704_257_703_258_702_259_701_260_700_261_699_262_698_263_697_168_264_696_792_265_695_266_694_267_693_268_692_269_691_779_270_690_778_271_689_777_272_688_776_431_807_806_805_348_804_349_350_351_803_352_802_353_801_342_354_800_341_355_796_795_794_793_791_790_789_788_1059_1058_1057_384_1056_383_385_382_386_381_387_1055_380_388_1054_379_389_1053_378_390_1052_377_376_464_1051_1050_1049_1048_1047_969_1137_1046_968_1136_967_1045_300_1044_1132_1043_367_1042_366_1041_365_1040_397_398_399_400_1131_1130_1129_312_1128_313_1127_1126_1125_1124_1121_1120_1119_1039_295_1038_1118_1000_1001_456_984_1002_457_458_983_1003_982_981_980_979_978_977_976_975_974_973_314_315_1117_316_228_1116_227_229_317_226_230_225_231_318_1115_224_232_223_233_305_1114_1113_1112_1111_1110_1109_1031_1030_1108_1198_1029_1197_1107_1028_1196_1027_1195_1106_1026_1194_1105_211_144_1104_210_1103_459_460_372_972_971_970_966_965_357_356_964_669_670_671_234_235_222_236_221_237_220_238_219_239_218_1193_217_241_143_142_141_1192_140_216_242_1032_1191_215_243_1190_214_244_304_1189_213_245_1100_156_1188_155_157_212_246_1099_154_158_153_159_152_160_247_1098_1019_151_161_248_1097_1018_1017_209_249_1183_1182_1181_1102_1180_1288_1101_1289_1179_1290_1291_1178_1292_1177_330_139_331_1293_332_72_1176_1294_333_138_334_1295_276_876_275_277_875_274_278_874_273_279_873_280_872_281_871_282_870_283_869_284_868_285_867_286_866_865_959_958_957_192_864_956_955_954_863_953_862_952_861_860_859_179_947_858_178_946_177_857_945_169_170_171_172_173_687_174_686_175_685_176_84_684_85_86_683_682_681_781_680_782_783_784_679_785_678_786_767_787_677_766_765_676_764_675_763_674_762_673_761_71_73_70_74_69_75_68_76_67_77_1184_66_78_1185_65_79_1186_64_80_1187_63_81_58_57_56_55_54_53_775_180_774_780_181_182_773_183_184_772_185_771_186_770_187_769_188_96_768_95_97_94_98_851_850_849_760_848_759_847_758_846_757_845_1311_1310_1309_1308_1307_1306_1305_1304_1303_1302_1301_1300_1299_363_364_250_251_1284_299_301_298_302_297_303_296_294_293_1037_292_1036_291_1035_290_1034_289_1033_288_960_287_1025_944_1024_62_82_61_83_60_1092_1260_59_52_191_193_190_194_189_195_196_197_856_198_855_199_854_200_853_201_108_852_107_109_949_950_951_935_934_933_844_93_932_92_843_931_961_91_842_930_962_1283_1285_1282_1286_1281_1287_1280_1279_1278_1277_1276_1275_150_12_756_11_13_10_14_9_15_8_16_7_17_99_6_18_100_5_19_101_419_418_417_416_1298_1297_1296_335_370_374_369_375_841_24_840_23_25_22_26_21_27_20_28_29_30_31_32_33_943_942_941_204_940_948_203_205_202_206_207_939_208_938_937_120_936_119_121_118_122_117_123_124_929_928_106_1016_105_927_1015_104_926_1014_103_925_963_102_36_924_145_146_1023_147_1022_148_1021_149_137_1096_1095_1094_1093_1013_1012_1011_1010_115_1009_127_47_126_162_46_125_163_45_44_164_131_130_129_128_43_42_41_110_111_112_113_114_90_89_0_672_1_2_3_4_87_88_35_37_34_38_39_40_1268_1267_1266_1265_1264_340_48_1008_49_50_51_134_135_136_133_116_1261_1262_1263_165_166_1273_1274_1272_167_1271_1270_1269_132_1020_371_373_368_,0_1_2_3_4_5_6_7_8_9_10_11_12_13_14_15_16_17_18_19_20_21_22_23_24_25_26_27_28_29_30_31_32_33_34_35_36_37_38_39_40_41_42_43_44_45_46_47_48_49_50_51_52_53_54_55_56_57_58_59_60_61_62_63_64_65_66_67_68_69_70_71_72_73_74_75_76_77_78_79_80_81_82_83_84_85_86_87_88_89_90_91_92_93_94_95_96_97_98_99_100_101_102_103_104_105_106_107_108_109_110_111_112_113_114_115_116_117_118_119_120_121_122_123_124_125_126_127_128_129_130_131_132_133_134_135_136_137_138_139_140_141_142_143_144_145_146_147_148_149_150_151_152_153_154_155_156_157_158_159_160_161_162_163_164_165_166_167_168_169_170_171_172_173_174_175_176_177_178_179_180_181_182_183_184_185_186_187_188_189_190_191_192_193_194_195_196_197_198_199_200_201_202_203_204_205_206_207_208_209_210_211_212_213_214_215_216_217_218_219_220_221_222_223_224_225_226_227_228_229_230_231_232_233_234_235_236_237_238_239_240_241_242_243_244_245_246_247_248_249_250_251_252_253_254_255_256_257_258_259_260_261_262_263_264_265_266_267_268_269_270_271_272_273_274_275_276_277_278_279_280_281_282_283_284_285_286_287_288_289_290_291_292_293_294_295_296_297_298_299_300_301_302_303_304_305_306_307_308_309_310_311_312_313_314_315_316_317_318_319_320_321_322_323_324_325_326_327_328_329_330_331_332_333_334_335_336_337_338_339_340_341_342_343_344_345_346_347_348_349_350_351_352_353_354_355_356_357_358_359_360_361_362_363_364_365_366_367_368_369_370_371_372_373_374_375_376_377_378_379_380_381_382_383_384_385_386_387_388_389_390_391_392_393_394_395_396_397_398_399_400_401_402_403_404_405_406_407_408_409_410_411_412_413_414_415_416_417_418_419_420_421_422_423_424_425_426_427_428_429_430_431_432_433_434_435_436_437_438_439_440_441_442_443_444_445_446_447_448_449_450_451_452_453_454_455_456_457_458_459_460_461_462_463_464_465_466_467_468_469_470_471_472_473_474_475_476_477_478_479_480_481_482_483_484_485_486_487_488_489_490_491_492_493_494_495_496_497_498_499_500_501_502_503_504_505_506_507_508_509_510_511_512_513_514_515_516_517_518_519_520_521_522_523_524_525_526_527_528_529_530_531_532_533_534_535_536_537_538_539_540_541_542_543_544_545_546_547_548_549_550_551_552_553_554_555_556_557_558_559_560_561_562_563_564_565_566_567_568_569_570_571_572_573_574_575_576_577_578_579_580_581_582_583_584_585_586_587_588_589_590_591_592_593_594_595_596_597_598_599_600_601_602_603_604_605_606_607_608_609_610_611_612_613_614_615_616_617_618_619_620_621_622_623_624_625_626_627_628_629_630_631_632_633_634_635_636_637_638_639_640_641_642_643_644_645_646_647_648_649_650_651_652_653_654_655_656_657_658_659_660_661_662_663_664_665_666_667_668_669_670_671_672_673_674_675_676_677_678_679_680_681_682_683_684_685_686_687_688_689_690_691_692_693_694_695_696_697_698_699_700_701_702_703_704_705_706_707_708_709_710_711_712_713_714_715_716_717_718_719_720_721_722_723_724_725_726_727_728_729_730_731_732_733_734_735_736_737_738_739_740_741_742_743_744_745_746_747_748_749_750_751_752_753_754_755_756_757_758_759_760_761_762_763_764_765_766_767_768_769_770_771_772_773_774_775_776_777_778_779_780_781_782_783_784_785_786_787_788_789_790_791_792_793_794_795_796_797_798_799_800_801_802_803_804_805_806_807_808_809_810_811_812_813_814_815_816_817_818_819_820_821_822_823_824_825_826_827_828_829_830_831_832_833_834_835_836_837_838_839_840_841_842_843_844_845_846_847_848_849_850_851_852_853_854_855_856_857_858_859_860_861_862_863_864_865_866_867_868_869_870_871_872_873_874_875_876_877_878_879_880_881_882_883_884_885_886_887_888_889_890_891_892_893_894_895_896_897_898_899_900_901_902_903_904_905_906_907_908_909_910_911_912_913_914_915_916_917_918_919_920_921_922_923_924_925_926_927_928_929_930_931_932_933_934_935_936_937_938_939_940_941_942_943_944_945_946_947_948_949_950_951_952_953_954_955_956_957_958_959_960_961_962_963_964_965_966_967_968_969_970_971_972_973_974_975_976_977_978_979_980_981_982_983_984_985_986_987_988_989_990_991_992_993_994_995_996_997_998_999_1000_1001_1002_1003_1004_1005_1006_1007_1008_1009_1010_1011_1012_1013_1014_1015_1016_1017_1018_1019_1020_1021_1022_1023_1024_1025_1026_1027_1028_1029_1030_1031_1032_1033_1034_1035_1036_1037_1038_1039_1040_1041_1042_1043_1044_1045_1046_1047_1048_1049_1050_1051_1052_1053_1054_1055_1056_1057_1058_1059_1060_1061_1062_1063_1064_1065_1066_1067_1068_1069_1070_1071_1072_1073_1074_1075_1076_1077_1078_1079_1080_1081_1082_1083_1084_1085_1086_1087_1088_1089_1090_1091_1092_1093_1094_1095_1096_1097_1098_1099_1100_1101_1102_1103_1104_1105_1106_1107_1108_1109_1110_1111_1112_1113_1114_1115_1116_1117_1118_1119_1120_1121_1122_1123_1124_1125_1126_1127_1128_1129_1130_1131_1132_1133_1134_1135_1136_1137_1138_1139_1140_1141_1142_1143_1144_1145_1146_1147_1148_1149_1150_1151_1152_1153_1154_1155_1156_1157_1158_1159_1160_1161_1162_1163_1164_1165_1166_1167_1168_1169_1170_1171_1172_1173_1174_1175_1176_1177_1178_1179_1180_1181_1182_1183_1184_1185_1186_1187_1188_1189_1190_1191_1192_1193_1194_1195_1196_1197_1198_1199_1200_1201_1202_1203_1204_1205_1206_1207_1208_1209_1210_1211_1212_1213_1214_1215_1216_1217_1218_1219_1220_1221_1222_1223_1224_1225_1226_1227_1228_1229_1230_1231_1232_1233_1234_1235_1236_1237_1238_1239_1240_1241_1242_1243_1244_1245_1246_1247_1248_1249_1250_1251_1252_1253_1254_1255_1256_1257_1258_1259_1260_1261_1262_1263_1264_1265_1266_1267_1268_1269_1270_1271_1272_1273_1274_1275_1276_1277_1278_1279_1280_1281_1282_1283_1284_1285_1286_1287_1288_1289_1290_1291_1292_1293_1294_1295_1296_1297_1298_1299_1300_1301_1302_1303_1304_1305_1306_1307_1308_1309_1310_1311_1312_1313_1314_1315_1316_1317_1318_1319_1320_1321_1322_1323_1324_1325_1326_1327_1328_1329_1330_1331_1332_1333_1334_1335_1336_1337_1338_1339_1340_1341_1342_1343_,45:{48;1008;49;50;51;134;135;136;}47:{133;}66:{1261;1262;1263;165;166;}144:{145;146;147;148;149;137;1096;1095;1094;1093;127;47;126;162;46;125;163;45;44;164;}229:{234;235;222;236;221;237;220;238;219;239;218;217;241;143;142;141;140;216;242;1032;215;243;214;244;304;213;245;1100;212;246;1099;247;1098;1019;248;1097;1018;1017;209;249;}240:{250;251;1284;}250:{1283;1285;1282;1286;1281;1287;1280;1279;1278;1277;1276;1275;150;}300:{299;301;298;302;297;303;296;294;293;1037;292;1036;291;1035;290;1034;289;1033;288;960;287;1025;944;1024;}433:{431;807;806;}485:{487;488;489;490;491;492;1236;1235;1237;1234;1233;493;1232;1231;494;495;496;473;497;472;498;471;499;409;392;410;470;500;391;411;469;501;412;413;502;414;1135;467;503;1134;466;1320;1321;1322;1323;1324;1133;1325;1326;465;}511:{508;507;506;829;830;831;505;517;832;504;744;743;745;823;833;742;746;741;747;822;834;740;821;835;433;434;815;435;731;814;436;437;730;813;438;729;812;728;811;727;810;726;809;}516:{820;836;819;818;817;432;816;808;}532:{539;540;996;997;998;999;541;542;543;544;545;441;546;440;439;547;516;548;828;515;549;514;550;513;551;512;552;1080;}552:{553;1079;1081;554;1078;1082;555;1077;1083;556;1076;1084;557;1075;1085;558;1074;1086;559;1073;1087;560;1072;1088;561;1071;1089;562;1070;1090;563;1069;1091;468;564;1068;1164;565;1067;566;1066;567;1065;568;1064;569;1063;455;570;1062;454;571;1061;453;452;572;1060;}568:{573;574;577;578;579;580;581;582;583;584;585;586;587;1332;}592:{591;590;589;588;755;754;753;752;751;750;749;839;838;837;748;739;738;737;}612:{611;613;923;610;614;922;609;615;921;608;616;920;607;617;919;606;618;918;605;619;917;604;620;916;603;621;915;602;622;914;601;623;913;528;600;624;912;599;625;911;598;626;910;597;627;909;596;628;908;595;629;907;594;630;906;593;631;905;592;632;904;}632:{633;634;635;637;638;639;640;1007;1006;1005;1004;641;642;643;644;645;646;647;648;649;650;651;652;}648:{1175;1174;1173;1172;653;1171;654;1170;655;1169;656;1168;657;1167;658;1166;659;1165;636;660;661;1163;662;1162;663;1161;664;1160;665;1159;666;1158;667;1157;668;1156;}665:{669;670;671;}677:{0;672;1;2;3;4;87;88;}693:{169;170;171;172;173;687;174;686;175;685;176;84;684;85;86;683;682;681;781;680;782;783;784;679;785;678;786;767;787;677;766;765;676;764;675;763;674;762;673;761;}708:{253;707;254;706;255;705;256;704;257;703;258;702;259;701;260;700;261;699;262;698;263;697;168;264;696;792;265;695;266;694;267;693;268;692;269;691;779;270;690;778;271;689;777;272;688;776;}717:{340;}728:{725;420;724;732;421;422;423;723;733;424;722;734;425;721;735;426;336;720;736;337;427;338;339;719;718;717;716;715;714;713;712;711;710;709;252;708;}761:{12;756;11;13;10;14;9;15;8;16;7;17;99;6;18;100;5;19;101;}777:{775;180;774;780;181;182;773;183;184;772;185;771;186;770;187;769;188;96;768;95;97;94;98;851;850;849;760;848;759;847;758;846;757;845;}808:{805;348;804;349;350;351;803;352;802;353;801;342;354;800;341;355;796;795;794;793;791;790;789;788;}842:{841;24;840;23;25;22;26;21;27;20;28;29;30;31;32;33;}846:{110;111;112;113;114;90;89;}862:{191;193;190;194;189;195;196;197;856;198;855;199;854;200;853;201;108;852;107;109;949;950;951;935;934;933;844;93;932;92;843;931;961;91;842;930;962;}877:{276;876;275;277;875;274;278;874;273;279;873;280;872;281;871;282;870;283;869;284;868;285;867;286;866;865;959;958;957;192;864;956;955;954;863;953;862;952;861;860;859;179;947;858;178;946;177;857;945;}882:{363;364;}897:{443;445;442;446;447;448;892;449;891;450;890;451;889;360;888;359;361;358;362;887;886;885;985;884;986;987;883;430;882;429;347;881;428;346;880;345;879;344;799;878;798;343;797;877;}913:{527;529;526;530;525;531;524;532;523;533;522;534;521;535;520;536;519;537;903;518;538;612;902;901;827;995;826;994;825;993;444;824;900;992;991;990;899;989;898;988;897;896;511;895;510;894;509;893;}926:{35;37;34;38;39;40;}929:{116;}944:{943;942;941;204;940;948;203;205;202;206;207;939;208;938;937;120;936;119;121;118;122;117;123;124;929;928;106;1016;105;927;1015;104;926;1014;103;925;963;102;36;924;}965:{370;374;369;375;}978:{371;373;368;}984:{459;460;372;972;971;970;966;965;357;356;964;}993:{1000;1001;456;984;1002;457;458;983;1003;982;981;980;979;978;977;976;975;974;973;}1019:{132;1020;}1029:{1023;1022;1021;1013;1012;1011;1010;115;1009;}1060:{1059;1058;1057;384;1056;383;385;382;386;381;387;1055;380;388;1054;379;389;1053;378;390;1052;377;376;464;1051;1050;1049;1048;1047;969;1137;1046;968;1136;967;1045;300;1044;1132;1043;367;1042;366;1041;365;1040;}1097:{131;130;129;128;43;42;41;}1123:{314;315;1117;316;228;1116;227;229;317;226;230;225;231;318;1115;224;232;223;233;305;1114;1113;1112;1111;1110;1109;1031;1030;1108;1198;1029;1197;1107;1028;1196;1027;1195;1106;1026;1194;1105;211;144;1104;210;1103;}1138:{397;398;399;400;1131;1130;1129;312;1128;313;1127;1126;1125;1124;1121;1120;1119;1039;295;1038;1118;}1158:{1155;1154;1153;480;1152;479;481;478;482;477;483;1151;476;484;475;485;1150;474;486;1149;1148;1147;1146;1145;1144;1143;1142;1230;1254;1141;1229;1255;396;1140;463;1228;1256;462;1139;1257;461;1138;1258;}1176:{62;82;61;83;60;1092;1260;59;52;}1178:{71;73;70;74;69;75;68;76;67;77;1184;66;78;1185;65;79;1186;64;80;1187;63;81;58;57;56;55;54;53;}1187:{1273;1274;}1193:{1268;1267;1266;1265;1264;}1195:{1193;1192;1191;1190;1189;156;1188;155;157;154;158;153;159;152;160;151;161;1183;1182;1181;1102;1180;1288;1101;1289;1179;1290;1291;1178;1292;1177;330;139;331;1293;332;72;1176;1294;333;138;334;1295;}1219:{1217;1216;1215;1214;407;406;405;1213;404;324;1212;323;325;403;322;326;321;327;402;1211;320;328;319;329;401;415;1210;1209;1208;1207;1206;395;1205;311;394;1204;1312;1313;310;393;1203;1314;309;1123;1315;1202;308;1122;1316;1201;307;1317;240;1200;1318;306;1199;1319;}1238:{1227;1226;1225;408;1224;1223;1222;1221;1220;1219;1218;}1258:{1259;1253;1252;1251;1250;1249;576;1248;575;1247;1246;1245;1244;1243;1242;1241;1240;1239;1238;}1275:{1272;167;1271;1270;1269;}1306:{419;418;417;416;1298;1297;1296;335;}1319:{1311;1310;1309;1308;1307;1306;1305;1304;1303;1302;1301;1300;1299;}1332:{1331;1333;1330;1334;1329;1335;1328;1336;1327;1337;1338;1339;1340;1341;1342;1343;},341_342_343_344_345_375_376_377_378_379_475_476_477_566_567_651_652_653_723_724_725_801_802_883_884_885_969_970_1059_1060_1061_1157_1158_1159_1160_1161_,612-611*0_612-613*0_612-923*0_612-610*0_612-614*0_612-922*0_612-609*0_612-615*0_612-921*0_612-608*0_612-616*0_612-920*0_612-607*0_612-617*0_612-919*0_612-606*0_612-618*0_612-918*0_612-605*0_612-619*0_612-917*0_612-604*0_612-620*0_612-916*0_612-603*0_612-621*0_612-915*0_612-602*0_612-622*0_612-914*0_612-601*0_612-623*0_612-913*0_612-528*0_612-600*0_612-624*0_612-912*0_612-599*0_612-625*0_612-911*0_612-598*0_612-626*0_612-910*0_612-597*0_612-627*0_612-909*0_612-596*0_612-628*0_612-908*0_612-595*0_612-629*0_612-907*0_612-594*0_612-630*0_612-906*0_612-593*0_612-631*0_612-905*0_612-592*0_612-632*0_612-904*0_913-527*1_913-529*1_913-526*1_913-530*1_913-525*1_913-531*1_913-524*1_913-532*1_913-523*1_913-533*1_913-522*1_913-534*1_913-521*1_913-535*1_913-520*1_913-536*1_913-519*1_913-537*1_913-903*1_913-518*1_913-538*1_913-612*1_913-902*1_913-901*1_913-827*1_913-995*1_913-826*1_913-994*1_913-825*1_913-993*1_913-444*1_913-824*1_913-900*1_913-992*1_913-991*1_913-990*1_913-899*1_913-989*1_913-898*1_913-988*1_913-897*1_913-896*1_913-511*1_913-895*1_913-510*1_913-894*1_913-509*1_913-893*1_592-591*1_592-590*1_592-589*1_592-588*1_592-755*1_592-754*1_592-753*1_592-752*1_592-751*1_592-750*1_592-749*1_592-839*1_592-838*1_592-837*1_592-748*1_592-739*1_592-738*1_592-737*1_532-539*2_532-540*2_532-996*2_532-997*2_532-998*2_532-999*2_532-541*2_532-542*2_532-543*2_532-544*2_532-545*2_532-441*2_532-546*2_532-440*2_532-439*2_532-547*2_532-516*2_532-548*2_532-828*2_532-515*2_532-549*2_532-514*2_532-550*2_532-513*2_532-551*2_532-512*2_532-552*2_532-1080*2_511-508*2_511-507*2_511-506*2_511-829*2_511-830*2_511-831*2_511-505*2_511-517*2_511-832*2_511-504*2_511-744*2_511-743*2_511-745*2_511-823*2_511-833*2_511-742*2_511-746*2_511-741*2_511-747*2_511-822*2_511-834*2_511-740*2_511-821*2_511-835*2_511-433*2_511-434*2_511-815*2_511-435*2_511-731*2_511-814*2_511-436*2_511-437*2_511-730*2_511-813*2_511-438*2_511-729*2_511-812*2_511-728*2_511-811*2_511-727*2_511-810*2_511-726*2_511-809*2_552-553*3_552-1079*3_552-1081*3_552-554*3_552-1078*3_552-1082*3_552-555*3_552-1077*3_552-1083*3_552-556*3_552-1076*3_552-1084*3_516-820*3_516-836*3_552-557*3_552-1075*3_552-1085*3_516-819*3_516-818*3_552-558*3_552-1074*3_552-1086*3_552-559*3_552-1073*3_552-1087*3_516-817*3_516-432*3_516-816*3_552-560*3_552-1072*3_552-1088*3_552-561*3_552-1071*3_552-1089*3_552-562*3_552-1070*3_552-1090*3_552-563*3_552-1069*3_552-1091*3_552-468*3_552-564*3_552-1068*3_552-1164*3_552-565*3_552-1067*3_552-566*3_552-1066*3_552-567*3_552-1065*3_516-808*3_552-568*3_552-1064*3_552-569*3_552-1063*3_552-455*3_552-570*3_552-1062*3_552-454*3_552-571*3_552-1061*3_552-453*3_552-452*3_552-572*3_552-1060*3_632-633*1_632-634*1_632-635*1_632-637*1_632-638*1_632-639*1_632-640*1_632-1007*1_632-1006*1_632-1005*1_632-1004*1_632-641*1_632-642*1_632-643*1_632-644*1_632-645*1_632-646*1_632-647*1_632-648*1_632-649*1_632-650*1_632-651*1_632-652*1_648-1175*2_648-1174*2_648-1173*2_648-1172*2_648-653*2_648-1171*2_648-654*2_648-1170*2_648-655*2_648-1169*2_648-656*2_648-1168*2_648-657*2_648-1167*2_648-658*2_648-1166*2_648-659*2_648-1165*2_648-636*2_648-660*2_648-661*2_648-1163*2_648-662*2_648-1162*2_648-663*2_648-1161*2_648-664*2_648-1160*2_648-665*2_648-1159*2_648-666*2_648-1158*2_648-667*2_648-1157*2_648-668*2_648-1156*2_728-725*4_728-420*4_728-724*4_728-732*4_728-421*4_728-422*4_728-423*4_728-723*4_728-733*4_728-424*4_728-722*4_728-734*4_728-425*4_728-721*4_728-735*4_728-426*4_728-336*4_728-720*4_728-736*4_728-337*4_728-427*4_728-338*4_728-339*4_728-719*4_728-718*4_728-717*4_728-716*4_728-715*4_728-714*4_728-713*4_728-712*4_728-711*4_728-710*4_728-709*4_728-252*4_728-708*4_1158-1155*3_1158-1154*3_1158-1153*3_1158-480*3_1158-1152*3_1158-479*3_1158-481*3_1158-478*3_1158-482*3_1158-477*3_1158-483*3_1158-1151*3_1158-476*3_1158-484*3_1158-475*3_1158-485*3_1158-1150*3_1158-474*3_1158-486*3_1158-1149*3_1158-1148*3_1158-1147*3_1158-1146*3_1158-1145*3_1158-1144*3_1158-1143*3_1158-1142*3_1158-1230*3_1158-1254*3_1158-1141*3_1158-1229*3_1158-1255*3_1158-396*3_1158-1140*3_1158-463*3_1158-1228*3_1158-1256*3_1158-462*3_1158-1139*3_1158-1257*3_1158-461*3_1158-1138*3_1158-1258*3_1258-1259*4_1258-1253*4_1258-1252*4_1258-1251*4_1258-1250*4_1258-1249*4_1258-576*4_1258-1248*4_1258-575*4_1258-1247*4_1258-1246*4_1258-1245*4_1258-1244*4_1258-1243*4_1258-1242*4_1258-1241*4_1258-1240*4_1258-1239*4_1258-1238*4_485-487*4_485-488*4_485-489*4_568-573*4_485-490*4_568-574*4_485-491*4_485-492*4_485-1236*4_485-1235*4_485-1237*4_485-1234*4_485-1233*4_485-493*4_485-1232*4_568-577*4_485-1231*4_485-494*4_568-578*4_485-495*4_568-579*4_485-496*4_568-580*4_485-473*4_485-497*4_568-581*4_485-472*4_485-498*4_568-582*4_485-471*4_485-499*4_568-583*4_485-409*4_485-392*4_485-410*4_485-470*4_485-500*4_568-584*4_485-391*4_485-411*4_485-469*4_485-501*4_485-412*4_568-585*4_485-413*4_485-502*4_568-586*4_485-414*4_485-1135*4_485-467*4_485-503*4_568-587*4_485-1134*4_485-466*4_485-1320*4_485-1321*4_485-1322*4_485-1323*4_568-1332*4_485-1324*4_485-1133*4_485-1325*4_485-1326*4_485-465*4_1238-1227*5_1238-1226*5_1238-1225*5_1238-408*5_1238-1224*5_1238-1223*5_1238-1222*5_1238-1221*5_1238-1220*5_1238-1219*5_1238-1218*5_1332-1331*5_1332-1333*5_1332-1330*5_1332-1334*5_1332-1329*5_1332-1335*5_1332-1328*5_1332-1336*5_1332-1327*5_1332-1337*5_1332-1338*5_1332-1339*5_1332-1340*5_1332-1341*5_1332-1342*5_1332-1343*5_897-443*2_897-445*2_897-442*2_897-446*2_897-447*2_897-448*2_897-892*2_897-449*2_897-891*2_897-450*2_897-890*2_897-451*2_897-889*2_897-360*2_897-888*2_897-359*2_897-361*2_897-358*2_897-362*2_897-887*2_897-886*2_897-885*2_897-985*2_897-884*2_897-986*2_897-987*2_897-883*2_897-430*2_897-882*2_897-429*2_897-347*2_897-881*2_897-428*2_897-346*2_897-880*2_897-345*2_897-879*2_897-344*2_897-799*2_897-878*2_897-798*2_897-343*2_897-797*2_897-877*2_1219-1217*6_1219-1216*6_1219-1215*6_1219-1214*6_1219-407*6_1219-406*6_1219-405*6_1219-1213*6_1219-404*6_1219-324*6_1219-1212*6_1219-323*6_1219-325*6_1219-403*6_1219-322*6_1219-326*6_1219-321*6_1219-327*6_1219-402*6_1219-1211*6_1219-320*6_1219-328*6_1219-319*6_1219-329*6_1219-401*6_1219-415*6_1219-1210*6_1219-1209*6_1219-1208*6_1219-1207*6_1219-1206*6_1219-395*6_1219-1205*6_1219-311*6_1219-394*6_1219-1204*6_1219-1312*6_1219-1313*6_1219-310*6_1219-393*6_1219-1203*6_1219-1314*6_1219-309*6_1219-1123*6_1219-1315*6_1219-1202*6_1219-308*6_1219-1122*6_1219-1316*6_1219-1201*6_1219-307*6_1219-1317*6_1219-240*6_1219-1200*6_1219-1318*6_1219-306*6_1219-1199*6_1219-1319*6_708-253*5_708-707*5_708-254*5_708-706*5_708-255*5_708-705*5_708-256*5_708-704*5_708-257*5_708-703*5_708-258*5_708-702*5_708-259*5_708-701*5_708-260*5_708-700*5_708-261*5_708-699*5_708-262*5_708-698*5_708-263*5_708-697*5_708-168*5_708-264*5_708-696*5_708-792*5_708-265*5_708-695*5_708-266*5_708-694*5_708-267*5_708-693*5_708-268*5_708-692*5_708-269*5_708-691*5_708-779*5_708-270*5_708-690*5_708-778*5_708-271*5_708-689*5_708-777*5_708-272*5_708-688*5_708-776*5_433-431*3_433-807*3_433-806*3_808-805*4_808-348*4_808-804*4_808-349*4_808-350*4_808-351*4_808-803*4_808-352*4_808-802*4_808-353*4_808-801*4_808-342*4_808-354*4_808-800*4_808-341*4_808-355*4_808-796*4_808-795*4_808-794*4_808-793*4_808-791*4_808-790*4_808-789*4_808-788*4_1060-1059*4_1060-1058*4_1060-1057*4_1060-384*4_1060-1056*4_1060-383*4_1060-385*4_1060-382*4_1060-386*4_1060-381*4_1060-387*4_1060-1055*4_1060-380*4_1060-388*4_1060-1054*4_1060-379*4_1060-389*4_1060-1053*4_1060-378*4_1060-390*4_1060-1052*4_1060-377*4_1060-376*4_1060-464*4_1060-1051*4_1060-1050*4_1060-1049*4_1060-1048*4_1060-1047*4_1060-969*4_1060-1137*4_1060-1046*4_1060-968*4_1060-1136*4_1060-967*4_1060-1045*4_1060-300*4_1060-1044*4_1060-1132*4_1060-1043*4_1060-367*4_1060-1042*4_1060-366*4_1060-1041*4_1060-365*4_1060-1040*4_1138-397*4_1138-398*4_1138-399*4_1138-400*4_1138-1131*4_1138-1130*4_1138-1129*4_1138-312*4_1138-1128*4_1138-313*4_1138-1127*4_1138-1126*4_1138-1125*4_1138-1124*4_1138-1121*4_1138-1120*4_1138-1119*4_1138-1039*4_1138-295*4_1138-1038*4_1138-1118*4_993-1000*3_993-1001*3_993-456*3_993-984*3_993-1002*3_993-457*3_993-458*3_993-983*3_993-1003*3_993-982*3_993-981*3_993-980*3_993-979*3_993-978*3_993-977*3_993-976*3_993-975*3_993-974*3_993-973*3_1123-314*7_1123-315*7_1123-1117*7_1123-316*7_1123-228*7_1123-1116*7_1123-227*7_1123-229*7_1123-317*7_1123-226*7_1123-230*7_1123-225*7_1123-231*7_1123-318*7_1123-1115*7_1123-224*7_1123-232*7_1123-223*7_1123-233*7_1123-305*7_1123-1114*7_1123-1113*7_1123-1112*7_1123-1111*7_1123-1110*7_1123-1109*7_1123-1031*7_1123-1030*7_1123-1108*7_1123-1198*7_1123-1029*7_1123-1197*7_1123-1107*7_1123-1028*7_1123-1196*7_1123-1027*7_1123-1195*7_1123-1106*7_1123-1026*7_1123-1194*7_1123-1105*7_1123-211*7_1123-144*7_1123-1104*7_1123-210*7_1123-1103*7_984-459*4_984-460*4_984-372*4_984-972*4_984-971*4_984-970*4_984-966*4_984-965*4_984-357*4_984-356*4_984-964*4_665-669*3_665-670*3_665-671*3_229-234*8_229-235*8_229-222*8_229-236*8_229-221*8_229-237*8_229-220*8_229-238*8_229-219*8_229-239*8_229-218*8_1195-1193*8_229-217*8_229-241*8_229-143*8_229-142*8_229-141*8_1195-1192*8_229-140*8_229-216*8_229-242*8_229-1032*8_1195-1191*8_229-215*8_229-243*8_1195-1190*8_229-214*8_229-244*8_229-304*8_1195-1189*8_229-213*8_229-245*8_229-1100*8_1195-156*8_1195-1188*8_1195-155*8_1195-157*8_229-212*8_229-246*8_229-1099*8_1195-154*8_1195-158*8_1195-153*8_1195-159*8_1195-152*8_1195-160*8_229-247*8_229-1098*8_229-1019*8_1195-151*8_1195-161*8_229-248*8_229-1097*8_229-1018*8_229-1017*8_229-209*8_229-249*8_1195-1183*8_1195-1182*8_1195-1181*8_1195-1102*8_1195-1180*8_1195-1288*8_1195-1101*8_1195-1289*8_1195-1179*8_1195-1290*8_1195-1291*8_1195-1178*8_1195-1292*8_1195-1177*8_1195-330*8_1195-139*8_1195-331*8_1195-1293*8_1195-332*8_1195-72*8_1195-1176*8_1195-1294*8_1195-333*8_1195-138*8_1195-334*8_1195-1295*8_877-276*3_877-876*3_877-275*3_877-277*3_877-875*3_877-274*3_877-278*3_877-874*3_877-273*3_877-279*3_877-873*3_877-280*3_877-872*3_877-281*3_877-871*3_877-282*3_877-870*3_877-283*3_877-869*3_877-284*3_877-868*3_877-285*3_877-867*3_877-286*3_877-866*3_877-865*3_877-959*3_877-958*3_877-957*3_877-192*3_877-864*3_877-956*3_877-955*3_877-954*3_877-863*3_877-953*3_877-862*3_877-952*3_877-861*3_877-860*3_877-859*3_877-179*3_877-947*3_877-858*3_877-178*3_877-946*3_877-177*3_877-857*3_877-945*3_693-169*6_693-170*6_693-171*6_693-172*6_693-173*6_693-687*6_693-174*6_693-686*6_693-175*6_693-685*6_693-176*6_693-84*6_693-684*6_693-85*6_693-86*6_693-683*6_693-682*6_693-681*6_693-781*6_693-680*6_693-782*6_693-783*6_693-784*6_693-679*6_693-785*6_693-678*6_693-786*6_693-767*6_693-787*6_693-677*6_693-766*6_693-765*6_693-676*6_693-764*6_693-675*6_693-763*6_693-674*6_693-762*6_693-673*6_693-761*6_1178-71*9_1178-73*9_1178-70*9_1178-74*9_1178-69*9_1178-75*9_1178-68*9_1178-76*9_1178-67*9_1178-77*9_1178-1184*9_1178-66*9_1178-78*9_1178-1185*9_1178-65*9_1178-79*9_1178-1186*9_1178-64*9_1178-80*9_1178-1187*9_1178-63*9_1178-81*9_1178-58*9_1178-57*9_1178-56*9_1178-55*9_1178-54*9_1178-53*9_777-775*6_777-180*6_777-774*6_777-780*6_777-181*6_777-182*6_777-773*6_777-183*6_777-184*6_777-772*6_777-185*6_777-771*6_777-186*6_777-770*6_777-187*6_777-769*6_777-188*6_777-96*6_777-768*6_777-95*6_777-97*6_777-94*6_777-98*6_777-851*6_777-850*6_777-849*6_777-760*6_777-848*6_777-759*6_777-847*6_777-758*6_777-846*6_777-757*6_777-845*6_1319-1311*7_1319-1310*7_1319-1309*7_1319-1308*7_1319-1307*7_1319-1306*7_1319-1305*7_1319-1304*7_1319-1303*7_1319-1302*7_1319-1301*7_1319-1300*7_1319-1299*7_882-363*5_882-364*5_240-250*7_240-251*7_240-1284*7_300-299*5_300-301*5_300-298*5_300-302*5_300-297*5_300-303*5_300-296*5_300-294*5_300-293*5_300-1037*5_300-292*5_300-1036*5_300-291*5_300-1035*5_300-290*5_300-1034*5_300-289*5_300-1033*5_300-288*5_300-960*5_300-287*5_300-1025*5_300-944*5_300-1024*5_1176-62*10_1176-82*10_1176-61*10_1176-83*10_1176-60*10_1176-1092*10_1176-1260*10_1176-59*10_1176-52*10_862-191*6_862-193*6_862-190*6_862-194*6_862-189*6_862-195*6_862-196*6_862-197*6_862-856*6_862-198*6_862-855*6_862-199*6_862-854*6_862-200*6_862-853*6_862-201*6_862-108*6_862-852*6_862-107*6_862-109*6_862-949*6_862-950*6_862-951*6_862-935*6_862-934*6_862-933*6_862-844*6_862-93*6_862-932*6_862-92*6_862-843*6_862-931*6_862-961*6_862-91*6_862-842*6_862-930*6_862-962*6_250-1283*10_250-1285*10_250-1282*10_250-1286*10_250-1281*10_250-1287*10_250-1280*10_250-1279*10_250-1278*10_250-1277*10_250-1276*10_250-1275*10_250-150*10_761-12*7_761-756*7_761-11*7_761-13*7_761-10*7_761-14*7_761-9*7_761-15*7_761-8*7_761-16*7_761-7*7_761-17*7_761-99*7_761-6*7_761-18*7_761-100*7_761-5*7_761-19*7_761-101*7_1306-419*6_1306-418*6_1306-417*6_1306-416*6_1306-1298*6_1306-1297*6_1306-1296*6_1306-335*6_965-370*5_965-374*5_965-369*5_965-375*5_842-841*7_842-24*7_842-840*7_842-23*7_842-25*7_842-22*7_842-26*7_842-21*7_842-27*7_842-20*7_842-28*7_842-29*7_842-30*7_842-31*7_842-32*7_842-33*7_944-943*6_944-942*6_944-941*6_944-204*6_944-940*6_944-948*6_944-203*6_944-205*6_944-202*6_944-206*6_944-207*6_944-939*6_944-208*6_944-938*6_944-937*6_944-120*6_944-936*6_944-119*6_944-121*6_944-118*6_944-122*6_944-117*6_944-123*6_944-124*6_944-929*6_944-928*6_944-106*6_944-1016*6_944-105*6_944-927*6_944-1015*6_944-104*6_944-926*6_944-1014*6_944-103*6_944-925*6_944-963*6_944-102*6_944-36*6_944-924*6_144-145*8_144-146*8_1029-1023*8_144-147*8_1029-1022*8_144-148*8_1029-1021*8_144-149*8_144-137*8_144-1096*8_144-1095*8_144-1094*8_144-1093*8_1029-1013*8_1029-1012*8_1029-1011*8_1029-1010*8_1029-115*8_1029-1009*8_144-127*8_144-47*8_144-126*8_144-162*8_144-46*8_144-125*8_144-163*8_144-45*8_144-44*8_144-164*8_1097-131*10_1097-130*10_1097-129*10_1097-128*10_1097-43*10_1097-42*10_1097-41*10_846-110*7_846-111*7_846-112*7_846-113*7_846-114*7_846-90*7_846-89*7_677-0*7_677-672*7_677-1*7_677-2*7_677-3*7_677-4*7_677-87*7_677-88*7_926-35*7_926-37*7_926-34*7_926-38*7_926-39*7_926-40*7_1193-1268*7_1193-1267*7_1193-1266*7_1193-1265*7_1193-1264*7_717-340*5_45-48*9_45-1008*9_45-49*9_45-50*9_45-51*9_45-134*9_45-135*9_45-136*9_47-133*11_929-116*9_66-1261*12_66-1262*12_66-1263*12_66-165*12_66-166*12_1187-1273*10_1187-1274*10_1275-1272*11_1275-167*11_1275-1271*11_1275-1270*11_1275-1269*11_1019-132*10_1019-1020*10_978-371*6_978-373*6_978-368*6_
