"id","Scenario","Actual Range","Protocol","Buildings","Total nodes","Nodes on circ","Total coverage","Coverage on circ","Alert received mean time","Hops","Slots","Messages sent","Messages received", "Starting x", "Starting y","Starting node", "Vehicle distance", "Received node ids", "Node ids", "Transmission map", "Received on circ nodes", "Transmission vector"
0,0,300,0,0,2112,63,2112,63,1.001e+07,4.66667,8.5873,1963,2111,2050,500,1310,25,1309_1311_896_1308_1312_895_897_894_898_1307_1313_893_899_1306_1314_892_900_1305_1315_891_901_808_1304_1316_807_809_806_810_890_902_805_811_1303_1317_804_812_889_903_803_813_1222_1302_1318_1398_1221_1223_1397_1399_888_904_1220_1224_1396_1400_802_814_1219_1225_1395_1401_1218_1226_1394_1402_1301_1319_801_815_887_905_1217_1227_1393_1403_800_816_984_1216_1228_1300_1392_1404_983_985_886_906_982_986_981_987_1215_1229_1391_1405_980_988_799_817_1299_885_907_979_989_1214_1230_1390_1406_798_818_978_990_1298_1297_720_1296_719_721_718_722_1295_717_723_1294_716_724_1293_715_725_1292_714_726_1291_713_727_1210_1290_1386_1209_1211_1385_1387_712_728_1208_1212_1384_1388_1207_1213_1383_1389_1206_1382_1289_711_729_1205_1381_632_1204_1288_1380_631_633_630_634_710_730_629_635_1203_1379_628_636_1287_627_637_709_731_1202_1378_626_638_1286_991_992_1407_993_994_995_996_997_998_999_908_1000_1495_1494_1493_909_1492_1001_1491_910_1490_1002_1231_976_975_977_974_973_972_971_970_884_969_883_1142_1141_1143_968_1140_882_1139_1138_881_1137_880_1136_1135_1134_1285_1284_1283_1282_1281_544_1280_543_545_542_546_541_547_1279_540_548_625_639_539_549_1198_1278_1374_1197_1199_1373_1375_624_640_1196_1200_1372_1376_538_550_1195_1201_1371_1377_1194_1370_1277_537_551_623_641_1193_1369_536_552_1192_1276_1368_622_642_1191_1367_535_553_1275_621_643_1190_1366_534_554_1274_797_819_1003_796_820_1004_795_821_1005_794_822_1006_793_823_1007_792_1128_824_1480_1008_1127_1129_1479_1481_1583_1126_1130_1478_1482_1582_1125_1131_1477_1483_1581_825_1009_1124_1132_1476_1484_1580_1123_1133_1475_1579_826_1010_915_708_732_916_1122_1474_1578_707_733_917_706_734_918_827_1011_1121_1473_1577_705_735_919_704_1120_736_828_1472_920_1012_1576_737_921_1119_1471_1575_829_1013_738_922_1118_1470_1574_830_1014_1489_912_1488_911_913_914_1487_1486_1485_1573_1572_1571_923_1570_1273_456_1272_455_457_454_458_1271_453_459_1270_452_460_1269_451_461_1268_450_462_1267_449_463_1186_1266_1362_1185_1187_1361_1363_448_464_1184_1188_1360_1364_1183_1189_1359_1365_1182_1358_1265_447_465_1181_1357_368_1180_1264_1356_367_369_366_370_446_466_365_371_1179_1355_364_372_1263_363_373_445_467_1178_1354_362_374_1262_831_1015_832_1568_1016_1567_1569_1671_1566_1670_833_1017_1565_1669_834_1018_1564_1668_835_1019_1563_1667_836_1020_1562_1666_837_1021_1561_1665_742_838_1022_741_743_927_740_744_1560_928_1664_739_745_929_746_930_839_1023_1559_1663_747_931_644_748_840_1656_932_1024_1655_1657_1759_1558_1654_1658_1758_1469_1653_1659_1757_645_749_933_1468_1652_1660_1756_841_1025_1467_1557_1651_1755_646_750_934_1466_1650_1754_842_1026_924_1465_925_648_1464_647_649_650_926_651_1463_652_653_1462_1662_1661_1556_654_1555_1554_1109_1461_655_1553_1108_656_1460_1552_1551_657_1107_1459_1550_658_1106_1458_1261_1260_1259_1258_1257_280_1256_279_281_278_282_277_283_1255_276_284_361_375_275_285_1174_1254_1350_1173_1175_1349_1351_360_376_1172_1176_1348_1352_274_286_1171_1177_1347_1353_1170_1346_1253_273_287_359_377_1169_1345_272_288_1168_1252_1344_358_378_1167_1343_271_289_1251_357_379_1166_1342_270_290_1250_533_555_843_1027_532_556_844_1028_531_557_845_1029_530_558_846_1030_529_559_847_1031_528_1104_560_1456_848_1744_1032_1103_1105_1455_1457_1743_1745_1847_1102_1454_1742_1746_1846_1101_1453_1741_1747_1845_561_849_1033_1100_1452_1740_1748_1844_1649_1099_1451_1739_1843_562_754_850_1034_753_755_939_444_468_752_756_1648_940_1098_1110_1450_1738_1842_443_469_751_757_941_442_470_758_942_563_851_1035_1097_1111_1449_1647_1737_1841_441_617_471_759_943_440_616_1096_1112_472_564_1448_760_852_1736_944_1036_1840_1646_1117_473_761_945_1116_1095_1113_1447_1735_1839_565_853_1037_1115_1645_474_762_946_1094_1446_1734_1838_566_854_1038_1753_936_1752_935_937_938_1751_1750_1749_1837_1836_1835_947_1834_1249_192_1248_191_193_190_194_1247_189_195_1246_188_196_1245_187_197_1244_186_198_1243_185_199_1162_1242_1338_1161_1163_1337_1339_184_200_1160_1164_1336_1340_1159_1165_1335_1341_1158_1334_1241_183_201_1157_1333_104_1156_1240_1332_103_105_102_106_182_202_101_107_1155_1331_100_108_1239_99_109_181_203_1154_1330_98_110_1238_659_660_661_1549_662_1548_663_1547_664_1640_1639_1641_1546_1638_1642_1637_1643_665_1636_1644_1545_1635_570_666_569_571_568_572_1544_1634_567_573_574_667_1543_1633_575_620_576_668_1632_1542_577_1631_619_669_1541_578_1630_618_670_855_1039_856_1832_1040_1831_1833_1935_1830_1934_857_1041_1829_1933_858_1042_1828_1932_859_1043_1827_1931_860_1044_1826_1930_861_1045_1825_1929_766_862_1046_765_767_951_764_768_1824_952_1928_763_769_953_770_954_863_1047_1823_1927_771_955_380_772_864_1920_956_1048_1919_1921_2023_1822_1918_1922_2022_1445_1917_1923_2021_381_773_957_1444_1916_1924_2020_865_1049_1443_1821_1915_2019_382_774_958_1442_1914_2018_866_1050_1540_1539_1538_1537_478_477_479_476_480_1536_475_481_482_1535_483_484_1534_1629_485_1628_1533_1627_486_1626_948_1441_949_384_1440_383_385_386_950_387_1439_388_389_1438_1926_1925_1532_390_1531_1530_1085_1437_391_1529_1084_392_1436_1528_1527_393_1083_1435_1526_394_1082_1434_1114_1237_1236_1235_1234_1233_16_1232_15_17_14_18_13_19_12_20_97_111_11_21_1150_1326_1149_1151_1325_1327_96_112_1148_1152_1324_1328_10_22_1147_1153_1323_1329_1146_1322_9_23_95_113_1145_1321_8_24_1144_1320_94_114_7_25_93_115_6_26_671_672_1728_1727_1729_1726_1730_673_1725_1731_674_1724_1732_675_1723_1733_676_1722_677_1721_582_678_581_583_580_584_1720_579_585_586_679_1719_587_588_680_1816_1815_1817_1718_1814_1818_1813_1819_589_1812_1820_681_1717_1811_590_1810_682_269_291_867_1051_268_292_868_1052_267_293_869_1053_266_294_870_1054_265_295_871_1055_264_1080_296_1432_872_2008_1079_1081_1431_1433_2007_2009_2111_1078_1430_2006_2010_2110_1077_1429_2005_2011_2109_297_873_1076_1428_2004_2012_2108_1913_1075_1427_2003_2107_298_778_874_777_779_963_180_204_776_780_1912_964_1074_1086_1426_2002_2106_179_205_775_781_965_178_206_782_966_299_875_1073_1087_1425_1911_2001_2105_177_353_207_783_967_176_352_1072_1088_208_300_1424_784_876_2000_2104_1910_1093_209_785_1092_1071_1089_1423_1999_2103_301_877_1091_1909_210_786_1070_1422_1998_2102_302_878_1716_1625_1715_490_489_491_488_492_1624_1714_487_493_494_1623_1713_495_496_1712_1622_497_1711_1621_498_1710_2017_960_2016_959_961_962_2015_2014_2013_2101_2100_2099_2098_395_396_397_1525_398_1524_399_1523_400_1616_1615_1617_1522_1614_1618_1613_1619_401_1612_1620_1521_1611_306_402_305_307_304_308_1520_1610_303_309_310_403_1519_1609_311_356_312_404_1608_1518_313_1607_355_405_1517_314_1606_354_406_5_27_879_4_28_2096_2095_2097_2094_3_29_2093_2_30_2092_1_31_2091_0_1056_32_1408_1057_1409_1058_1410_2090_1059_1411_33_1060_1412_2089_1061_1413_34_790_789_791_92_788_2088_1062_1414_91_787_90_35_1063_1415_2087_89_119_88_1064_36_120_1416_2086_1421_121_1420_1065_1417_37_1419_2085_122_1066_38_591_592_1808_1807_1809_1806_593_1805_594_1804_595_1803_596_1802_597_1801_502_598_501_503_500_504_1800_499_505_506_599_1799_507_683_508_600_684_1896_1895_1897_1798_1894_1898_1893_1899_509_685_1892_1900_601_1797_1891_1901_510_686_1890_1902_602_1516_1515_1514_1513_214_213_215_212_216_1512_211_217_218_1511_219_220_1510_1605_221_1604_1509_1603_222_1602_1090_407_408_1704_1703_1705_1702_1706_409_1701_1707_410_1700_1708_411_1699_1709_412_1698_413_1908_1697_1907_318_414_317_319_316_320_1696_1906_315_321_322_415_1905_1695_687_323_688_1904_324_416_1792_1791_1793_1694_1790_1794_1789_1795_689_325_1788_1796_1903_417_1693_1787_690_326_1786_418_39_40_1496_1497_1498_41_1499_42_1500_43_1501_44_45_1508_46_47_131_117_48_132_1584_116_1585_1586_1587_1069_133_1588_1068_49_1589_1067_134_1590_50_603_604_605_606_607_608_1984_1983_1985_1982_1986_1981_1987_609_1980_1988_1889_1979_1989_514_610_513_515_691_512_516_692_1888_1978_1990_511_517_693_518_694_611_1887_1977_1991_519_695_520_612_696_1976_1992_1886_521_697_1975_1993_613_1885_522_698_1974_1994_614_1692_1601_1691_226_225_227_224_228_1600_1690_223_229_230_1599_1689_231_232_1688_1598_233_1687_1597_234_1686_1997_1996_1995_699_700_701_2084_702_2083_2082_703_2081_2080_2079_2078_123_124_1418_125_118_126_127_128_1504_1503_1505_1502_1506_1507_129_130_51_52_53_54_1596_55_56_1672_1673_1674_1675_57_1676_1677_58_1678_59_1679_143_60_144_1680_1685_145_1684_1681_61_1683_146_62_615_2072_2071_2073_2070_2074_2069_2075_2068_2076_2067_2077_2066_2065_526_525_527_524_2064_523_2063_2062_2061_327_328_1784_1783_1785_1782_329_1781_330_1780_331_1779_332_1778_333_1777_238_334_237_239_236_240_1776_235_241_242_335_1775_243_419_244_336_420_1872_1871_1873_1774_1870_1874_1869_1875_245_421_1868_1876_337_1773_1867_1877_246_422_1866_1878_338_1591_136_1592_135_137_138_1593_139_1594_140_1595_141_142_1682_147_1884_1883_1882_1881_423_424_1880_425_1879_426_63_64_1760_1761_1762_65_1763_66_1764_67_1765_68_69_1772_70_71_155_72_156_1848_1849_1850_1851_157_1852_73_1853_158_1854_74_339_340_341_342_343_344_1960_1959_1961_1958_1962_1957_1963_345_1956_1964_1865_1955_1965_250_346_249_251_427_248_252_428_1864_1954_1966_247_253_429_254_430_347_1863_1953_1967_255_431_256_348_432_1952_1968_1862_257_433_1951_1969_349_1861_258_434_1950_1970_350_1973_1972_1971_435_436_437_2060_438_2059_2058_439_2057_2056_2055_2054_148_149_150_151_152_1768_1767_1769_1766_1770_1771_153_154_75_76_77_78_1860_79_80_1936_1937_1938_1939_81_1940_1941_82_1942_83_1943_167_84_168_1944_1949_169_1948_1945_85_1947_170_86_351_2048_2047_2049_2046_2050_2045_2051_2044_2052_2043_2053_2042_2041_262_261_263_260_2040_259_2039_2038_2037_1855_160_1856_159_161_162_1857_163_1858_164_1859_165_166_1946_171_87_2024_2025_2026_2027_2028_2029_2036_172_173_174_175_2032_2031_2033_2030_2034_2035_,0_1_2_3_4_5_6_7_8_9_10_11_12_13_14_15_16_17_18_19_20_21_22_23_24_25_26_27_28_29_30_31_32_33_34_35_36_37_38_39_40_41_42_43_44_45_46_47_48_49_50_51_52_53_54_55_56_57_58_59_60_61_62_63_64_65_66_67_68_69_70_71_72_73_74_75_76_77_78_79_80_81_82_83_84_85_86_87_88_89_90_91_92_93_94_95_96_97_98_99_100_101_102_103_104_105_106_107_108_109_110_111_112_113_114_115_116_117_118_119_120_121_122_123_124_125_126_127_128_129_130_131_132_133_134_135_136_137_138_139_140_141_142_143_144_145_146_147_148_149_150_151_152_153_154_155_156_157_158_159_160_161_162_163_164_165_166_167_168_169_170_171_172_173_174_175_176_177_178_179_180_181_182_183_184_185_186_187_188_189_190_191_192_193_194_195_196_197_198_199_200_201_202_203_204_205_206_207_208_209_210_211_212_213_214_215_216_217_218_219_220_221_222_223_224_225_226_227_228_229_230_231_232_233_234_235_236_237_238_239_240_241_242_243_244_245_246_247_248_249_250_251_252_253_254_255_256_257_258_259_260_261_262_263_264_265_266_267_268_269_270_271_272_273_274_275_276_277_278_279_280_281_282_283_284_285_286_287_288_289_290_291_292_293_294_295_296_297_298_299_300_301_302_303_304_305_306_307_308_309_310_311_312_313_314_315_316_317_318_319_320_321_322_323_324_325_326_327_328_329_330_331_332_333_334_335_336_337_338_339_340_341_342_343_344_345_346_347_348_349_350_351_352_353_354_355_356_357_358_359_360_361_362_363_364_365_366_367_368_369_370_371_372_373_374_375_376_377_378_379_380_381_382_383_384_385_386_387_388_389_390_391_392_393_394_395_396_397_398_399_400_401_402_403_404_405_406_407_408_409_410_411_412_413_414_415_416_417_418_419_420_421_422_423_424_425_426_427_428_429_430_431_432_433_434_435_436_437_438_439_440_441_442_443_444_445_446_447_448_449_450_451_452_453_454_455_456_457_458_459_460_461_462_463_464_465_466_467_468_469_470_471_472_473_474_475_476_477_478_479_480_481_482_483_484_485_486_487_488_489_490_491_492_493_494_495_496_497_498_499_500_501_502_503_504_505_506_507_508_509_510_511_512_513_514_515_516_517_518_519_520_521_522_523_524_525_526_527_528_529_530_531_532_533_534_535_536_537_538_539_540_541_542_543_544_545_546_547_548_549_550_551_552_553_554_555_556_557_558_559_560_561_562_563_564_565_566_567_568_569_570_571_572_573_574_575_576_577_578_579_580_581_582_583_584_585_586_587_588_589_590_591_592_593_594_595_596_597_598_599_600_601_602_603_604_605_606_607_608_609_610_611_612_613_614_615_616_617_618_619_620_621_622_623_624_625_626_627_628_629_630_631_632_633_634_635_636_637_638_639_640_641_642_643_644_645_646_647_648_649_650_651_652_653_654_655_656_657_658_659_660_661_662_663_664_665_666_667_668_669_670_671_672_673_674_675_676_677_678_679_680_681_682_683_684_685_686_687_688_689_690_691_692_693_694_695_696_697_698_699_700_701_702_703_704_705_706_707_708_709_710_711_712_713_714_715_716_717_718_719_720_721_722_723_724_725_726_727_728_729_730_731_732_733_734_735_736_737_738_739_740_741_742_743_744_745_746_747_748_749_750_751_752_753_754_755_756_757_758_759_760_761_762_763_764_765_766_767_768_769_770_771_772_773_774_775_776_777_778_779_780_781_782_783_784_785_786_787_788_789_790_791_792_793_794_795_796_797_798_799_800_801_802_803_804_805_806_807_808_809_810_811_812_813_814_815_816_817_818_819_820_821_822_823_824_825_826_827_828_829_830_831_832_833_834_835_836_837_838_839_840_841_842_843_844_845_846_847_848_849_850_851_852_853_854_855_856_857_858_859_860_861_862_863_864_865_866_867_868_869_870_871_872_873_874_875_876_877_878_879_880_881_882_883_884_885_886_887_888_889_890_891_892_893_894_895_896_897_898_899_900_901_902_903_904_905_906_907_908_909_910_911_912_913_914_915_916_917_918_919_920_921_922_923_924_925_926_927_928_929_930_931_932_933_934_935_936_937_938_939_940_941_942_943_944_945_946_947_948_949_950_951_952_953_954_955_956_957_958_959_960_961_962_963_964_965_966_967_968_969_970_971_972_973_974_975_976_977_978_979_980_981_982_983_984_985_986_987_988_989_990_991_992_993_994_995_996_997_998_999_1000_1001_1002_1003_1004_1005_1006_1007_1008_1009_1010_1011_1012_1013_1014_1015_1016_1017_1018_1019_1020_1021_1022_1023_1024_1025_1026_1027_1028_1029_1030_1031_1032_1033_1034_1035_1036_1037_1038_1039_1040_1041_1042_1043_1044_1045_1046_1047_1048_1049_1050_1051_1052_1053_1054_1055_1056_1057_1058_1059_1060_1061_1062_1063_1064_1065_1066_1067_1068_1069_1070_1071_1072_1073_1074_1075_1076_1077_1078_1079_1080_1081_1082_1083_1084_1085_1086_1087_1088_1089_1090_1091_1092_1093_1094_1095_1096_1097_1098_1099_1100_1101_1102_1103_1104_1105_1106_1107_1108_1109_1110_1111_1112_1113_1114_1115_1116_1117_1118_1119_1120_1121_1122_1123_1124_1125_1126_1127_1128_1129_1130_1131_1132_1133_1134_1135_1136_1137_1138_1139_1140_1141_1142_1143_1144_1145_1146_1147_1148_1149_1150_1151_1152_1153_1154_1155_1156_1157_1158_1159_1160_1161_1162_1163_1164_1165_1166_1167_1168_1169_1170_1171_1172_1173_1174_1175_1176_1177_1178_1179_1180_1181_1182_1183_1184_1185_1186_1187_1188_1189_1190_1191_1192_1193_1194_1195_1196_1197_1198_1199_1200_1201_1202_1203_1204_1205_1206_1207_1208_1209_1210_1211_1212_1213_1214_1215_1216_1217_1218_1219_1220_1221_1222_1223_1224_1225_1226_1227_1228_1229_1230_1231_1232_1233_1234_1235_1236_1237_1238_1239_1240_1241_1242_1243_1244_1245_1246_1247_1248_1249_1250_1251_1252_1253_1254_1255_1256_1257_1258_1259_1260_1261_1262_1263_1264_1265_1266_1267_1268_1269_1270_1271_1272_1273_1274_1275_1276_1277_1278_1279_1280_1281_1282_1283_1284_1285_1286_1287_1288_1289_1290_1291_1292_1293_1294_1295_1296_1297_1298_1299_1300_1301_1302_1303_1304_1305_1306_1307_1308_1309_1310_1311_1312_1313_1314_1315_1316_1317_1318_1319_1320_1321_1322_1323_1324_1325_1326_1327_1328_1329_1330_1331_1332_1333_1334_1335_1336_1337_1338_1339_1340_1341_1342_1343_1344_1345_1346_1347_1348_1349_1350_1351_1352_1353_1354_1355_1356_1357_1358_1359_1360_1361_1362_1363_1364_1365_1366_1367_1368_1369_1370_1371_1372_1373_1374_1375_1376_1377_1378_1379_1380_1381_1382_1383_1384_1385_1386_1387_1388_1389_1390_1391_1392_1393_1394_1395_1396_1397_1398_1399_1400_1401_1402_1403_1404_1405_1406_1407_1408_1409_1410_1411_1412_1413_1414_1415_1416_1417_1418_1419_1420_1421_1422_1423_1424_1425_1426_1427_1428_1429_1430_1431_1432_1433_1434_1435_1436_1437_1438_1439_1440_1441_1442_1443_1444_1445_1446_1447_1448_1449_1450_1451_1452_1453_1454_1455_1456_1457_1458_1459_1460_1461_1462_1463_1464_1465_1466_1467_1468_1469_1470_1471_1472_1473_1474_1475_1476_1477_1478_1479_1480_1481_1482_1483_1484_1485_1486_1487_1488_1489_1490_1491_1492_1493_1494_1495_1496_1497_1498_1499_1500_1501_1502_1503_1504_1505_1506_1507_1508_1509_1510_1511_1512_1513_1514_1515_1516_1517_1518_1519_1520_1521_1522_1523_1524_1525_1526_1527_1528_1529_1530_1531_1532_1533_1534_1535_1536_1537_1538_1539_1540_1541_1542_1543_1544_1545_1546_1547_1548_1549_1550_1551_1552_1553_1554_1555_1556_1557_1558_1559_1560_1561_1562_1563_1564_1565_1566_1567_1568_1569_1570_1571_1572_1573_1574_1575_1576_1577_1578_1579_1580_1581_1582_1583_1584_1585_1586_1587_1588_1589_1590_1591_1592_1593_1594_1595_1596_1597_1598_1599_1600_1601_1602_1603_1604_1605_1606_1607_1608_1609_1610_1611_1612_1613_1614_1615_1616_1617_1618_1619_1620_1621_1622_1623_1624_1625_1626_1627_1628_1629_1630_1631_1632_1633_1634_1635_1636_1637_1638_1639_1640_1641_1642_1643_1644_1645_1646_1647_1648_1649_1650_1651_1652_1653_1654_1655_1656_1657_1658_1659_1660_1661_1662_1663_1664_1665_1666_1667_1668_1669_1670_1671_1672_1673_1674_1675_1676_1677_1678_1679_1680_1681_1682_1683_1684_1685_1686_1687_1688_1689_1690_1691_1692_1693_1694_1695_1696_1697_1698_1699_1700_1701_1702_1703_1704_1705_1706_1707_1708_1709_1710_1711_1712_1713_1714_1715_1716_1717_1718_1719_1720_1721_1722_1723_1724_1725_1726_1727_1728_1729_1730_1731_1732_1733_1734_1735_1736_1737_1738_1739_1740_1741_1742_1743_1744_1745_1746_1747_1748_1749_1750_1751_1752_1753_1754_1755_1756_1757_1758_1759_1760_1761_1762_1763_1764_1765_1766_1767_1768_1769_1770_1771_1772_1773_1774_1775_1776_1777_1778_1779_1780_1781_1782_1783_1784_1785_1786_1787_1788_1789_1790_1791_1792_1793_1794_1795_1796_1797_1798_1799_1800_1801_1802_1803_1804_1805_1806_1807_1808_1809_1810_1811_1812_1813_1814_1815_1816_1817_1818_1819_1820_1821_1822_1823_1824_1825_1826_1827_1828_1829_1830_1831_1832_1833_1834_1835_1836_1837_1838_1839_1840_1841_1842_1843_1844_1845_1846_1847_1848_1849_1850_1851_1852_1853_1854_1855_1856_1857_1858_1859_1860_1861_1862_1863_1864_1865_1866_1867_1868_1869_1870_1871_1872_1873_1874_1875_1876_1877_1878_1879_1880_1881_1882_1883_1884_1885_1886_1887_1888_1889_1890_1891_1892_1893_1894_1895_1896_1897_1898_1899_1900_1901_1902_1903_1904_1905_1906_1907_1908_1909_1910_1911_1912_1913_1914_1915_1916_1917_1918_1919_1920_1921_1922_1923_1924_1925_1926_1927_1928_1929_1930_1931_1932_1933_1934_1935_1936_1937_1938_1939_1940_1941_1942_1943_1944_1945_1946_1947_1948_1949_1950_1951_1952_1953_1954_1955_1956_1957_1958_1959_1960_1961_1962_1963_1964_1965_1966_1967_1968_1969_1970_1971_1972_1973_1974_1975_1976_1977_1978_1979_1980_1981_1982_1983_1984_1985_1986_1987_1988_1989_1990_1991_1992_1993_1994_1995_1996_1997_1998_1999_2000_2001_2002_2003_2004_2005_2006_2007_2008_2009_2010_2011_2012_2013_2014_2015_2016_2017_2018_2019_2020_2021_2022_2023_2024_2025_2026_2027_2028_2029_2030_2031_2032_2033_2034_2035_2036_2037_2038_2039_2040_2041_2042_2043_2044_2045_2046_2047_2048_2049_2050_2051_2052_2053_2054_2055_2056_2057_2058_2059_2060_2061_2062_2063_2064_2065_2066_2067_2068_2069_2070_2071_2072_2073_2074_2075_2076_2077_2078_2079_2080_2081_2082_2083_2084_2085_2086_2087_2088_2089_2090_2091_2092_2093_2094_2095_2096_2097_2098_2099_2100_2101_2102_2103_2104_2105_2106_2107_2108_2109_2110_2111_,6:{5;4;3;2;1;0;1056;1057;1058;1059;1060;1061;92;1062;91;90;1063;89;88;1064;1065;1066;}26:{27;28;29;30;31;32;1408;1409;1410;1411;33;1412;1413;34;1414;35;1415;119;36;120;1416;121;1417;37;122;38;}38:{39;40;1496;1497;1498;41;1499;42;1500;43;1501;44;45;46;47;131;48;132;1584;1585;1586;1587;133;1588;49;1589;134;1590;50;}50:{51;52;53;54;55;56;1672;1673;1674;1675;57;1676;1677;58;1678;59;1679;143;60;144;1680;145;1681;61;146;62;}62:{63;64;1760;1761;1762;65;1763;66;1764;67;1765;68;69;70;71;155;72;156;1848;1849;1850;1851;157;1852;73;1853;158;1854;74;}74:{75;76;77;78;79;80;1936;1937;1938;1939;81;1940;1941;82;1942;83;1943;167;84;168;1944;169;1945;85;170;86;}86:{87;2024;2025;2026;2027;2028;2029;}122:{123;124;1418;125;118;126;127;128;1504;1503;1505;1502;1506;1507;129;130;}146:{148;149;150;151;152;1768;1767;1769;1766;1770;1771;153;154;}170:{172;173;174;175;2032;2031;2033;2030;2034;2035;}186:{1069;1068;1067;}198:{1421;1420;1419;}210:{1508;117;116;}222:{1596;1685;1684;1683;}234:{1772;}246:{1860;1949;1948;1947;}258:{2036;}270:{269;268;267;266;265;264;1080;1079;1081;1078;1077;1076;1075;180;1074;1086;179;178;1073;1087;177;353;176;352;1072;1088;1071;1089;1070;}290:{291;292;293;294;295;296;1432;1431;1433;1430;1429;297;1428;1427;298;204;1426;205;206;299;1425;207;208;300;1424;209;1423;301;210;1422;302;}302:{1516;1515;1514;1513;214;213;215;212;216;1512;211;217;218;1511;219;220;1510;1605;221;1604;1509;1603;222;1602;}314:{1692;1601;1691;226;225;227;224;228;1600;1690;223;229;230;1599;1689;231;232;1688;1598;233;1687;1597;234;1686;}326:{327;328;1784;1783;1785;1782;329;1781;330;1780;331;1779;332;1778;333;1777;238;334;237;239;236;240;1776;235;241;242;335;1775;243;419;244;336;420;1872;1871;1873;1774;1870;1874;1869;1875;245;421;1868;1876;337;1773;1867;1877;246;422;1866;1878;338;}338:{339;340;341;342;343;344;1960;1959;1961;1958;1962;1957;1963;345;1956;1964;1865;1955;1965;250;346;249;251;427;248;252;428;1864;1954;1966;247;253;429;254;430;347;1863;1953;1967;255;431;256;348;432;1952;1968;1862;257;433;1951;1969;349;1861;258;434;1950;1970;350;}350:{351;2048;2047;2049;2046;2050;2045;2051;2044;2052;2043;2053;2042;2041;262;261;263;260;2040;259;2039;2038;2037;}366:{356;355;354;}394:{395;396;397;1525;398;1524;399;1523;400;1616;1615;1617;1522;1614;1618;1613;1619;401;1612;1620;1521;1611;306;402;305;307;304;308;1520;1610;303;309;310;403;1519;1609;311;312;404;1608;1518;313;1607;405;1517;314;1606;406;}406:{407;408;1704;1703;1705;1702;1706;409;1701;1707;410;1700;1708;411;1699;1709;412;1698;413;1697;318;414;317;319;316;320;1696;315;321;322;415;1695;323;324;416;1792;1791;1793;1694;1790;1794;1789;1795;325;1788;1796;417;1693;1787;326;1786;418;}450:{1093;1092;1091;}462:{380;1445;381;1444;1443;382;1442;}506:{1884;1883;1882;1881;423;424;1880;425;1879;426;}534:{533;532;531;530;529;528;1104;1103;1105;1102;1101;1100;1099;444;1098;1110;443;442;1097;1111;441;617;440;616;1096;1112;1095;1113;1094;}554:{555;556;557;558;559;560;1456;1455;1457;1454;1453;561;1452;1451;562;468;1450;469;470;563;1449;471;472;564;1448;473;1447;565;474;1446;566;}566:{1540;1539;1538;1537;478;477;479;476;480;1536;475;481;482;1535;483;484;1534;1629;485;1628;1533;1627;486;1626;}578:{1716;1625;1715;490;489;491;488;492;1624;1714;487;493;494;1623;1713;495;496;1712;1622;497;1711;1621;498;1710;}590:{591;592;1808;1807;1809;1806;593;1805;594;1804;595;1803;596;1802;597;1801;502;598;501;503;500;504;1800;499;505;506;599;1799;507;683;508;600;684;1896;1895;1897;1798;1894;1898;1893;1899;509;685;1892;1900;601;1797;1891;1901;510;686;1890;1902;602;}602:{603;604;605;606;607;608;1984;1983;1985;1982;1986;1981;1987;609;1980;1988;1889;1979;1989;514;610;513;515;691;512;516;692;1888;1978;1990;511;517;693;518;694;611;1887;1977;1991;519;695;520;612;696;1976;1992;1886;521;697;1975;1993;613;1885;522;698;1974;1994;614;}614:{615;2072;2071;2073;2070;2074;2069;2075;2068;2076;2067;2077;2066;2065;526;525;527;524;2064;523;2063;2062;2061;}630:{620;619;618;}658:{659;660;661;1549;662;1548;663;1547;664;1640;1639;1641;1546;1638;1642;1637;1643;665;1636;1644;1545;1635;570;666;569;571;568;572;1544;1634;567;573;574;667;1543;1633;575;576;668;1632;1542;577;1631;669;1541;578;1630;670;}670:{671;672;1728;1727;1729;1726;1730;673;1725;1731;674;1724;1732;675;1723;1733;676;1722;677;1721;582;678;581;583;580;584;1720;579;585;586;679;1719;587;588;680;1816;1815;1817;1718;1814;1818;1813;1819;589;1812;1820;681;1717;1811;590;1810;682;}714:{1117;1116;1115;}726:{644;1469;645;1468;1467;646;1466;}770:{1908;1907;1906;1905;687;688;1904;689;1903;690;}798:{797;796;795;794;793;792;1128;1127;1129;1126;1130;1125;1131;1124;1132;1123;1133;708;1122;707;706;1121;705;704;1120;1119;1118;}818:{819;820;821;822;823;824;1480;1479;1481;1478;1482;1477;1483;825;1476;1484;1475;826;732;1474;733;734;827;1473;735;736;828;1472;737;1471;829;738;1470;830;}830:{831;832;1568;1567;1569;1566;833;1565;834;1564;835;1563;836;1562;837;1561;742;838;741;743;740;744;1560;739;745;746;839;1559;747;748;840;1656;1655;1657;1558;1654;1658;1653;1659;749;1652;1660;841;1557;1651;750;1650;842;}842:{843;844;845;846;847;848;1744;1743;1745;1742;1746;1741;1747;849;1740;1748;1649;1739;754;850;753;755;752;756;1648;1738;751;757;758;851;1647;1737;759;760;852;1736;1646;761;1735;853;1645;762;1734;854;}854:{855;856;1832;1831;1833;1830;857;1829;858;1828;859;1827;860;1826;861;1825;766;862;765;767;764;768;1824;763;769;770;863;1823;771;772;864;1920;1919;1921;1822;1918;1922;1917;1923;773;1916;1924;865;1821;1915;774;1914;866;}866:{867;868;869;870;871;872;2008;2007;2009;2006;2010;2005;2011;873;2004;2012;1913;2003;778;874;777;779;776;780;1912;2002;775;781;782;875;1911;2001;783;784;876;2000;1910;785;1999;877;1909;786;1998;878;}878:{879;2096;2095;2097;2094;2093;2092;2091;2090;2089;790;789;791;788;2088;787;2087;2086;2085;}990:{991;992;1407;993;994;995;996;997;998;999;908;1000;1495;1494;1493;909;1492;1001;1491;910;1490;1002;}1002:{1003;1004;1005;1006;1007;1008;1583;1582;1581;1009;1580;1579;1010;915;916;1578;917;918;1011;1577;919;920;1012;1576;921;1575;1013;922;1574;1014;}1014:{1015;1016;1671;1670;1017;1669;1018;1668;1019;1667;1020;1666;1021;1665;1022;927;928;1664;929;930;1023;1663;931;932;1024;1759;1758;1757;933;1756;1025;1755;934;1754;1026;}1026:{1027;1028;1029;1030;1031;1032;1847;1846;1845;1033;1844;1843;1034;939;940;1842;941;942;1035;1841;943;944;1036;1840;945;1839;1037;946;1838;1038;}1038:{1039;1040;1935;1934;1041;1933;1042;1932;1043;1931;1044;1930;1045;1929;1046;951;952;1928;953;954;1047;1927;955;956;1048;2023;2022;2021;957;2020;1049;2019;958;2018;1050;}1050:{1051;1052;1053;1054;1055;2111;2110;2109;2108;2107;963;964;2106;965;966;2105;967;2104;2103;2102;}1094:{1085;1084;1083;1082;}1102:{1090;}1118:{1109;1108;1107;1106;}1126:{1114;}1230:{1231;976;975;977;974;973;972;971;970;884;969;883;1142;1141;1143;968;1140;882;1139;1138;881;1137;880;1136;1135;1134;}1238:{1237;1236;1235;1234;1233;16;1232;15;17;14;18;13;19;12;20;97;111;11;21;1150;1326;1149;1151;1325;1327;96;112;1148;1152;1324;1328;10;22;1147;1153;1323;1329;1146;1322;9;23;95;113;1145;1321;8;24;1144;1320;94;114;7;25;93;115;6;26;}1250:{1249;192;1248;191;193;190;194;1247;189;195;1246;188;196;1245;187;197;1244;186;198;1243;185;199;1162;1242;1338;1161;1163;1337;1339;184;200;1160;1164;1336;1340;1159;1165;1335;1341;1158;1334;1241;183;201;1157;1333;104;1156;1240;1332;103;105;102;106;182;202;101;107;1155;1331;100;108;1239;99;109;181;203;1154;1330;98;110;1238;}1262:{1261;1260;1259;1258;1257;280;1256;279;281;278;282;277;283;1255;276;284;361;375;275;285;1174;1254;1350;1173;1175;1349;1351;360;376;1172;1176;1348;1352;274;286;1171;1177;1347;1353;1170;1346;1253;273;287;359;377;1169;1345;272;288;1168;1252;1344;358;378;1167;1343;271;289;1251;357;379;1166;1342;270;290;1250;}1274:{1273;456;1272;455;457;454;458;1271;453;459;1270;452;460;1269;451;461;1268;450;462;1267;449;463;1186;1266;1362;1185;1187;1361;1363;448;464;1184;1188;1360;1364;1183;1189;1359;1365;1182;1358;1265;447;465;1181;1357;368;1180;1264;1356;367;369;366;370;446;466;365;371;1179;1355;364;372;1263;363;373;445;467;1178;1354;362;374;1262;}1286:{1285;1284;1283;1282;1281;544;1280;543;545;542;546;541;547;1279;540;548;625;639;539;549;1198;1278;1374;1197;1199;1373;1375;624;640;1196;1200;1372;1376;538;550;1195;1201;1371;1377;1194;1370;1277;537;551;623;641;1193;1369;536;552;1192;1276;1368;622;642;1191;1367;535;553;1275;621;643;1190;1366;534;554;1274;}1298:{1297;720;1296;719;721;718;722;1295;717;723;1294;716;724;1293;715;725;1292;714;726;1291;713;727;1210;1290;1386;1209;1211;1385;1387;712;728;1208;1212;1384;1388;1207;1213;1383;1389;1206;1382;1289;711;729;1205;1381;632;1204;1288;1380;631;633;630;634;710;730;629;635;1203;1379;628;636;1287;627;637;709;731;1202;1378;626;638;1286;}1310:{1309;1311;896;1308;1312;895;897;894;898;1307;1313;893;899;1306;1314;892;900;1305;1315;891;901;808;1304;1316;807;809;806;810;890;902;805;811;1303;1317;804;812;889;903;803;813;1222;1302;1318;1398;1221;1223;1397;1399;888;904;1220;1224;1396;1400;802;814;1219;1225;1395;1401;1218;1226;1394;1402;1301;1319;801;815;887;905;1217;1227;1393;1403;800;816;984;1216;1228;1300;1392;1404;983;985;886;906;982;986;981;987;1215;1229;1391;1405;980;988;799;817;1299;885;907;979;989;1214;1230;1390;1406;798;818;978;990;1298;}1446:{1441;384;1440;383;385;386;387;1439;388;389;1438;1532;390;1531;1530;1437;391;1529;392;1436;1528;1527;393;1435;1526;394;1434;}1470:{1465;648;1464;647;649;650;651;1463;652;653;1462;1556;654;1555;1554;1461;655;1553;656;1460;1552;1551;657;1459;1550;658;1458;}1490:{1489;912;1488;911;913;914;1487;1486;1485;1573;1572;1571;923;1570;}1574:{924;925;926;1662;1661;}1590:{1591;136;1592;135;137;138;1593;139;1594;140;1595;141;142;1682;147;}1754:{1753;936;1752;935;937;938;1751;1750;1749;1837;1836;1835;947;1834;}1838:{948;949;950;1926;1925;}1854:{1855;160;1856;159;161;162;1857;163;1858;164;1859;165;166;1946;171;}1974:{1973;1972;1971;435;436;437;2060;438;2059;2058;439;2057;2056;2055;2054;}1998:{1997;1996;1995;699;700;701;2084;702;2083;2082;703;2081;2080;2079;2078;}2018:{2017;960;2016;959;961;962;2015;2014;2013;2101;2100;2099;2098;},441_442_443_444_445_446_447_465_466_467_468_469_470_471_569_570_571_665_666_757_758_847_848_935_936_1022_1023_1097_1098_1182_1183_1269_1270_1271_1358_1359_1449_1450_1541_1542_1543_1637_1638_1639_1741_1742_1743_1744_1745_1746_1747_1748_1749_1750_1751_1752_1753_1754_1755_1756_1757_1758_1759_,1310-1309*0_1310-1311*0_1310-896*0_1310-1308*0_1310-1312*0_1310-895*0_1310-897*0_1310-894*0_1310-898*0_1310-1307*0_1310-1313*0_1310-893*0_1310-899*0_1310-1306*0_1310-1314*0_1310-892*0_1310-900*0_1310-1305*0_1310-1315*0_1310-891*0_1310-901*0_1310-808*0_1310-1304*0_1310-1316*0_1310-807*0_1310-809*0_1310-806*0_1310-810*0_1310-890*0_1310-902*0_1310-805*0_1310-811*0_1310-1303*0_1310-1317*0_1310-804*0_1310-812*0_1310-889*0_1310-903*0_1310-803*0_1310-813*0_1310-1222*0_1310-1302*0_1310-1318*0_1310-1398*0_1310-1221*0_1310-1223*0_1310-1397*0_1310-1399*0_1310-888*0_1310-904*0_1310-1220*0_1310-1224*0_1310-1396*0_1310-1400*0_1310-802*0_1310-814*0_1310-1219*0_1310-1225*0_1310-1395*0_1310-1401*0_1310-1218*0_1310-1226*0_1310-1394*0_1310-1402*0_1310-1301*0_1310-1319*0_1310-801*0_1310-815*0_1310-887*0_1310-905*0_1310-1217*0_1310-1227*0_1310-1393*0_1310-1403*0_1310-800*0_1310-816*0_1310-984*0_1310-1216*0_1310-1228*0_1310-1300*0_1310-1392*0_1310-1404*0_1310-983*0_1310-985*0_1310-886*0_1310-906*0_1310-982*0_1310-986*0_1310-981*0_1310-987*0_1310-1215*0_1310-1229*0_1310-1391*0_1310-1405*0_1310-980*0_1310-988*0_1310-799*0_1310-817*0_1310-1299*0_1310-885*0_1310-907*0_1310-979*0_1310-989*0_1310-1214*0_1310-1230*0_1310-1390*0_1310-1406*0_1310-798*0_1310-818*0_1310-978*0_1310-990*0_1310-1298*0_1298-1297*1_1298-720*1_1298-1296*1_1298-719*1_1298-721*1_1298-718*1_1298-722*1_1298-1295*1_1298-717*1_1298-723*1_1298-1294*1_1298-716*1_1298-724*1_1298-1293*1_1298-715*1_1298-725*1_1298-1292*1_1298-714*1_1298-726*1_1298-1291*1_1298-713*1_1298-727*1_1298-1210*1_1298-1290*1_1298-1386*1_1298-1209*1_1298-1211*1_1298-1385*1_1298-1387*1_1298-712*1_1298-728*1_1298-1208*1_1298-1212*1_1298-1384*1_1298-1388*1_1298-1207*1_1298-1213*1_1298-1383*1_1298-1389*1_1298-1206*1_1298-1382*1_1298-1289*1_1298-711*1_1298-729*1_1298-1205*1_1298-1381*1_1298-632*1_1298-1204*1_1298-1288*1_1298-1380*1_1298-631*1_1298-633*1_1298-630*1_1298-634*1_1298-710*1_1298-730*1_1298-629*1_1298-635*1_1298-1203*1_1298-1379*1_1298-628*1_1298-636*1_1298-1287*1_1298-627*1_1298-637*1_1298-709*1_1298-731*1_1298-1202*1_1298-1378*1_1298-626*1_1298-638*1_1298-1286*1_990-991*1_990-992*1_990-1407*1_990-993*1_990-994*1_990-995*1_990-996*1_990-997*1_990-998*1_990-999*1_990-908*1_990-1000*1_990-1495*1_990-1494*1_990-1493*1_990-909*1_990-1492*1_990-1001*1_990-1491*1_990-910*1_990-1490*1_990-1002*1_1230-1231*1_1230-976*1_1230-975*1_1230-977*1_1230-974*1_1230-973*1_1230-972*1_1230-971*1_1230-970*1_1230-884*1_1230-969*1_1230-883*1_1230-1142*1_1230-1141*1_1230-1143*1_1230-968*1_1230-1140*1_1230-882*1_1230-1139*1_1230-1138*1_1230-881*1_1230-1137*1_1230-880*1_1230-1136*1_1230-1135*1_1230-1134*1_1286-1285*2_1286-1284*2_1286-1283*2_1286-1282*2_1286-1281*2_1286-544*2_1286-1280*2_1286-543*2_1286-545*2_1286-542*2_1286-546*2_1286-541*2_1286-547*2_1286-1279*2_1286-540*2_1286-548*2_1286-625*2_1286-639*2_1286-539*2_1286-549*2_1286-1198*2_1286-1278*2_1286-1374*2_1286-1197*2_1286-1199*2_1286-1373*2_1286-1375*2_1286-624*2_1286-640*2_1286-1196*2_1286-1200*2_1286-1372*2_1286-1376*2_1286-538*2_1286-550*2_1286-1195*2_1286-1201*2_1286-1371*2_1286-1377*2_1286-1194*2_1286-1370*2_1286-1277*2_1286-537*2_1286-551*2_1286-623*2_1286-641*2_1286-1193*2_1286-1369*2_1286-536*2_1286-552*2_1286-1192*2_1286-1276*2_1286-1368*2_1286-622*2_1286-642*2_1286-1191*2_1286-1367*2_1286-535*2_1286-553*2_1286-1275*2_1286-621*2_1286-643*2_1286-1190*2_1286-1366*2_1286-534*2_1286-554*2_1286-1274*2_798-797*2_818-819*2_1002-1003*2_798-796*2_818-820*2_1002-1004*2_798-795*2_818-821*2_1002-1005*2_798-794*2_818-822*2_1002-1006*2_798-793*2_818-823*2_1002-1007*2_798-792*2_798-1128*2_818-824*2_818-1480*2_1002-1008*2_798-1127*2_798-1129*2_818-1479*2_818-1481*2_1002-1583*2_798-1126*2_798-1130*2_818-1478*2_818-1482*2_1002-1582*2_798-1125*2_798-1131*2_818-1477*2_818-1483*2_1002-1581*2_818-825*2_1002-1009*2_798-1124*2_798-1132*2_818-1476*2_818-1484*2_1002-1580*2_798-1123*2_798-1133*2_818-1475*2_1002-1579*2_818-826*2_1002-1010*2_1002-915*2_798-708*2_818-732*2_1002-916*2_798-1122*2_818-1474*2_1002-1578*2_798-707*2_818-733*2_1002-917*2_798-706*2_818-734*2_1002-918*2_818-827*2_1002-1011*2_798-1121*2_818-1473*2_1002-1577*2_798-705*2_818-735*2_1002-919*2_798-704*2_798-1120*2_818-736*2_818-828*2_818-1472*2_1002-920*2_1002-1012*2_1002-1576*2_818-737*2_1002-921*2_798-1119*2_818-1471*2_1002-1575*2_818-829*2_1002-1013*2_818-738*2_1002-922*2_798-1118*2_818-1470*2_1002-1574*2_818-830*2_1002-1014*2_1490-1489*2_1490-912*2_1490-1488*2_1490-911*2_1490-913*2_1490-914*2_1490-1487*2_1490-1486*2_1490-1485*2_1490-1573*2_1490-1572*2_1490-1571*2_1490-923*2_1490-1570*2_1274-1273*3_1274-456*3_1274-1272*3_1274-455*3_1274-457*3_1274-454*3_1274-458*3_1274-1271*3_1274-453*3_1274-459*3_1274-1270*3_1274-452*3_1274-460*3_1274-1269*3_1274-451*3_1274-461*3_1274-1268*3_1274-450*3_1274-462*3_1274-1267*3_1274-449*3_1274-463*3_1274-1186*3_1274-1266*3_1274-1362*3_1274-1185*3_1274-1187*3_1274-1361*3_1274-1363*3_1274-448*3_1274-464*3_1274-1184*3_1274-1188*3_1274-1360*3_1274-1364*3_1274-1183*3_1274-1189*3_1274-1359*3_1274-1365*3_1274-1182*3_1274-1358*3_1274-1265*3_1274-447*3_1274-465*3_1274-1181*3_1274-1357*3_1274-368*3_1274-1180*3_1274-1264*3_1274-1356*3_1274-367*3_1274-369*3_1274-366*3_1274-370*3_1274-446*3_1274-466*3_1274-365*3_1274-371*3_1274-1179*3_1274-1355*3_1274-364*3_1274-372*3_1274-1263*3_1274-363*3_1274-373*3_1274-445*3_1274-467*3_1274-1178*3_1274-1354*3_1274-362*3_1274-374*3_1274-1262*3_830-831*3_1014-1015*3_830-832*3_830-1568*3_1014-1016*3_830-1567*3_830-1569*3_1014-1671*3_830-1566*3_1014-1670*3_830-833*3_1014-1017*3_830-1565*3_1014-1669*3_830-834*3_1014-1018*3_830-1564*3_1014-1668*3_830-835*3_1014-1019*3_830-1563*3_1014-1667*3_830-836*3_1014-1020*3_830-1562*3_1014-1666*3_830-837*3_1014-1021*3_830-1561*3_1014-1665*3_830-742*3_830-838*3_1014-1022*3_830-741*3_830-743*3_1014-927*3_830-740*3_830-744*3_830-1560*3_1014-928*3_1014-1664*3_830-739*3_830-745*3_1014-929*3_830-746*3_1014-930*3_830-839*3_1014-1023*3_830-1559*3_1014-1663*3_830-747*3_1014-931*3_726-644*3_830-748*3_830-840*3_830-1656*3_1014-932*3_1014-1024*3_830-1655*3_830-1657*3_1014-1759*3_830-1558*3_830-1654*3_830-1658*3_1014-1758*3_726-1469*3_830-1653*3_830-1659*3_1014-1757*3_726-645*3_830-749*3_1014-933*3_726-1468*3_830-1652*3_830-1660*3_1014-1756*3_830-841*3_1014-1025*3_726-1467*3_830-1557*3_830-1651*3_1014-1755*3_726-646*3_830-750*3_1014-934*3_726-1466*3_830-1650*3_1014-1754*3_830-842*3_1014-1026*3_1574-924*3_1470-1465*3_1574-925*3_1470-648*3_1470-1464*3_1470-647*3_1470-649*3_1470-650*3_1574-926*3_1470-651*3_1470-1463*3_1470-652*3_1470-653*3_1470-1462*3_1574-1662*3_1574-1661*3_1470-1556*3_1470-654*3_1470-1555*3_1470-1554*3_1118-1109*3_1470-1461*3_1470-655*3_1470-1553*3_1118-1108*3_1470-656*3_1470-1460*3_1470-1552*3_1470-1551*3_1470-657*3_1118-1107*3_1470-1459*3_1470-1550*3_1470-658*3_1118-1106*3_1470-1458*3_1262-1261*4_1262-1260*4_1262-1259*4_1262-1258*4_1262-1257*4_1262-280*4_1262-1256*4_1262-279*4_1262-281*4_1262-278*4_1262-282*4_1262-277*4_1262-283*4_1262-1255*4_1262-276*4_1262-284*4_1262-361*4_1262-375*4_1262-275*4_1262-285*4_1262-1174*4_1262-1254*4_1262-1350*4_1262-1173*4_1262-1175*4_1262-1349*4_1262-1351*4_1262-360*4_1262-376*4_1262-1172*4_1262-1176*4_1262-1348*4_1262-1352*4_1262-274*4_1262-286*4_1262-1171*4_1262-1177*4_1262-1347*4_1262-1353*4_1262-1170*4_1262-1346*4_1262-1253*4_1262-273*4_1262-287*4_1262-359*4_1262-377*4_1262-1169*4_1262-1345*4_1262-272*4_1262-288*4_1262-1168*4_1262-1252*4_1262-1344*4_1262-358*4_1262-378*4_1262-1167*4_1262-1343*4_1262-271*4_1262-289*4_1262-1251*4_1262-357*4_1262-379*4_1262-1166*4_1262-1342*4_1262-270*4_1262-290*4_1262-1250*4_534-533*4_554-555*4_842-843*4_1026-1027*4_534-532*4_554-556*4_842-844*4_1026-1028*4_534-531*4_554-557*4_842-845*4_1026-1029*4_534-530*4_554-558*4_842-846*4_1026-1030*4_534-529*4_554-559*4_842-847*4_1026-1031*4_534-528*4_534-1104*4_554-560*4_554-1456*4_842-848*4_842-1744*4_1026-1032*4_534-1103*4_534-1105*4_554-1455*4_554-1457*4_842-1743*4_842-1745*4_1026-1847*4_534-1102*4_554-1454*4_842-1742*4_842-1746*4_1026-1846*4_534-1101*4_554-1453*4_842-1741*4_842-1747*4_1026-1845*4_554-561*4_842-849*4_1026-1033*4_534-1100*4_554-1452*4_842-1740*4_842-1748*4_1026-1844*4_842-1649*4_534-1099*4_554-1451*4_842-1739*4_1026-1843*4_554-562*4_842-754*4_842-850*4_1026-1034*4_842-753*4_842-755*4_1026-939*4_534-444*4_554-468*4_842-752*4_842-756*4_842-1648*4_1026-940*4_534-1098*4_534-1110*4_554-1450*4_842-1738*4_1026-1842*4_534-443*4_554-469*4_842-751*4_842-757*4_1026-941*4_534-442*4_554-470*4_842-758*4_1026-942*4_554-563*4_842-851*4_1026-1035*4_534-1097*4_534-1111*4_554-1449*4_842-1647*4_842-1737*4_1026-1841*4_534-441*4_534-617*4_554-471*4_842-759*4_1026-943*4_534-440*4_534-616*4_534-1096*4_534-1112*4_554-472*4_554-564*4_554-1448*4_842-760*4_842-852*4_842-1736*4_1026-944*4_1026-1036*4_1026-1840*4_842-1646*4_714-1117*4_554-473*4_842-761*4_1026-945*4_714-1116*4_534-1095*4_534-1113*4_554-1447*4_842-1735*4_1026-1839*4_554-565*4_842-853*4_1026-1037*4_714-1115*4_842-1645*4_554-474*4_842-762*4_1026-946*4_534-1094*4_554-1446*4_842-1734*4_1026-1838*4_554-566*4_842-854*4_1026-1038*4_1754-1753*4_1754-936*4_1754-1752*4_1754-935*4_1754-937*4_1754-938*4_1754-1751*4_1754-1750*4_1754-1749*4_1754-1837*4_1754-1836*4_1754-1835*4_1754-947*4_1754-1834*4_1250-1249*5_1250-192*5_1250-1248*5_1250-191*5_1250-193*5_1250-190*5_1250-194*5_1250-1247*5_1250-189*5_1250-195*5_1250-1246*5_1250-188*5_1250-196*5_1250-1245*5_1250-187*5_1250-197*5_1250-1244*5_1250-186*5_1250-198*5_1250-1243*5_1250-185*5_1250-199*5_1250-1162*5_1250-1242*5_1250-1338*5_1250-1161*5_1250-1163*5_1250-1337*5_1250-1339*5_1250-184*5_1250-200*5_1250-1160*5_1250-1164*5_1250-1336*5_1250-1340*5_1250-1159*5_1250-1165*5_1250-1335*5_1250-1341*5_1250-1158*5_1250-1334*5_1250-1241*5_1250-183*5_1250-201*5_1250-1157*5_1250-1333*5_1250-104*5_1250-1156*5_1250-1240*5_1250-1332*5_1250-103*5_1250-105*5_1250-102*5_1250-106*5_1250-182*5_1250-202*5_1250-101*5_1250-107*5_1250-1155*5_1250-1331*5_1250-100*5_1250-108*5_1250-1239*5_1250-99*5_1250-109*5_1250-181*5_1250-203*5_1250-1154*5_1250-1330*5_1250-98*5_1250-110*5_1250-1238*5_658-659*4_658-660*4_658-661*4_658-1549*4_658-662*4_658-1548*4_658-663*4_658-1547*4_658-664*4_658-1640*4_658-1639*4_658-1641*4_658-1546*4_658-1638*4_658-1642*4_658-1637*4_658-1643*4_658-665*4_658-1636*4_658-1644*4_658-1545*4_658-1635*4_658-570*4_658-666*4_658-569*4_658-571*4_658-568*4_658-572*4_658-1544*4_658-1634*4_658-567*4_658-573*4_658-574*4_658-667*4_658-1543*4_658-1633*4_658-575*4_630-620*4_658-576*4_658-668*4_658-1632*4_658-1542*4_658-577*4_658-1631*4_630-619*4_658-669*4_658-1541*4_658-578*4_658-1630*4_630-618*4_658-670*4_854-855*5_1038-1039*5_854-856*5_854-1832*5_1038-1040*5_854-1831*5_854-1833*5_1038-1935*5_854-1830*5_1038-1934*5_854-857*5_1038-1041*5_854-1829*5_1038-1933*5_854-858*5_1038-1042*5_854-1828*5_1038-1932*5_854-859*5_1038-1043*5_854-1827*5_1038-1931*5_854-860*5_1038-1044*5_854-1826*5_1038-1930*5_854-861*5_1038-1045*5_854-1825*5_1038-1929*5_854-766*5_854-862*5_1038-1046*5_854-765*5_854-767*5_1038-951*5_854-764*5_854-768*5_854-1824*5_1038-952*5_1038-1928*5_854-763*5_854-769*5_1038-953*5_854-770*5_1038-954*5_854-863*5_1038-1047*5_854-1823*5_1038-1927*5_854-771*5_1038-955*5_462-380*5_854-772*5_854-864*5_854-1920*5_1038-956*5_1038-1048*5_854-1919*5_854-1921*5_1038-2023*5_854-1822*5_854-1918*5_854-1922*5_1038-2022*5_462-1445*5_854-1917*5_854-1923*5_1038-2021*5_462-381*5_854-773*5_1038-957*5_462-1444*5_854-1916*5_854-1924*5_1038-2020*5_854-865*5_1038-1049*5_462-1443*5_854-1821*5_854-1915*5_1038-2019*5_462-382*5_854-774*5_1038-958*5_462-1442*5_854-1914*5_1038-2018*5_854-866*5_1038-1050*5_566-1540*5_566-1539*5_566-1538*5_566-1537*5_566-478*5_566-477*5_566-479*5_566-476*5_566-480*5_566-1536*5_566-475*5_566-481*5_566-482*5_566-1535*5_566-483*5_566-484*5_566-1534*5_566-1629*5_566-485*5_566-1628*5_566-1533*5_566-1627*5_566-486*5_566-1626*5_1838-948*5_1446-1441*5_1838-949*5_1446-384*5_1446-1440*5_1446-383*5_1446-385*5_1446-386*5_1838-950*5_1446-387*5_1446-1439*5_1446-388*5_1446-389*5_1446-1438*5_1838-1926*5_1838-1925*5_1446-1532*5_1446-390*5_1446-1531*5_1446-1530*5_1094-1085*5_1446-1437*5_1446-391*5_1446-1529*5_1094-1084*5_1446-392*5_1446-1436*5_1446-1528*5_1446-1527*5_1446-393*5_1094-1083*5_1446-1435*5_1446-1526*5_1446-394*5_1094-1082*5_1446-1434*5_1126-1114*5_1238-1237*6_1238-1236*6_1238-1235*6_1238-1234*6_1238-1233*6_1238-16*6_1238-1232*6_1238-15*6_1238-17*6_1238-14*6_1238-18*6_1238-13*6_1238-19*6_1238-12*6_1238-20*6_1238-97*6_1238-111*6_1238-11*6_1238-21*6_1238-1150*6_1238-1326*6_1238-1149*6_1238-1151*6_1238-1325*6_1238-1327*6_1238-96*6_1238-112*6_1238-1148*6_1238-1152*6_1238-1324*6_1238-1328*6_1238-10*6_1238-22*6_1238-1147*6_1238-1153*6_1238-1323*6_1238-1329*6_1238-1146*6_1238-1322*6_1238-9*6_1238-23*6_1238-95*6_1238-113*6_1238-1145*6_1238-1321*6_1238-8*6_1238-24*6_1238-1144*6_1238-1320*6_1238-94*6_1238-114*6_1238-7*6_1238-25*6_1238-93*6_1238-115*6_1238-6*6_1238-26*6_670-671*5_670-672*5_670-1728*5_670-1727*5_670-1729*5_670-1726*5_670-1730*5_670-673*5_670-1725*5_670-1731*5_670-674*5_670-1724*5_670-1732*5_670-675*5_670-1723*5_670-1733*5_670-676*5_670-1722*5_670-677*5_670-1721*5_670-582*5_670-678*5_670-581*5_670-583*5_670-580*5_670-584*5_670-1720*5_670-579*5_670-585*5_670-586*5_670-679*5_670-1719*5_670-587*5_670-588*5_670-680*5_670-1816*5_670-1815*5_670-1817*5_670-1718*5_670-1814*5_670-1818*5_670-1813*5_670-1819*5_670-589*5_670-1812*5_670-1820*5_670-681*5_670-1717*5_670-1811*5_670-590*5_670-1810*5_670-682*5_270-269*6_290-291*6_866-867*6_1050-1051*6_270-268*6_290-292*6_866-868*6_1050-1052*6_270-267*6_290-293*6_866-869*6_1050-1053*6_270-266*6_290-294*6_866-870*6_1050-1054*6_270-265*6_290-295*6_866-871*6_1050-1055*6_270-264*6_270-1080*6_290-296*6_290-1432*6_866-872*6_866-2008*6_270-1079*6_270-1081*6_290-1431*6_290-1433*6_866-2007*6_866-2009*6_1050-2111*6_270-1078*6_290-1430*6_866-2006*6_866-2010*6_1050-2110*6_270-1077*6_290-1429*6_866-2005*6_866-2011*6_1050-2109*6_290-297*6_866-873*6_270-1076*6_290-1428*6_866-2004*6_866-2012*6_1050-2108*6_866-1913*6_270-1075*6_290-1427*6_866-2003*6_1050-2107*6_290-298*6_866-778*6_866-874*6_866-777*6_866-779*6_1050-963*6_270-180*6_290-204*6_866-776*6_866-780*6_866-1912*6_1050-964*6_270-1074*6_270-1086*6_290-1426*6_866-2002*6_1050-2106*6_270-179*6_290-205*6_866-775*6_866-781*6_1050-965*6_270-178*6_290-206*6_866-782*6_1050-966*6_290-299*6_866-875*6_270-1073*6_270-1087*6_290-1425*6_866-1911*6_866-2001*6_1050-2105*6_270-177*6_270-353*6_290-207*6_866-783*6_1050-967*6_270-176*6_270-352*6_270-1072*6_270-1088*6_290-208*6_290-300*6_290-1424*6_866-784*6_866-876*6_866-2000*6_1050-2104*6_866-1910*6_450-1093*6_290-209*6_866-785*6_450-1092*6_270-1071*6_270-1089*6_290-1423*6_866-1999*6_1050-2103*6_290-301*6_866-877*6_450-1091*6_866-1909*6_290-210*6_866-786*6_270-1070*6_290-1422*6_866-1998*6_1050-2102*6_290-302*6_866-878*6_578-1716*6_578-1625*6_578-1715*6_578-490*6_578-489*6_578-491*6_578-488*6_578-492*6_578-1624*6_578-1714*6_578-487*6_578-493*6_578-494*6_578-1623*6_578-1713*6_578-495*6_578-496*6_578-1712*6_578-1622*6_578-497*6_578-1711*6_578-1621*6_578-498*6_578-1710*6_2018-2017*6_2018-960*6_2018-2016*6_2018-959*6_2018-961*6_2018-962*6_2018-2015*6_2018-2014*6_2018-2013*6_2018-2101*6_2018-2100*6_2018-2099*6_2018-2098*6_394-395*6_394-396*6_394-397*6_394-1525*6_394-398*6_394-1524*6_394-399*6_394-1523*6_394-400*6_394-1616*6_394-1615*6_394-1617*6_394-1522*6_394-1614*6_394-1618*6_394-1613*6_394-1619*6_394-401*6_394-1612*6_394-1620*6_394-1521*6_394-1611*6_394-306*6_394-402*6_394-305*6_394-307*6_394-304*6_394-308*6_394-1520*6_394-1610*6_394-303*6_394-309*6_394-310*6_394-403*6_394-1519*6_394-1609*6_394-311*6_366-356*6_394-312*6_394-404*6_394-1608*6_394-1518*6_394-313*6_394-1607*6_366-355*6_394-405*6_394-1517*6_394-314*6_394-1606*6_366-354*6_394-406*6_6-5*7_26-27*7_878-879*7_6-4*7_26-28*7_878-2096*7_878-2095*7_878-2097*7_878-2094*7_6-3*7_26-29*7_878-2093*7_6-2*7_26-30*7_878-2092*7_6-1*7_26-31*7_878-2091*7_6-0*7_6-1056*7_26-32*7_26-1408*7_6-1057*7_26-1409*7_6-1058*7_26-1410*7_878-2090*7_6-1059*7_26-1411*7_26-33*7_6-1060*7_26-1412*7_878-2089*7_6-1061*7_26-1413*7_26-34*7_878-790*7_878-789*7_878-791*7_6-92*7_878-788*7_878-2088*7_6-1062*7_26-1414*7_6-91*7_878-787*7_6-90*7_26-35*7_6-1063*7_26-1415*7_878-2087*7_6-89*7_26-119*7_6-88*7_6-1064*7_26-36*7_26-120*7_26-1416*7_878-2086*7_198-1421*7_26-121*7_198-1420*7_6-1065*7_26-1417*7_26-37*7_198-1419*7_878-2085*7_26-122*7_6-1066*7_26-38*7_590-591*7_590-592*7_590-1808*7_590-1807*7_590-1809*7_590-1806*7_590-593*7_590-1805*7_590-594*7_590-1804*7_590-595*7_590-1803*7_590-596*7_590-1802*7_590-597*7_590-1801*7_590-502*7_590-598*7_590-501*7_590-503*7_590-500*7_590-504*7_590-1800*7_590-499*7_590-505*7_590-506*7_590-599*7_590-1799*7_590-507*7_590-683*7_590-508*7_590-600*7_590-684*7_590-1896*7_590-1895*7_590-1897*7_590-1798*7_590-1894*7_590-1898*7_590-1893*7_590-1899*7_590-509*7_590-685*7_590-1892*7_590-1900*7_590-601*7_590-1797*7_590-1891*7_590-1901*7_590-510*7_590-686*7_590-1890*7_590-1902*7_590-602*7_302-1516*7_302-1515*7_302-1514*7_302-1513*7_302-214*7_302-213*7_302-215*7_302-212*7_302-216*7_302-1512*7_302-211*7_302-217*7_302-218*7_302-1511*7_302-219*7_302-220*7_302-1510*7_302-1605*7_302-221*7_302-1604*7_302-1509*7_302-1603*7_302-222*7_302-1602*7_1102-1090*7_406-407*7_406-408*7_406-1704*7_406-1703*7_406-1705*7_406-1702*7_406-1706*7_406-409*7_406-1701*7_406-1707*7_406-410*7_406-1700*7_406-1708*7_406-411*7_406-1699*7_406-1709*7_406-412*7_406-1698*7_406-413*7_770-1908*7_406-1697*7_770-1907*7_406-318*7_406-414*7_406-317*7_406-319*7_406-316*7_406-320*7_406-1696*7_770-1906*7_406-315*7_406-321*7_406-322*7_406-415*7_770-1905*7_406-1695*7_770-687*7_406-323*7_770-688*7_770-1904*7_406-324*7_406-416*7_406-1792*7_406-1791*7_406-1793*7_406-1694*7_406-1790*7_406-1794*7_406-1789*7_406-1795*7_770-689*7_406-325*7_406-1788*7_406-1796*7_770-1903*7_406-417*7_406-1693*7_406-1787*7_770-690*7_406-326*7_406-1786*7_406-418*7_38-39*8_38-40*8_38-1496*8_38-1497*8_38-1498*8_38-41*8_38-1499*8_38-42*8_38-1500*8_38-43*8_38-1501*8_38-44*8_38-45*8_210-1508*8_38-46*8_38-47*8_38-131*8_210-117*8_38-48*8_38-132*8_38-1584*8_210-116*8_38-1585*8_38-1586*8_38-1587*8_186-1069*8_38-133*8_38-1588*8_186-1068*8_38-49*8_38-1589*8_186-1067*8_38-134*8_38-1590*8_38-50*8_602-603*8_602-604*8_602-605*8_602-606*8_602-607*8_602-608*8_602-1984*8_602-1983*8_602-1985*8_602-1982*8_602-1986*8_602-1981*8_602-1987*8_602-609*8_602-1980*8_602-1988*8_602-1889*8_602-1979*8_602-1989*8_602-514*8_602-610*8_602-513*8_602-515*8_602-691*8_602-512*8_602-516*8_602-692*8_602-1888*8_602-1978*8_602-1990*8_602-511*8_602-517*8_602-693*8_602-518*8_602-694*8_602-611*8_602-1887*8_602-1977*8_602-1991*8_602-519*8_602-695*8_602-520*8_602-612*8_602-696*8_602-1976*8_602-1992*8_602-1886*8_602-521*8_602-697*8_602-1975*8_602-1993*8_602-613*8_602-1885*8_602-522*8_602-698*8_602-1974*8_602-1994*8_602-614*8_314-1692*8_314-1601*8_314-1691*8_314-226*8_314-225*8_314-227*8_314-224*8_314-228*8_314-1600*8_314-1690*8_314-223*8_314-229*8_314-230*8_314-1599*8_314-1689*8_314-231*8_314-232*8_314-1688*8_314-1598*8_314-233*8_314-1687*8_314-1597*8_314-234*8_314-1686*8_1998-1997*8_1998-1996*8_1998-1995*8_1998-699*8_1998-700*8_1998-701*8_1998-2084*8_1998-702*8_1998-2083*8_1998-2082*8_1998-703*8_1998-2081*8_1998-2080*8_1998-2079*8_1998-2078*8_122-123*8_122-124*8_122-1418*8_122-125*8_122-118*8_122-126*8_122-127*8_122-128*8_122-1504*8_122-1503*8_122-1505*8_122-1502*8_122-1506*8_122-1507*8_122-129*8_122-130*8_50-51*9_50-52*9_50-53*9_50-54*9_222-1596*9_50-55*9_50-56*9_50-1672*9_50-1673*9_50-1674*9_50-1675*9_50-57*9_50-1676*9_50-1677*9_50-58*9_50-1678*9_50-59*9_50-1679*9_50-143*9_50-60*9_50-144*9_50-1680*9_222-1685*9_50-145*9_222-1684*9_50-1681*9_50-61*9_222-1683*9_50-146*9_50-62*9_614-615*9_614-2072*9_614-2071*9_614-2073*9_614-2070*9_614-2074*9_614-2069*9_614-2075*9_614-2068*9_614-2076*9_614-2067*9_614-2077*9_614-2066*9_614-2065*9_614-526*9_614-525*9_614-527*9_614-524*9_614-2064*9_614-523*9_614-2063*9_614-2062*9_614-2061*9_326-327*9_326-328*9_326-1784*9_326-1783*9_326-1785*9_326-1782*9_326-329*9_326-1781*9_326-330*9_326-1780*9_326-331*9_326-1779*9_326-332*9_326-1778*9_326-333*9_326-1777*9_326-238*9_326-334*9_326-237*9_326-239*9_326-236*9_326-240*9_326-1776*9_326-235*9_326-241*9_326-242*9_326-335*9_326-1775*9_326-243*9_326-419*9_326-244*9_326-336*9_326-420*9_326-1872*9_326-1871*9_326-1873*9_326-1774*9_326-1870*9_326-1874*9_326-1869*9_326-1875*9_326-245*9_326-421*9_326-1868*9_326-1876*9_326-337*9_326-1773*9_326-1867*9_326-1877*9_326-246*9_326-422*9_326-1866*9_326-1878*9_326-338*9_1590-1591*9_1590-136*9_1590-1592*9_1590-135*9_1590-137*9_1590-138*9_1590-1593*9_1590-139*9_1590-1594*9_1590-140*9_1590-1595*9_1590-141*9_1590-142*9_1590-1682*9_1590-147*9_506-1884*9_506-1883*9_506-1882*9_506-1881*9_506-423*9_506-424*9_506-1880*9_506-425*9_506-1879*9_506-426*9_62-63*10_62-64*10_62-1760*10_62-1761*10_62-1762*10_62-65*10_62-1763*10_62-66*10_62-1764*10_62-67*10_62-1765*10_62-68*10_62-69*10_234-1772*10_62-70*10_62-71*10_62-155*10_62-72*10_62-156*10_62-1848*10_62-1849*10_62-1850*10_62-1851*10_62-157*10_62-1852*10_62-73*10_62-1853*10_62-158*10_62-1854*10_62-74*10_338-339*10_338-340*10_338-341*10_338-342*10_338-343*10_338-344*10_338-1960*10_338-1959*10_338-1961*10_338-1958*10_338-1962*10_338-1957*10_338-1963*10_338-345*10_338-1956*10_338-1964*10_338-1865*10_338-1955*10_338-1965*10_338-250*10_338-346*10_338-249*10_338-251*10_338-427*10_338-248*10_338-252*10_338-428*10_338-1864*10_338-1954*10_338-1966*10_338-247*10_338-253*10_338-429*10_338-254*10_338-430*10_338-347*10_338-1863*10_338-1953*10_338-1967*10_338-255*10_338-431*10_338-256*10_338-348*10_338-432*10_338-1952*10_338-1968*10_338-1862*10_338-257*10_338-433*10_338-1951*10_338-1969*10_338-349*10_338-1861*10_338-258*10_338-434*10_338-1950*10_338-1970*10_338-350*10_1974-1973*10_1974-1972*10_1974-1971*10_1974-435*10_1974-436*10_1974-437*10_1974-2060*10_1974-438*10_1974-2059*10_1974-2058*10_1974-439*10_1974-2057*10_1974-2056*10_1974-2055*10_1974-2054*10_146-148*10_146-149*10_146-150*10_146-151*10_146-152*10_146-1768*10_146-1767*10_146-1769*10_146-1766*10_146-1770*10_146-1771*10_146-153*10_146-154*10_74-75*11_74-76*11_74-77*11_74-78*11_246-1860*11_74-79*11_74-80*11_74-1936*11_74-1937*11_74-1938*11_74-1939*11_74-81*11_74-1940*11_74-1941*11_74-82*11_74-1942*11_74-83*11_74-1943*11_74-167*11_74-84*11_74-168*11_74-1944*11_246-1949*11_74-169*11_246-1948*11_74-1945*11_74-85*11_246-1947*11_74-170*11_74-86*11_350-351*11_350-2048*11_350-2047*11_350-2049*11_350-2046*11_350-2050*11_350-2045*11_350-2051*11_350-2044*11_350-2052*11_350-2043*11_350-2053*11_350-2042*11_350-2041*11_350-262*11_350-261*11_350-263*11_350-260*11_350-2040*11_350-259*11_350-2039*11_350-2038*11_350-2037*11_1854-1855*11_1854-160*11_1854-1856*11_1854-159*11_1854-161*11_1854-162*11_1854-1857*11_1854-163*11_1854-1858*11_1854-164*11_1854-1859*11_1854-165*11_1854-166*11_1854-1946*11_1854-171*11_86-87*12_86-2024*12_86-2025*12_86-2026*12_86-2027*12_86-2028*12_86-2029*12_258-2036*12_170-172*12_170-173*12_170-174*12_170-175*12_170-2032*12_170-2031*12_170-2033*12_170-2030*12_170-2034*12_170-2035*12_
