"id","Scenario","Actual Range","Protocol","Buildings","Total nodes","Nodes on circ","Total coverage","Coverage on circ","Alert received mean time","Hops","Slots","Messages sent","Messages received", "Starting x", "Starting y","Starting node", "Vehicle distance", "Received node ids", "Node ids", "Transmission map", "Received on circ nodes", "Transmission vector"
0,1,500,300,0,1776,80,1776,80,6346.91,3.4625,6.5625,1308,1776,1153.84,1884.7,310,25,309_311_308_312_294_314_293_275_274_315_276_287_273_277_316_286_272_699_249_285_317_278_851_250_698_700_248_284_318_850_852_251_325_697_701_271_1196_252_849_279_283_323_1197_853_296_295_319_297_270_244_253_1198_298_847_848_281_233_268_1200_245_320_259_299_254_260_232_703_231_1201_282_307_306_300_246_261_321_257_234_1202_704_1190_1189_1191_1747_255_1187_263_262_1750_1186_230_256_1748_1749_1746_1203_1195_1220_1751_235_1223_326_1185_330_229_264_322_1745_237_1460_1756_1757_1758_1165_1755_228_265_1759_1753_327_1164_301_331_1752_1192_1204_202_288_238_1219_1760_266_1163_227_1167_1175_1174_328_1461_332_239_1741_1742_1740_1193_1205_303_289_191_267_1744_226_1218_1761_240_1130_1168_1176_1733_333_1131_1739_1734_329_1462_1731_304_223_1730_290_1169_1194_1206_241_1735_1217_1729_1762_1132_1129_1178_1728_222_1463_1738_686_1170_236_1134_435_225_1717_1718_447_1736_1727_1719_1128_458_213_292_242_705_1207_469_1216_305_1179_1140_1720_221_1726_1767_1763_480_1184_1135_1171_1464_1737_491_180_1725_1774_220_1722_243_695_696_1127_1141_1768_342_646_1716_694_502_1214_693_1180_1215_1723_334_1240_1172_692_1136_1208_513_1126_1769_1213_1142_1764_1724_690_169_4_341_635_1260_1181_1775_1715_216_1616_1239_1137_1125_1143_1173_524_1766_1209_1224_181_724_338_1453_1138_669_1238_1614_535_751_1714_1711_217_337_218_219_175_176_173_339_177_172_178_174_171_340_215_179_750_343_749_203_214_170_344_182_204_212_168_183_201_345_748_200_211_167_184_205_140_139_199_574_210_185_599_346_206_747_138_198_573_141_579_351_166_654_5_186_6_197_348_207_745_7_137_578_142_352_598_165_653_196_744_349_187_208_581_577_188_652_582_143_350_8_576_209_743_189_571_742_572_353_735_835_651_597_570_583_357_356_130_164_587_129_133_99_595_592_128_846_9_190_354_146_127_741_824_355_864_145_148_163_857_100_593_310_588_124_584_865_98_131_867_655_162_192_585_589_605_568_126_746_868_149_813_134_671_161_10_144_586_594_869_97_590_74_150_600_132_121_802_160_670_123_122_193_157_379_757_120_752_11_135_359_159_96_378_780_870_601_667_119_371_372_194_12_73_382_680_753_72_666_117_761_440_546_1713_684_13_152_665_439_683_1712_71_15_685_195_95_94_70_86_16_75_1709_68_93_17_76_87_67_92_77_18_88_66_101_83_664_65_90_85_82_89_78_19_81_663_79_673_84_20_64_662_103_62_674_1617_61_21_116_104_1615_1618_63_105_106_60_1708_112_115_107_118_1619_108_109_22_59_38_675_110_1770_1620_1707_111_1613_679_37_1771_672_1622_1691_1692_681_1772_1623_658_1689_1705_659_648_1773_661_370_373_871_872_873_754_874_875_879_878_880_876_881_553_368_360_367_361_552_531_362_366_363_551_532_365_374_364_550_375_533_408_538_540_537_539_536_541_534_376_542_377_554_543_555_549_407_556_561_559_406_732_560_562_400_405_731_563_404_401_399_730_403_398_725_564_453_454_452_397_392_396_57_647_56_645_55_644_35_54_34_53_632_619_618_620_33_617_621_640_615_639_641_622_638_642_614_52_637_623_631_32_616_625_608_51_626_630_31_627_660_50_629_633_628_30_643_39_29_40_609_28_27_636_26_610_41_24_634_611_23_42_46_612_682_43_48_656_45_49_44_676_677_678_1703_657_624_613_691_558_602_702_569_591_713_580_158_771_147_768_770_759_247_136_769_733_758_760_258_767_125_756_791_884_269_1080_766_885_755_114_883_1073_1079_765_280_380_882_102_1072_1074_764_1078_391_291_91_841_1071_763_886_734_302_842_402_80_762_1070_887_1076_313_736_843_1075_845_413_69_58_737_844_324_783_1069_548_424_890_336_47_738_782_547_369_1068_739_36_545_781_347_891_358_740_544_778_1182_1067_716_715_892_714_777_25_712_1183_717_794_14_1065_711_1061_1062_3_907_784_893_776_793_1765_908_1063_1064_1060_729_906_1754_785_909_792_728_775_790_727_1081_1743_726_710_905_1059_1732_894_786_1082_1721_774_709_1083_1058_1123_914_1139_384_567_381_383_385_441_386_387_388_438_389_437_436_390_156_434_565_155_433_154_596_575_566_432_393_151_431_394_395_409_444_430_443_604_410_429_442_603_153_411_428_427_426_412_650_425_649_423_606_414_415_450_449_416_607_1259_1258_1261_1257_1212_1262_1211_1263_1268_1269_1264_1267_1225_1270_1265_1256_1226_1271_1254_1227_1601_1272_1286_1285_1237_1228_1284_1253_1236_1273_1283_1627_1229_1235_1282_1252_1274_1234_1281_1626_1230_1275_1251_1241_1231_1280_1232_1625_1602_1276_1242_1279_1628_1624_1603_1278_1243_1629_1604_1245_1630_1605_1693_1287_1575_1574_1247_1246_1631_1573_1606_1248_1289_1576_1572_1249_1633_1571_1429_1607_1250_1290_1578_1570_1292_1428_1608_1634_1291_1569_1427_1579_1609_1690_1426_1568_1635_1611_1449_1567_1295_1450_1294_1293_1580_1612_1636_1565_1600_1451_1430_1687_1447_1564_1637_840_1678_1296_1686_1434_1681_455_1448_1452_1431_1433_1425_1446_1445_1581_1454_1424_1442_1435_1436_1456_1437_1582_1457_1459_1422_839_1458_1465_1467_1468_1473_1469_1492_1474_1491_1563_1562_1145_1470_1490_1561_1471_1489_1494_1560_1146_1472_1475_1485_1147_1486_1476_1495_1148_1156_1484_1149_1487_1496_1478_1157_1150_1497_1479_1556_1158_1151_1553_1498_1159_1480_1160_1552_1152_1161_1162_1441_1551_1500_1481_1124_1506_1153_1557_1121_1092_1501_1091_1505_1482_1093_1507_1090_1154_1094_1089_1558_1502_1120_1504_1508_1087_1483_1057_1108_1116_1503_1509_1559_1117_1095_1107_1056_1528_1511_1527_1493_1523_1440_1583_1118_1109_1512_1097_809_1112_1096_1439_1113_1513_1114_1119_1584_1098_1526_1522_1115_803_1438_1399_1525_1531_1054_1388_1524_706_1100_1519_1053_1101_1515_806_1266_490_492_456_506_493_489_507_457_528_499_494_488_529_498_459_495_500_487_530_497_460_496_501_451_486_461_485_462_503_723_463_484_504_722_448_526_505_483_721_525_508_509_445_464_510_482_511_481_523_512_479_720_514_522_478_422_465_515_521_421_519_477_420_516_518_517_520_419_719_476_466_418_417_897_896_475_895_467_898_468_474_473_899_472_470_471_527_718_902_901_903_904_1706_1704_1702_1701_1696_1697_1695_1682_1698_1700_1683_1694_1663_787_788_772_1688_773_789_1677_1699_1085_1084_1666_1710_1086_1654_917_918_916_1643_919_915_1040_1039_920_1632_1038_913_1621_921_1037_912_1610_923_708_1036_924_1599_707_1035_1049_1050_1048_1051_1047_925_1052_910_1588_1034_1041_926_1032_822_1577_1042_927_821_1566_1043_928_820_1555_1045_929_1105_1106_1104_819_1103_1046_1102_930_1543_818_931_1532_817_797_796_798_795_799_932_800_816_1521_801_934_804_1510_814_1530_1518_815_1499_1466_1477_823_805_935_1488_825_812_936_810_826_1455_811_937_807_1444_808_938_1432_939_1421_940_1410_941_1014_1013_1012_942_1002_828_1001_1018_827_998_943_997_1019_950_945_996_1020_1377_1015_1031_1030_995_1003_1021_946_949_994_1016_948_1004_1023_1366_1017_1355_947_1024_1006_1007_1008_1025_1009_951_962_1010_988_1664_1684_1662_1667_1685_1680_687_1661_1668_688_1679_1660_1675_1674_1669_1676_689_1673_1659_1670_1672_1671_1658_1657_1656_1638_1639_1640_1641_1647_1642_1648_1650_1644_1649_1645_1646_1651_1652_1653_1655_856_855_854_952_961_953_956_957_954_960_958_1005_959_991_1026_989_963_992_1027_993_964_990_1028_968_969_967_965_977_1029_1144_1133_981_966_1122_980_970_1155_955_1111_979_982_971_1166_1000_1099_984_985_972_983_986_973_944_987_1088_978_974_976_1344_975_1077_1177_933_1188_1011_1066_1022_1033_922_1199_1055_1044_1210_900_889_446_1222_877_911_866_335_779_1310_668_224_557_1244_831_832_836_1514_1517_1516_1541_1520_1542_1544_1529_1545_1535_1546_1549_1550_1547_1533_1548_1534_1419_1414_1413_888_1536_0_1333_1412_999_1321_1537_1_1411_1277_1538_1540_1415_1409_1539_1407_1423_1255_1416_1406_1420_1417_1288_1396_1110_1418_1233_1405_1299_1398_1221_1404_1403_1401_1397_1402_1395_1408_863_1400_861_859_862_860_1378_1379_1380_1376_1381_1382_1375_1383_1374_858_1384_1373_1385_1386_1387_1389_1390_1392_1391_1393_1394_1585_1372_1371_1598_1586_1370_1597_1596_1365_1587_1591_1592_1364_1590_1593_1589_1367_1362_1363_1361_1309_1368_1594_1360_1359_1595_1369_1343_1341_1336_1337_1308_1342_1338_1335_1339_1340_1334_1306_113_2_1665_829_830_1345_1346_1347_1348_1349_1327_1328_1326_1350_1325_1329_1307_1330_1324_1351_1331_1323_1305_1352_1353_1354_1356_1320_1319_1318_1317_1357_1316_1311_1322_1304_1312_1315_1300_1298_1313_1314_1358_1301_1302_1303_1297_1332_833_834_837_838_1554_1443_,0_1_2_3_4_5_6_7_8_9_10_11_12_13_14_15_16_17_18_19_20_21_22_23_24_25_26_27_28_29_30_31_32_33_34_35_36_37_38_39_40_41_42_43_44_45_46_47_48_49_50_51_52_53_54_55_56_57_58_59_60_61_62_63_64_65_66_67_68_69_70_71_72_73_74_75_76_77_78_79_80_81_82_83_84_85_86_87_88_89_90_91_92_93_94_95_96_97_98_99_100_101_102_103_104_105_106_107_108_109_110_111_112_113_114_115_116_117_118_119_120_121_122_123_124_125_126_127_128_129_130_131_132_133_134_135_136_137_138_139_140_141_142_143_144_145_146_147_148_149_150_151_152_153_154_155_156_157_158_159_160_161_162_163_164_165_166_167_168_169_170_171_172_173_174_175_176_177_178_179_180_181_182_183_184_185_186_187_188_189_190_191_192_193_194_195_196_197_198_199_200_201_202_203_204_205_206_207_208_209_210_211_212_213_214_215_216_217_218_219_220_221_222_223_224_225_226_227_228_229_230_231_232_233_234_235_236_237_238_239_240_241_242_243_244_245_246_247_248_249_250_251_252_253_254_255_256_257_258_259_260_261_262_263_264_265_266_267_268_269_270_271_272_273_274_275_276_277_278_279_280_281_282_283_284_285_286_287_288_289_290_291_292_293_294_295_296_297_298_299_300_301_302_303_304_305_306_307_308_309_310_311_312_313_314_315_316_317_318_319_320_321_322_323_324_325_326_327_328_329_330_331_332_333_334_335_336_337_338_339_340_341_342_343_344_345_346_347_348_349_350_351_352_353_354_355_356_357_358_359_360_361_362_363_364_365_366_367_368_369_370_371_372_373_374_375_376_377_378_379_380_381_382_383_384_385_386_387_388_389_390_391_392_393_394_395_396_397_398_399_400_401_402_403_404_405_406_407_408_409_410_411_412_413_414_415_416_417_418_419_420_421_422_423_424_425_426_427_428_429_430_431_432_433_434_435_436_437_438_439_440_441_442_443_444_445_446_447_448_449_450_451_452_453_454_455_456_457_458_459_460_461_462_463_464_465_466_467_468_469_470_471_472_473_474_475_476_477_478_479_480_481_482_483_484_485_486_487_488_489_490_491_492_493_494_495_496_497_498_499_500_501_502_503_504_505_506_507_508_509_510_511_512_513_514_515_516_517_518_519_520_521_522_523_524_525_526_527_528_529_530_531_532_533_534_535_536_537_538_539_540_541_542_543_544_545_546_547_548_549_550_551_552_553_554_555_556_557_558_559_560_561_562_563_564_565_566_567_568_569_570_571_572_573_574_575_576_577_578_579_580_581_582_583_584_585_586_587_588_589_590_591_592_593_594_595_596_597_598_599_600_601_602_603_604_605_606_607_608_609_610_611_612_613_614_615_616_617_618_619_620_621_622_623_624_625_626_627_628_629_630_631_632_633_634_635_636_637_638_639_640_641_642_643_644_645_646_647_648_649_650_651_652_653_654_655_656_657_658_659_660_661_662_663_664_665_666_667_668_669_670_671_672_673_674_675_676_677_678_679_680_681_682_683_684_685_686_687_688_689_690_691_692_693_694_695_696_697_698_699_700_701_702_703_704_705_706_707_708_709_710_711_712_713_714_715_716_717_718_719_720_721_722_723_724_725_726_727_728_729_730_731_732_733_734_735_736_737_738_739_740_741_742_743_744_745_746_747_748_749_750_751_752_753_754_755_756_757_758_759_760_761_762_763_764_765_766_767_768_769_770_771_772_773_774_775_776_777_778_779_780_781_782_783_784_785_786_787_788_789_790_791_792_793_794_795_796_797_798_799_800_801_802_803_804_805_806_807_808_809_810_811_812_813_814_815_816_817_818_819_820_821_822_823_824_825_826_827_828_829_830_831_832_833_834_835_836_837_838_839_840_841_842_843_844_845_846_847_848_849_850_851_852_853_854_855_856_857_858_859_860_861_862_863_864_865_866_867_868_869_870_871_872_873_874_875_876_877_878_879_880_881_882_883_884_885_886_887_888_889_890_891_892_893_894_895_896_897_898_899_900_901_902_903_904_905_906_907_908_909_910_911_912_913_914_915_916_917_918_919_920_921_922_923_924_925_926_927_928_929_930_931_932_933_934_935_936_937_938_939_940_941_942_943_944_945_946_947_948_949_950_951_952_953_954_955_956_957_958_959_960_961_962_963_964_965_966_967_968_969_970_971_972_973_974_975_976_977_978_979_980_981_982_983_984_985_986_987_988_989_990_991_992_993_994_995_996_997_998_999_1000_1001_1002_1003_1004_1005_1006_1007_1008_1009_1010_1011_1012_1013_1014_1015_1016_1017_1018_1019_1020_1021_1022_1023_1024_1025_1026_1027_1028_1029_1030_1031_1032_1033_1034_1035_1036_1037_1038_1039_1040_1041_1042_1043_1044_1045_1046_1047_1048_1049_1050_1051_1052_1053_1054_1055_1056_1057_1058_1059_1060_1061_1062_1063_1064_1065_1066_1067_1068_1069_1070_1071_1072_1073_1074_1075_1076_1077_1078_1079_1080_1081_1082_1083_1084_1085_1086_1087_1088_1089_1090_1091_1092_1093_1094_1095_1096_1097_1098_1099_1100_1101_1102_1103_1104_1105_1106_1107_1108_1109_1110_1111_1112_1113_1114_1115_1116_1117_1118_1119_1120_1121_1122_1123_1124_1125_1126_1127_1128_1129_1130_1131_1132_1133_1134_1135_1136_1137_1138_1139_1140_1141_1142_1143_1144_1145_1146_1147_1148_1149_1150_1151_1152_1153_1154_1155_1156_1157_1158_1159_1160_1161_1162_1163_1164_1165_1166_1167_1168_1169_1170_1171_1172_1173_1174_1175_1176_1177_1178_1179_1180_1181_1182_1183_1184_1185_1186_1187_1188_1189_1190_1191_1192_1193_1194_1195_1196_1197_1198_1199_1200_1201_1202_1203_1204_1205_1206_1207_1208_1209_1210_1211_1212_1213_1214_1215_1216_1217_1218_1219_1220_1221_1222_1223_1224_1225_1226_1227_1228_1229_1230_1231_1232_1233_1234_1235_1236_1237_1238_1239_1240_1241_1242_1243_1244_1245_1246_1247_1248_1249_1250_1251_1252_1253_1254_1255_1256_1257_1258_1259_1260_1261_1262_1263_1264_1265_1266_1267_1268_1269_1270_1271_1272_1273_1274_1275_1276_1277_1278_1279_1280_1281_1282_1283_1284_1285_1286_1287_1288_1289_1290_1291_1292_1293_1294_1295_1296_1297_1298_1299_1300_1301_1302_1303_1304_1305_1306_1307_1308_1309_1310_1311_1312_1313_1314_1315_1316_1317_1318_1319_1320_1321_1322_1323_1324_1325_1326_1327_1328_1329_1330_1331_1332_1333_1334_1335_1336_1337_1338_1339_1340_1341_1342_1343_1344_1345_1346_1347_1348_1349_1350_1351_1352_1353_1354_1355_1356_1357_1358_1359_1360_1361_1362_1363_1364_1365_1366_1367_1368_1369_1370_1371_1372_1373_1374_1375_1376_1377_1378_1379_1380_1381_1382_1383_1384_1385_1386_1387_1388_1389_1390_1391_1392_1393_1394_1395_1396_1397_1398_1399_1400_1401_1402_1403_1404_1405_1406_1407_1408_1409_1410_1411_1412_1413_1414_1415_1416_1417_1418_1419_1420_1421_1422_1423_1424_1425_1426_1427_1428_1429_1430_1431_1432_1433_1434_1435_1436_1437_1438_1439_1440_1441_1442_1443_1444_1445_1446_1447_1448_1449_1450_1451_1452_1453_1454_1455_1456_1457_1458_1459_1460_1461_1462_1463_1464_1465_1466_1467_1468_1469_1470_1471_1472_1473_1474_1475_1476_1477_1478_1479_1480_1481_1482_1483_1484_1485_1486_1487_1488_1489_1490_1491_1492_1493_1494_1495_1496_1497_1498_1499_1500_1501_1502_1503_1504_1505_1506_1507_1508_1509_1510_1511_1512_1513_1514_1515_1516_1517_1518_1519_1520_1521_1522_1523_1524_1525_1526_1527_1528_1529_1530_1531_1532_1533_1534_1535_1536_1537_1538_1539_1540_1541_1542_1543_1544_1545_1546_1547_1548_1549_1550_1551_1552_1553_1554_1555_1556_1557_1558_1559_1560_1561_1562_1563_1564_1565_1566_1567_1568_1569_1570_1571_1572_1573_1574_1575_1576_1577_1578_1579_1580_1581_1582_1583_1584_1585_1586_1587_1588_1589_1590_1591_1592_1593_1594_1595_1596_1597_1598_1599_1600_1601_1602_1603_1604_1605_1606_1607_1608_1609_1610_1611_1612_1613_1614_1615_1616_1617_1618_1619_1620_1621_1622_1623_1624_1625_1626_1627_1628_1629_1630_1631_1632_1633_1634_1635_1636_1637_1638_1639_1640_1641_1642_1643_1644_1645_1646_1647_1648_1649_1650_1651_1652_1653_1654_1655_1656_1657_1658_1659_1660_1661_1662_1663_1664_1665_1666_1667_1668_1669_1670_1671_1672_1673_1674_1675_1676_1677_1678_1679_1680_1681_1682_1683_1684_1685_1686_1687_1688_1689_1690_1691_1692_1693_1694_1695_1696_1697_1698_1699_1700_1701_1702_1703_1704_1705_1706_1707_1708_1709_1710_1711_1712_1713_1714_1715_1716_1717_1718_1719_1720_1721_1722_1723_1724_1725_1726_1727_1728_1729_1730_1731_1732_1733_1734_1735_1736_1737_1738_1739_1740_1741_1742_1743_1744_1745_1746_1747_1748_1749_1750_1751_1752_1753_1754_1755_1756_1757_1758_1759_1760_1761_1762_1763_1764_1765_1766_1767_1768_1769_1770_1771_1772_1773_1774_1775_,4:{683;1712;71;15;685;195;95;94;70;86;16;75;1709;68;93;17;76;87;67;92;77;18;88;66;101;83;664;65;90;85;82;89;78;19;81;663;79;673;84;20;64;662;103;62;674;1617;61;21;116;104;1615;1618;63;105;106;60;1708;112;115;107;118;1619;108;109;22;59;38;675;110;1770;1620;1707;111;1613;679;37;1771;672;1622;1691;1692;681;1772;1623;658;1689;1705;659;648;1773;661;}13:{1706;1704;1702;1701;1696;1697;1695;1682;1698;1700;1683;1694;1663;}111:{57;647;56;645;55;644;35;54;34;53;632;619;618;620;33;617;621;640;615;639;641;622;638;642;614;52;637;623;631;32;616;625;608;51;626;630;31;627;660;50;629;633;628;30;643;39;29;40;609;28;27;636;26;610;41;24;634;611;23;42;46;612;682;43;48;656;45;49;44;676;677;678;1703;}292:{217;337;218;219;175;176;173;339;177;172;178;174;171;340;215;179;750;343;749;203;214;170;344;182;204;212;168;183;201;345;748;200;211;167;184;205;140;139;199;574;210;185;599;346;206;747;138;198;573;141;579;351;166;654;5;186;6;197;348;207;745;7;137;578;142;352;598;165;653;196;744;349;187;208;581;577;188;652;582;143;350;8;576;209;743;189;571;742;572;353;735;835;651;597;570;583;357;356;130;164;587;129;133;99;595;592;128;846;9;190;354;146;127;741;824;355;864;145;148;163;857;100;593;310;588;124;584;865;98;131;867;655;162;192;585;589;605;568;126;746;868;149;813;134;671;161;10;144;586;594;869;97;590;74;150;600;132;121;802;160;670;123;122;193;157;379;757;120;752;11;135;359;159;96;378;780;870;601;667;119;371;372;194;12;73;382;680;753;72;666;117;761;440;546;1713;684;13;152;665;439;}310:{309;311;308;312;294;314;293;275;274;315;276;287;273;277;316;286;272;699;249;285;317;278;851;250;698;700;248;284;318;850;852;251;325;697;701;271;1196;252;849;279;283;323;1197;853;296;295;319;297;270;244;253;1198;298;847;848;281;233;268;1200;245;320;259;299;254;260;232;703;231;1201;282;307;306;300;246;261;321;257;234;1202;704;1190;1189;1191;1747;255;1187;263;262;1750;1186;230;256;1748;1749;1746;1203;1195;1220;1751;235;1223;326;1185;330;229;264;322;1745;237;1460;1756;1757;1758;1165;1755;228;265;1759;1753;327;1164;301;331;1752;1192;1204;202;288;238;1219;1760;266;1163;227;1167;1175;1174;328;1461;332;239;1741;1742;1740;1193;1205;303;289;191;267;1744;226;1218;1761;240;1130;1168;1176;1733;333;1131;1739;1734;329;1462;1731;304;223;1730;290;1169;1194;1206;241;1735;1217;1729;1762;1132;1129;1178;1728;222;1463;1738;686;1170;236;1134;435;225;1717;1718;447;1736;1727;1719;1128;458;213;292;242;705;1207;469;1216;305;1179;1140;1720;221;1726;1767;1763;480;1184;1135;1171;1464;1737;491;180;1725;1774;220;1722;243;695;696;1127;1141;1768;342;646;1716;694;502;1214;693;1180;1215;1723;334;1240;1172;692;1136;1208;513;1126;1769;1213;1142;1764;1724;690;169;4;341;635;1260;1181;1775;1715;216;1616;1239;1137;1125;1143;1173;524;1766;1209;1224;181;724;338;1453;1138;669;1238;1614;535;751;1714;}334:{370;373;}357:{384;567;381;383;385;441;386;387;388;438;389;437;436;390;156;434;565;155;433;154;596;575;566;432;393;151;431;394;395;409;444;430;443;604;410;429;442;603;153;411;428;427;426;412;650;425;649;423;606;414;415;450;449;416;607;}453:{490;492;456;506;493;489;507;457;528;499;494;488;529;498;459;495;500;487;530;497;460;496;501;451;486;461;485;462;503;723;463;484;504;722;448;526;505;483;721;525;508;509;445;464;510;482;511;481;523;512;479;720;514;522;478;422;465;515;521;421;519;477;420;516;518;517;520;419;719;476;466;418;417;897;896;475;895;467;898;468;474;473;899;472;470;471;527;718;902;901;903;904;}454:{455;}491:{657;624;613;691;558;602;702;569;591;713;580;158;771;147;768;770;759;247;136;769;733;758;760;258;767;125;756;791;884;269;1080;766;885;755;114;883;1073;1079;765;280;380;882;102;1072;1074;764;1078;391;291;91;841;1071;763;886;734;302;842;402;80;762;1070;887;1076;313;736;843;1075;845;413;69;58;737;844;324;783;1069;548;424;890;336;47;738;782;547;369;1068;739;36;545;781;347;891;358;740;544;778;1182;1067;716;715;892;714;777;25;712;1183;717;794;14;1065;711;1061;1062;3;907;784;893;776;793;1765;908;1063;1064;1060;729;906;1754;785;909;792;728;775;790;727;1081;1743;726;710;905;1059;1732;894;786;1082;1721;774;709;1083;1058;1123;914;1139;}557:{1554;1443;}679:{1664;1684;1662;1667;1685;1680;687;1661;1668;688;1679;1660;1675;1674;1669;1676;689;1673;1659;1670;1672;1671;1658;1657;1656;1638;1639;1640;1641;1647;1642;1648;1650;}681:{1644;}688:{829;830;}693:{1259;1258;1261;1257;1212;1262;1211;1263;1268;1269;1264;1267;1225;1270;1265;1256;1226;1271;1254;1227;1601;1272;1286;1285;1237;1228;1284;1253;1236;1273;1283;1627;1229;1235;1282;1252;1274;1234;1281;1626;1230;1275;1251;1241;1231;1280;1232;1625;1602;1276;1242;1279;1628;1624;1603;1278;1243;1629;1604;1245;1630;1605;1693;1287;1575;1574;1247;1246;1631;1573;1606;1248;1289;1576;1572;1249;1633;1571;1429;1607;1250;1290;1578;1570;1292;1428;1608;1634;1291;1569;1427;1579;1609;1690;1426;1568;1635;1611;1449;1567;1295;1450;1294;1293;1580;1612;1636;1565;1600;1451;1430;1687;1447;1564;1637;840;1678;1296;1686;1434;1681;}786:{787;788;772;1688;773;789;1677;1699;1085;1084;1666;1710;1086;1654;917;918;916;1643;919;915;1040;1039;920;1632;1038;913;1621;921;1037;912;1610;923;708;1036;924;1599;707;1035;1049;1050;1048;1051;1047;925;1052;910;1588;1034;1041;926;1032;822;1577;1042;927;821;1566;1043;928;820;1555;1045;929;1105;1106;1104;819;1103;1046;1102;930;1543;818;931;1532;817;797;796;798;795;799;932;800;816;1521;801;934;804;1510;814;}870:{871;872;873;754;874;875;879;878;880;876;881;553;368;360;367;361;552;531;362;366;363;551;532;365;374;364;550;375;533;408;538;540;537;539;536;541;534;376;542;377;554;543;555;549;407;556;561;559;406;732;560;562;400;405;731;563;404;401;399;730;403;398;725;564;453;454;452;397;392;396;}969:{1332;}994:{952;961;953;956;957;954;960;958;1005;959;991;1026;989;963;992;1027;993;964;990;1028;968;969;967;965;977;1029;1144;1133;981;966;1122;980;970;1155;955;1111;979;982;971;1166;1000;1099;984;985;972;983;986;973;944;987;1088;978;974;976;1344;975;1077;1177;933;1188;1011;1066;1022;1033;922;1199;1055;1044;1210;900;889;446;1222;877;911;866;335;779;1310;668;224;557;1244;}1001:{113;2;1665;}1105:{815;1499;1466;1477;823;805;935;1488;825;812;936;810;826;1455;811;937;807;1444;808;938;1432;939;1421;940;1410;941;1014;1013;1012;942;1002;828;1001;1018;827;998;943;997;1019;950;945;996;1020;1377;1015;1031;1030;995;1003;1021;946;949;994;1016;948;1004;1023;1366;1017;1355;947;1024;1006;1007;1008;1025;1009;951;962;1010;988;}1213:{1448;1452;1431;1433;1425;1446;1445;1581;1454;1424;1442;1435;1436;1456;1437;1582;1457;1459;1422;839;}1309:{1322;1304;1312;1315;1300;1298;1313;1314;1358;1301;1302;1303;1297;}1367:{1345;1346;1347;1348;1349;1327;1328;1326;1350;1325;1329;1307;1330;1324;1351;1331;1323;1305;1352;1353;1354;1356;1320;1319;1318;1317;1357;1316;1311;}1408:{862;860;1378;1379;1380;1376;1381;1382;1375;1383;1374;858;1384;1373;1385;1386;1387;1389;1390;1392;1391;1393;1394;1585;1372;1371;1598;1586;1370;1597;1596;1365;1587;1591;1592;1364;1590;1593;1589;1367;1362;1363;1361;1309;1368;1594;1360;1359;1595;1369;1343;1341;1336;1337;1308;1342;1338;1335;1339;1340;1334;1306;}1464:{1458;1465;1467;1468;1473;1469;1492;1474;1491;1563;1562;1145;1470;1490;1561;1471;1489;1494;1560;1146;1472;1475;1485;1147;1486;1476;1495;1148;1156;1484;1149;1487;1496;1478;1157;1150;1497;1479;1556;1158;1151;1553;1498;1159;1480;1160;1552;1152;1161;1162;1441;1551;1500;1481;1124;1506;1153;1557;1121;1092;1501;1091;1505;1482;1093;1507;1090;1154;1094;1089;1558;1502;1120;1504;1508;1087;1483;1057;1108;1116;1503;1509;1559;1117;1095;1107;1056;1528;1511;1527;1493;1523;1440;1583;1118;1109;1512;1097;809;1112;1096;1439;1113;1513;1114;1119;1584;1098;1526;1522;1115;803;1438;1399;1525;1531;1054;1388;1524;706;1100;1519;1053;1101;1515;806;1266;}1512:{1514;1517;1516;1541;1520;1542;1544;1529;1545;1535;1546;1549;1550;1547;1533;1548;1534;1419;1414;1413;888;1536;0;1333;1412;999;1321;1537;1;1411;1277;1538;1540;1415;1409;1539;1407;1423;1255;1416;1406;1420;1417;1288;1396;1110;1418;1233;1405;1299;1398;1221;1404;1403;1401;1397;1402;1395;1408;863;1400;861;859;}1519:{1518;}1525:{1530;}1657:{833;834;837;838;}1663:{1649;1645;1646;1651;1652;1653;1655;856;855;854;}1700:{831;832;836;}1728:{1711;},1_29_30_39_51_52_53_54_392_397_398_401_403_404_405_432_433_434_454_455_462_463_464_465_466_467_562_563_565_566_608_615_616_617_642_645_688_689_810_811_833_834_836_897_898_899_901_935_936_937_1002_1021_1023_1041_1042_1199_1210_1222_1233_1288_1302_1303_1344_1396_1398_1415_1533_1534_1546_1547_1548_1549_1550_1642_1644_1658_1659_1664_1667_1671_,310-309*0_310-311*0_310-308*0_310-312*0_310-294*0_310-314*0_310-293*0_310-275*0_310-274*0_310-315*0_310-276*0_310-287*0_310-273*0_310-277*0_310-316*0_310-286*0_310-272*0_310-699*0_310-249*0_310-285*0_310-317*0_310-278*0_310-851*0_310-250*0_310-698*0_310-700*0_310-248*0_310-284*0_310-318*0_310-850*0_310-852*0_310-251*0_310-325*0_310-697*0_310-701*0_310-271*0_310-1196*0_310-252*0_310-849*0_310-279*0_310-283*0_310-323*0_310-1197*0_310-853*0_310-296*0_310-295*0_310-319*0_310-297*0_310-270*0_310-244*0_310-253*0_310-1198*0_310-298*0_310-847*0_310-848*0_310-281*0_310-233*0_310-268*0_310-1200*0_310-245*0_310-320*0_310-259*0_310-299*0_310-254*0_310-260*0_310-232*0_310-703*0_310-231*0_310-1201*0_310-282*0_310-307*0_310-306*0_310-300*0_310-246*0_310-261*0_310-321*0_310-257*0_310-234*0_310-1202*0_310-704*0_310-1190*0_310-1189*0_310-1191*0_310-1747*0_310-255*0_310-1187*0_310-263*0_310-262*0_310-1750*0_310-1186*0_310-230*0_310-256*0_310-1748*0_310-1749*0_310-1746*0_310-1203*0_310-1195*0_310-1220*0_310-1751*0_310-235*0_310-1223*0_310-326*0_310-1185*0_310-330*0_310-229*0_310-264*0_310-322*0_310-1745*0_310-237*0_310-1460*0_310-1756*0_310-1757*0_310-1758*0_310-1165*0_310-1755*0_310-228*0_310-265*0_310-1759*0_310-1753*0_310-327*0_310-1164*0_310-301*0_310-331*0_310-1752*0_310-1192*0_310-1204*0_310-202*0_310-288*0_310-238*0_310-1219*0_310-1760*0_310-266*0_310-1163*0_310-227*0_310-1167*0_310-1175*0_310-1174*0_310-328*0_310-1461*0_310-332*0_310-239*0_310-1741*0_310-1742*0_310-1740*0_310-1193*0_310-1205*0_310-303*0_310-289*0_310-191*0_310-267*0_310-1744*0_310-226*0_310-1218*0_310-1761*0_310-240*0_310-1130*0_310-1168*0_310-1176*0_310-1733*0_310-333*0_310-1131*0_310-1739*0_310-1734*0_310-329*0_310-1462*0_310-1731*0_310-304*0_310-223*0_310-1730*0_310-290*0_310-1169*0_310-1194*0_310-1206*0_310-241*0_310-1735*0_310-1217*0_310-1729*0_310-1762*0_310-1132*0_310-1129*0_310-1178*0_310-1728*0_310-222*0_310-1463*0_310-1738*0_310-686*0_310-1170*0_310-236*0_310-1134*0_310-435*0_310-225*0_310-1717*0_310-1718*0_310-447*0_310-1736*0_310-1727*0_310-1719*0_310-1128*0_310-458*0_310-213*0_310-292*0_310-242*0_310-705*0_310-1207*0_310-469*0_310-1216*0_310-305*0_310-1179*0_310-1140*0_310-1720*0_310-221*0_310-1726*0_310-1767*0_310-1763*0_310-480*0_310-1184*0_310-1135*0_310-1171*0_310-1464*0_310-1737*0_310-491*0_310-180*0_310-1725*0_310-1774*0_310-220*0_310-1722*0_310-243*0_310-695*0_310-696*0_310-1127*0_310-1141*0_310-1768*0_310-342*0_310-646*0_310-1716*0_310-694*0_310-502*0_310-1214*0_310-693*0_310-1180*0_310-1215*0_310-1723*0_310-334*0_310-1240*0_310-1172*0_310-692*0_310-1136*0_310-1208*0_310-513*0_310-1126*0_310-1769*0_310-1213*0_310-1142*0_310-1764*0_310-1724*0_310-690*0_310-169*0_310-4*0_310-341*0_310-635*0_310-1260*0_310-1181*0_310-1775*0_310-1715*0_310-216*0_310-1616*0_310-1239*0_310-1137*0_310-1125*0_310-1143*0_310-1173*0_310-524*0_310-1766*0_310-1209*0_310-1224*0_310-181*0_310-724*0_310-338*0_310-1453*0_310-1138*0_310-669*0_310-1238*0_310-1614*0_310-535*0_310-751*0_310-1714*0_1728-1711*1_292-217*1_292-337*1_292-218*1_292-219*1_292-175*1_292-176*1_292-173*1_292-339*1_292-177*1_292-172*1_292-178*1_292-174*1_292-171*1_292-340*1_292-215*1_292-179*1_292-750*1_292-343*1_292-749*1_292-203*1_292-214*1_292-170*1_292-344*1_292-182*1_292-204*1_292-212*1_292-168*1_292-183*1_292-201*1_292-345*1_292-748*1_292-200*1_292-211*1_292-167*1_292-184*1_292-205*1_292-140*1_292-139*1_292-199*1_292-574*1_292-210*1_292-185*1_292-599*1_292-346*1_292-206*1_292-747*1_292-138*1_292-198*1_292-573*1_292-141*1_292-579*1_292-351*1_292-166*1_292-654*1_292-5*1_292-186*1_292-6*1_292-197*1_292-348*1_292-207*1_292-745*1_292-7*1_292-137*1_292-578*1_292-142*1_292-352*1_292-598*1_292-165*1_292-653*1_292-196*1_292-744*1_292-349*1_292-187*1_292-208*1_292-581*1_292-577*1_292-188*1_292-652*1_292-582*1_292-143*1_292-350*1_292-8*1_292-576*1_292-209*1_292-743*1_292-189*1_292-571*1_292-742*1_292-572*1_292-353*1_292-735*1_292-835*1_292-651*1_292-597*1_292-570*1_292-583*1_292-357*1_292-356*1_292-130*1_292-164*1_292-587*1_292-129*1_292-133*1_292-99*1_292-595*1_292-592*1_292-128*1_292-846*1_292-9*1_292-190*1_292-354*1_292-146*1_292-127*1_292-741*1_292-824*1_292-355*1_292-864*1_292-145*1_292-148*1_292-163*1_292-857*1_292-100*1_292-593*1_292-310*1_292-588*1_292-124*1_292-584*1_292-865*1_292-98*1_292-131*1_292-867*1_292-655*1_292-162*1_292-192*1_292-585*1_292-589*1_292-605*1_292-568*1_292-126*1_292-746*1_292-868*1_292-149*1_292-813*1_292-134*1_292-671*1_292-161*1_292-10*1_292-144*1_292-586*1_292-594*1_292-869*1_292-97*1_292-590*1_292-74*1_292-150*1_292-600*1_292-132*1_292-121*1_292-802*1_292-160*1_292-670*1_292-123*1_292-122*1_292-193*1_292-157*1_292-379*1_292-757*1_292-120*1_292-752*1_292-11*1_292-135*1_292-359*1_292-159*1_292-96*1_292-378*1_292-780*1_292-870*1_292-601*1_292-667*1_292-119*1_292-371*1_292-372*1_292-194*1_292-12*1_292-73*1_292-382*1_292-680*1_292-753*1_292-72*1_292-666*1_292-117*1_292-761*1_292-440*1_292-546*1_292-1713*1_292-684*1_292-13*1_292-152*1_292-665*1_292-439*1_4-683*1_4-1712*1_4-71*1_4-15*1_4-685*1_4-195*1_4-95*1_4-94*1_4-70*1_4-86*1_4-16*1_4-75*1_4-1709*1_4-68*1_4-93*1_4-17*1_4-76*1_4-87*1_4-67*1_4-92*1_4-77*1_4-18*1_4-88*1_4-66*1_4-101*1_4-83*1_4-664*1_4-65*1_4-90*1_4-85*1_4-82*1_4-89*1_4-78*1_4-19*1_4-81*1_4-663*1_4-79*1_4-673*1_4-84*1_4-20*1_4-64*1_4-662*1_4-103*1_4-62*1_4-674*1_4-1617*1_4-61*1_4-21*1_4-116*1_4-104*1_4-1615*1_4-1618*1_4-63*1_4-105*1_4-106*1_4-60*1_4-1708*1_4-112*1_4-115*1_4-107*1_4-118*1_4-1619*1_4-108*1_4-109*1_4-22*1_4-59*1_4-38*1_4-675*1_4-110*1_4-1770*1_4-1620*1_4-1707*1_4-111*1_4-1613*1_4-679*1_4-37*1_4-1771*1_4-672*1_4-1622*1_4-1691*1_4-1692*1_4-681*1_4-1772*1_4-1623*1_4-658*1_4-1689*1_4-1705*1_4-659*1_4-648*1_4-1773*1_4-661*1_334-370*1_334-373*1_870-871*2_870-872*2_870-873*2_870-754*2_870-874*2_870-875*2_870-879*2_870-878*2_870-880*2_870-876*2_870-881*2_870-553*2_870-368*2_870-360*2_870-367*2_870-361*2_870-552*2_870-531*2_870-362*2_870-366*2_870-363*2_870-551*2_870-532*2_870-365*2_870-374*2_870-364*2_870-550*2_870-375*2_870-533*2_870-408*2_870-538*2_870-540*2_870-537*2_870-539*2_870-536*2_870-541*2_870-534*2_870-376*2_870-542*2_870-377*2_870-554*2_870-543*2_870-555*2_870-549*2_870-407*2_870-556*2_870-561*2_870-559*2_870-406*2_870-732*2_870-560*2_870-562*2_870-400*2_870-405*2_870-731*2_870-563*2_870-404*2_870-401*2_870-399*2_870-730*2_870-403*2_870-398*2_870-725*2_870-564*2_870-453*2_870-454*2_870-452*2_870-397*2_870-392*2_870-396*2_111-57*2_111-647*2_111-56*2_111-645*2_111-55*2_111-644*2_111-35*2_111-54*2_111-34*2_111-53*2_111-632*2_111-619*2_111-618*2_111-620*2_111-33*2_111-617*2_111-621*2_111-640*2_111-615*2_111-639*2_111-641*2_111-622*2_111-638*2_111-642*2_111-614*2_111-52*2_111-637*2_111-623*2_111-631*2_111-32*2_111-616*2_111-625*2_111-608*2_111-51*2_111-626*2_111-630*2_111-31*2_111-627*2_111-660*2_111-50*2_111-629*2_111-633*2_111-628*2_111-30*2_111-643*2_111-39*2_111-29*2_111-40*2_111-609*2_111-28*2_111-27*2_111-636*2_111-26*2_111-610*2_111-41*2_111-24*2_111-634*2_111-611*2_111-23*2_111-42*2_111-46*2_111-612*2_111-682*2_111-43*2_111-48*2_111-656*2_111-45*2_111-49*2_111-44*2_111-676*2_111-677*2_111-678*2_111-1703*2_491-657*1_491-624*1_491-613*1_491-691*1_491-558*1_491-602*1_491-702*1_491-569*1_491-591*1_491-713*1_491-580*1_491-158*1_491-771*1_491-147*1_491-768*1_491-770*1_491-759*1_491-247*1_491-136*1_491-769*1_491-733*1_491-758*1_491-760*1_491-258*1_491-767*1_491-125*1_491-756*1_491-791*1_491-884*1_491-269*1_491-1080*1_491-766*1_491-885*1_491-755*1_491-114*1_491-883*1_491-1073*1_491-1079*1_491-765*1_491-280*1_491-380*1_491-882*1_491-102*1_491-1072*1_491-1074*1_491-764*1_491-1078*1_491-391*1_491-291*1_491-91*1_491-841*1_491-1071*1_491-763*1_491-886*1_491-734*1_491-302*1_491-842*1_491-402*1_491-80*1_491-762*1_491-1070*1_491-887*1_491-1076*1_491-313*1_491-736*1_491-843*1_491-1075*1_491-845*1_491-413*1_491-69*1_491-58*1_491-737*1_491-844*1_491-324*1_491-783*1_491-1069*1_491-548*1_491-424*1_491-890*1_491-336*1_491-47*1_491-738*1_491-782*1_491-547*1_491-369*1_491-1068*1_491-739*1_491-36*1_491-545*1_491-781*1_491-347*1_491-891*1_491-358*1_491-740*1_491-544*1_491-778*1_491-1182*1_491-1067*1_491-716*1_491-715*1_491-892*1_491-714*1_491-777*1_491-25*1_491-712*1_491-1183*1_491-717*1_491-794*1_491-14*1_491-1065*1_491-711*1_491-1061*1_491-1062*1_491-3*1_491-907*1_491-784*1_491-893*1_491-776*1_491-793*1_491-1765*1_491-908*1_491-1063*1_491-1064*1_491-1060*1_491-729*1_491-906*1_491-1754*1_491-785*1_491-909*1_491-792*1_491-728*1_491-775*1_491-790*1_491-727*1_491-1081*1_491-1743*1_491-726*1_491-710*1_491-905*1_491-1059*1_491-1732*1_491-894*1_491-786*1_491-1082*1_491-1721*1_491-774*1_491-709*1_491-1083*1_491-1058*1_491-1123*1_491-914*1_491-1139*1_357-384*2_357-567*2_357-381*2_357-383*2_357-385*2_357-441*2_357-386*2_357-387*2_357-388*2_357-438*2_357-389*2_357-437*2_357-436*2_357-390*2_357-156*2_357-434*2_357-565*2_357-155*2_357-433*2_357-154*2_357-596*2_357-575*2_357-566*2_357-432*2_357-393*2_357-151*2_357-431*2_357-394*2_357-395*2_357-409*2_357-444*2_357-430*2_357-443*2_357-604*2_357-410*2_357-429*2_357-442*2_357-603*2_357-153*2_357-411*2_357-428*2_357-427*2_357-426*2_357-412*2_357-650*2_357-425*2_357-649*2_357-423*2_357-606*2_357-414*2_357-415*2_357-450*2_357-449*2_357-416*2_357-607*2_693-1259*1_693-1258*1_693-1261*1_693-1257*1_693-1212*1_693-1262*1_693-1211*1_693-1263*1_693-1268*1_693-1269*1_693-1264*1_693-1267*1_693-1225*1_693-1270*1_693-1265*1_693-1256*1_693-1226*1_693-1271*1_693-1254*1_693-1227*1_693-1601*1_693-1272*1_693-1286*1_693-1285*1_693-1237*1_693-1228*1_693-1284*1_693-1253*1_693-1236*1_693-1273*1_693-1283*1_693-1627*1_693-1229*1_693-1235*1_693-1282*1_693-1252*1_693-1274*1_693-1234*1_693-1281*1_693-1626*1_693-1230*1_693-1275*1_693-1251*1_693-1241*1_693-1231*1_693-1280*1_693-1232*1_693-1625*1_693-1602*1_693-1276*1_693-1242*1_693-1279*1_693-1628*1_693-1624*1_693-1603*1_693-1278*1_693-1243*1_693-1629*1_693-1604*1_693-1245*1_693-1630*1_693-1605*1_693-1693*1_693-1287*1_693-1575*1_693-1574*1_693-1247*1_693-1246*1_693-1631*1_693-1573*1_693-1606*1_693-1248*1_693-1289*1_693-1576*1_693-1572*1_693-1249*1_693-1633*1_693-1571*1_693-1429*1_693-1607*1_693-1250*1_693-1290*1_693-1578*1_693-1570*1_693-1292*1_693-1428*1_693-1608*1_693-1634*1_693-1291*1_693-1569*1_693-1427*1_693-1579*1_693-1609*1_693-1690*1_693-1426*1_693-1568*1_693-1635*1_693-1611*1_693-1449*1_693-1567*1_693-1295*1_693-1450*1_693-1294*1_693-1293*1_693-1580*1_693-1612*1_693-1636*1_693-1565*1_693-1600*1_693-1451*1_693-1430*1_693-1687*1_693-1447*1_693-1564*1_693-1637*1_693-840*1_693-1678*1_693-1296*1_693-1686*1_693-1434*1_693-1681*1_454-455*3_1213-1448*1_1213-1452*1_1213-1431*1_1213-1433*1_1213-1425*1_1213-1446*1_1213-1445*1_1213-1581*1_1213-1454*1_1213-1424*1_1213-1442*1_1213-1435*1_1213-1436*1_1213-1456*1_1213-1437*1_1213-1582*1_1213-1457*1_1213-1459*1_1213-1422*1_1213-839*1_1464-1458*1_1464-1465*1_1464-1467*1_1464-1468*1_1464-1473*1_1464-1469*1_1464-1492*1_1464-1474*1_1464-1491*1_1464-1563*1_1464-1562*1_1464-1145*1_1464-1470*1_1464-1490*1_1464-1561*1_1464-1471*1_1464-1489*1_1464-1494*1_1464-1560*1_1464-1146*1_1464-1472*1_1464-1475*1_1464-1485*1_1464-1147*1_1464-1486*1_1464-1476*1_1464-1495*1_1464-1148*1_1464-1156*1_1464-1484*1_1464-1149*1_1464-1487*1_1464-1496*1_1464-1478*1_1464-1157*1_1464-1150*1_1464-1497*1_1464-1479*1_1464-1556*1_1464-1158*1_1464-1151*1_1464-1553*1_1464-1498*1_1464-1159*1_1464-1480*1_1464-1160*1_1464-1552*1_1464-1152*1_1464-1161*1_1464-1162*1_1464-1441*1_1464-1551*1_1464-1500*1_1464-1481*1_1464-1124*1_1464-1506*1_1464-1153*1_1464-1557*1_1464-1121*1_1464-1092*1_1464-1501*1_1464-1091*1_1464-1505*1_1464-1482*1_1464-1093*1_1464-1507*1_1464-1090*1_1464-1154*1_1464-1094*1_1464-1089*1_1464-1558*1_1464-1502*1_1464-1120*1_1464-1504*1_1464-1508*1_1464-1087*1_1464-1483*1_1464-1057*1_1464-1108*1_1464-1116*1_1464-1503*1_1464-1509*1_1464-1559*1_1464-1117*1_1464-1095*1_1464-1107*1_1464-1056*1_1464-1528*1_1464-1511*1_1464-1527*1_1464-1493*1_1464-1523*1_1464-1440*1_1464-1583*1_1464-1118*1_1464-1109*1_1464-1512*1_1464-1097*1_1464-809*1_1464-1112*1_1464-1096*1_1464-1439*1_1464-1113*1_1464-1513*1_1464-1114*1_1464-1119*1_1464-1584*1_1464-1098*1_1464-1526*1_1464-1522*1_1464-1115*1_1464-803*1_1464-1438*1_1464-1399*1_1464-1525*1_1464-1531*1_1464-1054*1_1464-1388*1_1464-1524*1_1464-706*1_1464-1100*1_1464-1519*1_1464-1053*1_1464-1101*1_1464-1515*1_1464-806*1_1464-1266*1_453-490*3_453-492*3_453-456*3_453-506*3_453-493*3_453-489*3_453-507*3_453-457*3_453-528*3_453-499*3_453-494*3_453-488*3_453-529*3_453-498*3_453-459*3_453-495*3_453-500*3_453-487*3_453-530*3_453-497*3_453-460*3_453-496*3_453-501*3_453-451*3_453-486*3_453-461*3_453-485*3_453-462*3_453-503*3_453-723*3_453-463*3_453-484*3_453-504*3_453-722*3_453-448*3_453-526*3_453-505*3_453-483*3_453-721*3_453-525*3_453-508*3_453-509*3_453-445*3_453-464*3_453-510*3_453-482*3_453-511*3_453-481*3_453-523*3_453-512*3_453-479*3_453-720*3_453-514*3_453-522*3_453-478*3_453-422*3_453-465*3_453-515*3_453-521*3_453-421*3_453-519*3_453-477*3_453-420*3_453-516*3_453-518*3_453-517*3_453-520*3_453-419*3_453-719*3_453-476*3_453-466*3_453-418*3_453-417*3_453-897*3_453-896*3_453-475*3_453-895*3_453-467*3_453-898*3_453-468*3_453-474*3_453-473*3_453-899*3_453-472*3_453-470*3_453-471*3_453-527*3_453-718*3_453-902*3_453-901*3_453-903*3_453-904*3_13-1706*2_13-1704*2_13-1702*2_13-1701*2_13-1696*2_13-1697*2_13-1695*2_13-1682*2_13-1698*2_13-1700*2_13-1683*2_13-1694*2_13-1663*2_786-787*2_786-788*2_786-772*2_786-1688*2_786-773*2_786-789*2_786-1677*2_786-1699*2_786-1085*2_786-1084*2_786-1666*2_786-1710*2_786-1086*2_786-1654*2_786-917*2_786-918*2_786-916*2_786-1643*2_786-919*2_786-915*2_786-1040*2_786-1039*2_786-920*2_786-1632*2_786-1038*2_786-913*2_786-1621*2_786-921*2_786-1037*2_786-912*2_786-1610*2_786-923*2_786-708*2_786-1036*2_786-924*2_786-1599*2_786-707*2_786-1035*2_786-1049*2_786-1050*2_786-1048*2_786-1051*2_786-1047*2_786-925*2_786-1052*2_786-910*2_786-1588*2_786-1034*2_786-1041*2_786-926*2_786-1032*2_786-822*2_786-1577*2_786-1042*2_786-927*2_786-821*2_786-1566*2_786-1043*2_786-928*2_786-820*2_786-1555*2_786-1045*2_786-929*2_786-1105*2_786-1106*2_786-1104*2_786-819*2_786-1103*2_786-1046*2_786-1102*2_786-930*2_786-1543*2_786-818*2_786-931*2_786-1532*2_786-817*2_786-797*2_786-796*2_786-798*2_786-795*2_786-799*2_786-932*2_786-800*2_786-816*2_786-1521*2_786-801*2_786-934*2_786-804*2_786-1510*2_786-814*2_1525-1530*2_1519-1518*2_1105-815*3_1105-1499*3_1105-1466*3_1105-1477*3_1105-823*3_1105-805*3_1105-935*3_1105-1488*3_1105-825*3_1105-812*3_1105-936*3_1105-810*3_1105-826*3_1105-1455*3_1105-811*3_1105-937*3_1105-807*3_1105-1444*3_1105-808*3_1105-938*3_1105-1432*3_1105-939*3_1105-1421*3_1105-940*3_1105-1410*3_1105-941*3_1105-1014*3_1105-1013*3_1105-1012*3_1105-942*3_1105-1002*3_1105-828*3_1105-1001*3_1105-1018*3_1105-827*3_1105-998*3_1105-943*3_1105-997*3_1105-1019*3_1105-950*3_1105-945*3_1105-996*3_1105-1020*3_1105-1377*3_1105-1015*3_1105-1031*3_1105-1030*3_1105-995*3_1105-1003*3_1105-1021*3_1105-946*3_1105-949*3_1105-994*3_1105-1016*3_1105-948*3_1105-1004*3_1105-1023*3_1105-1366*3_1105-1017*3_1105-1355*3_1105-947*3_1105-1024*3_1105-1006*3_1105-1007*3_1105-1008*3_1105-1025*3_1105-1009*3_1105-951*3_1105-962*3_1105-1010*3_1105-988*3_679-1664*2_679-1684*2_679-1662*2_679-1667*2_679-1685*2_679-1680*2_679-687*2_679-1661*2_679-1668*2_679-688*2_679-1679*2_679-1660*2_679-1675*2_679-1674*2_679-1669*2_679-1676*2_679-689*2_679-1673*2_679-1659*2_679-1670*2_679-1672*2_679-1671*2_679-1658*2_679-1657*2_679-1656*2_679-1638*2_679-1639*2_679-1640*2_679-1641*2_679-1647*2_679-1642*2_679-1648*2_679-1650*2_681-1644*3_1663-1649*3_1663-1645*3_1663-1646*3_1663-1651*3_1663-1652*3_1663-1653*3_1663-1655*3_1663-856*3_1663-855*3_1663-854*3_994-952*4_994-961*4_994-953*4_994-956*4_994-957*4_994-954*4_994-960*4_994-958*4_994-1005*4_994-959*4_994-991*4_994-1026*4_994-989*4_994-963*4_994-992*4_994-1027*4_994-993*4_994-964*4_994-990*4_994-1028*4_994-968*4_994-969*4_994-967*4_994-965*4_994-977*4_994-1029*4_994-1144*4_994-1133*4_994-981*4_994-966*4_994-1122*4_994-980*4_994-970*4_994-1155*4_994-955*4_994-1111*4_994-979*4_994-982*4_994-971*4_994-1166*4_994-1000*4_994-1099*4_994-984*4_994-985*4_994-972*4_994-983*4_994-986*4_994-973*4_994-944*4_994-987*4_994-1088*4_994-978*4_994-974*4_994-976*4_994-1344*4_994-975*4_994-1077*4_994-1177*4_994-933*4_994-1188*4_994-1011*4_994-1066*4_994-1022*4_994-1033*4_994-922*4_994-1199*4_994-1055*4_994-1044*4_994-1210*4_994-900*4_994-889*4_994-446*4_994-1222*4_994-877*4_994-911*4_994-866*4_994-335*4_994-779*4_994-1310*4_994-668*4_994-224*4_994-557*4_994-1244*4_1700-831*3_1700-832*3_1700-836*3_1512-1514*2_1512-1517*2_1512-1516*2_1512-1541*2_1512-1520*2_1512-1542*2_1512-1544*2_1512-1529*2_1512-1545*2_1512-1535*2_1512-1546*2_1512-1549*2_1512-1550*2_1512-1547*2_1512-1533*2_1512-1548*2_1512-1534*2_1512-1419*2_1512-1414*2_1512-1413*2_1512-888*2_1512-1536*2_1512-0*2_1512-1333*2_1512-1412*2_1512-999*2_1512-1321*2_1512-1537*2_1512-1*2_1512-1411*2_1512-1277*2_1512-1538*2_1512-1540*2_1512-1415*2_1512-1409*2_1512-1539*2_1512-1407*2_1512-1423*2_1512-1255*2_1512-1416*2_1512-1406*2_1512-1420*2_1512-1417*2_1512-1288*2_1512-1396*2_1512-1110*2_1512-1418*2_1512-1233*2_1512-1405*2_1512-1299*2_1512-1398*2_1512-1221*2_1512-1404*2_1512-1403*2_1512-1401*2_1512-1397*2_1512-1402*2_1512-1395*2_1512-1408*2_1512-863*2_1512-1400*2_1512-861*2_1512-859*2_1408-862*3_1408-860*3_1408-1378*3_1408-1379*3_1408-1380*3_1408-1376*3_1408-1381*3_1408-1382*3_1408-1375*3_1408-1383*3_1408-1374*3_1408-858*3_1408-1384*3_1408-1373*3_1408-1385*3_1408-1386*3_1408-1387*3_1408-1389*3_1408-1390*3_1408-1392*3_1408-1391*3_1408-1393*3_1408-1394*3_1408-1585*3_1408-1372*3_1408-1371*3_1408-1598*3_1408-1586*3_1408-1370*3_1408-1597*3_1408-1596*3_1408-1365*3_1408-1587*3_1408-1591*3_1408-1592*3_1408-1364*3_1408-1590*3_1408-1593*3_1408-1589*3_1408-1367*3_1408-1362*3_1408-1363*3_1408-1361*3_1408-1309*3_1408-1368*3_1408-1594*3_1408-1360*3_1408-1359*3_1408-1595*3_1408-1369*3_1408-1343*3_1408-1341*3_1408-1336*3_1408-1337*3_1408-1308*3_1408-1342*3_1408-1338*3_1408-1335*3_1408-1339*3_1408-1340*3_1408-1334*3_1408-1306*3_1001-113*4_1001-2*4_1001-1665*4_688-829*4_688-830*4_1367-1345*4_1367-1346*4_1367-1347*4_1367-1348*4_1367-1349*4_1367-1327*4_1367-1328*4_1367-1326*4_1367-1350*4_1367-1325*4_1367-1329*4_1367-1307*4_1367-1330*4_1367-1324*4_1367-1351*4_1367-1331*4_1367-1323*4_1367-1305*4_1367-1352*4_1367-1353*4_1367-1354*4_1367-1356*4_1367-1320*4_1367-1319*4_1367-1318*4_1367-1317*4_1367-1357*4_1367-1316*4_1367-1311*4_1309-1322*5_1309-1304*5_1309-1312*5_1309-1315*5_1309-1300*5_1309-1298*5_1309-1313*5_1309-1314*5_1309-1358*5_1309-1301*5_1309-1302*5_1309-1303*5_1309-1297*5_969-1332*5_1657-833*3_1657-834*3_1657-837*3_1657-838*3_557-1554*5_557-1443*5_
