"id","Scenario","Actual Range","Protocol","Buildings","Total nodes","Nodes on circ","Total coverage","Coverage on circ","Alert received mean time","Hops","Slots","Messages sent","Messages received", "Starting x", "Starting y","Starting node", "Vehicle distance", "Received node ids", "Node ids", "Transmission map", "Received on circ nodes", "Transmission vector"
0,1,500,500,0,2496,56,2496,56,5736.39,3.39286,9.23214,48,2496,1800,100,1316,25,1315_1317_1314_1318_1313_1319_768_864_1312_1320_769_865_770_866_771_867_1311_1321_772_868_1310_1322_773_869_1309_1323_774_870_1308_1324_1412_775_871_1411_1413_1410_1414_1409_1415_776_872_1408_1416_1307_1325_1407_1417_777_873_1306_1326_1406_1418_1405_1419_778_874_1305_1327_1404_1420_779_875_672_960_1304_1328_673_961_1403_1421_674_962_675_963_676_780_876_964_1402_1422_677_965_1303_1329_678_966_781_877_1401_1423_679_967_1302_1330_680_968_1400_1424_782_878_681_969_1301_1331_1399_1425_783_879_682_970_1300_1332_1508_1507_1509_1398_1426_1506_1510_683_971_1505_1511_784_880_1504_1512_1503_1513_684_972_1299_1333_1397_1427_1502_1514_785_881_1501_1515_685_973_1396_1428_1500_1516_1298_1334_1499_1517_686_786_882_974_1395_1429_1498_1518_1297_1335_687_975_787_883_1497_1519_1394_1430_576_688_976_1056_1296_1336_1496_1520_977_1521_978_1522_979_1523_980_1524_981_1525_982_1526_983_1527_1615_884_984_1614_1616_1613_1617_1612_1618_885_1611_1619_1072_1528_985_1071_1073_886_1070_1074_1610_1620_1069_1075_1068_1076_887_1529_1609_1621_986_1067_1077_888_1608_1622_1066_1078_1530_987_1431_1607_1623_889_1065_1079_1531_988_1064_1080_1432_1606_1624_890_1063_1081_1433_1605_1625_1532_891_989_1062_1082_1434_1604_1626_892_1533_990_1061_1083_1435_1603_1627_893_1060_1084_1534_991_1436_1602_1628_788_894_789_1059_1085_1535_1711_992_1710_1712_1437_1601_1629_1709_1713_790_1708_1714_1707_1715_791_895_1058_1086_1706_1716_792_1168_1438_1600_1630_993_1167_1169_1705_1717_1166_1170_1165_1171_896_1164_1172_1704_1718_793_1057_1087_1163_1173_1439_1599_1631_1703_1719_794_994_1162_1174_1088_1702_1720_897_1161_1175_795_1160_1176_1598_1337_1701_1721_995_796_1089_1159_1177_898_1316_1338_1700_1722_1597_1158_1178_797_1339_1699_1723_798_799_800_1696_1695_1697_1694_1698_801_1693_1596_1692_802_1595_1691_803_1594_1690_700_804_699_701_1593_1689_698_702_697_703_696_704_1592_1688_805_695_705_1591_1687_694_706_806_693_707_899_1590_1686_807_692_708_900_1589_1685_808_1792_691_709_901_1791_1793_1790_1794_1789_1795_1588_1684_1788_1796_690_710_902_809_1787_1797_1786_1798_689_711_903_1587_1683_1785_1799_810_712_904_1784_1800_1586_1682_811_1495_1783_1801_713_905_1585_1681_1494_1782_1802_604_812_603_605_602_606_714_906_601_607_1493_1781_1803_600_608_1584_1680_599_609_1492_1780_1804_715_813_907_598_610_597_611_1583_1679_1491_1779_1805_596_612_716_908_996_814_595_613_997_1490_1582_1678_1778_1806_717_909_594_614_998_815_1489_1777_1807_593_615_999_1581_1677_718_910_592_616_816_1000_1488_1776_1808_1888_1157_1156_1155_1154_1153_1343_1152_1342_1341_1340_1179_1773_1811_2073_2087_736_928_2072_2088_834_2071_2089_737_929_1967_2001_634_1018_2070_2090_835_635_1019_2069_2091_738_930_1966_2002_636_836_1020_1868_1908_2068_2092_1001_1002_1809_1003_1004_1810_1005_1006_1812_1007_1813_1901_1900_1902_1899_1903_1008_1898_1904_911_1897_1905_1814_912_1896_1906_1009_1815_1895_1907_913_1010_1894_1096_1816_1095_1097_914_1094_1098_1893_1909_1011_1093_1099_1092_1100_1817_1892_1910_915_1091_1101_1012_1090_1102_1891_1911_916_1818_1103_1013_1104_1890_1912_917_1819_1105_1014_1889_1913_918_1106_1820_1914_1015_1107_817_919_1821_1997_1996_1998_1887_1915_1995_1999_1016_1108_1994_2000_818_1993_920_1992_1724_1822_1886_1916_819_1109_1991_2003_1017_1990_2004_820_921_1110_1725_1885_1917_1989_2005_1823_1988_2006_821_1111_922_1726_1884_1918_1987_2007_1192_1191_1193_822_1190_1194_1189_1195_1112_1188_1196_1986_2008_923_1187_1197_1727_1883_1919_823_1186_1198_1985_2009_577_1295_578_1294_579_1293_580_1292_581_1291_582_1290_583_1289_480_584_1288_1392_481_1391_1393_482_1390_483_1389_484_1388_585_1287_485_1387_486_586_1286_1386_487_1385_587_1285_488_1384_588_1284_489_1383_490_1382_589_1283_491_1381_590_1282_492_1380_591_1281_493_1379_384_1280_385_1487_386_494_1378_1486_387_1485_388_1484_389_1483_495_1279_1377_390_1482_391_1481_392_496_1376_1480_1278_393_1479_497_1375_394_1478_1277_395_1477_498_1374_396_1276_1476_2093_2094_2095_1024_2096_927_1023_1025_926_1022_1026_925_931_1021_1027_2097_924_932_1028_2086_2098_933_1029_2085_2099_934_1030_2084_2100_2188_935_1031_2187_2189_2186_2190_2185_2191_936_1032_2184_2192_2083_2101_2183_2193_937_1033_2082_2102_2182_2194_2181_2195_938_1034_2081_2103_2180_2196_939_1035_832_1120_2080_2104_831_833_1119_1121_2179_2197_830_1118_1122_829_1117_1123_828_940_1036_1116_1124_2178_2198_827_837_1115_1125_2079_2105_826_838_1114_1126_941_1037_2177_2199_825_839_1113_1127_2078_2106_824_840_1128_1984_2176_2200_942_1038_841_1129_2077_2107_1983_2175_2201_943_1039_842_1130_2076_2108_2284_2283_2285_1982_2010_2174_2202_2282_2286_843_1131_2281_2287_944_1040_2280_2288_2279_2289_844_1132_1981_2011_2075_2109_2173_2203_2278_2290_945_1041_2277_2291_845_1133_1980_2012_2172_2204_2276_2292_2074_2110_2275_2293_846_946_1042_1134_1979_2013_2171_2205_2274_2294_2111_847_1135_947_1043_2273_2295_1978_2014_2170_2206_848_1136_1216_2272_2296_1212_1213_1214_1215_1217_1218_1219_1047_2383_1048_2384_2385_1049_1137_2386_2260_2297_1138_2387_2162_2259_758_2161_2258_2362_759_2361_650_649_651_648_652_760_2160_2360_2257_647_653_2067_646_654_2359_645_655_761_859_644_656_2256_2159_2066_2358_643_657_2357_642_658_730_762_860_2065_2255_2158_641_659_2356_729_763_640_660_2064_2254_861_2157_2355_1977_639_661_728_764_956_1976_2063_2354_2253_638_662_862_1772_1774_1771_1775_1770_617_618_1769_619_520_620_1768_519_521_518_522_517_523_621_1767_516_524_622_1766_515_525_623_514_526_1765_1869_1676_1870_1675_1867_1871_624_1674_1866_1872_513_527_1673_1865_1873_1764_512_528_1672_1864_1874_625_1671_1763_1863_1875_511_529_626_1670_1862_1876_1762_510_530_1669_1861_1877_627_1761_1668_1860_1878_509_531_628_1667_1859_1879_424_508_532_1760_423_425_719_422_426_421_427_629_420_428_720_1666_1858_1880_419_429_533_1759_721_418_430_630_1665_1857_1881_417_431_534_722_1758_416_432_1664_1856_1882_631_723_415_433_535_1757_1965_1964_1663_1855_1963_632_724_1962_1968_414_434_1961_1969_536_1960_1970_1662_1756_1854_435_725_1959_1971_633_1958_1972_436_537_726_1661_1853_1957_1973_1755_1956_1974_437_727_538_1660_1852_1955_1975_1754_438_1954_539_1659_1851_439_1753_1953_1373_397_1372_398_1371_399_1370_400_1472_1369_1471_1473_1470_1474_1469_1475_297_401_296_298_1368_1468_295_299_294_300_1467_293_301_402_1367_1466_292_302_1465_291_303_403_1366_1275_290_304_1464_1274_404_1365_289_305_1273_1463_405_288_306_1272_1364_1462_1271_307_499_406_1363_1461_1270_308_500_1460_407_1362_1269_309_1459_408_1268_1568_1361_1567_1566_310_1565_1564_1458_1267_1563_201_200_202_1360_199_203_311_1562_198_204_197_205_1457_1561_1266_196_206_312_1560_1359_195_207_194_208_1456_1265_1559_193_209_313_1358_1558_192_210_1264_1455_1557_314_211_1357_1556_1263_1454_212_315_1555_213_2271_2270_849_2269_2268_850_2267_851_2266_748_852_747_749_2169_2265_746_750_745_751_744_752_2168_2264_853_743_753_2167_2263_742_754_854_741_755_2166_2262_855_740_756_948_2165_2261_856_2368_739_757_949_2367_2369_2366_2370_2365_2371_2164_2364_2372_950_857_2363_2373_2374_951_2163_2375_858_952_2376_2377_735_953_2378_734_954_2379_2380_733_955_2381_732_1044_1045_2382_731_765_957_1046_863_2353_663_766_958_664_2352_2464_1185_1184_1183_1182_1181_1180_1199_1200_1201_1202_1203_1204_1205_1206_1207_1208_1453_1452_1451_1450_1449_112_1448_111_113_110_114_214_109_115_1447_108_116_215_107_117_1446_1550_1549_1551_216_1356_1548_1552_106_118_1355_1547_1553_1354_1546_1554_1445_105_119_217_1353_1545_104_120_1352_1444_1544_218_1351_1543_103_121_1443_219_1350_1542_102_122_1442_1349_1541_220_101_123_1348_1540_1441_221_100_124_1347_1539_16_1440_15_17_14_18_222_13_19_99_125_1346_1538_12_20_11_21_223_10_22_98_126_1345_1537_316_9_23_1262_1646_1261_1645_1647_8_24_224_1260_1344_1536_1644_1648_97_127_1259_1643_1649_317_1258_1642_1650_7_25_1257_1641_1651_96_128_1256_1640_1652_225_6_26_318_1255_1639_1653_5_27_1254_1638_1654_129_319_226_1253_1637_1655_4_28_320_1252_1636_1656_130_3_29_227_1251_1635_1657_321_2_30_131_1250_1634_1658_637_2062_2061_540_2060_541_2059_542_2058_543_2057_544_2056_545_2055_546_2054_547_2053_548_2052_549_2051_440_1952_441_442_550_2050_443_444_2156_445_2155_551_1951_2049_446_2154_447_2153_448_552_2048_2152_1950_449_2151_553_2047_450_2150_1949_451_2149_554_2046_452_1948_2148_2463_2465_2462_2466_2461_2467_2460_2468_2459_2469_2458_2470_2457_2471_2456_2472_767_959_2455_2473_2454_2474_2453_2475_2452_2476_2451_2477_2450_2478_2449_2479_2448_2480_671_1055_670_1054_669_1053_668_1052_667_1051_2447_2481_666_1050_665_2446_2482_2351_2445_2483_2350_2444_2484_132_133_134_135_136_1736_1735_1737_1734_1738_1733_1739_137_1732_1740_138_1731_1741_1633_1730_1742_35_139_34_36_228_33_37_229_32_38_230_1632_1729_1743_31_39_231_140_40_232_1728_1744_41_141_233_1745_42_234_142_1746_43_235_143_44_236_1747_45_237_144_1748_1832_1831_1833_1830_1834_1829_1835_46_238_1828_1836_1749_1827_1837_145_1826_1838_47_239_1825_1839_1750_146_48_240_1824_1840_1751_1841_147_323_322_324_49_241_325_326_1842_327_328_1752_50_148_242_1843_329_330_1844_51_243_331_149_332_1845_52_244_333_150_1846_334_53_245_1847_151_335_1220_1211_1221_1210_1222_1209_1223_1224_2015_2207_1225_1226_1227_1228_1229_1230_1231_1232_2303_2302_2301_2300_2299_1233_2298_1234_1235_1236_2045_2044_2043_2042_2252_1947_2041_1946_2251_349_348_350_347_351_346_352_2040_1945_2250_345_353_344_354_1944_2039_2249_343_355_1943_2038_342_356_560_2248_561_1942_562_341_357_2037_563_2247_340_358_1941_2139_564_2036_2138_565_339_359_2349_1940_2137_2348_2035_566_2347_338_360_2136_2346_1939_567_2135_1850_2034_2345_337_361_1849_1938_2134_568_2344_336_362_1848_2033_2343_2133_569_1937_253_252_254_251_255_363_2342_250_256_2032_2132_249_257_570_248_258_1936_2341_364_2131_247_259_2031_571_246_260_2340_1935_2130_261_365_2030_572_262_2339_2129_1934_366_263_466_467_573_2029_2338_264_2128_468_1933_367_469_265_470_574_2337_471_472_2336_575_2443_2442_473_2441_2335_2440_474_2439_475_2334_2438_2437_476_2333_2436_477_2435_2332_478_2434_413_412_411_410_409_1569_1570_1571_1572_507_1573_2127_266_2126_267_2125_268_2124_269_2123_270_2122_271_2121_2225_272_2224_2226_2223_2227_2222_2228_2221_2229_168_2120_167_169_273_166_170_2028_2220_2230_165_171_164_172_2027_2119_2219_2231_274_163_173_368_2026_2218_2232_162_174_2118_2140_275_2025_2217_2233_161_175_369_2117_2141_160_176_276_2024_2216_2234_370_159_177_2023_2215_2235_2116_2142_277_371_158_178_2022_2214_2236_372_2115_2143_278_157_179_2021_2213_2237_373_156_180_456_2114_2144_279_455_457_454_458_2020_2212_2238_453_459_460_374_155_181_461_2113_2145_2321_280_2320_2322_2019_2211_2239_2319_2323_462_2318_2324_2317_2325_375_463_154_182_1932_2316_2326_72_464_2018_2112_2146_2210_2240_71_73_281_1931_2315_2327_70_74_69_75_68_76_376_1930_2314_2328_153_183_465_67_77_1929_2017_2209_2241_2313_2329_2147_66_78_282_152_184_1928_2312_2330_65_79_377_64_80_2016_2208_2242_1927_2311_2331_283_63_81_185_378_1926_2310_2243_62_82_1925_2309_1139_1140_555_1141_556_1142_557_1143_558_2393_1144_2392_2394_2391_2395_2390_2396_1237_559_2389_2397_1145_1238_2388_2398_1239_2246_2399_1146_2245_1240_2244_1147_1241_1148_1242_1149_1243_1244_1150_1245_1151_1246_2489_2488_2490_2487_2491_2486_2492_2485_2493_1247_2494_2495_1249_0_1248_1_2433_2432_479_2431_2430_2429_2428_54_55_56_1920_1921_1922_57_1923_58_1924_59_60_61_284_285_186_286_187_188_287_189_2414_2413_2415_2412_2416_190_2411_2417_2410_2418_191_2409_2419_2308_2408_2420_379_2407_2421_380_2307_381_2406_2422_382_2306_2405_2423_383_2404_2424_2305_2403_2425_88_2304_87_89_86_90_85_91_2402_2426_84_92_83_93_94_2401_2427_95_2400_1580_1579_1578_1577_504_1576_503_505_502_506_501_1575_1574_,0_1_2_3_4_5_6_7_8_9_10_11_12_13_14_15_16_17_18_19_20_21_22_23_24_25_26_27_28_29_30_31_32_33_34_35_36_37_38_39_40_41_42_43_44_45_46_47_48_49_50_51_52_53_54_55_56_57_58_59_60_61_62_63_64_65_66_67_68_69_70_71_72_73_74_75_76_77_78_79_80_81_82_83_84_85_86_87_88_89_90_91_92_93_94_95_96_97_98_99_100_101_102_103_104_105_106_107_108_109_110_111_112_113_114_115_116_117_118_119_120_121_122_123_124_125_126_127_128_129_130_131_132_133_134_135_136_137_138_139_140_141_142_143_144_145_146_147_148_149_150_151_152_153_154_155_156_157_158_159_160_161_162_163_164_165_166_167_168_169_170_171_172_173_174_175_176_177_178_179_180_181_182_183_184_185_186_187_188_189_190_191_192_193_194_195_196_197_198_199_200_201_202_203_204_205_206_207_208_209_210_211_212_213_214_215_216_217_218_219_220_221_222_223_224_225_226_227_228_229_230_231_232_233_234_235_236_237_238_239_240_241_242_243_244_245_246_247_248_249_250_251_252_253_254_255_256_257_258_259_260_261_262_263_264_265_266_267_268_269_270_271_272_273_274_275_276_277_278_279_280_281_282_283_284_285_286_287_288_289_290_291_292_293_294_295_296_297_298_299_300_301_302_303_304_305_306_307_308_309_310_311_312_313_314_315_316_317_318_319_320_321_322_323_324_325_326_327_328_329_330_331_332_333_334_335_336_337_338_339_340_341_342_343_344_345_346_347_348_349_350_351_352_353_354_355_356_357_358_359_360_361_362_363_364_365_366_367_368_369_370_371_372_373_374_375_376_377_378_379_380_381_382_383_384_385_386_387_388_389_390_391_392_393_394_395_396_397_398_399_400_401_402_403_404_405_406_407_408_409_410_411_412_413_414_415_416_417_418_419_420_421_422_423_424_425_426_427_428_429_430_431_432_433_434_435_436_437_438_439_440_441_442_443_444_445_446_447_448_449_450_451_452_453_454_455_456_457_458_459_460_461_462_463_464_465_466_467_468_469_470_471_472_473_474_475_476_477_478_479_480_481_482_483_484_485_486_487_488_489_490_491_492_493_494_495_496_497_498_499_500_501_502_503_504_505_506_507_508_509_510_511_512_513_514_515_516_517_518_519_520_521_522_523_524_525_526_527_528_529_530_531_532_533_534_535_536_537_538_539_540_541_542_543_544_545_546_547_548_549_550_551_552_553_554_555_556_557_558_559_560_561_562_563_564_565_566_567_568_569_570_571_572_573_574_575_576_577_578_579_580_581_582_583_584_585_586_587_588_589_590_591_592_593_594_595_596_597_598_599_600_601_602_603_604_605_606_607_608_609_610_611_612_613_614_615_616_617_618_619_620_621_622_623_624_625_626_627_628_629_630_631_632_633_634_635_636_637_638_639_640_641_642_643_644_645_646_647_648_649_650_651_652_653_654_655_656_657_658_659_660_661_662_663_664_665_666_667_668_669_670_671_672_673_674_675_676_677_678_679_680_681_682_683_684_685_686_687_688_689_690_691_692_693_694_695_696_697_698_699_700_701_702_703_704_705_706_707_708_709_710_711_712_713_714_715_716_717_718_719_720_721_722_723_724_725_726_727_728_729_730_731_732_733_734_735_736_737_738_739_740_741_742_743_744_745_746_747_748_749_750_751_752_753_754_755_756_757_758_759_760_761_762_763_764_765_766_767_768_769_770_771_772_773_774_775_776_777_778_779_780_781_782_783_784_785_786_787_788_789_790_791_792_793_794_795_796_797_798_799_800_801_802_803_804_805_806_807_808_809_810_811_812_813_814_815_816_817_818_819_820_821_822_823_824_825_826_827_828_829_830_831_832_833_834_835_836_837_838_839_840_841_842_843_844_845_846_847_848_849_850_851_852_853_854_855_856_857_858_859_860_861_862_863_864_865_866_867_868_869_870_871_872_873_874_875_876_877_878_879_880_881_882_883_884_885_886_887_888_889_890_891_892_893_894_895_896_897_898_899_900_901_902_903_904_905_906_907_908_909_910_911_912_913_914_915_916_917_918_919_920_921_922_923_924_925_926_927_928_929_930_931_932_933_934_935_936_937_938_939_940_941_942_943_944_945_946_947_948_949_950_951_952_953_954_955_956_957_958_959_960_961_962_963_964_965_966_967_968_969_970_971_972_973_974_975_976_977_978_979_980_981_982_983_984_985_986_987_988_989_990_991_992_993_994_995_996_997_998_999_1000_1001_1002_1003_1004_1005_1006_1007_1008_1009_1010_1011_1012_1013_1014_1015_1016_1017_1018_1019_1020_1021_1022_1023_1024_1025_1026_1027_1028_1029_1030_1031_1032_1033_1034_1035_1036_1037_1038_1039_1040_1041_1042_1043_1044_1045_1046_1047_1048_1049_1050_1051_1052_1053_1054_1055_1056_1057_1058_1059_1060_1061_1062_1063_1064_1065_1066_1067_1068_1069_1070_1071_1072_1073_1074_1075_1076_1077_1078_1079_1080_1081_1082_1083_1084_1085_1086_1087_1088_1089_1090_1091_1092_1093_1094_1095_1096_1097_1098_1099_1100_1101_1102_1103_1104_1105_1106_1107_1108_1109_1110_1111_1112_1113_1114_1115_1116_1117_1118_1119_1120_1121_1122_1123_1124_1125_1126_1127_1128_1129_1130_1131_1132_1133_1134_1135_1136_1137_1138_1139_1140_1141_1142_1143_1144_1145_1146_1147_1148_1149_1150_1151_1152_1153_1154_1155_1156_1157_1158_1159_1160_1161_1162_1163_1164_1165_1166_1167_1168_1169_1170_1171_1172_1173_1174_1175_1176_1177_1178_1179_1180_1181_1182_1183_1184_1185_1186_1187_1188_1189_1190_1191_1192_1193_1194_1195_1196_1197_1198_1199_1200_1201_1202_1203_1204_1205_1206_1207_1208_1209_1210_1211_1212_1213_1214_1215_1216_1217_1218_1219_1220_1221_1222_1223_1224_1225_1226_1227_1228_1229_1230_1231_1232_1233_1234_1235_1236_1237_1238_1239_1240_1241_1242_1243_1244_1245_1246_1247_1248_1249_1250_1251_1252_1253_1254_1255_1256_1257_1258_1259_1260_1261_1262_1263_1264_1265_1266_1267_1268_1269_1270_1271_1272_1273_1274_1275_1276_1277_1278_1279_1280_1281_1282_1283_1284_1285_1286_1287_1288_1289_1290_1291_1292_1293_1294_1295_1296_1297_1298_1299_1300_1301_1302_1303_1304_1305_1306_1307_1308_1309_1310_1311_1312_1313_1314_1315_1316_1317_1318_1319_1320_1321_1322_1323_1324_1325_1326_1327_1328_1329_1330_1331_1332_1333_1334_1335_1336_1337_1338_1339_1340_1341_1342_1343_1344_1345_1346_1347_1348_1349_1350_1351_1352_1353_1354_1355_1356_1357_1358_1359_1360_1361_1362_1363_1364_1365_1366_1367_1368_1369_1370_1371_1372_1373_1374_1375_1376_1377_1378_1379_1380_1381_1382_1383_1384_1385_1386_1387_1388_1389_1390_1391_1392_1393_1394_1395_1396_1397_1398_1399_1400_1401_1402_1403_1404_1405_1406_1407_1408_1409_1410_1411_1412_1413_1414_1415_1416_1417_1418_1419_1420_1421_1422_1423_1424_1425_1426_1427_1428_1429_1430_1431_1432_1433_1434_1435_1436_1437_1438_1439_1440_1441_1442_1443_1444_1445_1446_1447_1448_1449_1450_1451_1452_1453_1454_1455_1456_1457_1458_1459_1460_1461_1462_1463_1464_1465_1466_1467_1468_1469_1470_1471_1472_1473_1474_1475_1476_1477_1478_1479_1480_1481_1482_1483_1484_1485_1486_1487_1488_1489_1490_1491_1492_1493_1494_1495_1496_1497_1498_1499_1500_1501_1502_1503_1504_1505_1506_1507_1508_1509_1510_1511_1512_1513_1514_1515_1516_1517_1518_1519_1520_1521_1522_1523_1524_1525_1526_1527_1528_1529_1530_1531_1532_1533_1534_1535_1536_1537_1538_1539_1540_1541_1542_1543_1544_1545_1546_1547_1548_1549_1550_1551_1552_1553_1554_1555_1556_1557_1558_1559_1560_1561_1562_1563_1564_1565_1566_1567_1568_1569_1570_1571_1572_1573_1574_1575_1576_1577_1578_1579_1580_1581_1582_1583_1584_1585_1586_1587_1588_1589_1590_1591_1592_1593_1594_1595_1596_1597_1598_1599_1600_1601_1602_1603_1604_1605_1606_1607_1608_1609_1610_1611_1612_1613_1614_1615_1616_1617_1618_1619_1620_1621_1622_1623_1624_1625_1626_1627_1628_1629_1630_1631_1632_1633_1634_1635_1636_1637_1638_1639_1640_1641_1642_1643_1644_1645_1646_1647_1648_1649_1650_1651_1652_1653_1654_1655_1656_1657_1658_1659_1660_1661_1662_1663_1664_1665_1666_1667_1668_1669_1670_1671_1672_1673_1674_1675_1676_1677_1678_1679_1680_1681_1682_1683_1684_1685_1686_1687_1688_1689_1690_1691_1692_1693_1694_1695_1696_1697_1698_1699_1700_1701_1702_1703_1704_1705_1706_1707_1708_1709_1710_1711_1712_1713_1714_1715_1716_1717_1718_1719_1720_1721_1722_1723_1724_1725_1726_1727_1728_1729_1730_1731_1732_1733_1734_1735_1736_1737_1738_1739_1740_1741_1742_1743_1744_1745_1746_1747_1748_1749_1750_1751_1752_1753_1754_1755_1756_1757_1758_1759_1760_1761_1762_1763_1764_1765_1766_1767_1768_1769_1770_1771_1772_1773_1774_1775_1776_1777_1778_1779_1780_1781_1782_1783_1784_1785_1786_1787_1788_1789_1790_1791_1792_1793_1794_1795_1796_1797_1798_1799_1800_1801_1802_1803_1804_1805_1806_1807_1808_1809_1810_1811_1812_1813_1814_1815_1816_1817_1818_1819_1820_1821_1822_1823_1824_1825_1826_1827_1828_1829_1830_1831_1832_1833_1834_1835_1836_1837_1838_1839_1840_1841_1842_1843_1844_1845_1846_1847_1848_1849_1850_1851_1852_1853_1854_1855_1856_1857_1858_1859_1860_1861_1862_1863_1864_1865_1866_1867_1868_1869_1870_1871_1872_1873_1874_1875_1876_1877_1878_1879_1880_1881_1882_1883_1884_1885_1886_1887_1888_1889_1890_1891_1892_1893_1894_1895_1896_1897_1898_1899_1900_1901_1902_1903_1904_1905_1906_1907_1908_1909_1910_1911_1912_1913_1914_1915_1916_1917_1918_1919_1920_1921_1922_1923_1924_1925_1926_1927_1928_1929_1930_1931_1932_1933_1934_1935_1936_1937_1938_1939_1940_1941_1942_1943_1944_1945_1946_1947_1948_1949_1950_1951_1952_1953_1954_1955_1956_1957_1958_1959_1960_1961_1962_1963_1964_1965_1966_1967_1968_1969_1970_1971_1972_1973_1974_1975_1976_1977_1978_1979_1980_1981_1982_1983_1984_1985_1986_1987_1988_1989_1990_1991_1992_1993_1994_1995_1996_1997_1998_1999_2000_2001_2002_2003_2004_2005_2006_2007_2008_2009_2010_2011_2012_2013_2014_2015_2016_2017_2018_2019_2020_2021_2022_2023_2024_2025_2026_2027_2028_2029_2030_2031_2032_2033_2034_2035_2036_2037_2038_2039_2040_2041_2042_2043_2044_2045_2046_2047_2048_2049_2050_2051_2052_2053_2054_2055_2056_2057_2058_2059_2060_2061_2062_2063_2064_2065_2066_2067_2068_2069_2070_2071_2072_2073_2074_2075_2076_2077_2078_2079_2080_2081_2082_2083_2084_2085_2086_2087_2088_2089_2090_2091_2092_2093_2094_2095_2096_2097_2098_2099_2100_2101_2102_2103_2104_2105_2106_2107_2108_2109_2110_2111_2112_2113_2114_2115_2116_2117_2118_2119_2120_2121_2122_2123_2124_2125_2126_2127_2128_2129_2130_2131_2132_2133_2134_2135_2136_2137_2138_2139_2140_2141_2142_2143_2144_2145_2146_2147_2148_2149_2150_2151_2152_2153_2154_2155_2156_2157_2158_2159_2160_2161_2162_2163_2164_2165_2166_2167_2168_2169_2170_2171_2172_2173_2174_2175_2176_2177_2178_2179_2180_2181_2182_2183_2184_2185_2186_2187_2188_2189_2190_2191_2192_2193_2194_2195_2196_2197_2198_2199_2200_2201_2202_2203_2204_2205_2206_2207_2208_2209_2210_2211_2212_2213_2214_2215_2216_2217_2218_2219_2220_2221_2222_2223_2224_2225_2226_2227_2228_2229_2230_2231_2232_2233_2234_2235_2236_2237_2238_2239_2240_2241_2242_2243_2244_2245_2246_2247_2248_2249_2250_2251_2252_2253_2254_2255_2256_2257_2258_2259_2260_2261_2262_2263_2264_2265_2266_2267_2268_2269_2270_2271_2272_2273_2274_2275_2276_2277_2278_2279_2280_2281_2282_2283_2284_2285_2286_2287_2288_2289_2290_2291_2292_2293_2294_2295_2296_2297_2298_2299_2300_2301_2302_2303_2304_2305_2306_2307_2308_2309_2310_2311_2312_2313_2314_2315_2316_2317_2318_2319_2320_2321_2322_2323_2324_2325_2326_2327_2328_2329_2330_2331_2332_2333_2334_2335_2336_2337_2338_2339_2340_2341_2342_2343_2344_2345_2346_2347_2348_2349_2350_2351_2352_2353_2354_2355_2356_2357_2358_2359_2360_2361_2362_2363_2364_2365_2366_2367_2368_2369_2370_2371_2372_2373_2374_2375_2376_2377_2378_2379_2380_2381_2382_2383_2384_2385_2386_2387_2388_2389_2390_2391_2392_2393_2394_2395_2396_2397_2398_2399_2400_2401_2402_2403_2404_2405_2406_2407_2408_2409_2410_2411_2412_2413_2414_2415_2416_2417_2418_2419_2420_2421_2422_2423_2424_2425_2426_2427_2428_2429_2430_2431_2432_2433_2434_2435_2436_2437_2438_2439_2440_2441_2442_2443_2444_2445_2446_2447_2448_2449_2450_2451_2452_2453_2454_2455_2456_2457_2458_2459_2460_2461_2462_2463_2464_2465_2466_2467_2468_2469_2470_2471_2472_2473_2474_2475_2476_2477_2478_2479_2480_2481_2482_2483_2484_2485_2486_2487_2488_2489_2490_2491_2492_2493_2494_2495_,53:{54;55;56;1920;1921;1922;57;1923;58;1924;59;60;61;}131:{132;133;134;135;136;1736;1735;1737;1734;1738;1733;1739;137;1732;1740;138;1731;1741;1633;1730;1742;35;139;34;36;228;33;37;229;32;38;230;1632;1729;1743;31;39;231;140;40;232;1728;1744;41;141;233;1745;42;234;142;1746;43;235;143;44;236;1747;45;237;144;1748;1832;1831;1833;1830;1834;1829;1835;46;238;1828;1836;1749;1827;1837;145;1826;1838;47;239;1825;1839;1750;146;48;240;1824;1840;1751;1841;147;323;322;324;49;241;325;326;1842;327;328;1752;50;148;242;1843;329;330;1844;51;243;331;149;332;1845;52;244;333;150;1846;334;53;245;1847;151;335;}393:{1373;397;1372;398;1371;399;1370;400;1472;1369;1471;1473;1470;1474;1469;1475;297;401;296;298;1368;1468;295;299;294;300;1467;293;301;402;1367;1466;292;302;1465;291;303;403;1366;1275;290;304;1464;1274;404;1365;289;305;1273;1463;405;288;306;1272;1364;1462;1271;307;499;406;1363;1461;1270;308;500;1460;407;1362;1269;309;1459;408;1268;1568;1361;1567;1566;310;1565;1564;1458;1267;1563;201;200;202;1360;199;203;311;1562;198;204;197;205;1457;1561;1266;196;206;312;1560;1359;195;207;194;208;1456;1265;1559;193;209;313;1358;1558;192;210;1264;1455;1557;314;211;1357;1556;1263;1454;212;315;1555;213;}445:{2045;2044;2043;2042;1947;2041;1946;349;348;350;347;351;346;352;2040;1945;345;353;344;354;1944;2039;343;355;1943;2038;342;356;1942;341;357;2037;340;358;1941;2139;2036;2138;339;359;1940;2137;2035;338;360;2136;1939;2135;1850;2034;337;361;1849;1938;2134;336;362;1848;2033;2133;1937;253;252;254;251;255;363;250;256;2032;2132;249;257;248;258;1936;364;2131;247;259;2031;246;260;1935;2130;261;365;2030;262;2129;1934;366;263;2029;264;2128;1933;367;265;}576:{577;1295;578;1294;579;1293;580;1292;581;1291;582;1290;583;1289;480;584;1288;1392;481;1391;1393;482;1390;483;1389;484;1388;585;1287;485;1387;486;586;1286;1386;487;1385;587;1285;488;1384;588;1284;489;1383;490;1382;589;1283;491;1381;590;1282;492;1380;591;1281;493;1379;384;1280;385;1487;386;494;1378;1486;387;1485;388;1484;389;1483;495;1279;1377;390;1482;391;1481;392;496;1376;1480;1278;393;1479;497;1375;394;1478;1277;395;1477;498;1374;396;1276;1476;}632:{637;2062;2061;540;2060;541;2059;542;2058;543;2057;544;2056;545;2055;546;2054;547;2053;548;2052;549;2051;440;1952;441;442;550;2050;443;444;2156;445;2155;551;1951;2049;446;2154;447;2153;448;552;2048;2152;1950;449;2151;553;2047;450;2150;1949;451;2149;554;2046;452;1948;2148;}796:{798;799;800;1696;1695;1697;1694;1698;801;1693;1596;1692;802;1595;1691;803;1594;1690;700;804;699;701;1593;1689;698;702;697;703;696;704;1592;1688;805;695;705;1591;1687;694;706;806;693;707;899;1590;1686;807;692;708;900;1589;1685;808;1792;691;709;901;1791;1793;1790;1794;1789;1795;1588;1684;1788;1796;690;710;902;809;1787;1797;1786;1798;689;711;903;1587;1683;1785;1799;810;712;904;1784;1800;1586;1682;811;1495;1783;1801;713;905;1585;1681;1494;1782;1802;604;812;603;605;602;606;714;906;601;607;1493;1781;1803;600;608;1584;1680;599;609;1492;1780;1804;715;813;907;598;610;597;611;1583;1679;1491;1779;1805;596;612;716;908;996;814;595;613;997;1490;1582;1678;1778;1806;717;909;594;614;998;815;1489;1777;1807;593;615;999;1581;1677;718;910;592;616;816;1000;1488;1776;1808;1888;}813:{1773;1811;}816:{2073;2087;736;928;2072;2088;834;2071;2089;737;929;1967;2001;634;1018;2070;2090;835;635;1019;2069;2091;738;930;1966;2002;636;836;1020;1868;1908;2068;2092;}842:{2260;2162;2259;758;2161;2258;2362;759;2361;650;649;651;648;652;760;2160;2360;2257;647;653;2067;646;654;2359;645;655;761;859;644;656;2256;2159;2066;2358;643;657;2357;642;658;730;762;860;2065;2255;2158;641;659;2356;729;763;640;660;2064;2254;861;2157;2355;1977;639;661;728;764;956;1976;2063;2354;2253;638;662;862;}844:{2271;2270;849;2269;2268;850;2267;851;2266;748;852;747;749;2169;2265;746;750;745;751;744;752;2168;2264;853;743;753;2167;2263;742;754;854;741;755;2166;2262;855;740;756;948;2165;2261;856;2368;739;757;949;2367;2369;2366;2370;2365;2371;2164;2364;2372;950;857;2363;2373;2374;951;2163;2375;858;952;2376;2377;735;953;2378;734;954;2379;2380;733;955;2381;732;1044;1045;2382;731;765;957;1046;863;2353;663;766;958;664;2352;2464;}1188:{1185;1184;1183;1182;1181;1180;1199;1200;1201;1202;1203;1204;1205;1206;1207;1208;}1216:{1220;1211;1221;1210;1222;1209;1223;1224;2015;2207;1225;1226;1227;1228;1229;1230;1231;1232;2303;2302;2301;2300;2299;1233;2298;1234;1235;1236;}1258:{1249;0;1248;1;}1316:{1315;1317;1314;1318;1313;1319;768;864;1312;1320;769;865;770;866;771;867;1311;1321;772;868;1310;1322;773;869;1309;1323;774;870;1308;1324;1412;775;871;1411;1413;1410;1414;1409;1415;776;872;1408;1416;1307;1325;1407;1417;777;873;1306;1326;1406;1418;1405;1419;778;874;1305;1327;1404;1420;779;875;672;960;1304;1328;673;961;1403;1421;674;962;675;963;676;780;876;964;1402;1422;677;965;1303;1329;678;966;781;877;1401;1423;679;967;1302;1330;680;968;1400;1424;782;878;681;969;1301;1331;1399;1425;783;879;682;970;1300;1332;1508;1507;1509;1398;1426;1506;1510;683;971;1505;1511;784;880;1504;1512;1503;1513;684;972;1299;1333;1397;1427;1502;1514;785;881;1501;1515;685;973;1396;1428;1500;1516;1298;1334;1499;1517;686;786;882;974;1395;1429;1498;1518;1297;1335;687;975;787;883;1497;1519;1394;1430;576;688;976;1056;1296;1336;1496;1520;}1439:{1157;1156;1155;1154;1153;1343;1152;1342;1341;1340;1179;}1454:{1453;1452;1451;1450;1449;112;1448;111;113;110;114;214;109;115;1447;108;116;215;107;117;1446;1550;1549;1551;216;1356;1548;1552;106;118;1355;1547;1553;1354;1546;1554;1445;105;119;217;1353;1545;104;120;1352;1444;1544;218;1351;1543;103;121;1443;219;1350;1542;102;122;1442;1349;1541;220;101;123;1348;1540;1441;221;100;124;1347;1539;16;1440;15;17;14;18;222;13;19;99;125;1346;1538;12;20;11;21;223;10;22;98;126;1345;1537;316;9;23;1262;1646;1261;1645;1647;8;24;224;1260;1344;1536;1644;1648;97;127;1259;1643;1649;317;1258;1642;1650;7;25;1257;1641;1651;96;128;1256;1640;1652;225;6;26;318;1255;1639;1653;5;27;1254;1638;1654;129;319;226;1253;1637;1655;4;28;320;1252;1636;1656;130;3;29;227;1251;1635;1657;321;2;30;131;1250;1634;1658;}1519:{977;1521;978;1522;979;1523;980;1524;981;1525;982;1526;983;1527;1615;884;984;1614;1616;1613;1617;1612;1618;885;1611;1619;1072;1528;985;1071;1073;886;1070;1074;1610;1620;1069;1075;1068;1076;887;1529;1609;1621;986;1067;1077;888;1608;1622;1066;1078;1530;987;1431;1607;1623;889;1065;1079;1531;988;1064;1080;1432;1606;1624;890;1063;1081;1433;1605;1625;1532;891;989;1062;1082;1434;1604;1626;892;1533;990;1061;1083;1435;1603;1627;893;1060;1084;1534;991;1436;1602;1628;788;894;789;1059;1085;1535;1711;992;1710;1712;1437;1601;1629;1709;1713;790;1708;1714;1707;1715;791;895;1058;1086;1706;1716;792;1168;1438;1600;1630;993;1167;1169;1705;1717;1166;1170;1165;1171;896;1164;1172;1704;1718;793;1057;1087;1163;1173;1439;1599;1631;1703;1719;794;994;1162;1174;1088;1702;1720;897;1161;1175;795;1160;1176;1598;1337;1701;1721;995;796;1089;1159;1177;898;1316;1338;1700;1722;1597;1158;1178;797;1339;1699;1723;}1581:{1580;1579;1578;1577;504;1576;503;505;502;506;501;1575;1574;}1753:{413;412;411;410;409;1569;1570;1571;1572;507;1573;}1773:{1772;1774;1771;1775;1770;617;618;1769;619;520;620;1768;519;521;518;522;517;523;621;1767;516;524;622;1766;515;525;623;514;526;1765;1869;1676;1870;1675;1867;1871;624;1674;1866;1872;513;527;1673;1865;1873;1764;512;528;1672;1864;1874;625;1671;1763;1863;1875;511;529;626;1670;1862;1876;1762;510;530;1669;1861;1877;627;1761;1668;1860;1878;509;531;628;1667;1859;1879;424;508;532;1760;423;425;719;422;426;421;427;629;420;428;720;1666;1858;1880;419;429;533;1759;721;418;430;630;1665;1857;1881;417;431;534;722;1758;416;432;1664;1856;1882;631;723;415;433;535;1757;1965;1964;1663;1855;1963;632;724;1962;1968;414;434;1961;1969;536;1960;1970;1662;1756;1854;435;725;1959;1971;633;1958;1972;436;537;726;1661;1853;1957;1973;1755;1956;1974;437;727;538;1660;1852;1955;1975;1754;438;1954;539;1659;1851;439;1753;1953;}1805:{1001;1002;1809;1003;1004;1810;1005;1006;1812;1007;1813;1901;1900;1902;1899;1903;1008;1898;1904;911;1897;1905;1814;912;1896;1906;1009;1815;1895;1907;913;1010;1894;1096;1816;1095;1097;914;1094;1098;1893;1909;1011;1093;1099;1092;1100;1817;1892;1910;915;1091;1101;1012;1090;1102;1891;1911;916;1818;1103;1013;1104;1890;1912;917;1819;1105;1014;1889;1913;918;1106;1820;1914;1015;1107;817;919;1821;1997;1996;1998;1887;1915;1995;1999;1016;1108;1994;2000;818;1993;920;1992;1724;1822;1886;1916;819;1109;1991;2003;1017;1990;2004;820;921;1110;1725;1885;1917;1989;2005;1823;1988;2006;821;1111;922;1726;1884;1918;1987;2007;1192;1191;1193;822;1190;1194;1189;1195;1112;1188;1196;1986;2008;923;1187;1197;1727;1883;1919;823;1186;1198;1985;2009;}1916:{1212;1213;1214;1215;1217;1218;1219;}2092:{2093;2094;2095;1024;2096;927;1023;1025;926;1022;1026;925;931;1021;1027;2097;924;932;1028;2086;2098;933;1029;2085;2099;934;1030;2084;2100;2188;935;1031;2187;2189;2186;2190;2185;2191;936;1032;2184;2192;2083;2101;2183;2193;937;1033;2082;2102;2182;2194;2181;2195;938;1034;2081;2103;2180;2196;939;1035;832;1120;2080;2104;831;833;1119;1121;2179;2197;830;1118;1122;829;1117;1123;828;940;1036;1116;1124;2178;2198;827;837;1115;1125;2079;2105;826;838;1114;1126;941;1037;2177;2199;825;839;1113;1127;2078;2106;824;840;1128;1984;2176;2200;942;1038;841;1129;2077;2107;1983;2175;2201;943;1039;842;1130;2076;2108;2284;2283;2285;1982;2010;2174;2202;2282;2286;843;1131;2281;2287;944;1040;2280;2288;2279;2289;844;1132;1981;2011;2075;2109;2173;2203;2278;2290;945;1041;2277;2291;845;1133;1980;2012;2172;2204;2276;2292;2074;2110;2275;2293;846;946;1042;1134;1979;2013;2171;2205;2274;2294;2111;847;1135;947;1043;2273;2295;1978;2014;2170;2206;848;1136;1216;2272;2296;}2129:{2127;266;2126;267;2125;268;2124;269;2123;270;2122;271;2121;2225;272;2224;2226;2223;2227;2222;2228;2221;2229;168;2120;167;169;273;166;170;2028;2220;2230;165;171;164;172;2027;2119;2219;2231;274;163;173;368;2026;2218;2232;162;174;2118;2140;275;2025;2217;2233;161;175;369;2117;2141;160;176;276;2024;2216;2234;370;159;177;2023;2215;2235;2116;2142;277;371;158;178;2022;2214;2236;372;2115;2143;278;157;179;2021;2213;2237;373;156;180;456;2114;2144;279;455;457;454;458;2020;2212;2238;453;459;460;374;155;181;461;2113;2145;2321;280;2320;2322;2019;2211;2239;2319;2323;462;2318;2324;2317;2325;375;463;154;182;1932;2316;2326;72;464;2018;2112;2146;2210;2240;71;73;281;1931;2315;2327;70;74;69;75;68;76;376;1930;2314;2328;153;183;465;67;77;1929;2017;2209;2241;2313;2329;2147;66;78;282;152;184;1928;2312;2330;65;79;377;64;80;2016;2208;2242;1927;2311;2331;283;63;81;185;378;1926;2310;2243;62;82;1925;2309;}2152:{555;556;557;558;559;2246;2245;2244;}2183:{1047;2383;1048;2384;2385;1049;1137;2386;2297;1138;2387;}2254:{2252;2251;2250;2249;560;2248;561;562;563;2247;564;565;2349;2348;566;2347;2346;567;2345;568;2344;2343;569;2342;570;2341;571;2340;572;2339;466;467;573;2338;468;469;470;574;2337;471;472;2336;575;2443;2442;473;2441;2335;2440;474;2439;475;2334;2438;2437;476;2333;2436;477;2435;2332;478;2434;}2297:{1139;1140;1141;1142;1143;2393;1144;2392;2394;2391;2395;2390;2396;1237;2389;2397;1145;1238;2388;2398;1239;2399;1146;1240;1147;1241;1148;1242;1149;1243;1244;1150;1245;1151;1246;2489;2488;2490;2487;2491;2486;2492;2485;2493;1247;2494;2495;}2318:{284;285;186;286;187;188;287;189;2414;2413;2415;2412;2416;190;2411;2417;2410;2418;191;2409;2419;2308;2408;2420;379;2407;2421;380;2307;381;2406;2422;382;2306;2405;2423;383;2404;2424;2305;2403;2425;88;2304;87;89;86;90;85;91;2402;2426;84;92;83;93;94;2401;2427;95;2400;}2448:{2433;2432;479;2431;2430;2429;2428;}2464:{2463;2465;2462;2466;2461;2467;2460;2468;2459;2469;2458;2470;2457;2471;2456;2472;767;959;2455;2473;2454;2474;2453;2475;2452;2476;2451;2477;2450;2478;2449;2479;2448;2480;671;1055;670;1054;669;1053;668;1052;667;1051;2447;2481;666;1050;665;2446;2482;2351;2445;2483;2350;2444;2484;},399_400_401_402_403_508_509_610_611_710_711_807_808_903_904_998_999_1090_1091_1180_1181_1275_1276_1277_1372_1373_1471_1472_1571_1572_1573_1675_1676_1677_1723_1724_1725_1787_1788_1789_1790_1791_1792_1793_1794_1795_1796_1797_1798_1799_1800_1801_1802_1803_1804_1805_,1316-1315*0_1316-1317*0_1316-1314*0_1316-1318*0_1316-1313*0_1316-1319*0_1316-768*0_1316-864*0_1316-1312*0_1316-1320*0_1316-769*0_1316-865*0_1316-770*0_1316-866*0_1316-771*0_1316-867*0_1316-1311*0_1316-1321*0_1316-772*0_1316-868*0_1316-1310*0_1316-1322*0_1316-773*0_1316-869*0_1316-1309*0_1316-1323*0_1316-774*0_1316-870*0_1316-1308*0_1316-1324*0_1316-1412*0_1316-775*0_1316-871*0_1316-1411*0_1316-1413*0_1316-1410*0_1316-1414*0_1316-1409*0_1316-1415*0_1316-776*0_1316-872*0_1316-1408*0_1316-1416*0_1316-1307*0_1316-1325*0_1316-1407*0_1316-1417*0_1316-777*0_1316-873*0_1316-1306*0_1316-1326*0_1316-1406*0_1316-1418*0_1316-1405*0_1316-1419*0_1316-778*0_1316-874*0_1316-1305*0_1316-1327*0_1316-1404*0_1316-1420*0_1316-779*0_1316-875*0_1316-672*0_1316-960*0_1316-1304*0_1316-1328*0_1316-673*0_1316-961*0_1316-1403*0_1316-1421*0_1316-674*0_1316-962*0_1316-675*0_1316-963*0_1316-676*0_1316-780*0_1316-876*0_1316-964*0_1316-1402*0_1316-1422*0_1316-677*0_1316-965*0_1316-1303*0_1316-1329*0_1316-678*0_1316-966*0_1316-781*0_1316-877*0_1316-1401*0_1316-1423*0_1316-679*0_1316-967*0_1316-1302*0_1316-1330*0_1316-680*0_1316-968*0_1316-1400*0_1316-1424*0_1316-782*0_1316-878*0_1316-681*0_1316-969*0_1316-1301*0_1316-1331*0_1316-1399*0_1316-1425*0_1316-783*0_1316-879*0_1316-682*0_1316-970*0_1316-1300*0_1316-1332*0_1316-1508*0_1316-1507*0_1316-1509*0_1316-1398*0_1316-1426*0_1316-1506*0_1316-1510*0_1316-683*0_1316-971*0_1316-1505*0_1316-1511*0_1316-784*0_1316-880*0_1316-1504*0_1316-1512*0_1316-1503*0_1316-1513*0_1316-684*0_1316-972*0_1316-1299*0_1316-1333*0_1316-1397*0_1316-1427*0_1316-1502*0_1316-1514*0_1316-785*0_1316-881*0_1316-1501*0_1316-1515*0_1316-685*0_1316-973*0_1316-1396*0_1316-1428*0_1316-1500*0_1316-1516*0_1316-1298*0_1316-1334*0_1316-1499*0_1316-1517*0_1316-686*0_1316-786*0_1316-882*0_1316-974*0_1316-1395*0_1316-1429*0_1316-1498*0_1316-1518*0_1316-1297*0_1316-1335*0_1316-687*0_1316-975*0_1316-787*0_1316-883*0_1316-1497*0_1316-1519*0_1316-1394*0_1316-1430*0_1316-576*0_1316-688*0_1316-976*0_1316-1056*0_1316-1296*0_1316-1336*0_1316-1496*0_1316-1520*0_1519-977*1_1519-1521*1_1519-978*1_1519-1522*1_1519-979*1_1519-1523*1_1519-980*1_1519-1524*1_1519-981*1_1519-1525*1_1519-982*1_1519-1526*1_1519-983*1_1519-1527*1_1519-1615*1_1519-884*1_1519-984*1_1519-1614*1_1519-1616*1_1519-1613*1_1519-1617*1_1519-1612*1_1519-1618*1_1519-885*1_1519-1611*1_1519-1619*1_1519-1072*1_1519-1528*1_1519-985*1_1519-1071*1_1519-1073*1_1519-886*1_1519-1070*1_1519-1074*1_1519-1610*1_1519-1620*1_1519-1069*1_1519-1075*1_1519-1068*1_1519-1076*1_1519-887*1_1519-1529*1_1519-1609*1_1519-1621*1_1519-986*1_1519-1067*1_1519-1077*1_1519-888*1_1519-1608*1_1519-1622*1_1519-1066*1_1519-1078*1_1519-1530*1_1519-987*1_1519-1431*1_1519-1607*1_1519-1623*1_1519-889*1_1519-1065*1_1519-1079*1_1519-1531*1_1519-988*1_1519-1064*1_1519-1080*1_1519-1432*1_1519-1606*1_1519-1624*1_1519-890*1_1519-1063*1_1519-1081*1_1519-1433*1_1519-1605*1_1519-1625*1_1519-1532*1_1519-891*1_1519-989*1_1519-1062*1_1519-1082*1_1519-1434*1_1519-1604*1_1519-1626*1_1519-892*1_1519-1533*1_1519-990*1_1519-1061*1_1519-1083*1_1519-1435*1_1519-1603*1_1519-1627*1_1519-893*1_1519-1060*1_1519-1084*1_1519-1534*1_1519-991*1_1519-1436*1_1519-1602*1_1519-1628*1_1519-788*1_1519-894*1_1519-789*1_1519-1059*1_1519-1085*1_1519-1535*1_1519-1711*1_1519-992*1_1519-1710*1_1519-1712*1_1519-1437*1_1519-1601*1_1519-1629*1_1519-1709*1_1519-1713*1_1519-790*1_1519-1708*1_1519-1714*1_1519-1707*1_1519-1715*1_1519-791*1_1519-895*1_1519-1058*1_1519-1086*1_1519-1706*1_1519-1716*1_1519-792*1_1519-1168*1_1519-1438*1_1519-1600*1_1519-1630*1_1519-993*1_1519-1167*1_1519-1169*1_1519-1705*1_1519-1717*1_1519-1166*1_1519-1170*1_1519-1165*1_1519-1171*1_1519-896*1_1519-1164*1_1519-1172*1_1519-1704*1_1519-1718*1_1519-793*1_1519-1057*1_1519-1087*1_1519-1163*1_1519-1173*1_1519-1439*1_1519-1599*1_1519-1631*1_1519-1703*1_1519-1719*1_1519-794*1_1519-994*1_1519-1162*1_1519-1174*1_1519-1088*1_1519-1702*1_1519-1720*1_1519-897*1_1519-1161*1_1519-1175*1_1519-795*1_1519-1160*1_1519-1176*1_1519-1598*1_1519-1337*1_1519-1701*1_1519-1721*1_1519-995*1_1519-796*1_1519-1089*1_1519-1159*1_1519-1177*1_1519-898*1_1519-1316*1_1519-1338*1_1519-1700*1_1519-1722*1_1519-1597*1_1519-1158*1_1519-1178*1_1519-797*1_1519-1339*1_1519-1699*1_1519-1723*1_796-798*2_796-799*2_796-800*2_796-1696*2_796-1695*2_796-1697*2_796-1694*2_796-1698*2_796-801*2_796-1693*2_796-1596*2_796-1692*2_796-802*2_796-1595*2_796-1691*2_796-803*2_796-1594*2_796-1690*2_796-700*2_796-804*2_796-699*2_796-701*2_796-1593*2_796-1689*2_796-698*2_796-702*2_796-697*2_796-703*2_796-696*2_796-704*2_796-1592*2_796-1688*2_796-805*2_796-695*2_796-705*2_796-1591*2_796-1687*2_796-694*2_796-706*2_796-806*2_796-693*2_796-707*2_796-899*2_796-1590*2_796-1686*2_796-807*2_796-692*2_796-708*2_796-900*2_796-1589*2_796-1685*2_796-808*2_796-1792*2_796-691*2_796-709*2_796-901*2_796-1791*2_796-1793*2_796-1790*2_796-1794*2_796-1789*2_796-1795*2_796-1588*2_796-1684*2_796-1788*2_796-1796*2_796-690*2_796-710*2_796-902*2_796-809*2_796-1787*2_796-1797*2_796-1786*2_796-1798*2_796-689*2_796-711*2_796-903*2_796-1587*2_796-1683*2_796-1785*2_796-1799*2_796-810*2_796-712*2_796-904*2_796-1784*2_796-1800*2_796-1586*2_796-1682*2_796-811*2_796-1495*2_796-1783*2_796-1801*2_796-713*2_796-905*2_796-1585*2_796-1681*2_796-1494*2_796-1782*2_796-1802*2_796-604*2_796-812*2_796-603*2_796-605*2_796-602*2_796-606*2_796-714*2_796-906*2_796-601*2_796-607*2_796-1493*2_796-1781*2_796-1803*2_796-600*2_796-608*2_796-1584*2_796-1680*2_796-599*2_796-609*2_796-1492*2_796-1780*2_796-1804*2_796-715*2_796-813*2_796-907*2_796-598*2_796-610*2_796-597*2_796-611*2_796-1583*2_796-1679*2_796-1491*2_796-1779*2_796-1805*2_796-596*2_796-612*2_796-716*2_796-908*2_796-996*2_796-814*2_796-595*2_796-613*2_796-997*2_796-1490*2_796-1582*2_796-1678*2_796-1778*2_796-1806*2_796-717*2_796-909*2_796-594*2_796-614*2_796-998*2_796-815*2_796-1489*2_796-1777*2_796-1807*2_796-593*2_796-615*2_796-999*2_796-1581*2_796-1677*2_796-718*2_796-910*2_796-592*2_796-616*2_796-816*2_796-1000*2_796-1488*2_796-1776*2_796-1808*2_796-1888*2_1439-1157*2_1439-1156*2_1439-1155*2_1439-1154*2_1439-1153*2_1439-1343*2_1439-1152*2_1439-1342*2_1439-1341*2_1439-1340*2_1439-1179*2_813-1773*3_813-1811*3_816-2073*3_816-2087*3_816-736*3_816-928*3_816-2072*3_816-2088*3_816-834*3_816-2071*3_816-2089*3_816-737*3_816-929*3_816-1967*3_816-2001*3_816-634*3_816-1018*3_816-2070*3_816-2090*3_816-835*3_816-635*3_816-1019*3_816-2069*3_816-2091*3_816-738*3_816-930*3_816-1966*3_816-2002*3_816-636*3_816-836*3_816-1020*3_816-1868*3_816-1908*3_816-2068*3_816-2092*3_1805-1001*3_1805-1002*3_1805-1809*3_1805-1003*3_1805-1004*3_1805-1810*3_1805-1005*3_1805-1006*3_1805-1812*3_1805-1007*3_1805-1813*3_1805-1901*3_1805-1900*3_1805-1902*3_1805-1899*3_1805-1903*3_1805-1008*3_1805-1898*3_1805-1904*3_1805-911*3_1805-1897*3_1805-1905*3_1805-1814*3_1805-912*3_1805-1896*3_1805-1906*3_1805-1009*3_1805-1815*3_1805-1895*3_1805-1907*3_1805-913*3_1805-1010*3_1805-1894*3_1805-1096*3_1805-1816*3_1805-1095*3_1805-1097*3_1805-914*3_1805-1094*3_1805-1098*3_1805-1893*3_1805-1909*3_1805-1011*3_1805-1093*3_1805-1099*3_1805-1092*3_1805-1100*3_1805-1817*3_1805-1892*3_1805-1910*3_1805-915*3_1805-1091*3_1805-1101*3_1805-1012*3_1805-1090*3_1805-1102*3_1805-1891*3_1805-1911*3_1805-916*3_1805-1818*3_1805-1103*3_1805-1013*3_1805-1104*3_1805-1890*3_1805-1912*3_1805-917*3_1805-1819*3_1805-1105*3_1805-1014*3_1805-1889*3_1805-1913*3_1805-918*3_1805-1106*3_1805-1820*3_1805-1914*3_1805-1015*3_1805-1107*3_1805-817*3_1805-919*3_1805-1821*3_1805-1997*3_1805-1996*3_1805-1998*3_1805-1887*3_1805-1915*3_1805-1995*3_1805-1999*3_1805-1016*3_1805-1108*3_1805-1994*3_1805-2000*3_1805-818*3_1805-1993*3_1805-920*3_1805-1992*3_1805-1724*3_1805-1822*3_1805-1886*3_1805-1916*3_1805-819*3_1805-1109*3_1805-1991*3_1805-2003*3_1805-1017*3_1805-1990*3_1805-2004*3_1805-820*3_1805-921*3_1805-1110*3_1805-1725*3_1805-1885*3_1805-1917*3_1805-1989*3_1805-2005*3_1805-1823*3_1805-1988*3_1805-2006*3_1805-821*3_1805-1111*3_1805-922*3_1805-1726*3_1805-1884*3_1805-1918*3_1805-1987*3_1805-2007*3_1805-1192*3_1805-1191*3_1805-1193*3_1805-822*3_1805-1190*3_1805-1194*3_1805-1189*3_1805-1195*3_1805-1112*3_1805-1188*3_1805-1196*3_1805-1986*3_1805-2008*3_1805-923*3_1805-1187*3_1805-1197*3_1805-1727*3_1805-1883*3_1805-1919*3_1805-823*3_1805-1186*3_1805-1198*3_1805-1985*3_1805-2009*3_576-577*1_576-1295*1_576-578*1_576-1294*1_576-579*1_576-1293*1_576-580*1_576-1292*1_576-581*1_576-1291*1_576-582*1_576-1290*1_576-583*1_576-1289*1_576-480*1_576-584*1_576-1288*1_576-1392*1_576-481*1_576-1391*1_576-1393*1_576-482*1_576-1390*1_576-483*1_576-1389*1_576-484*1_576-1388*1_576-585*1_576-1287*1_576-485*1_576-1387*1_576-486*1_576-586*1_576-1286*1_576-1386*1_576-487*1_576-1385*1_576-587*1_576-1285*1_576-488*1_576-1384*1_576-588*1_576-1284*1_576-489*1_576-1383*1_576-490*1_576-1382*1_576-589*1_576-1283*1_576-491*1_576-1381*1_576-590*1_576-1282*1_576-492*1_576-1380*1_576-591*1_576-1281*1_576-493*1_576-1379*1_576-384*1_576-1280*1_576-385*1_576-1487*1_576-386*1_576-494*1_576-1378*1_576-1486*1_576-387*1_576-1485*1_576-388*1_576-1484*1_576-389*1_576-1483*1_576-495*1_576-1279*1_576-1377*1_576-390*1_576-1482*1_576-391*1_576-1481*1_576-392*1_576-496*1_576-1376*1_576-1480*1_576-1278*1_576-393*1_576-1479*1_576-497*1_576-1375*1_576-394*1_576-1478*1_576-1277*1_576-395*1_576-1477*1_576-498*1_576-1374*1_576-396*1_576-1276*1_576-1476*1_2092-2093*4_2092-2094*4_2092-2095*4_2092-1024*4_2092-2096*4_2092-927*4_2092-1023*4_2092-1025*4_2092-926*4_2092-1022*4_2092-1026*4_2092-925*4_2092-931*4_2092-1021*4_2092-1027*4_2092-2097*4_2092-924*4_2092-932*4_2092-1028*4_2092-2086*4_2092-2098*4_2092-933*4_2092-1029*4_2092-2085*4_2092-2099*4_2092-934*4_2092-1030*4_2092-2084*4_2092-2100*4_2092-2188*4_2092-935*4_2092-1031*4_2092-2187*4_2092-2189*4_2092-2186*4_2092-2190*4_2092-2185*4_2092-2191*4_2092-936*4_2092-1032*4_2092-2184*4_2092-2192*4_2092-2083*4_2092-2101*4_2092-2183*4_2092-2193*4_2092-937*4_2092-1033*4_2092-2082*4_2092-2102*4_2092-2182*4_2092-2194*4_2092-2181*4_2092-2195*4_2092-938*4_2092-1034*4_2092-2081*4_2092-2103*4_2092-2180*4_2092-2196*4_2092-939*4_2092-1035*4_2092-832*4_2092-1120*4_2092-2080*4_2092-2104*4_2092-831*4_2092-833*4_2092-1119*4_2092-1121*4_2092-2179*4_2092-2197*4_2092-830*4_2092-1118*4_2092-1122*4_2092-829*4_2092-1117*4_2092-1123*4_2092-828*4_2092-940*4_2092-1036*4_2092-1116*4_2092-1124*4_2092-2178*4_2092-2198*4_2092-827*4_2092-837*4_2092-1115*4_2092-1125*4_2092-2079*4_2092-2105*4_2092-826*4_2092-838*4_2092-1114*4_2092-1126*4_2092-941*4_2092-1037*4_2092-2177*4_2092-2199*4_2092-825*4_2092-839*4_2092-1113*4_2092-1127*4_2092-2078*4_2092-2106*4_2092-824*4_2092-840*4_2092-1128*4_2092-1984*4_2092-2176*4_2092-2200*4_2092-942*4_2092-1038*4_2092-841*4_2092-1129*4_2092-2077*4_2092-2107*4_2092-1983*4_2092-2175*4_2092-2201*4_2092-943*4_2092-1039*4_2092-842*4_2092-1130*4_2092-2076*4_2092-2108*4_2092-2284*4_2092-2283*4_2092-2285*4_2092-1982*4_2092-2010*4_2092-2174*4_2092-2202*4_2092-2282*4_2092-2286*4_2092-843*4_2092-1131*4_2092-2281*4_2092-2287*4_2092-944*4_2092-1040*4_2092-2280*4_2092-2288*4_2092-2279*4_2092-2289*4_2092-844*4_2092-1132*4_2092-1981*4_2092-2011*4_2092-2075*4_2092-2109*4_2092-2173*4_2092-2203*4_2092-2278*4_2092-2290*4_2092-945*4_2092-1041*4_2092-2277*4_2092-2291*4_2092-845*4_2092-1133*4_2092-1980*4_2092-2012*4_2092-2172*4_2092-2204*4_2092-2276*4_2092-2292*4_2092-2074*4_2092-2110*4_2092-2275*4_2092-2293*4_2092-846*4_2092-946*4_2092-1042*4_2092-1134*4_2092-1979*4_2092-2013*4_2092-2171*4_2092-2205*4_2092-2274*4_2092-2294*4_2092-2111*4_2092-847*4_2092-1135*4_2092-947*4_2092-1043*4_2092-2273*4_2092-2295*4_2092-1978*4_2092-2014*4_2092-2170*4_2092-2206*4_2092-848*4_2092-1136*4_2092-1216*4_2092-2272*4_2092-2296*4_1916-1212*4_1916-1213*4_1916-1214*4_1916-1215*4_1916-1217*4_1916-1218*4_1916-1219*4_2183-1047*5_2183-2383*5_2183-1048*5_2183-2384*5_2183-2385*5_2183-1049*5_2183-1137*5_2183-2386*5_842-2260*5_2183-2297*5_2183-1138*5_2183-2387*5_842-2162*5_842-2259*5_842-758*5_842-2161*5_842-2258*5_842-2362*5_842-759*5_842-2361*5_842-650*5_842-649*5_842-651*5_842-648*5_842-652*5_842-760*5_842-2160*5_842-2360*5_842-2257*5_842-647*5_842-653*5_842-2067*5_842-646*5_842-654*5_842-2359*5_842-645*5_842-655*5_842-761*5_842-859*5_842-644*5_842-656*5_842-2256*5_842-2159*5_842-2066*5_842-2358*5_842-643*5_842-657*5_842-2357*5_842-642*5_842-658*5_842-730*5_842-762*5_842-860*5_842-2065*5_842-2255*5_842-2158*5_842-641*5_842-659*5_842-2356*5_842-729*5_842-763*5_842-640*5_842-660*5_842-2064*5_842-2254*5_842-861*5_842-2157*5_842-2355*5_842-1977*5_842-639*5_842-661*5_842-728*5_842-764*5_842-956*5_842-1976*5_842-2063*5_842-2354*5_842-2253*5_842-638*5_842-662*5_842-862*5_1773-1772*4_1773-1774*4_1773-1771*4_1773-1775*4_1773-1770*4_1773-617*4_1773-618*4_1773-1769*4_1773-619*4_1773-520*4_1773-620*4_1773-1768*4_1773-519*4_1773-521*4_1773-518*4_1773-522*4_1773-517*4_1773-523*4_1773-621*4_1773-1767*4_1773-516*4_1773-524*4_1773-622*4_1773-1766*4_1773-515*4_1773-525*4_1773-623*4_1773-514*4_1773-526*4_1773-1765*4_1773-1869*4_1773-1676*4_1773-1870*4_1773-1675*4_1773-1867*4_1773-1871*4_1773-624*4_1773-1674*4_1773-1866*4_1773-1872*4_1773-513*4_1773-527*4_1773-1673*4_1773-1865*4_1773-1873*4_1773-1764*4_1773-512*4_1773-528*4_1773-1672*4_1773-1864*4_1773-1874*4_1773-625*4_1773-1671*4_1773-1763*4_1773-1863*4_1773-1875*4_1773-511*4_1773-529*4_1773-626*4_1773-1670*4_1773-1862*4_1773-1876*4_1773-1762*4_1773-510*4_1773-530*4_1773-1669*4_1773-1861*4_1773-1877*4_1773-627*4_1773-1761*4_1773-1668*4_1773-1860*4_1773-1878*4_1773-509*4_1773-531*4_1773-628*4_1773-1667*4_1773-1859*4_1773-1879*4_1773-424*4_1773-508*4_1773-532*4_1773-1760*4_1773-423*4_1773-425*4_1773-719*4_1773-422*4_1773-426*4_1773-421*4_1773-427*4_1773-629*4_1773-420*4_1773-428*4_1773-720*4_1773-1666*4_1773-1858*4_1773-1880*4_1773-419*4_1773-429*4_1773-533*4_1773-1759*4_1773-721*4_1773-418*4_1773-430*4_1773-630*4_1773-1665*4_1773-1857*4_1773-1881*4_1773-417*4_1773-431*4_1773-534*4_1773-722*4_1773-1758*4_1773-416*4_1773-432*4_1773-1664*4_1773-1856*4_1773-1882*4_1773-631*4_1773-723*4_1773-415*4_1773-433*4_1773-535*4_1773-1757*4_1773-1965*4_1773-1964*4_1773-1663*4_1773-1855*4_1773-1963*4_1773-632*4_1773-724*4_1773-1962*4_1773-1968*4_1773-414*4_1773-434*4_1773-1961*4_1773-1969*4_1773-536*4_1773-1960*4_1773-1970*4_1773-1662*4_1773-1756*4_1773-1854*4_1773-435*4_1773-725*4_1773-1959*4_1773-1971*4_1773-633*4_1773-1958*4_1773-1972*4_1773-436*4_1773-537*4_1773-726*4_1773-1661*4_1773-1853*4_1773-1957*4_1773-1973*4_1773-1755*4_1773-1956*4_1773-1974*4_1773-437*4_1773-727*4_1773-538*4_1773-1660*4_1773-1852*4_1773-1955*4_1773-1975*4_1773-1754*4_1773-438*4_1773-1954*4_1773-539*4_1773-1659*4_1773-1851*4_1773-439*4_1773-1753*4_1773-1953*4_393-1373*2_393-397*2_393-1372*2_393-398*2_393-1371*2_393-399*2_393-1370*2_393-400*2_393-1472*2_393-1369*2_393-1471*2_393-1473*2_393-1470*2_393-1474*2_393-1469*2_393-1475*2_393-297*2_393-401*2_393-296*2_393-298*2_393-1368*2_393-1468*2_393-295*2_393-299*2_393-294*2_393-300*2_393-1467*2_393-293*2_393-301*2_393-402*2_393-1367*2_393-1466*2_393-292*2_393-302*2_393-1465*2_393-291*2_393-303*2_393-403*2_393-1366*2_393-1275*2_393-290*2_393-304*2_393-1464*2_393-1274*2_393-404*2_393-1365*2_393-289*2_393-305*2_393-1273*2_393-1463*2_393-405*2_393-288*2_393-306*2_393-1272*2_393-1364*2_393-1462*2_393-1271*2_393-307*2_393-499*2_393-406*2_393-1363*2_393-1461*2_393-1270*2_393-308*2_393-500*2_393-1460*2_393-407*2_393-1362*2_393-1269*2_393-309*2_393-1459*2_393-408*2_393-1268*2_393-1568*2_393-1361*2_393-1567*2_393-1566*2_393-310*2_393-1565*2_393-1564*2_393-1458*2_393-1267*2_393-1563*2_393-201*2_393-200*2_393-202*2_393-1360*2_393-199*2_393-203*2_393-311*2_393-1562*2_393-198*2_393-204*2_393-197*2_393-205*2_393-1457*2_393-1561*2_393-1266*2_393-196*2_393-206*2_393-312*2_393-1560*2_393-1359*2_393-195*2_393-207*2_393-194*2_393-208*2_393-1456*2_393-1265*2_393-1559*2_393-193*2_393-209*2_393-313*2_393-1358*2_393-1558*2_393-192*2_393-210*2_393-1264*2_393-1455*2_393-1557*2_393-314*2_393-211*2_393-1357*2_393-1556*2_393-1263*2_393-1454*2_393-212*2_393-315*2_393-1555*2_393-213*2_844-2271*5_844-2270*5_844-849*5_844-2269*5_844-2268*5_844-850*5_844-2267*5_844-851*5_844-2266*5_844-748*5_844-852*5_844-747*5_844-749*5_844-2169*5_844-2265*5_844-746*5_844-750*5_844-745*5_844-751*5_844-744*5_844-752*5_844-2168*5_844-2264*5_844-853*5_844-743*5_844-753*5_844-2167*5_844-2263*5_844-742*5_844-754*5_844-854*5_844-741*5_844-755*5_844-2166*5_844-2262*5_844-855*5_844-740*5_844-756*5_844-948*5_844-2165*5_844-2261*5_844-856*5_844-2368*5_844-739*5_844-757*5_844-949*5_844-2367*5_844-2369*5_844-2366*5_844-2370*5_844-2365*5_844-2371*5_844-2164*5_844-2364*5_844-2372*5_844-950*5_844-857*5_844-2363*5_844-2373*5_844-2374*5_844-951*5_844-2163*5_844-2375*5_844-858*5_844-952*5_844-2376*5_844-2377*5_844-735*5_844-953*5_844-2378*5_844-734*5_844-954*5_844-2379*5_844-2380*5_844-733*5_844-955*5_844-2381*5_844-732*5_844-1044*5_844-1045*5_844-2382*5_844-731*5_844-765*5_844-957*5_844-1046*5_844-863*5_844-2353*5_844-663*5_844-766*5_844-958*5_844-664*5_844-2352*5_844-2464*5_1188-1185*4_1188-1184*4_1188-1183*4_1188-1182*4_1188-1181*4_1188-1180*4_1188-1199*4_1188-1200*4_1188-1201*4_1188-1202*4_1188-1203*4_1188-1204*4_1188-1205*4_1188-1206*4_1188-1207*4_1188-1208*4_1454-1453*3_1454-1452*3_1454-1451*3_1454-1450*3_1454-1449*3_1454-112*3_1454-1448*3_1454-111*3_1454-113*3_1454-110*3_1454-114*3_1454-214*3_1454-109*3_1454-115*3_1454-1447*3_1454-108*3_1454-116*3_1454-215*3_1454-107*3_1454-117*3_1454-1446*3_1454-1550*3_1454-1549*3_1454-1551*3_1454-216*3_1454-1356*3_1454-1548*3_1454-1552*3_1454-106*3_1454-118*3_1454-1355*3_1454-1547*3_1454-1553*3_1454-1354*3_1454-1546*3_1454-1554*3_1454-1445*3_1454-105*3_1454-119*3_1454-217*3_1454-1353*3_1454-1545*3_1454-104*3_1454-120*3_1454-1352*3_1454-1444*3_1454-1544*3_1454-218*3_1454-1351*3_1454-1543*3_1454-103*3_1454-121*3_1454-1443*3_1454-219*3_1454-1350*3_1454-1542*3_1454-102*3_1454-122*3_1454-1442*3_1454-1349*3_1454-1541*3_1454-220*3_1454-101*3_1454-123*3_1454-1348*3_1454-1540*3_1454-1441*3_1454-221*3_1454-100*3_1454-124*3_1454-1347*3_1454-1539*3_1454-16*3_1454-1440*3_1454-15*3_1454-17*3_1454-14*3_1454-18*3_1454-222*3_1454-13*3_1454-19*3_1454-99*3_1454-125*3_1454-1346*3_1454-1538*3_1454-12*3_1454-20*3_1454-11*3_1454-21*3_1454-223*3_1454-10*3_1454-22*3_1454-98*3_1454-126*3_1454-1345*3_1454-1537*3_1454-316*3_1454-9*3_1454-23*3_1454-1262*3_1454-1646*3_1454-1261*3_1454-1645*3_1454-1647*3_1454-8*3_1454-24*3_1454-224*3_1454-1260*3_1454-1344*3_1454-1536*3_1454-1644*3_1454-1648*3_1454-97*3_1454-127*3_1454-1259*3_1454-1643*3_1454-1649*3_1454-317*3_1454-1258*3_1454-1642*3_1454-1650*3_1454-7*3_1454-25*3_1454-1257*3_1454-1641*3_1454-1651*3_1454-96*3_1454-128*3_1454-1256*3_1454-1640*3_1454-1652*3_1454-225*3_1454-6*3_1454-26*3_1454-318*3_1454-1255*3_1454-1639*3_1454-1653*3_1454-5*3_1454-27*3_1454-1254*3_1454-1638*3_1454-1654*3_1454-129*3_1454-319*3_1454-226*3_1454-1253*3_1454-1637*3_1454-1655*3_1454-4*3_1454-28*3_1454-320*3_1454-1252*3_1454-1636*3_1454-1656*3_1454-130*3_1454-3*3_1454-29*3_1454-227*3_1454-1251*3_1454-1635*3_1454-1657*3_1454-321*3_1454-2*3_1454-30*3_1454-131*3_1454-1250*3_1454-1634*3_1454-1658*3_632-637*5_632-2062*5_632-2061*5_632-540*5_632-2060*5_632-541*5_632-2059*5_632-542*5_632-2058*5_632-543*5_632-2057*5_632-544*5_632-2056*5_632-545*5_632-2055*5_632-546*5_632-2054*5_632-547*5_632-2053*5_632-548*5_632-2052*5_632-549*5_632-2051*5_632-440*5_632-1952*5_632-441*5_632-442*5_632-550*5_632-2050*5_632-443*5_632-444*5_632-2156*5_632-445*5_632-2155*5_632-551*5_632-1951*5_632-2049*5_632-446*5_632-2154*5_632-447*5_632-2153*5_632-448*5_632-552*5_632-2048*5_632-2152*5_632-1950*5_632-449*5_632-2151*5_632-553*5_632-2047*5_632-450*5_632-2150*5_632-1949*5_632-451*5_632-2149*5_632-554*5_632-2046*5_632-452*5_632-1948*5_632-2148*5_2464-2463*6_2464-2465*6_2464-2462*6_2464-2466*6_2464-2461*6_2464-2467*6_2464-2460*6_2464-2468*6_2464-2459*6_2464-2469*6_2464-2458*6_2464-2470*6_2464-2457*6_2464-2471*6_2464-2456*6_2464-2472*6_2464-767*6_2464-959*6_2464-2455*6_2464-2473*6_2464-2454*6_2464-2474*6_2464-2453*6_2464-2475*6_2464-2452*6_2464-2476*6_2464-2451*6_2464-2477*6_2464-2450*6_2464-2478*6_2464-2449*6_2464-2479*6_2464-2448*6_2464-2480*6_2464-671*6_2464-1055*6_2464-670*6_2464-1054*6_2464-669*6_2464-1053*6_2464-668*6_2464-1052*6_2464-667*6_2464-1051*6_2464-2447*6_2464-2481*6_2464-666*6_2464-1050*6_2464-665*6_2464-2446*6_2464-2482*6_2464-2351*6_2464-2445*6_2464-2483*6_2464-2350*6_2464-2444*6_2464-2484*6_131-132*4_131-133*4_131-134*4_131-135*4_131-136*4_131-1736*4_131-1735*4_131-1737*4_131-1734*4_131-1738*4_131-1733*4_131-1739*4_131-137*4_131-1732*4_131-1740*4_131-138*4_131-1731*4_131-1741*4_131-1633*4_131-1730*4_131-1742*4_131-35*4_131-139*4_131-34*4_131-36*4_131-228*4_131-33*4_131-37*4_131-229*4_131-32*4_131-38*4_131-230*4_131-1632*4_131-1729*4_131-1743*4_131-31*4_131-39*4_131-231*4_131-140*4_131-40*4_131-232*4_131-1728*4_131-1744*4_131-41*4_131-141*4_131-233*4_131-1745*4_131-42*4_131-234*4_131-142*4_131-1746*4_131-43*4_131-235*4_131-143*4_131-44*4_131-236*4_131-1747*4_131-45*4_131-237*4_131-144*4_131-1748*4_131-1832*4_131-1831*4_131-1833*4_131-1830*4_131-1834*4_131-1829*4_131-1835*4_131-46*4_131-238*4_131-1828*4_131-1836*4_131-1749*4_131-1827*4_131-1837*4_131-145*4_131-1826*4_131-1838*4_131-47*4_131-239*4_131-1825*4_131-1839*4_131-1750*4_131-146*4_131-48*4_131-240*4_131-1824*4_131-1840*4_131-1751*4_131-1841*4_131-147*4_131-323*4_131-322*4_131-324*4_131-49*4_131-241*4_131-325*4_131-326*4_131-1842*4_131-327*4_131-328*4_131-1752*4_131-50*4_131-148*4_131-242*4_131-1843*4_131-329*4_131-330*4_131-1844*4_131-51*4_131-243*4_131-331*4_131-149*4_131-332*4_131-1845*4_131-52*4_131-244*4_131-333*4_131-150*4_131-1846*4_131-334*4_131-53*4_131-245*4_131-1847*4_131-151*4_131-335*4_1216-1220*5_1216-1211*5_1216-1221*5_1216-1210*5_1216-1222*5_1216-1209*5_1216-1223*5_1216-1224*5_1216-2015*5_1216-2207*5_1216-1225*5_1216-1226*5_1216-1227*5_1216-1228*5_1216-1229*5_1216-1230*5_1216-1231*5_1216-1232*5_1216-2303*5_1216-2302*5_1216-2301*5_1216-2300*5_1216-2299*5_1216-1233*5_1216-2298*5_1216-1234*5_1216-1235*5_1216-1236*5_445-2045*6_445-2044*6_445-2043*6_445-2042*6_2254-2252*6_445-1947*6_445-2041*6_445-1946*6_2254-2251*6_445-349*6_445-348*6_445-350*6_445-347*6_445-351*6_445-346*6_445-352*6_445-2040*6_445-1945*6_2254-2250*6_445-345*6_445-353*6_445-344*6_445-354*6_445-1944*6_445-2039*6_2254-2249*6_445-343*6_445-355*6_445-1943*6_445-2038*6_445-342*6_445-356*6_2254-560*6_2254-2248*6_2254-561*6_445-1942*6_2254-562*6_445-341*6_445-357*6_445-2037*6_2254-563*6_2254-2247*6_445-340*6_445-358*6_445-1941*6_445-2139*6_2254-564*6_445-2036*6_445-2138*6_2254-565*6_445-339*6_445-359*6_2254-2349*6_445-1940*6_445-2137*6_2254-2348*6_445-2035*6_2254-566*6_2254-2347*6_445-338*6_445-360*6_445-2136*6_2254-2346*6_445-1939*6_2254-567*6_445-2135*6_445-1850*6_445-2034*6_2254-2345*6_445-337*6_445-361*6_445-1849*6_445-1938*6_445-2134*6_2254-568*6_2254-2344*6_445-336*6_445-362*6_445-1848*6_445-2033*6_2254-2343*6_445-2133*6_2254-569*6_445-1937*6_445-253*6_445-252*6_445-254*6_445-251*6_445-255*6_445-363*6_2254-2342*6_445-250*6_445-256*6_445-2032*6_445-2132*6_445-249*6_445-257*6_2254-570*6_445-248*6_445-258*6_445-1936*6_2254-2341*6_445-364*6_445-2131*6_445-247*6_445-259*6_445-2031*6_2254-571*6_445-246*6_445-260*6_2254-2340*6_445-1935*6_445-2130*6_445-261*6_445-365*6_445-2030*6_2254-572*6_445-262*6_2254-2339*6_445-2129*6_445-1934*6_445-366*6_445-263*6_2254-466*6_2254-467*6_2254-573*6_445-2029*6_2254-2338*6_445-264*6_445-2128*6_2254-468*6_445-1933*6_445-367*6_2254-469*6_445-265*6_2254-470*6_2254-574*6_2254-2337*6_2254-471*6_2254-472*6_2254-2336*6_2254-575*6_2254-2443*6_2254-2442*6_2254-473*6_2254-2441*6_2254-2335*6_2254-2440*6_2254-474*6_2254-2439*6_2254-475*6_2254-2334*6_2254-2438*6_2254-2437*6_2254-476*6_2254-2333*6_2254-2436*6_2254-477*6_2254-2435*6_2254-2332*6_2254-478*6_2254-2434*6_1753-413*5_1753-412*5_1753-411*5_1753-410*5_1753-409*5_1753-1569*5_1753-1570*5_1753-1571*5_1753-1572*5_1753-507*5_1753-1573*5_2129-2127*7_2129-266*7_2129-2126*7_2129-267*7_2129-2125*7_2129-268*7_2129-2124*7_2129-269*7_2129-2123*7_2129-270*7_2129-2122*7_2129-271*7_2129-2121*7_2129-2225*7_2129-272*7_2129-2224*7_2129-2226*7_2129-2223*7_2129-2227*7_2129-2222*7_2129-2228*7_2129-2221*7_2129-2229*7_2129-168*7_2129-2120*7_2129-167*7_2129-169*7_2129-273*7_2129-166*7_2129-170*7_2129-2028*7_2129-2220*7_2129-2230*7_2129-165*7_2129-171*7_2129-164*7_2129-172*7_2129-2027*7_2129-2119*7_2129-2219*7_2129-2231*7_2129-274*7_2129-163*7_2129-173*7_2129-368*7_2129-2026*7_2129-2218*7_2129-2232*7_2129-162*7_2129-174*7_2129-2118*7_2129-2140*7_2129-275*7_2129-2025*7_2129-2217*7_2129-2233*7_2129-161*7_2129-175*7_2129-369*7_2129-2117*7_2129-2141*7_2129-160*7_2129-176*7_2129-276*7_2129-2024*7_2129-2216*7_2129-2234*7_2129-370*7_2129-159*7_2129-177*7_2129-2023*7_2129-2215*7_2129-2235*7_2129-2116*7_2129-2142*7_2129-277*7_2129-371*7_2129-158*7_2129-178*7_2129-2022*7_2129-2214*7_2129-2236*7_2129-372*7_2129-2115*7_2129-2143*7_2129-278*7_2129-157*7_2129-179*7_2129-2021*7_2129-2213*7_2129-2237*7_2129-373*7_2129-156*7_2129-180*7_2129-456*7_2129-2114*7_2129-2144*7_2129-279*7_2129-455*7_2129-457*7_2129-454*7_2129-458*7_2129-2020*7_2129-2212*7_2129-2238*7_2129-453*7_2129-459*7_2129-460*7_2129-374*7_2129-155*7_2129-181*7_2129-461*7_2129-2113*7_2129-2145*7_2129-2321*7_2129-280*7_2129-2320*7_2129-2322*7_2129-2019*7_2129-2211*7_2129-2239*7_2129-2319*7_2129-2323*7_2129-462*7_2129-2318*7_2129-2324*7_2129-2317*7_2129-2325*7_2129-375*7_2129-463*7_2129-154*7_2129-182*7_2129-1932*7_2129-2316*7_2129-2326*7_2129-72*7_2129-464*7_2129-2018*7_2129-2112*7_2129-2146*7_2129-2210*7_2129-2240*7_2129-71*7_2129-73*7_2129-281*7_2129-1931*7_2129-2315*7_2129-2327*7_2129-70*7_2129-74*7_2129-69*7_2129-75*7_2129-68*7_2129-76*7_2129-376*7_2129-1930*7_2129-2314*7_2129-2328*7_2129-153*7_2129-183*7_2129-465*7_2129-67*7_2129-77*7_2129-1929*7_2129-2017*7_2129-2209*7_2129-2241*7_2129-2313*7_2129-2329*7_2129-2147*7_2129-66*7_2129-78*7_2129-282*7_2129-152*7_2129-184*7_2129-1928*7_2129-2312*7_2129-2330*7_2129-65*7_2129-79*7_2129-377*7_2129-64*7_2129-80*7_2129-2016*7_2129-2208*7_2129-2242*7_2129-1927*7_2129-2311*7_2129-2331*7_2129-283*7_2129-63*7_2129-81*7_2129-185*7_2129-378*7_2129-1926*7_2129-2310*7_2129-2243*7_2129-62*7_2129-82*7_2129-1925*7_2129-2309*7_2297-1139*6_2297-1140*6_2152-555*6_2297-1141*6_2152-556*6_2297-1142*6_2152-557*6_2297-1143*6_2152-558*6_2297-2393*6_2297-1144*6_2297-2392*6_2297-2394*6_2297-2391*6_2297-2395*6_2297-2390*6_2297-2396*6_2297-1237*6_2152-559*6_2297-2389*6_2297-2397*6_2297-1145*6_2297-1238*6_2297-2388*6_2297-2398*6_2297-1239*6_2152-2246*6_2297-2399*6_2297-1146*6_2152-2245*6_2297-1240*6_2152-2244*6_2297-1147*6_2297-1241*6_2297-1148*6_2297-1242*6_2297-1149*6_2297-1243*6_2297-1244*6_2297-1150*6_2297-1245*6_2297-1151*6_2297-1246*6_2297-2489*6_2297-2488*6_2297-2490*6_2297-2487*6_2297-2491*6_2297-2486*6_2297-2492*6_2297-2485*6_2297-2493*6_2297-1247*6_2297-2494*6_2297-2495*6_1258-1249*4_1258-0*4_1258-1248*4_1258-1*4_2448-2433*7_2448-2432*7_2448-479*7_2448-2431*7_2448-2430*7_2448-2429*7_2448-2428*7_53-54*5_53-55*5_53-56*5_53-1920*5_53-1921*5_53-1922*5_53-57*5_53-1923*5_53-58*5_53-1924*5_53-59*5_53-60*5_53-61*5_2318-284*8_2318-285*8_2318-186*8_2318-286*8_2318-187*8_2318-188*8_2318-287*8_2318-189*8_2318-2414*8_2318-2413*8_2318-2415*8_2318-2412*8_2318-2416*8_2318-190*8_2318-2411*8_2318-2417*8_2318-2410*8_2318-2418*8_2318-191*8_2318-2409*8_2318-2419*8_2318-2308*8_2318-2408*8_2318-2420*8_2318-379*8_2318-2407*8_2318-2421*8_2318-380*8_2318-2307*8_2318-381*8_2318-2406*8_2318-2422*8_2318-382*8_2318-2306*8_2318-2405*8_2318-2423*8_2318-383*8_2318-2404*8_2318-2424*8_2318-2305*8_2318-2403*8_2318-2425*8_2318-88*8_2318-2304*8_2318-87*8_2318-89*8_2318-86*8_2318-90*8_2318-85*8_2318-91*8_2318-2402*8_2318-2426*8_2318-84*8_2318-92*8_2318-83*8_2318-93*8_2318-94*8_2318-2401*8_2318-2427*8_2318-95*8_2318-2400*8_1581-1580*3_1581-1579*3_1581-1578*3_1581-1577*3_1581-504*3_1581-1576*3_1581-503*3_1581-505*3_1581-502*3_1581-506*3_1581-501*3_1581-1575*3_1581-1574*3_
