"id","Scenario","Actual Range","Protocol","Buildings","Total nodes","Nodes on circ","Total coverage","Coverage on circ","Alert received mean time","Hops","Slots","Messages sent","Messages received", "Starting x", "Starting y","Starting node", "Vehicle distance", "Received node ids", "Node ids", "Transmission map", "Received on circ nodes", "Transmission vector"
0,1,300,300,1,2112,70,2112,70,12121.7,6.74286,12.3857,233,2112,100,100,0,45,1056_1_1057_2_1058_3_1059_4_1060_5_1061_6_1062_7_1063_8_88_1064_1144_89_1145_90_1146_9_1065_10_1066_11_1067_12_1068_0_91_1069_1150_13_1070_1151_14_96_1152_15_95_97_98_99_1153_16_1232_17_1155_1156_1157_1147_1148_1149_100_1071_176_1072_177_178_1073_179_1074_180_1075_181_1076_182_1077_92_183_93_1078_184_1160_1161_1162_1079_1163_264_1080_1164_266_267_1165_268_1081_269_1166_270_1082_1158_1159_1154_185_186_187_188_94_189_190_101_191_102_1249_1250_1167_1239_1251_1238_1252_272_1168_271_273_274_1237_1253_275_276_1169_192_1248_193_1247_194_1246_195_1245_196_1244_1254_197_1243_1255_198_280_1242_1256_199_279_281_278_282_277_283_1241_1257_200_1336_1335_1334_1333_104_1240_1258_103_105_201_1332_1259_1260_203_1345_289_1261_1337_1338_1339_1340_1331_1341_202_204_113_1327_205_114_290_1326_1346_206_1083_1084_265_1085_1086_1087_352_1088_353_354_355_1089_356_357_1090_1091_1092_1093_1094_1342_1343_288_1330_1344_207_287_286_285_291_1329_208_284_1424_1423_1422_1421_112_1328_111_209_1420_1347_1348_211_1433_297_1325_1349_1095_440_1096_441_442_1097_443_1098_444_1099_445_1100_446_1101_447_1102_448_1184_1185_1186_1103_1187_528_1104_1188_530_531_1175_1189_532_1105_533_1174_1190_534_1106_529_535_1107_452_536_1192_537_538_453_539_1193_540_454_1194_541_455_542_1179_1195_1271_1178_1196_1270_457_1177_1197_1269_1281_545_458_1268_1282_360_1176_1198_361_362_546_1267_1283_363_459_364_1199_1170_1171_1172_1173_210_212_1350_213_1351_214_1425_1426_376_1352_215_375_377_1427_374_378_1353_216_1428_1512_1511_1513_373_379_1510_1514_1419_1509_1515_372_380_1354_217_1508_1516_1418_371_381_1355_218_1507_1517_1417_370_382_1506_1518_1356_219_383_119_295_1357_220_118_1415_1441_1358_117_221_305_1503_1521_1442_1414_367_385_116_130_306_1359_1443_222_1502_1522_115_131_307_366_386_1413_1444_464_1360_223_1445_365_387_1361_1262_1263_368_1264_369_1265_1266_359_358_1191_1279_1278_1277_1276_1284_1275_1285_624_1200_449_625_1274_1286_1183_1201_1273_1287_1182_1202_549_1181_1203_633_550_634_1180_1204_551_635_460_636_552_1368_1367_1369_1366_1370_461_637_1365_1371_1364_1372_553_623_622_626_621_627_620_628_543_619_629_544_1280_450_451_1205_1206_292_293_294_296_1432_547_308_309_304_310_1520_1519_303_311_1523_302_312_1524_1608_1607_1609_1606_1610_1525_1605_1611_301_313_632_1288_1604_1612_1289_1526_300_314_1290_1603_1613_1527_1602_1614_1291_299_315_638_1292_391_298_316_639_390_1529_1293_225_317_389_401_640_1376_1617_1375_1377_1530_1294_1374_1378_226_388_402_1373_1379_318_1431_1430_1434_1618_641_227_403_1429_1435_1531_1380_1295_1436_319_642_720_1296_719_718_643_717_644_716_1298_715_729_1385_645_1299_554_714_730_1386_646_384_1440_1439_1438_1446_631_1437_1447_630_472_1448_471_470_1449_476_1450_392_1528_1363_1451_1362_1452_394_1537_463_481_1453_395_1538_465_462_482_1454_555_1381_556_1297_557_558_559_1457_561_1458_1459_562_1460_563_548_466_467_477_478_479_480_1536_228_229_393_483_224_230_1600_1599_1601_1598_231_1597_232_1596_1688_1687_1689_1686_1690_1595_1685_1691_233_1684_1692_1594_234_1683_1693_1593_1682_1694_1461_235_1462_135_236_134_1591_1463_133_145_237_321_1679_1697_1590_132_146_322_648_1464_647_649_238_1678_1698_650_147_323_1589_565_651_1465_239_652_566_1466_653_567_654_1467_1543_1468_569_1469_1553_657_570_1554_1470_658_1555_571_1471_110_1324_109_1323_108_120_1416_1322_107_121_1412_1321_1411_106_122_24_1320_23_22_123_21_20_124_19_1236_125_1235_18_1234_126_400_1616_399_1615_1619_1532_398_1620_1533_397_1621_1534_396_404_1622_405_1535_1623_406_488_1624_407_487_486_484_491_1625_408_1704_475_1703_1702_474_1701_1626_409_1539_1700_1627_1699_1540_1628_411_1541_1713_497_1629_1542_240_1776_1775_1777_1774_1778_241_1773_1779_242_1772_1780_243_1771_1781_244_1770_1782_245_1769_1783_246_152_328_1784_153_329_154_330_247_155_331_156_248_332_1864_1766_1786_157_333_249_1765_1787_250_489_490_410_1705_320_412_1696_1706_413_1695_1707_324_414_1708_325_415_326_1709_1793_1710_1794_417_1711_1795_572_418_1796_736_1472_735_737_496_1712_734_738_573_1797_419_733_739_1473_732_740_568_574_1544_1545_731_741_1474_575_1551_1550_1475_576_1632_1549_1631_1633_1630_1634_1476_1635_577_1561_1636_727_745_1455_1477_659_1562_578_1637_726_746_1478_1638_579_580_581_665_1641_666_582_1642_667_583_1863_1865_251_1862_1866_252_1861_1867_253_1860_1868_254_1859_1869_255_1858_1870_256_1952_1857_1871_1951_1953_1950_1954_1949_1955_257_160_336_1856_1872_159_335_158_334_258_1855_1873_259_260_1853_1875_169_345_1943_1961_261_1233_25_26_27_28_469_473_468_560_1456_564_1300_721_722_1301_723_1302_724_1303_725_808_1304_807_809_806_810_805_811_1305_804_812_713_813_1306_712_728_1208_1384_1207_1383_1382_1307_1308_710_1217_1393_799_817_1309_709_1218_1394_798_818_1310_128_1504_127_129_1501_1505_1500_1499_1498_1497_40_1496_39_41_38_42_37_43_136_1592_137_139_31_49_1798_1799_416_504_1792_1800_503_505_502_506_501_507_1791_1801_420_500_508_1790_1802_1546_421_499_509_1547_1789_1803_1548_422_498_510_1788_1804_511_1639_1805_1879_1889_425_513_1714_1806_1878_1890_1715_1877_1891_426_514_1785_1807_492_668_1716_1876_1892_584_1720_427_515_669_592_1808_1643_585_262_263_2040_2039_2041_2038_2042_2037_2043_2036_2044_2035_2045_1948_1956_2034_2046_1947_1957_2033_2047_1946_1958_2031_2049_2030_2050_166_342_1942_1962_165_341_2029_2051_742_743_744_1560_1559_1558_1557_1563_1556_1564_1565_747_1566_748_1479_749_823_833_1481_1569_750_822_834_821_835_1482_1570_751_660_820_836_816_1392_1483_1571_752_1648_1395_423_591_593_1809_590_594_1810_589_595_1811_327_337_588_596_338_1812_587_597_339_340_516_1813_586_598_1969_1970_1814_599_1971_433_1972_1815_600_1896_1721_1897_1722_1898_1723_1899_680_1816_601_679_681_1724_1900_435_1817_1818_603_1819_29_30_32_1408_1409_1410_33_34_35_36_2052_2028_2032_175_174_2053_2027_173_2048_2054_2026_351_172_350_2055_2025_349_171_348_2056_2024_439_87_86_170_438_85_347_437_2057_84_436_346_83_2058_168_1944_1945_434_2059_1959_2060_2061_2062_2063_1567_824_1480_1572_819_825_1573_826_1484_1574_837_1485_1575_838_1391_1390_1486_920_1576_839_919_921_815_918_922_1388_1487_923_1387_1577_840_1656_814_1655_912_1488_1654_913_1653_1578_841_914_1652_1579_1651_1490_1650_903_1580_843_1649_1665_1491_929_902_1402_1581_148_149_144_150_1680_1681_143_151_1677_142_1676_1768_1767_1675_141_1764_1674_140_1763_1673_1762_55_138_54_53_52_66_51_67_1588_887_905_1213_1893_670_1894_671_1895_664_672_1640_1728_512_1888_1727_1729_1726_1730_602_663_673_1725_1731_1887_1644_1732_604_662_674_1886_1645_1733_517_605_661_675_1885_1646_1734_518_606_676_1884_519_677_1883_1901_761_1975_1985_1737_521_609_678_762_1882_1902_1974_1986_763_1973_1987_1738_522_610_1881_1903_764_1988_1739_523_611_656_1552_424_688_1880_1904_1311_896_1312_895_897_894_898_803_893_899_1313_892_900_802_1314_891_901_801_890_1315_1215_1316_1214_1225_1317_1389_1401_1212_1226_1318_886_906_1211_1227_1403_797_1319_1657_1658_842_1659_1660_844_1661_845_1662_832_846_1568_1663_831_847_928_1664_753_754_930_755_931_830_848_1744_1647_1743_1745_756_932_829_849_828_850_1667_827_851_607_608_1984_1983_1982_1981_1980_1979_1989_1978_1990_687_612_686_1905_613_685_697_1993_1906_684_698_614_1994_683_699_1907_615_1854_161_1852_1761_1851_162_64_1760_63_62_163_61_60_164_59_73_74_682_767_768_1740_1824_1823_1825_1822_1826_1741_1821_1827_769_1828_1742_770_1829_1830_771_772_773_857_1833_1746_858_774_1834_859_1747_775_1874_2064_527_526_525_2065_524_2066_1967_1966_2067_1965_1964_2068_1963_2069_2070_1991_700_520_1976_2072_2071_2073_701_1909_702_1910_703_1911_2080_2079_2081_2078_2082_776_1820_1912_1997_2077_2083_777_778_2084_1913_1998_2085_1999_2086_1915_783_782_2001_2089_2002_2090_2003_428_1396_1397_1398_1399_904_1400_907_908_909_910_1404_1405_1489_1406_1407_784_2000_781_785_780_786_779_787_1996_2004_788_1995_2005_789_2006_790_2007_1914_791_696_872_1992_2008_873_874_875_2088_2009_2087_876_2011_1921_495_494_493_1717_1718_1719_1666_1668_1669_1670_927_926_1671_925_924_1016_1015_1017_1014_1018_933_1013_1019_1012_1020_934_1011_1021_935_1010_1022_1751_1750_937_1749_1007_1025_938_1748_1006_1026_917_939_48_50_1584_1585_47_1586_46_1587_45_44_56_1672_57_58_71_70_69_68_1977_689_690_691_692_1908_693_694_695_1916_888_1224_1228_889_1223_1229_885_1222_1230_884_1221_1231_883_976_1220_975_977_882_974_978_973_979_1219_972_980_881_971_981_880_1136_1135_1134_1133_800_1132_1216_1131_796_795_1130_794_1917_1918_1009_1023_1008_1024_1005_1027_2091_2092_2093_2094_2095_2096_879_878_877_2097_2098_2099_2100_2101_2010_2102_760_852_1736_759_758_757_853_1735_854_765_855_766_1835_1836_936_1752_1837_1753_2074_2075_2076_1582_1583_1004_992_1003_991_993_990_994_916_989_995_988_996_911_987_983_982_1759_1758_1757_1756_1028_1755_1029_1754_1030_1031_1032_1847_940_1033_1034_1035_1919_864_1920_863_865_862_866_861_867_860_868_1922_869_1923_871_1924_1925_1926_1927_2012_952_1928_1929_2014_343_344_1960_915_1492_1493_1494_1495_1000_999_1001_1002_984_985_986_941_942_943_944_1840_945_946_485_1841_1842_1843_1844_1845_870_959_961_958_962_957_963_955_965_954_966_2020_2021_2105_1930_2022_2106_1931_2107_2023_1932_2108_1048_998_997_951_953_950_949_948_956_947_1933_1934_960_2016_2017_2018_1935_2019_1040_1831_856_1832_2013_2015_964_967_2104_2109_432_1968_431_429_1838_1839_1047_1049_1046_1050_1045_1051_1044_1052_1043_1053_1042_1054_1041_1055_65_2110_2103_2111_75_72_76_1848_1849_1850_77_78_79_80_1936_1937_1938_1939_81_1940_1941_82_1039_1038_1037_1036_1846_167_456_1272_618_617_616_1112_1111_1113_1110_1114_1109_1115_1108_1116_1117_1118_1119_704_1120_705_706_1121_707_708_1122_1123_1124_711_1125_1209_1126_1210_1127_792_1128_793_1129_1142_430_1137_1138_1139_1140_1141_1143_968_969_970_655_,0_1_2_3_4_5_6_7_8_9_10_11_12_13_14_15_16_17_18_19_20_21_22_23_24_25_26_27_28_29_30_31_32_33_34_35_36_37_38_39_40_41_42_43_44_45_46_47_48_49_50_51_52_53_54_55_56_57_58_59_60_61_62_63_64_65_66_67_68_69_70_71_72_73_74_75_76_77_78_79_80_81_82_83_84_85_86_87_88_89_90_91_92_93_94_95_96_97_98_99_100_101_102_103_104_105_106_107_108_109_110_111_112_113_114_115_116_117_118_119_120_121_122_123_124_125_126_127_128_129_130_131_132_133_134_135_136_137_138_139_140_141_142_143_144_145_146_147_148_149_150_151_152_153_154_155_156_157_158_159_160_161_162_163_164_165_166_167_168_169_170_171_172_173_174_175_176_177_178_179_180_181_182_183_184_185_186_187_188_189_190_191_192_193_194_195_196_197_198_199_200_201_202_203_204_205_206_207_208_209_210_211_212_213_214_215_216_217_218_219_220_221_222_223_224_225_226_227_228_229_230_231_232_233_234_235_236_237_238_239_240_241_242_243_244_245_246_247_248_249_250_251_252_253_254_255_256_257_258_259_260_261_262_263_264_265_266_267_268_269_270_271_272_273_274_275_276_277_278_279_280_281_282_283_284_285_286_287_288_289_290_291_292_293_294_295_296_297_298_299_300_301_302_303_304_305_306_307_308_309_310_311_312_313_314_315_316_317_318_319_320_321_322_323_324_325_326_327_328_329_330_331_332_333_334_335_336_337_338_339_340_341_342_343_344_345_346_347_348_349_350_351_352_353_354_355_356_357_358_359_360_361_362_363_364_365_366_367_368_369_370_371_372_373_374_375_376_377_378_379_380_381_382_383_384_385_386_387_388_389_390_391_392_393_394_395_396_397_398_399_400_401_402_403_404_405_406_407_408_409_410_411_412_413_414_415_416_417_418_419_420_421_422_423_424_425_426_427_428_429_430_431_432_433_434_435_436_437_438_439_440_441_442_443_444_445_446_447_448_449_450_451_452_453_454_455_456_457_458_459_460_461_462_463_464_465_466_467_468_469_470_471_472_473_474_475_476_477_478_479_480_481_482_483_484_485_486_487_488_489_490_491_492_493_494_495_496_497_498_499_500_501_502_503_504_505_506_507_508_509_510_511_512_513_514_515_516_517_518_519_520_521_522_523_524_525_526_527_528_529_530_531_532_533_534_535_536_537_538_539_540_541_542_543_544_545_546_547_548_549_550_551_552_553_554_555_556_557_558_559_560_561_562_563_564_565_566_567_568_569_570_571_572_573_574_575_576_577_578_579_580_581_582_583_584_585_586_587_588_589_590_591_592_593_594_595_596_597_598_599_600_601_602_603_604_605_606_607_608_609_610_611_612_613_614_615_616_617_618_619_620_621_622_623_624_625_626_627_628_629_630_631_632_633_634_635_636_637_638_639_640_641_642_643_644_645_646_647_648_649_650_651_652_653_654_655_656_657_658_659_660_661_662_663_664_665_666_667_668_669_670_671_672_673_674_675_676_677_678_679_680_681_682_683_684_685_686_687_688_689_690_691_692_693_694_695_696_697_698_699_700_701_702_703_704_705_706_707_708_709_710_711_712_713_714_715_716_717_718_719_720_721_722_723_724_725_726_727_728_729_730_731_732_733_734_735_736_737_738_739_740_741_742_743_744_745_746_747_748_749_750_751_752_753_754_755_756_757_758_759_760_761_762_763_764_765_766_767_768_769_770_771_772_773_774_775_776_777_778_779_780_781_782_783_784_785_786_787_788_789_790_791_792_793_794_795_796_797_798_799_800_801_802_803_804_805_806_807_808_809_810_811_812_813_814_815_816_817_818_819_820_821_822_823_824_825_826_827_828_829_830_831_832_833_834_835_836_837_838_839_840_841_842_843_844_845_846_847_848_849_850_851_852_853_854_855_856_857_858_859_860_861_862_863_864_865_866_867_868_869_870_871_872_873_874_875_876_877_878_879_880_881_882_883_884_885_886_887_888_889_890_891_892_893_894_895_896_897_898_899_900_901_902_903_904_905_906_907_908_909_910_911_912_913_914_915_916_917_918_919_920_921_922_923_924_925_926_927_928_929_930_931_932_933_934_935_936_937_938_939_940_941_942_943_944_945_946_947_948_949_950_951_952_953_954_955_956_957_958_959_960_961_962_963_964_965_966_967_968_969_970_971_972_973_974_975_976_977_978_979_980_981_982_983_984_985_986_987_988_989_990_991_992_993_994_995_996_997_998_999_1000_1001_1002_1003_1004_1005_1006_1007_1008_1009_1010_1011_1012_1013_1014_1015_1016_1017_1018_1019_1020_1021_1022_1023_1024_1025_1026_1027_1028_1029_1030_1031_1032_1033_1034_1035_1036_1037_1038_1039_1040_1041_1042_1043_1044_1045_1046_1047_1048_1049_1050_1051_1052_1053_1054_1055_1056_1057_1058_1059_1060_1061_1062_1063_1064_1065_1066_1067_1068_1069_1070_1071_1072_1073_1074_1075_1076_1077_1078_1079_1080_1081_1082_1083_1084_1085_1086_1087_1088_1089_1090_1091_1092_1093_1094_1095_1096_1097_1098_1099_1100_1101_1102_1103_1104_1105_1106_1107_1108_1109_1110_1111_1112_1113_1114_1115_1116_1117_1118_1119_1120_1121_1122_1123_1124_1125_1126_1127_1128_1129_1130_1131_1132_1133_1134_1135_1136_1137_1138_1139_1140_1141_1142_1143_1144_1145_1146_1147_1148_1149_1150_1151_1152_1153_1154_1155_1156_1157_1158_1159_1160_1161_1162_1163_1164_1165_1166_1167_1168_1169_1170_1171_1172_1173_1174_1175_1176_1177_1178_1179_1180_1181_1182_1183_1184_1185_1186_1187_1188_1189_1190_1191_1192_1193_1194_1195_1196_1197_1198_1199_1200_1201_1202_1203_1204_1205_1206_1207_1208_1209_1210_1211_1212_1213_1214_1215_1216_1217_1218_1219_1220_1221_1222_1223_1224_1225_1226_1227_1228_1229_1230_1231_1232_1233_1234_1235_1236_1237_1238_1239_1240_1241_1242_1243_1244_1245_1246_1247_1248_1249_1250_1251_1252_1253_1254_1255_1256_1257_1258_1259_1260_1261_1262_1263_1264_1265_1266_1267_1268_1269_1270_1271_1272_1273_1274_1275_1276_1277_1278_1279_1280_1281_1282_1283_1284_1285_1286_1287_1288_1289_1290_1291_1292_1293_1294_1295_1296_1297_1298_1299_1300_1301_1302_1303_1304_1305_1306_1307_1308_1309_1310_1311_1312_1313_1314_1315_1316_1317_1318_1319_1320_1321_1322_1323_1324_1325_1326_1327_1328_1329_1330_1331_1332_1333_1334_1335_1336_1337_1338_1339_1340_1341_1342_1343_1344_1345_1346_1347_1348_1349_1350_1351_1352_1353_1354_1355_1356_1357_1358_1359_1360_1361_1362_1363_1364_1365_1366_1367_1368_1369_1370_1371_1372_1373_1374_1375_1376_1377_1378_1379_1380_1381_1382_1383_1384_1385_1386_1387_1388_1389_1390_1391_1392_1393_1394_1395_1396_1397_1398_1399_1400_1401_1402_1403_1404_1405_1406_1407_1408_1409_1410_1411_1412_1413_1414_1415_1416_1417_1418_1419_1420_1421_1422_1423_1424_1425_1426_1427_1428_1429_1430_1431_1432_1433_1434_1435_1436_1437_1438_1439_1440_1441_1442_1443_1444_1445_1446_1447_1448_1449_1450_1451_1452_1453_1454_1455_1456_1457_1458_1459_1460_1461_1462_1463_1464_1465_1466_1467_1468_1469_1470_1471_1472_1473_1474_1475_1476_1477_1478_1479_1480_1481_1482_1483_1484_1485_1486_1487_1488_1489_1490_1491_1492_1493_1494_1495_1496_1497_1498_1499_1500_1501_1502_1503_1504_1505_1506_1507_1508_1509_1510_1511_1512_1513_1514_1515_1516_1517_1518_1519_1520_1521_1522_1523_1524_1525_1526_1527_1528_1529_1530_1531_1532_1533_1534_1535_1536_1537_1538_1539_1540_1541_1542_1543_1544_1545_1546_1547_1548_1549_1550_1551_1552_1553_1554_1555_1556_1557_1558_1559_1560_1561_1562_1563_1564_1565_1566_1567_1568_1569_1570_1571_1572_1573_1574_1575_1576_1577_1578_1579_1580_1581_1582_1583_1584_1585_1586_1587_1588_1589_1590_1591_1592_1593_1594_1595_1596_1597_1598_1599_1600_1601_1602_1603_1604_1605_1606_1607_1608_1609_1610_1611_1612_1613_1614_1615_1616_1617_1618_1619_1620_1621_1622_1623_1624_1625_1626_1627_1628_1629_1630_1631_1632_1633_1634_1635_1636_1637_1638_1639_1640_1641_1642_1643_1644_1645_1646_1647_1648_1649_1650_1651_1652_1653_1654_1655_1656_1657_1658_1659_1660_1661_1662_1663_1664_1665_1666_1667_1668_1669_1670_1671_1672_1673_1674_1675_1676_1677_1678_1679_1680_1681_1682_1683_1684_1685_1686_1687_1688_1689_1690_1691_1692_1693_1694_1695_1696_1697_1698_1699_1700_1701_1702_1703_1704_1705_1706_1707_1708_1709_1710_1711_1712_1713_1714_1715_1716_1717_1718_1719_1720_1721_1722_1723_1724_1725_1726_1727_1728_1729_1730_1731_1732_1733_1734_1735_1736_1737_1738_1739_1740_1741_1742_1743_1744_1745_1746_1747_1748_1749_1750_1751_1752_1753_1754_1755_1756_1757_1758_1759_1760_1761_1762_1763_1764_1765_1766_1767_1768_1769_1770_1771_1772_1773_1774_1775_1776_1777_1778_1779_1780_1781_1782_1783_1784_1785_1786_1787_1788_1789_1790_1791_1792_1793_1794_1795_1796_1797_1798_1799_1800_1801_1802_1803_1804_1805_1806_1807_1808_1809_1810_1811_1812_1813_1814_1815_1816_1817_1818_1819_1820_1821_1822_1823_1824_1825_1826_1827_1828_1829_1830_1831_1832_1833_1834_1835_1836_1837_1838_1839_1840_1841_1842_1843_1844_1845_1846_1847_1848_1849_1850_1851_1852_1853_1854_1855_1856_1857_1858_1859_1860_1861_1862_1863_1864_1865_1866_1867_1868_1869_1870_1871_1872_1873_1874_1875_1876_1877_1878_1879_1880_1881_1882_1883_1884_1885_1886_1887_1888_1889_1890_1891_1892_1893_1894_1895_1896_1897_1898_1899_1900_1901_1902_1903_1904_1905_1906_1907_1908_1909_1910_1911_1912_1913_1914_1915_1916_1917_1918_1919_1920_1921_1922_1923_1924_1925_1926_1927_1928_1929_1930_1931_1932_1933_1934_1935_1936_1937_1938_1939_1940_1941_1942_1943_1944_1945_1946_1947_1948_1949_1950_1951_1952_1953_1954_1955_1956_1957_1958_1959_1960_1961_1962_1963_1964_1965_1966_1967_1968_1969_1970_1971_1972_1973_1974_1975_1976_1977_1978_1979_1980_1981_1982_1983_1984_1985_1986_1987_1988_1989_1990_1991_1992_1993_1994_1995_1996_1997_1998_1999_2000_2001_2002_2003_2004_2005_2006_2007_2008_2009_2010_2011_2012_2013_2014_2015_2016_2017_2018_2019_2020_2021_2022_2023_2024_2025_2026_2027_2028_2029_2030_2031_2032_2033_2034_2035_2036_2037_2038_2039_2040_2041_2042_2043_2044_2045_2046_2047_2048_2049_2050_2051_2052_2053_2054_2055_2056_2057_2058_2059_2060_2061_2062_2063_2064_2065_2066_2067_2068_2069_2070_2071_2072_2073_2074_2075_2076_2077_2078_2079_2080_2081_2082_2083_2084_2085_2086_2087_2088_2089_2090_2091_2092_2093_2094_2095_2096_2097_2098_2099_2100_2101_2102_2103_2104_2105_2106_2107_2108_2109_2110_2111_,0:{1056;1;1057;2;1058;3;1059;4;1060;5;1061;6;1062;7;1063;8;88;1064;1144;89;1145;90;1146;9;1065;10;1066;11;1067;12;1068;}4:{1147;1148;1149;100;}28:{29;30;32;1408;1409;1410;33;34;35;36;}49:{48;50;1584;1585;47;1586;46;1587;45;44;56;1672;57;58;}56:{65;}74:{75;72;76;1848;1849;1850;77;78;79;80;1936;1937;1938;1939;81;1940;1941;82;}114:{110;1324;109;1323;108;120;1416;1322;107;121;1412;1321;1411;106;122;24;1320;23;22;123;21;20;124;19;1236;125;1235;18;1234;126;}147:{148;149;144;150;1680;1681;143;151;1677;142;1676;1768;1767;1675;141;1764;1674;140;1763;1673;1762;55;138;54;53;52;66;51;67;1588;}154:{1854;161;1852;1761;1851;162;64;1760;63;62;163;61;60;164;59;73;74;}163:{71;70;69;68;}194:{1337;1338;1339;1340;1331;1341;202;204;113;1327;205;114;290;1326;1346;206;}211:{210;212;213;214;1425;1426;215;1427;216;1428;1512;1511;1513;1510;1514;1419;1509;1515;217;1508;1516;1418;218;1507;1517;1417;1506;1518;219;119;295;220;118;1415;117;221;305;1503;1521;1414;116;130;306;222;1502;1522;115;131;307;1413;223;}227:{228;229;224;230;1600;1599;1601;1598;231;1597;232;1596;1688;1687;1689;1686;1690;1595;1685;1691;233;1684;1692;1594;234;1683;1693;1593;1682;1694;235;135;236;134;1591;133;145;237;321;1679;1697;1590;132;146;322;238;1678;1698;147;323;1589;239;}238:{240;1776;1775;1777;1774;1778;241;1773;1779;242;1772;1780;243;1771;1781;244;1770;1782;245;1769;1783;246;152;328;1784;153;329;154;330;247;155;331;156;248;332;1864;1766;1786;157;333;249;1765;1787;250;}243:{1874;}249:{1863;1865;251;1862;1866;252;1861;1867;253;1860;1868;254;1859;1869;255;1858;1870;256;1952;1857;1871;1951;1953;1950;1954;1949;1955;257;160;336;1856;1872;159;335;158;334;258;1855;1873;259;260;1853;1875;169;345;1943;1961;261;}261:{262;263;2040;2039;2041;2038;2042;2037;2043;2036;2044;2035;2045;1948;1956;2034;2046;1947;1957;2033;2047;1946;1958;2031;2049;2030;2050;166;342;1942;1962;165;341;2029;2051;}273:{1170;1171;1172;1173;}284:{292;293;294;296;1432;}307:{308;309;304;310;1520;1519;303;311;1523;302;312;1524;1608;1607;1609;1606;1610;1525;1605;1611;301;313;1604;1612;1526;300;314;1603;1613;1527;1602;1614;299;315;391;298;316;390;1529;225;317;389;401;1617;1530;226;388;402;318;1431;1430;1434;1618;227;403;1429;1435;1531;1436;319;}339:{343;344;1960;}395:{489;490;}420:{423;327;337;338;339;340;516;}447:{456;1272;}471:{469;473;468;560;1456;564;}487:{485;}516:{1977;}535:{547;}541:{1279;1278;1277;1276;1284;1275;1285;1274;1286;1273;1287;549;633;550;634;551;635;460;636;552;1368;1367;1369;1366;1370;461;637;1365;1371;1364;1372;553;}547:{548;466;467;}571:{572;573;568;574;1544;1545;575;576;1632;1631;1633;1630;1634;1635;577;1636;578;1637;1638;579;580;581;665;1641;666;582;1642;667;583;}573:{1546;1547;1548;1639;492;668;584;1720;669;1643;585;}603:{607;608;1984;1983;1982;1981;1980;1979;1989;1978;1990;687;612;686;1905;613;685;697;1993;1906;684;698;614;1994;683;699;1907;615;}608:{1991;520;1976;2072;2071;2073;}619:{618;617;616;1112;1111;1113;1110;1114;1109;1115;1108;1116;1117;1118;1119;}634:{632;1288;1289;1290;1291;638;1292;639;1293;640;1376;1375;1377;1294;1374;1378;1373;1379;641;1380;1295;642;720;1296;719;718;643;717;644;716;1298;715;729;1385;645;1299;554;714;730;1386;646;}651:{655;}668:{670;671;664;672;1640;1728;1727;1729;1726;1730;663;673;1725;1731;1644;1732;662;674;1645;1733;661;675;1646;1734;676;677;761;1737;678;762;763;1738;764;1739;656;1552;}670:{682;}687:{1909;1910;1911;776;1820;1912;777;778;1913;1915;}699:{700;701;702;703;2080;2079;2081;2078;2082;1997;2077;2083;2084;1998;2085;1999;2086;783;782;2001;2089;2002;2090;2003;}727:{816;1392;1395;}740:{742;743;744;1560;1559;1558;1557;1563;1556;1564;1565;747;1566;748;1479;749;823;833;1481;1569;750;822;834;821;835;1482;1570;751;660;820;836;1483;1571;752;1648;}763:{767;768;1740;1824;1823;1825;1822;1826;1741;1821;1827;769;1828;1742;770;1829;1830;771;772;773;857;1833;1746;858;774;1834;859;1747;775;}783:{784;2000;781;785;780;786;779;787;1996;2004;788;1995;2005;789;2006;790;2007;1914;791;696;872;1992;2008;873;874;875;2088;2009;2087;876;2011;1921;}822:{824;1480;819;825;826;1484;1485;1391;1390;1486;815;1388;1487;1387;814;912;1488;913;914;1490;903;1491;902;1402;}839:{1657;1658;842;1659;1660;844;1661;845;1662;832;846;1568;1663;831;847;928;1664;753;754;930;755;931;830;848;1744;1647;1743;1745;756;932;829;849;828;850;1667;827;851;}934:{941;942;943;944;1840;945;946;}953:{1039;1038;1037;1036;1846;}971:{1142;}1023:{1759;1758;1757;1756;1028;1755;1029;1754;1030;1031;1032;1847;940;1033;1034;1035;}1058:{0;91;1069;1070;}1070:{1071;176;1072;177;178;1073;179;1074;180;1075;181;1076;182;1077;92;183;93;1078;184;1160;1161;1162;1079;1163;264;1080;1164;266;267;1165;268;1081;269;1166;270;1082;}1082:{1083;1084;265;1085;1086;1087;352;1088;353;354;355;1089;356;357;1090;1091;1092;1093;1094;}1094:{1095;440;1096;441;442;1097;443;1098;444;1099;445;1100;446;1101;447;1102;448;1184;1185;1186;1103;1187;528;1104;1188;530;531;1175;1189;532;1105;533;1174;1190;534;1106;}1095:{529;535;1107;}1117:{704;1120;705;706;1121;707;708;1122;1123;1124;711;1125;1209;1126;1210;1127;792;1128;793;1129;}1129:{1137;1138;1139;1140;1141;}1141:{1143;968;969;970;}1145:{1150;13;1151;14;96;1152;15;95;97;98;99;1153;16;1232;17;1155;1156;1157;}1157:{1158;1159;1154;185;186;187;188;94;189;190;101;191;102;1249;1250;1167;1239;1251;1238;1252;272;1168;271;273;274;1237;1253;275;276;1169;}1187:{452;536;1192;537;538;453;539;1193;540;454;1194;541;455;542;1179;1195;1271;1178;1196;1270;457;1177;1197;1269;1281;545;458;1268;1282;360;1176;1198;361;362;546;1267;1283;363;459;364;1199;}1192:{1191;624;1200;449;625;1183;1201;1182;1202;1181;1203;1180;1204;}1194:{623;622;626;621;627;620;628;543;619;629;544;1280;450;451;1205;1206;}1226:{888;1224;1228;889;1223;1229;885;1222;1230;884;1221;1231;883;976;1220;975;977;882;974;978;973;979;1219;972;980;881;971;981;880;1136;1135;1134;1133;800;1132;1216;1131;796;795;1130;794;}1232:{1233;25;26;27;28;}1249:{192;1248;193;1247;194;1246;195;1245;196;1244;1254;197;1243;1255;198;280;1242;1256;199;279;281;278;282;277;283;1241;1257;200;1336;1335;1334;1333;104;1240;1258;103;105;201;1332;1259;1260;203;1345;289;1261;}1258:{1262;1263;368;1264;369;1265;1266;359;358;}1286:{631;630;1381;1297;}1298:{1300;721;722;1301;723;1302;724;1303;725;808;1304;807;809;806;810;805;811;1305;804;812;713;813;1306;712;728;1208;1384;1207;1383;1382;1307;1308;710;1217;1393;799;817;1309;709;1218;1394;798;818;1310;}1307:{1311;896;1312;895;897;894;898;803;893;899;1313;892;900;802;1314;891;901;801;890;1315;1215;1316;1214;1225;1317;1389;1401;1212;1226;1318;886;906;1211;1227;1403;797;1319;}1309:{887;905;1213;}1317:{984;985;986;}1337:{1342;1343;288;1330;1344;207;287;286;285;291;1329;208;284;1424;1423;1422;1421;112;1328;111;209;1420;1347;1348;211;1433;297;1325;1349;}1349:{1350;1351;376;1352;375;377;374;378;1353;373;379;372;380;1354;371;381;1355;370;382;1356;383;1357;1441;1358;1442;367;385;1359;1443;366;386;1444;464;1360;1445;365;387;1361;}1364:{1363;1362;465;555;556;557;558;559;1457;561;1458;1459;562;1460;563;}1395:{1396;1397;1398;1399;904;1400;907;908;909;910;1404;1405;1489;1406;1407;}1402:{992;991;993;990;994;989;995;988;996;911;987;983;982;}1442:{384;1440;1439;1438;1446;1437;1447;472;1448;471;470;1449;476;1450;392;1528;1451;1452;394;1537;463;481;1453;395;1538;462;482;1454;}1446:{477;478;479;480;1536;393;483;}1459:{1461;1462;1463;648;1464;647;649;650;565;651;1465;652;566;1466;653;567;654;1467;1543;1468;569;1469;1553;657;570;1554;1470;658;1555;571;1471;}1466:{736;1472;735;737;734;738;733;739;1473;732;740;731;741;1474;1551;1550;1475;1549;1476;1561;727;745;1455;1477;659;1562;726;746;1478;}1488:{915;1492;1493;1494;1495;1000;999;1001;1002;}1492:{998;997;}1503:{128;1504;127;129;1501;1505;1500;1499;1498;1497;40;1496;39;41;38;42;37;43;136;1592;137;139;31;49;}1531:{1532;1533;1534;1535;484;475;474;1539;1540;1541;1542;}1569:{1567;1572;1573;1574;837;1575;838;920;1576;839;919;921;918;922;923;1577;840;1656;1655;1654;1653;1578;841;1652;1579;1651;1650;1580;843;1649;1665;929;1581;}1581:{1582;1583;1004;1003;916;}1617:{400;1616;399;1615;1619;398;1620;397;1621;396;404;1622;405;1623;406;488;1624;407;487;486;491;1625;408;1704;1703;1702;1701;1626;409;1700;1627;1699;1628;411;1713;497;1629;}1667:{1666;1668;1669;1670;927;926;1671;925;924;1016;1015;1017;1014;1018;933;1013;1019;1012;1020;934;1011;1021;935;1010;1022;1751;1750;937;1749;1007;1025;938;1748;1006;1026;917;939;}1671:{1009;1023;1008;1024;1005;1027;}1701:{410;1705;320;412;1696;1706;413;1695;1707;324;414;1708;325;415;326;1709;1793;1710;1794;417;1711;1795;418;1796;496;1712;1797;419;}1709:{495;494;493;1717;1718;1719;}1741:{760;852;1736;759;758;757;853;1735;854;765;855;766;1835;1836;936;1752;1837;1753;}1750:{1841;1842;1843;1844;1845;}1796:{1798;1799;416;504;1792;1800;503;505;502;506;501;507;1791;1801;420;500;508;1790;1802;421;499;509;1789;1803;422;498;510;1788;1804;511;1805;1879;1889;425;513;1714;1806;1878;1890;1715;1877;1891;426;514;1785;1807;1716;1876;1892;427;515;592;1808;}1807:{591;593;1809;590;594;1810;589;595;1811;588;596;1812;587;597;1813;586;598;1814;599;1815;600;1896;1721;1897;1722;1898;1723;1899;680;1816;601;679;681;1724;1900;1817;1818;603;1819;}1823:{1831;856;1832;}1832:{1838;1839;}1878:{428;}1879:{1969;1970;1971;433;1972;435;}1892:{1893;1894;1895;512;1888;602;1887;604;1886;517;605;1885;518;606;1884;519;1883;1901;1975;1985;521;609;1882;1902;1974;1986;1973;1987;522;610;1881;1903;1988;523;611;424;688;1880;1904;}1904:{689;690;691;692;1908;693;694;695;1916;}1906:{1917;1918;}1917:{1919;864;1920;863;865;862;866;861;867;860;868;1922;869;1923;1924;1925;1926;1927;952;1928;1929;}1926:{951;953;950;949;948;956;947;1933;1934;960;2016;2017;2018;1935;2019;1040;}1939:{167;}1960:{430;}1977:{432;1968;431;429;}2002:{871;2012;2014;}2007:{870;}2012:{959;961;958;962;957;963;955;965;954;966;2020;2021;2105;1930;2022;2106;1931;2107;2023;1932;2108;1048;}2014:{2013;2015;964;967;2104;2109;}2021:{1047;1049;1046;1050;1045;1051;1044;1052;1043;1053;1042;1054;1041;1055;}2030:{2028;2032;175;174;2027;173;2026;172;2025;171;2024;87;86;170;85;84;83;168;1944;1945;}2051:{2052;2053;2048;2054;351;350;2055;349;348;2056;439;438;347;437;2057;436;346;2058;434;2059;1959;2060;2061;2062;2063;}2058:{2064;527;526;525;2065;524;2066;1967;1966;2067;1965;1964;2068;1963;2069;2070;}2065:{2074;2075;2076;}2090:{2091;2092;2093;2094;2095;2096;879;878;877;2097;2098;2099;2100;2101;2010;2102;}2107:{2110;2103;2111;},39_40_41_126_127_128_129_211_212_213_214_294_295_296_297_298_373_374_375_376_377_378_440_441_442_443_444_445_446_447_448_449_450_451_452_1095_1096_1097_1182_1183_1184_1185_1267_1268_1269_1270_1350_1351_1352_1353_1354_1429_1430_1431_1432_1433_1434_1496_1497_1498_1499_1500_1501_1502_1503_1504_1505_1506_1507_1508_,0-1056*0_0-1*0_0-1057*0_0-2*0_0-1058*0_0-3*0_0-1059*0_0-4*0_0-1060*0_0-5*0_0-1061*0_0-6*0_0-1062*0_0-7*0_0-1063*0_0-8*0_0-88*0_0-1064*0_0-1144*0_0-89*0_0-1145*0_0-90*0_0-1146*0_0-9*0_0-1065*0_0-10*0_0-1066*0_0-11*0_0-1067*0_0-12*0_0-1068*0_1058-0*1_1058-91*1_1058-1069*1_1145-1150*1_1145-13*1_1058-1070*1_1145-1151*1_1145-14*1_1145-96*1_1145-1152*1_1145-15*1_1145-95*1_1145-97*1_1145-98*1_1145-99*1_1145-1153*1_1145-16*1_1145-1232*1_1145-17*1_1145-1155*1_1145-1156*1_1145-1157*1_4-1147*1_4-1148*1_4-1149*1_4-100*1_1070-1071*2_1070-176*2_1070-1072*2_1070-177*2_1070-178*2_1070-1073*2_1070-179*2_1070-1074*2_1070-180*2_1070-1075*2_1070-181*2_1070-1076*2_1070-182*2_1070-1077*2_1070-92*2_1070-183*2_1070-93*2_1070-1078*2_1070-184*2_1070-1160*2_1070-1161*2_1070-1162*2_1070-1079*2_1070-1163*2_1070-264*2_1070-1080*2_1070-1164*2_1070-266*2_1070-267*2_1070-1165*2_1070-268*2_1070-1081*2_1070-269*2_1070-1166*2_1070-270*2_1070-1082*2_1157-1158*2_1157-1159*2_1157-1154*2_1157-185*2_1157-186*2_1157-187*2_1157-188*2_1157-94*2_1157-189*2_1157-190*2_1157-101*2_1157-191*2_1157-102*2_1157-1249*2_1157-1250*2_1157-1167*2_1157-1239*2_1157-1251*2_1157-1238*2_1157-1252*2_1157-272*2_1157-1168*2_1157-271*2_1157-273*2_1157-274*2_1157-1237*2_1157-1253*2_1157-275*2_1157-276*2_1157-1169*2_1249-192*3_1249-1248*3_1249-193*3_1249-1247*3_1249-194*3_1249-1246*3_1249-195*3_1249-1245*3_1249-196*3_1249-1244*3_1249-1254*3_1249-197*3_1249-1243*3_1249-1255*3_1249-198*3_1249-280*3_1249-1242*3_1249-1256*3_1249-199*3_1249-279*3_1249-281*3_1249-278*3_1249-282*3_1249-277*3_1249-283*3_1249-1241*3_1249-1257*3_1249-200*3_1249-1336*3_1249-1335*3_1249-1334*3_1249-1333*3_1249-104*3_1249-1240*3_1249-1258*3_1249-103*3_1249-105*3_1249-201*3_1249-1332*3_1249-1259*3_1249-1260*3_1249-203*3_1249-1345*3_1249-289*3_1249-1261*3_194-1337*4_194-1338*4_194-1339*4_194-1340*4_194-1331*4_194-1341*4_194-202*4_194-204*4_194-113*4_194-1327*4_194-205*4_194-114*4_194-290*4_194-1326*4_194-1346*4_194-206*4_1082-1083*3_1082-1084*3_1082-265*3_1082-1085*3_1082-1086*3_1082-1087*3_1082-352*3_1082-1088*3_1082-353*3_1082-354*3_1082-355*3_1082-1089*3_1082-356*3_1082-357*3_1082-1090*3_1082-1091*3_1082-1092*3_1082-1093*3_1082-1094*3_1337-1342*5_1337-1343*5_1337-288*5_1337-1330*5_1337-1344*5_1337-207*5_1337-287*5_1337-286*5_1337-285*5_1337-291*5_1337-1329*5_1337-208*5_1337-284*5_1337-1424*5_1337-1423*5_1337-1422*5_1337-1421*5_1337-112*5_1337-1328*5_1337-111*5_1337-209*5_1337-1420*5_1337-1347*5_1337-1348*5_1337-211*5_1337-1433*5_1337-297*5_1337-1325*5_1337-1349*5_1094-1095*4_1094-440*4_1094-1096*4_1094-441*4_1094-442*4_1094-1097*4_1094-443*4_1094-1098*4_1094-444*4_1094-1099*4_1094-445*4_1094-1100*4_1094-446*4_1094-1101*4_1094-447*4_1094-1102*4_1094-448*4_1094-1184*4_1094-1185*4_1094-1186*4_1094-1103*4_1094-1187*4_1094-528*4_1094-1104*4_1094-1188*4_1094-530*4_1094-531*4_1094-1175*4_1094-1189*4_1094-532*4_1094-1105*4_1094-533*4_1094-1174*4_1094-1190*4_1094-534*4_1094-1106*4_1095-529*5_1095-535*5_1095-1107*5_1187-452*5_1187-536*5_1187-1192*5_1187-537*5_1187-538*5_1187-453*5_1187-539*5_1187-1193*5_1187-540*5_1187-454*5_1187-1194*5_1187-541*5_1187-455*5_1187-542*5_1187-1179*5_1187-1195*5_1187-1271*5_1187-1178*5_1187-1196*5_1187-1270*5_1187-457*5_1187-1177*5_1187-1197*5_1187-1269*5_1187-1281*5_1187-545*5_1187-458*5_1187-1268*5_1187-1282*5_1187-360*5_1187-1176*5_1187-1198*5_1187-361*5_1187-362*5_1187-546*5_1187-1267*5_1187-1283*5_1187-363*5_1187-459*5_1187-364*5_1187-1199*5_273-1170*3_273-1171*3_273-1172*3_273-1173*3_211-210*6_211-212*6_1349-1350*6_211-213*6_1349-1351*6_211-214*6_211-1425*6_211-1426*6_1349-376*6_1349-1352*6_211-215*6_1349-375*6_1349-377*6_211-1427*6_1349-374*6_1349-378*6_1349-1353*6_211-216*6_211-1428*6_211-1512*6_211-1511*6_211-1513*6_1349-373*6_1349-379*6_211-1510*6_211-1514*6_211-1419*6_211-1509*6_211-1515*6_1349-372*6_1349-380*6_1349-1354*6_211-217*6_211-1508*6_211-1516*6_211-1418*6_1349-371*6_1349-381*6_1349-1355*6_211-218*6_211-1507*6_211-1517*6_211-1417*6_1349-370*6_1349-382*6_211-1506*6_211-1518*6_1349-1356*6_211-219*6_1349-383*6_211-119*6_211-295*6_1349-1357*6_211-220*6_211-118*6_211-1415*6_1349-1441*6_1349-1358*6_211-117*6_211-221*6_211-305*6_211-1503*6_211-1521*6_1349-1442*6_211-1414*6_1349-367*6_1349-385*6_211-116*6_211-130*6_211-306*6_1349-1359*6_1349-1443*6_211-222*6_211-1502*6_211-1522*6_211-115*6_211-131*6_211-307*6_1349-366*6_1349-386*6_211-1413*6_1349-1444*6_1349-464*6_1349-1360*6_211-223*6_1349-1445*6_1349-365*6_1349-387*6_1349-1361*6_1258-1262*4_1258-1263*4_1258-368*4_1258-1264*4_1258-369*4_1258-1265*4_1258-1266*4_1258-359*4_1258-358*4_1192-1191*6_541-1279*6_541-1278*6_541-1277*6_541-1276*6_541-1284*6_541-1275*6_541-1285*6_1192-624*6_1192-1200*6_1192-449*6_1192-625*6_541-1274*6_541-1286*6_1192-1183*6_1192-1201*6_541-1273*6_541-1287*6_1192-1182*6_1192-1202*6_541-549*6_1192-1181*6_1192-1203*6_541-633*6_541-550*6_541-634*6_1192-1180*6_1192-1204*6_541-551*6_541-635*6_541-460*6_541-636*6_541-552*6_541-1368*6_541-1367*6_541-1369*6_541-1366*6_541-1370*6_541-461*6_541-637*6_541-1365*6_541-1371*6_541-1364*6_541-1372*6_541-553*6_1194-623*6_1194-622*6_1194-626*6_1194-621*6_1194-627*6_1194-620*6_1194-628*6_1194-543*6_1194-619*6_1194-629*6_1194-544*6_1194-1280*6_1194-450*6_1194-451*6_1194-1205*6_1194-1206*6_284-292*6_284-293*6_284-294*6_284-296*6_284-1432*6_535-547*6_307-308*7_307-309*7_307-304*7_307-310*7_307-1520*7_307-1519*7_307-303*7_307-311*7_307-1523*7_307-302*7_307-312*7_307-1524*7_307-1608*7_307-1607*7_307-1609*7_307-1606*7_307-1610*7_307-1525*7_307-1605*7_307-1611*7_307-301*7_307-313*7_634-632*7_634-1288*7_307-1604*7_307-1612*7_634-1289*7_307-1526*7_307-300*7_307-314*7_634-1290*7_307-1603*7_307-1613*7_307-1527*7_307-1602*7_307-1614*7_634-1291*7_307-299*7_307-315*7_634-638*7_634-1292*7_307-391*7_307-298*7_307-316*7_634-639*7_307-390*7_307-1529*7_634-1293*7_307-225*7_307-317*7_307-389*7_307-401*7_634-640*7_634-1376*7_307-1617*7_634-1375*7_634-1377*7_307-1530*7_634-1294*7_634-1374*7_634-1378*7_307-226*7_307-388*7_307-402*7_634-1373*7_634-1379*7_307-318*7_307-1431*7_307-1430*7_307-1434*7_307-1618*7_634-641*7_307-227*7_307-403*7_307-1429*7_307-1435*7_307-1531*7_634-1380*7_634-1295*7_307-1436*7_307-319*7_634-642*7_634-720*7_634-1296*7_634-719*7_634-718*7_634-643*7_634-717*7_634-644*7_634-716*7_634-1298*7_634-715*7_634-729*7_634-1385*7_634-645*7_634-1299*7_634-554*7_634-714*7_634-730*7_634-1386*7_634-646*7_1442-384*7_1442-1440*7_1442-1439*7_1442-1438*7_1442-1446*7_1286-631*7_1442-1437*7_1442-1447*7_1286-630*7_1442-472*7_1442-1448*7_1442-471*7_1442-470*7_1442-1449*7_1442-476*7_1442-1450*7_1442-392*7_1442-1528*7_1364-1363*7_1442-1451*7_1364-1362*7_1442-1452*7_1442-394*7_1442-1537*7_1442-463*7_1442-481*7_1442-1453*7_1442-395*7_1442-1538*7_1364-465*7_1442-462*7_1442-482*7_1442-1454*7_1364-555*7_1286-1381*7_1364-556*7_1286-1297*7_1364-557*7_1364-558*7_1364-559*7_1364-1457*7_1364-561*7_1364-1458*7_1364-1459*7_1364-562*7_1364-1460*7_1364-563*7_547-548*7_547-466*7_547-467*7_1446-477*8_1446-478*8_1446-479*8_1446-480*8_1446-1536*8_227-228*8_227-229*8_1446-393*8_1446-483*8_227-224*8_227-230*8_227-1600*8_227-1599*8_227-1601*8_227-1598*8_227-231*8_227-1597*8_227-232*8_227-1596*8_227-1688*8_227-1687*8_227-1689*8_227-1686*8_227-1690*8_227-1595*8_227-1685*8_227-1691*8_227-233*8_227-1684*8_227-1692*8_227-1594*8_227-234*8_227-1683*8_227-1693*8_227-1593*8_227-1682*8_227-1694*8_1459-1461*8_227-235*8_1459-1462*8_227-135*8_227-236*8_227-134*8_227-1591*8_1459-1463*8_227-133*8_227-145*8_227-237*8_227-321*8_227-1679*8_227-1697*8_227-1590*8_227-132*8_227-146*8_227-322*8_1459-648*8_1459-1464*8_1459-647*8_1459-649*8_227-238*8_227-1678*8_227-1698*8_1459-650*8_227-147*8_227-323*8_227-1589*8_1459-565*8_1459-651*8_1459-1465*8_227-239*8_1459-652*8_1459-566*8_1459-1466*8_1459-653*8_1459-567*8_1459-654*8_1459-1467*8_1459-1543*8_1459-1468*8_1459-569*8_1459-1469*8_1459-1553*8_1459-657*8_1459-570*8_1459-1554*8_1459-1470*8_1459-658*8_1459-1555*8_1459-571*8_1459-1471*8_114-110*5_114-1324*5_114-109*5_114-1323*5_114-108*5_114-120*5_114-1416*5_114-1322*5_114-107*5_114-121*5_114-1412*5_114-1321*5_114-1411*5_114-106*5_114-122*5_114-24*5_114-1320*5_114-23*5_114-22*5_114-123*5_114-21*5_114-20*5_114-124*5_114-19*5_114-1236*5_114-125*5_114-1235*5_114-18*5_114-1234*5_114-126*5_1617-400*8_1617-1616*8_1617-399*8_1617-1615*8_1617-1619*8_1531-1532*8_1617-398*8_1617-1620*8_1531-1533*8_1617-397*8_1617-1621*8_1531-1534*8_1617-396*8_1617-404*8_1617-1622*8_1617-405*8_1531-1535*8_1617-1623*8_1617-406*8_1617-488*8_1617-1624*8_1617-407*8_1617-487*8_1617-486*8_1531-484*8_1617-491*8_1617-1625*8_1617-408*8_1617-1704*8_1531-475*8_1617-1703*8_1617-1702*8_1531-474*8_1617-1701*8_1617-1626*8_1617-409*8_1531-1539*8_1617-1700*8_1617-1627*8_1617-1699*8_1531-1540*8_1617-1628*8_1617-411*8_1531-1541*8_1617-1713*8_1617-497*8_1617-1629*8_1531-1542*8_238-240*9_238-1776*9_238-1775*9_238-1777*9_238-1774*9_238-1778*9_238-241*9_238-1773*9_238-1779*9_238-242*9_238-1772*9_238-1780*9_238-243*9_238-1771*9_238-1781*9_238-244*9_238-1770*9_238-1782*9_238-245*9_238-1769*9_238-1783*9_238-246*9_238-152*9_238-328*9_238-1784*9_238-153*9_238-329*9_238-154*9_238-330*9_238-247*9_238-155*9_238-331*9_238-156*9_238-248*9_238-332*9_238-1864*9_238-1766*9_238-1786*9_238-157*9_238-333*9_238-249*9_238-1765*9_238-1787*9_238-250*9_395-489*8_395-490*8_1701-410*9_1701-1705*9_1701-320*9_1701-412*9_1701-1696*9_1701-1706*9_1701-413*9_1701-1695*9_1701-1707*9_1701-324*9_1701-414*9_1701-1708*9_1701-325*9_1701-415*9_1701-326*9_1701-1709*9_1701-1793*9_1701-1710*9_1701-1794*9_1701-417*9_1701-1711*9_1701-1795*9_571-572*9_1701-418*9_1701-1796*9_1466-736*9_1466-1472*9_1466-735*9_1466-737*9_1701-496*9_1701-1712*9_1466-734*9_1466-738*9_571-573*9_1701-1797*9_1701-419*9_1466-733*9_1466-739*9_1466-1473*9_1466-732*9_1466-740*9_571-568*9_571-574*9_571-1544*9_571-1545*9_1466-731*9_1466-741*9_1466-1474*9_571-575*9_1466-1551*9_1466-1550*9_1466-1475*9_571-576*9_571-1632*9_1466-1549*9_571-1631*9_571-1633*9_571-1630*9_571-1634*9_1466-1476*9_571-1635*9_571-577*9_1466-1561*9_571-1636*9_1466-727*9_1466-745*9_1466-1455*9_1466-1477*9_1466-659*9_1466-1562*9_571-578*9_571-1637*9_1466-726*9_1466-746*9_1466-1478*9_571-1638*9_571-579*9_571-580*9_571-581*9_571-665*9_571-1641*9_571-666*9_571-582*9_571-1642*9_571-667*9_571-583*9_249-1863*10_249-1865*10_249-251*10_249-1862*10_249-1866*10_249-252*10_249-1861*10_249-1867*10_249-253*10_249-1860*10_249-1868*10_249-254*10_249-1859*10_249-1869*10_249-255*10_249-1858*10_249-1870*10_249-256*10_249-1952*10_249-1857*10_249-1871*10_249-1951*10_249-1953*10_249-1950*10_249-1954*10_249-1949*10_249-1955*10_249-257*10_249-160*10_249-336*10_249-1856*10_249-1872*10_249-159*10_249-335*10_249-158*10_249-334*10_249-258*10_249-1855*10_249-1873*10_249-259*10_249-260*10_249-1853*10_249-1875*10_249-169*10_249-345*10_249-1943*10_249-1961*10_249-261*10_1232-1233*2_1232-25*2_1232-26*2_1232-27*2_1232-28*2_471-469*8_471-473*8_471-468*8_471-560*8_471-1456*8_471-564*8_1298-1300*8_1298-721*8_1298-722*8_1298-1301*8_1298-723*8_1298-1302*8_1298-724*8_1298-1303*8_1298-725*8_1298-808*8_1298-1304*8_1298-807*8_1298-809*8_1298-806*8_1298-810*8_1298-805*8_1298-811*8_1298-1305*8_1298-804*8_1298-812*8_1298-713*8_1298-813*8_1298-1306*8_1298-712*8_1298-728*8_1298-1208*8_1298-1384*8_1298-1207*8_1298-1383*8_1298-1382*8_1298-1307*8_1298-1308*8_1298-710*8_1298-1217*8_1298-1393*8_1298-799*8_1298-817*8_1298-1309*8_1298-709*8_1298-1218*8_1298-1394*8_1298-798*8_1298-818*8_1298-1310*8_1503-128*7_1503-1504*7_1503-127*7_1503-129*7_1503-1501*7_1503-1505*7_1503-1500*7_1503-1499*7_1503-1498*7_1503-1497*7_1503-40*7_1503-1496*7_1503-39*7_1503-41*7_1503-38*7_1503-42*7_1503-37*7_1503-43*7_1503-136*7_1503-1592*7_1503-137*7_1503-139*7_1503-31*7_1503-49*7_1796-1798*10_1796-1799*10_1796-416*10_1796-504*10_1796-1792*10_1796-1800*10_1796-503*10_1796-505*10_1796-502*10_1796-506*10_1796-501*10_1796-507*10_1796-1791*10_1796-1801*10_1796-420*10_1796-500*10_1796-508*10_1796-1790*10_1796-1802*10_573-1546*10_1796-421*10_1796-499*10_1796-509*10_573-1547*10_1796-1789*10_1796-1803*10_573-1548*10_1796-422*10_1796-498*10_1796-510*10_1796-1788*10_1796-1804*10_1796-511*10_573-1639*10_1796-1805*10_1796-1879*10_1796-1889*10_1796-425*10_1796-513*10_1796-1714*10_1796-1806*10_1796-1878*10_1796-1890*10_1796-1715*10_1796-1877*10_1796-1891*10_1796-426*10_1796-514*10_1796-1785*10_1796-1807*10_573-492*10_573-668*10_1796-1716*10_1796-1876*10_1796-1892*10_573-584*10_573-1720*10_1796-427*10_1796-515*10_573-669*10_1796-592*10_1796-1808*10_573-1643*10_573-585*10_261-262*11_261-263*11_261-2040*11_261-2039*11_261-2041*11_261-2038*11_261-2042*11_261-2037*11_261-2043*11_261-2036*11_261-2044*11_261-2035*11_261-2045*11_261-1948*11_261-1956*11_261-2034*11_261-2046*11_261-1947*11_261-1957*11_261-2033*11_261-2047*11_261-1946*11_261-1958*11_261-2031*11_261-2049*11_261-2030*11_261-2050*11_261-166*11_261-342*11_261-1942*11_261-1962*11_261-165*11_261-341*11_261-2029*11_261-2051*11_740-742*10_740-743*10_740-744*10_740-1560*10_740-1559*10_740-1558*10_740-1557*10_740-1563*10_740-1556*10_740-1564*10_740-1565*10_740-747*10_740-1566*10_740-748*10_740-1479*10_740-749*10_740-823*10_740-833*10_740-1481*10_740-1569*10_740-750*10_740-822*10_740-834*10_740-821*10_740-835*10_740-1482*10_740-1570*10_740-751*10_740-660*10_740-820*10_740-836*10_727-816*10_727-1392*10_740-1483*10_740-1571*10_740-752*10_740-1648*10_727-1395*10_420-423*11_1807-591*11_1807-593*11_1807-1809*11_1807-590*11_1807-594*11_1807-1810*11_1807-589*11_1807-595*11_1807-1811*11_420-327*11_420-337*11_1807-588*11_1807-596*11_420-338*11_1807-1812*11_1807-587*11_1807-597*11_420-339*11_420-340*11_420-516*11_1807-1813*11_1807-586*11_1807-598*11_1879-1969*11_1879-1970*11_1807-1814*11_1807-599*11_1879-1971*11_1879-433*11_1879-1972*11_1807-1815*11_1807-600*11_1807-1896*11_1807-1721*11_1807-1897*11_1807-1722*11_1807-1898*11_1807-1723*11_1807-1899*11_1807-680*11_1807-1816*11_1807-601*11_1807-679*11_1807-681*11_1807-1724*11_1807-1900*11_1879-435*11_1807-1817*11_1807-1818*11_1807-603*11_1807-1819*11_28-29*3_28-30*3_28-32*3_28-1408*3_28-1409*3_28-1410*3_28-33*3_28-34*3_28-35*3_28-36*3_2051-2052*12_2030-2028*12_2030-2032*12_2030-175*12_2030-174*12_2051-2053*12_2030-2027*12_2030-173*12_2051-2048*12_2051-2054*12_2030-2026*12_2051-351*12_2030-172*12_2051-350*12_2051-2055*12_2030-2025*12_2051-349*12_2030-171*12_2051-348*12_2051-2056*12_2030-2024*12_2051-439*12_2030-87*12_2030-86*12_2030-170*12_2051-438*12_2030-85*12_2051-347*12_2051-437*12_2051-2057*12_2030-84*12_2051-436*12_2051-346*12_2030-83*12_2051-2058*12_2030-168*12_2030-1944*12_2030-1945*12_2051-434*12_2051-2059*12_2051-1959*12_2051-2060*12_2051-2061*12_2051-2062*12_2051-2063*12_1569-1567*11_822-824*11_822-1480*11_1569-1572*11_822-819*11_822-825*11_1569-1573*11_822-826*11_822-1484*11_1569-1574*11_1569-837*11_822-1485*11_1569-1575*11_1569-838*11_822-1391*11_822-1390*11_822-1486*11_1569-920*11_1569-1576*11_1569-839*11_1569-919*11_1569-921*11_822-815*11_1569-918*11_1569-922*11_822-1388*11_822-1487*11_1569-923*11_822-1387*11_1569-1577*11_1569-840*11_1569-1656*11_822-814*11_1569-1655*11_822-912*11_822-1488*11_1569-1654*11_822-913*11_1569-1653*11_1569-1578*11_1569-841*11_822-914*11_1569-1652*11_1569-1579*11_1569-1651*11_822-1490*11_1569-1650*11_822-903*11_1569-1580*11_1569-843*11_1569-1649*11_1569-1665*11_822-1491*11_1569-929*11_822-902*11_822-1402*11_1569-1581*11_147-148*9_147-149*9_147-144*9_147-150*9_147-1680*9_147-1681*9_147-143*9_147-151*9_147-1677*9_147-142*9_147-1676*9_147-1768*9_147-1767*9_147-1675*9_147-141*9_147-1764*9_147-1674*9_147-140*9_147-1763*9_147-1673*9_147-1762*9_147-55*9_147-138*9_147-54*9_147-53*9_147-52*9_147-66*9_147-51*9_147-67*9_147-1588*9_1309-887*9_1309-905*9_1309-1213*9_1892-1893*11_668-670*11_1892-1894*11_668-671*11_1892-1895*11_668-664*11_668-672*11_668-1640*11_668-1728*11_1892-512*11_1892-1888*11_668-1727*11_668-1729*11_668-1726*11_668-1730*11_1892-602*11_668-663*11_668-673*11_668-1725*11_668-1731*11_1892-1887*11_668-1644*11_668-1732*11_1892-604*11_668-662*11_668-674*11_1892-1886*11_668-1645*11_668-1733*11_1892-517*11_1892-605*11_668-661*11_668-675*11_1892-1885*11_668-1646*11_668-1734*11_1892-518*11_1892-606*11_668-676*11_1892-1884*11_1892-519*11_668-677*11_1892-1883*11_1892-1901*11_668-761*11_1892-1975*11_1892-1985*11_668-1737*11_1892-521*11_1892-609*11_668-678*11_668-762*11_1892-1882*11_1892-1902*11_1892-1974*11_1892-1986*11_668-763*11_1892-1973*11_1892-1987*11_668-1738*11_1892-522*11_1892-610*11_1892-1881*11_1892-1903*11_668-764*11_1892-1988*11_668-1739*11_1892-523*11_1892-611*11_668-656*11_668-1552*11_1892-424*11_1892-688*11_1892-1880*11_1892-1904*11_1307-1311*9_1307-896*9_1307-1312*9_1307-895*9_1307-897*9_1307-894*9_1307-898*9_1307-803*9_1307-893*9_1307-899*9_1307-1313*9_1307-892*9_1307-900*9_1307-802*9_1307-1314*9_1307-891*9_1307-901*9_1307-801*9_1307-890*9_1307-1315*9_1307-1215*9_1307-1316*9_1307-1214*9_1307-1225*9_1307-1317*9_1307-1389*9_1307-1401*9_1307-1212*9_1307-1226*9_1307-1318*9_1307-886*9_1307-906*9_1307-1211*9_1307-1227*9_1307-1403*9_1307-797*9_1307-1319*9_839-1657*12_839-1658*12_839-842*12_839-1659*12_839-1660*12_839-844*12_839-1661*12_839-845*12_839-1662*12_839-832*12_839-846*12_839-1568*12_839-1663*12_839-831*12_839-847*12_839-928*12_839-1664*12_839-753*12_839-754*12_839-930*12_839-755*12_839-931*12_839-830*12_839-848*12_839-1744*12_839-1647*12_839-1743*12_839-1745*12_839-756*12_839-932*12_839-829*12_839-849*12_839-828*12_839-850*12_839-1667*12_839-827*12_839-851*12_603-607*12_603-608*12_603-1984*12_603-1983*12_603-1982*12_603-1981*12_603-1980*12_603-1979*12_603-1989*12_603-1978*12_603-1990*12_603-687*12_603-612*12_603-686*12_603-1905*12_603-613*12_603-685*12_603-697*12_603-1993*12_603-1906*12_603-684*12_603-698*12_603-614*12_603-1994*12_603-683*12_603-699*12_603-1907*12_603-615*12_154-1854*10_154-161*10_154-1852*10_154-1761*10_154-1851*10_154-162*10_154-64*10_154-1760*10_154-63*10_154-62*10_154-163*10_154-61*10_154-60*10_154-164*10_154-59*10_154-73*10_154-74*10_670-682*12_763-767*12_763-768*12_763-1740*12_763-1824*12_763-1823*12_763-1825*12_763-1822*12_763-1826*12_763-1741*12_763-1821*12_763-1827*12_763-769*12_763-1828*12_763-1742*12_763-770*12_763-1829*12_763-1830*12_763-771*12_763-772*12_763-773*12_763-857*12_763-1833*12_763-1746*12_763-858*12_763-774*12_763-1834*12_763-859*12_763-1747*12_763-775*12_243-1874*10_2058-2064*13_2058-527*13_2058-526*13_2058-525*13_2058-2065*13_2058-524*13_2058-2066*13_2058-1967*13_2058-1966*13_2058-2067*13_2058-1965*13_2058-1964*13_2058-2068*13_2058-1963*13_2058-2069*13_2058-2070*13_608-1991*13_699-700*13_608-520*13_608-1976*13_608-2072*13_608-2071*13_608-2073*13_699-701*13_687-1909*13_699-702*13_687-1910*13_699-703*13_687-1911*13_699-2080*13_699-2079*13_699-2081*13_699-2078*13_699-2082*13_687-776*13_687-1820*13_687-1912*13_699-1997*13_699-2077*13_699-2083*13_687-777*13_687-778*13_699-2084*13_687-1913*13_699-1998*13_699-2085*13_699-1999*13_699-2086*13_687-1915*13_699-783*13_699-782*13_699-2001*13_699-2089*13_699-2002*13_699-2090*13_699-2003*13_1878-428*11_1395-1396*11_1395-1397*11_1395-1398*11_1395-1399*11_1395-904*11_1395-1400*11_1395-907*11_1395-908*11_1395-909*11_1395-910*11_1395-1404*11_1395-1405*11_1395-1489*11_1395-1406*11_1395-1407*11_783-784*14_783-2000*14_783-781*14_783-785*14_783-780*14_783-786*14_783-779*14_783-787*14_783-1996*14_783-2004*14_783-788*14_783-1995*14_783-2005*14_783-789*14_783-2006*14_783-790*14_783-2007*14_783-1914*14_783-791*14_783-696*14_783-872*14_783-1992*14_783-2008*14_783-873*14_783-874*14_783-875*14_783-2088*14_783-2009*14_783-2087*14_783-876*14_783-2011*14_783-1921*14_1709-495*10_1709-494*10_1709-493*10_1709-1717*10_1709-1718*10_1709-1719*10_1667-1666*13_1667-1668*13_1667-1669*13_1667-1670*13_1667-927*13_1667-926*13_1667-1671*13_1667-925*13_1667-924*13_1667-1016*13_1667-1015*13_1667-1017*13_1667-1014*13_1667-1018*13_1667-933*13_1667-1013*13_1667-1019*13_1667-1012*13_1667-1020*13_1667-934*13_1667-1011*13_1667-1021*13_1667-935*13_1667-1010*13_1667-1022*13_1667-1751*13_1667-1750*13_1667-937*13_1667-1749*13_1667-1007*13_1667-1025*13_1667-938*13_1667-1748*13_1667-1006*13_1667-1026*13_1667-917*13_1667-939*13_49-48*8_49-50*8_49-1584*8_49-1585*8_49-47*8_49-1586*8_49-46*8_49-1587*8_49-45*8_49-44*8_49-56*8_49-1672*8_49-57*8_49-58*8_163-71*11_163-70*11_163-69*11_163-68*11_516-1977*12_1904-689*12_1904-690*12_1904-691*12_1904-692*12_1904-1908*12_1904-693*12_1904-694*12_1904-695*12_1904-1916*12_1226-888*10_1226-1224*10_1226-1228*10_1226-889*10_1226-1223*10_1226-1229*10_1226-885*10_1226-1222*10_1226-1230*10_1226-884*10_1226-1221*10_1226-1231*10_1226-883*10_1226-976*10_1226-1220*10_1226-975*10_1226-977*10_1226-882*10_1226-974*10_1226-978*10_1226-973*10_1226-979*10_1226-1219*10_1226-972*10_1226-980*10_1226-881*10_1226-971*10_1226-981*10_1226-880*10_1226-1136*10_1226-1135*10_1226-1134*10_1226-1133*10_1226-800*10_1226-1132*10_1226-1216*10_1226-1131*10_1226-796*10_1226-795*10_1226-1130*10_1226-794*10_1906-1917*13_1906-1918*13_1671-1009*14_1671-1023*14_1671-1008*14_1671-1024*14_1671-1005*14_1671-1027*14_2090-2091*14_2090-2092*14_2090-2093*14_2090-2094*14_2090-2095*14_2090-2096*14_2090-879*14_2090-878*14_2090-877*14_2090-2097*14_2090-2098*14_2090-2099*14_2090-2100*14_2090-2101*14_2090-2010*14_2090-2102*14_1741-760*13_1741-852*13_1741-1736*13_1741-759*13_1741-758*13_1741-757*13_1741-853*13_1741-1735*13_1741-854*13_1741-765*13_1741-855*13_1741-766*13_1741-1835*13_1741-1836*13_1741-936*13_1741-1752*13_1741-1837*13_1741-1753*13_2065-2074*14_2065-2075*14_2065-2076*14_1581-1582*12_1581-1583*12_1581-1004*12_1402-992*12_1581-1003*12_1402-991*12_1402-993*12_1402-990*12_1402-994*12_1581-916*12_1402-989*12_1402-995*12_1402-988*12_1402-996*12_1402-911*12_1402-987*12_1402-983*12_1402-982*12_1023-1759*15_1023-1758*15_1023-1757*15_1023-1756*15_1023-1028*15_1023-1755*15_1023-1029*15_1023-1754*15_1023-1030*15_1023-1031*15_1023-1032*15_1023-1847*15_1023-940*15_1023-1033*15_1023-1034*15_1023-1035*15_1917-1919*14_1917-864*14_1917-1920*14_1917-863*14_1917-865*14_1917-862*14_1917-866*14_1917-861*14_1917-867*14_1917-860*14_1917-868*14_1917-1922*14_1917-869*14_1917-1923*14_2002-871*14_1917-1924*14_1917-1925*14_1917-1926*14_1917-1927*14_2002-2012*14_1917-952*14_1917-1928*14_1917-1929*14_2002-2014*14_339-343*12_339-344*12_339-1960*12_1488-915*12_1488-1492*12_1488-1493*12_1488-1494*12_1488-1495*12_1488-1000*12_1488-999*12_1488-1001*12_1488-1002*12_1317-984*10_1317-985*10_1317-986*10_934-941*14_934-942*14_934-943*14_934-944*14_934-1840*14_934-945*14_934-946*14_487-485*9_1750-1841*14_1750-1842*14_1750-1843*14_1750-1844*14_1750-1845*14_2007-870*15_2012-959*15_2012-961*15_2012-958*15_2012-962*15_2012-957*15_2012-963*15_2012-955*15_2012-965*15_2012-954*15_2012-966*15_2012-2020*15_2012-2021*15_2012-2105*15_2012-1930*15_2012-2022*15_2012-2106*15_2012-1931*15_2012-2107*15_2012-2023*15_2012-1932*15_2012-2108*15_2012-1048*15_1492-998*13_1492-997*13_1926-951*15_1926-953*15_1926-950*15_1926-949*15_1926-948*15_1926-956*15_1926-947*15_1926-1933*15_1926-1934*15_1926-960*15_1926-2016*15_1926-2017*15_1926-2018*15_1926-1935*15_1926-2019*15_1926-1040*15_1823-1831*13_1823-856*13_1823-1832*13_2014-2013*15_2014-2015*15_2014-964*15_2014-967*15_2014-2104*15_2014-2109*15_1977-432*13_1977-1968*13_1977-431*13_1977-429*13_1832-1838*14_1832-1839*14_2021-1047*16_2021-1049*16_2021-1046*16_2021-1050*16_2021-1045*16_2021-1051*16_2021-1044*16_2021-1052*16_2021-1043*16_2021-1053*16_2021-1042*16_2021-1054*16_2021-1041*16_2021-1055*16_56-65*9_2107-2110*16_2107-2103*16_2107-2111*16_74-75*11_74-72*11_74-76*11_74-1848*11_74-1849*11_74-1850*11_74-77*11_74-78*11_74-79*11_74-80*11_74-1936*11_74-1937*11_74-1938*11_74-1939*11_74-81*11_74-1940*11_74-1941*11_74-82*11_953-1039*16_953-1038*16_953-1037*16_953-1036*16_953-1846*16_1939-167*12_447-456*5_447-1272*5_619-618*7_619-617*7_619-616*7_619-1112*7_619-1111*7_619-1113*7_619-1110*7_619-1114*7_619-1109*7_619-1115*7_619-1108*7_619-1116*7_619-1117*7_619-1118*7_619-1119*7_1117-704*8_1117-1120*8_1117-705*8_1117-706*8_1117-1121*8_1117-707*8_1117-708*8_1117-1122*8_1117-1123*8_1117-1124*8_1117-711*8_1117-1125*8_1117-1209*8_1117-1126*8_1117-1210*8_1117-1127*8_1117-792*8_1117-1128*8_1117-793*8_1117-1129*8_971-1142*11_1960-430*13_1129-1137*9_1129-1138*9_1129-1139*9_1129-1140*9_1129-1141*9_1141-1143*10_1141-968*10_1141-969*10_1141-970*10_651-655*9_
