"id","Scenario","Actual Range","Protocol","Buildings","Total nodes","Nodes on circ","Total coverage","Coverage on circ","Alert received mean time","Hops","Slots","Messages sent","Messages received", "Starting x", "Starting y","Starting node", "Vehicle distance", "Received node ids", "Node ids", "Transmission map", "Received on circ nodes", "Transmission vector"
0,1,100,300,0,861,56,472,34,503300,16.5882,513.029,185,472,675.73,1484.88,771,45,770_772_769_773_786_755_787_774_771_775_785_768_799_766_52_789_51_788_784_50_49_792_791_798_805_48_793_803_754_757_753_794_776_777_818_783_781_47_795_758_759_237_780_782_55_804_802_54_228_800_229_761_762_760_752_751_233_763_241_242_243_796_797_764_244_765_806_227_807_239_236_238_45_245_247_248_240_833_835_837_836_198_199_197_200_232_234_750_749_298_202_299_297_203_189_231_188_226_191_192_249_250_831_744_187_225_300_302_220_830_303_304_219_221_181_218_222_215_180_182_183_178_217_305_306_315_193_194_214_216_213_465_722_307_746_210_209_211_308_309_743_251_826_252_825_261_208_207_195_196_263_204_310_672_311_264_839_175_314_316_313_317_675_176_171_267_262_172_153_266_152_748_747_674_676_677_641_642_671_673_838_840_462_463_670_678_660_174_173_170_163_162_164_186_177_265_269_20_270_18_651_643_464_271_640_441_639_440_644_646_205_17_19_16_235_21_22_224_23_212_844_201_70_470_846_68_46_190_154_161_467_469_474_79_35_90_57_24_13_279_850_272_456_359_273_169_165_156_155_290_301_113_439_442_685_686_438_638_681_26_27_158_516_473_475_15_2_778_667_647_658_687_28_145_25_147_144_556_659_666_652_665_692_856_124_855_101_476_471_477_485_499_498_486_478_268_487_480_859_358_472_356_274_148_29_149_30_650_649_648_360_494_495_493_496_12_11_14_10_488_489_664_663_135_146_257_491_492_157_654_655_653_858_150_73_151_71_97_72_168_854_481_96_92_95_98_857_179_497_351_355_352_801_790_812_823_834_745_734_94_99_93_91_723_756_767_779_845_123_103_104_130_122_125_346_357_335_445_368_379_847_9_848_4_482_483_514_484_623_634_612_515_5_517_3_74_6_7_0_126_89_105_127_128_87_86_129_106_390_334_401_412_223_423_434_1_112_518_716_519_521_75_76_77_78_8_539_853_520_852_538_711_851_713_710_849_656_501_88_85_114_709_668_601_446_679_590_457_645_690_537_468_530_522_479_490_84_83_701_712_82_81_524_80_714_715_557_568_545_579_534_523_,0_1_2_3_4_5_6_7_8_9_10_11_12_13_14_15_16_17_18_19_20_21_22_23_24_25_26_27_28_29_30_31_32_33_34_35_36_37_38_39_40_41_42_43_44_45_46_47_48_49_50_51_52_53_54_55_56_57_58_59_60_61_62_63_64_65_66_67_68_69_70_71_72_73_74_75_76_77_78_79_80_81_82_83_84_85_86_87_88_89_90_91_92_93_94_95_96_97_98_99_100_101_102_103_104_105_106_107_108_109_110_111_112_113_114_115_116_117_118_119_120_121_122_123_124_125_126_127_128_129_130_131_132_133_134_135_136_137_138_139_140_141_142_143_144_145_146_147_148_149_150_151_152_153_154_155_156_157_158_159_160_161_162_163_164_165_166_167_168_169_170_171_172_173_174_175_176_177_178_179_180_181_182_183_184_185_186_187_188_189_190_191_192_193_194_195_196_197_198_199_200_201_202_203_204_205_206_207_208_209_210_211_212_213_214_215_216_217_218_219_220_221_222_223_224_225_226_227_228_229_230_231_232_233_234_235_236_237_238_239_240_241_242_243_244_245_246_247_248_249_250_251_252_253_254_255_256_257_258_259_260_261_262_263_264_265_266_267_268_269_270_271_272_273_274_275_276_277_278_279_280_281_282_283_284_285_286_287_288_289_290_291_292_293_294_295_296_297_298_299_300_301_302_303_304_305_306_307_308_309_310_311_312_313_314_315_316_317_318_319_320_321_322_323_324_325_326_327_328_329_330_331_332_333_334_335_336_337_338_339_340_341_342_343_344_345_346_347_348_349_350_351_352_353_354_355_356_357_358_359_360_361_362_363_364_365_366_367_368_369_370_371_372_373_374_375_376_377_378_379_380_381_382_383_384_385_386_387_388_389_390_391_392_393_394_395_396_397_398_399_400_401_402_403_404_405_406_407_408_409_410_411_412_413_414_415_416_417_418_419_420_421_422_423_424_425_426_427_428_429_430_431_432_433_434_435_436_437_438_439_440_441_442_443_444_445_446_447_448_449_450_451_452_453_454_455_456_457_458_459_460_461_462_463_464_465_466_467_468_469_470_471_472_473_474_475_476_477_478_479_480_481_482_483_484_485_486_487_488_489_490_491_492_493_494_495_496_497_498_499_500_501_502_503_504_505_506_507_508_509_510_511_512_513_514_515_516_517_518_519_520_521_522_523_524_525_526_527_528_529_530_531_532_533_534_535_536_537_538_539_540_541_542_543_544_545_546_547_548_549_550_551_552_553_554_555_556_557_558_559_560_561_562_563_564_565_566_567_568_569_570_571_572_573_574_575_576_577_578_579_580_581_582_583_584_585_586_587_588_589_590_591_592_593_594_595_596_597_598_599_600_601_602_603_604_605_606_607_608_609_610_611_612_613_614_615_616_617_618_619_620_621_622_623_624_625_626_627_628_629_630_631_632_633_634_635_636_637_638_639_640_641_642_643_644_645_646_647_648_649_650_651_652_653_654_655_656_657_658_659_660_661_662_663_664_665_666_667_668_669_670_671_672_673_674_675_676_677_678_679_680_681_682_683_684_685_686_687_688_689_690_691_692_693_694_695_696_697_698_699_700_701_702_703_704_705_706_707_708_709_710_711_712_713_714_715_716_717_718_719_720_721_722_723_724_725_726_727_728_729_730_731_732_733_734_735_736_737_738_739_740_741_742_743_744_745_746_747_748_749_750_751_752_753_754_755_756_757_758_759_760_761_762_763_764_765_766_767_768_769_770_771_772_773_774_775_776_777_778_779_780_781_782_783_784_785_786_787_788_789_790_791_792_793_794_795_796_797_798_799_800_801_802_803_804_805_806_807_808_809_810_811_812_813_814_815_816_817_818_819_820_821_822_823_824_825_826_827_828_829_830_831_832_833_834_835_836_837_838_839_840_841_842_843_844_845_846_847_848_849_850_851_852_853_854_855_856_857_858_859_860_,0:{1;112;}1:{501;}5:{6;7;}7:{8;539;853;520;852;}8:{538;}10:{858;}14:{135;146;257;}15:{12;11;14;10;}18:{17;19;16;235;}19:{21;22;224;23;}24:{13;279;850;}27:{28;145;25;147;144;}46:{79;35;90;57;24;}47:{45;}48:{47;795;}49:{798;805;48;793;803;}51:{50;49;792;791;}74:{75;76;}76:{77;78;}82:{80;}83:{82;81;}85:{84;83;}87:{88;85;114;}91:{74;}95:{94;99;93;91;}99:{123;103;104;130;122;125;}113:{856;124;855;101;}122:{126;89;105;127;}127:{128;87;86;129;106;}135:{157;}147:{148;29;149;30;}149:{150;73;151;71;97;72;}151:{96;92;95;98;}155:{26;27;158;}157:{168;854;}163:{169;165;156;155;}171:{154;161;}174:{173;170;163;162;164;186;}175:{176;171;267;262;172;153;266;152;}178:{174;}179:{801;790;812;}181:{180;182;183;178;217;}187:{220;}188:{187;225;}190:{113;}192:{193;194;}194:{195;196;}196:{204;}200:{298;202;299;297;203;}204:{205;}209:{208;207;}215:{214;216;213;465;722;}217:{263;}220:{219;221;181;218;222;215;}224:{212;844;201;70;}225:{210;209;211;}228:{806;227;807;}233:{232;234;750;749;}237:{236;238;}239:{240;}242:{764;244;765;}244:{245;247;}245:{248;}248:{249;250;831;744;}249:{830;}261:{748;747;}263:{264;839;175;}266:{177;265;269;20;270;18;}270:{470;}271:{272;456;359;273;}279:{290;301;}299:{300;302;}302:{303;304;}304:{305;306;315;}305:{307;746;}307:{308;309;}309:{310;672;311;}310:{671;673;}314:{675;}315:{314;316;313;317;}357:{368;379;}359:{358;472;356;274;}360:{494;495;493;496;}368:{0;}390:{223;}412:{423;434;}434:{601;446;679;590;457;}439:{687;}440:{439;442;685;686;438;638;681;}446:{468;}462:{464;271;}468:{479;490;}469:{516;473;475;15;}470:{467;469;474;}472:{360;}473:{476;471;}476:{477;485;499;}478:{480;859;}480:{481;}481:{482;483;514;484;}486:{487;}489:{491;492;}493:{488;489;}496:{497;351;355;352;}499:{498;486;478;}514:{515;5;517;3;}517:{518;716;}518:{519;521;}519:{530;522;}522:{524;}534:{523;}557:{579;534;}612:{390;334;401;412;}641:{640;441;639;440;644;}643:{646;}646:{647;658;}658:{659;666;652;665;692;}664:{654;655;653;}665:{664;663;}667:{556;}668:{645;}673:{670;678;660;}675:{674;676;677;641;642;}678:{651;643;}690:{701;712;}692:{650;649;648;}709:{690;537;}711:{709;668;}712:{714;715;}715:{557;568;545;}723:{346;357;335;445;}734:{723;756;}744:{743;}749:{189;231;188;226;191;192;}753:{752;751;233;}755:{754;757;753;}756:{767;779;}757:{758;759;237;}758:{239;}762:{763;241;242;243;}765:{198;199;197;200;}768:{51;788;}769:{768;799;766;52;789;}771:{770;772;769;773;786;755;787;}773:{774;771;775;785;}775:{776;777;818;783;781;}781:{780;782;}786:{784;}792:{794;}794:{796;}795:{797;}797:{833;835;837;836;}803:{55;804;802;54;228;800;229;}812:{823;834;745;734;}818:{761;762;760;}823:{845;}830:{251;826;252;825;261;}839:{838;840;462;463;}844:{846;68;46;190;}845:{847;9;848;4;}848:{623;634;612;}850:{2;778;667;}852:{711;851;713;710;849;656;}856:{268;}858:{857;179;},15_16_70_71_96_97_103_104_105_106_149_150_151_224_235_351_360_438_439_469_473_474_475_494_495_496_497_516_638_639_644_646_651_652_,771-770*0_771-772*0_771-769*0_771-773*0_771-786*0_771-755*0_771-787*0_773-774*1_773-771*1_773-775*1_773-785*1_769-768*1_769-799*1_769-766*1_769-52*1_769-789*1_768-51*2_768-788*2_786-784*1_51-50*3_51-49*3_51-792*3_51-791*3_49-798*4_49-805*4_49-48*4_49-793*4_49-803*4_755-754*1_755-757*1_755-753*1_792-794*4_775-776*2_775-777*2_775-818*2_775-783*2_775-781*2_48-47*5_48-795*5_757-758*2_757-759*2_757-237*2_781-780*3_781-782*3_803-55*5_803-804*5_803-802*5_803-54*5_803-228*5_803-800*5_803-229*5_818-761*3_818-762*3_818-760*3_753-752*2_753-751*2_753-233*2_762-763*4_762-241*4_762-242*4_762-243*4_794-796*5_795-797*6_242-764*5_242-244*5_242-765*5_228-806*6_228-227*6_228-807*6_758-239*3_237-236*3_237-238*3_47-45*6_244-245*6_244-247*6_245-248*7_239-240*4_797-833*7_797-835*7_797-837*7_797-836*7_765-198*6_765-199*6_765-197*6_765-200*6_233-232*3_233-234*3_233-750*3_233-749*3_200-298*7_200-202*7_200-299*7_200-297*7_200-203*7_749-189*4_749-231*4_749-188*4_749-226*4_749-191*4_749-192*4_248-249*8_248-250*8_248-831*8_248-744*8_188-187*5_188-225*5_299-300*8_299-302*8_187-220*6_249-830*9_302-303*9_302-304*9_220-219*7_220-221*7_220-181*7_220-218*7_220-222*7_220-215*7_181-180*8_181-182*8_181-183*8_181-178*8_181-217*8_304-305*10_304-306*10_304-315*10_192-193*5_192-194*5_215-214*8_215-216*8_215-213*8_215-465*8_215-722*8_305-307*11_305-746*11_225-210*6_225-209*6_225-211*6_307-308*12_307-309*12_744-743*9_830-251*10_830-826*10_830-252*10_830-825*10_830-261*10_209-208*7_209-207*7_194-195*6_194-196*6_217-263*9_196-204*7_309-310*13_309-672*13_309-311*13_263-264*10_263-839*10_263-175*10_315-314*11_315-316*11_315-313*11_315-317*11_314-675*12_175-176*11_175-171*11_175-267*11_175-262*11_175-172*11_175-153*11_175-266*11_175-152*11_261-748*11_261-747*11_675-674*13_675-676*13_675-677*13_675-641*13_675-642*13_310-671*14_310-673*14_839-838*11_839-840*11_839-462*11_839-463*11_673-670*15_673-678*15_673-660*15_178-174*9_174-173*10_174-170*10_174-163*10_174-162*10_174-164*10_174-186*10_266-177*12_266-265*12_266-269*12_266-20*12_266-270*12_266-18*12_678-651*16_678-643*16_462-464*12_462-271*12_641-640*14_641-441*14_641-639*14_641-440*14_641-644*14_643-646*17_204-205*8_18-17*13_18-19*13_18-16*13_18-235*13_19-21*14_19-22*14_19-224*14_19-23*14_224-212*15_224-844*15_224-201*15_224-70*15_270-470*13_844-846*16_844-68*16_844-46*16_844-190*16_171-154*12_171-161*12_470-467*14_470-469*14_470-474*14_46-79*17_46-35*17_46-90*17_46-57*17_46-24*17_24-13*18_24-279*18_24-850*18_271-272*13_271-456*13_271-359*13_271-273*13_163-169*11_163-165*11_163-156*11_163-155*11_279-290*19_279-301*19_190-113*17_440-439*15_440-442*15_440-685*15_440-686*15_440-438*15_440-638*15_440-681*15_155-26*12_155-27*12_155-158*12_469-516*15_469-473*15_469-475*15_469-15*15_850-2*19_850-778*19_850-667*19_646-647*18_646-658*18_439-687*16_27-28*13_27-145*13_27-25*13_27-147*13_27-144*13_667-556*20_658-659*19_658-666*19_658-652*19_658-665*19_658-692*19_113-856*18_113-124*18_113-855*18_113-101*18_473-476*16_473-471*16_476-477*17_476-485*17_476-499*17_499-498*18_499-486*18_499-478*18_856-268*19_486-487*19_478-480*19_478-859*19_359-358*14_359-472*14_359-356*14_359-274*14_147-148*14_147-29*14_147-149*14_147-30*14_692-650*20_692-649*20_692-648*20_472-360*15_360-494*16_360-495*16_360-493*16_360-496*16_15-12*16_15-11*16_15-14*16_15-10*16_493-488*17_493-489*17_665-664*20_665-663*20_14-135*17_14-146*17_14-257*17_489-491*18_489-492*18_135-157*18_664-654*21_664-655*21_664-653*21_10-858*17_149-150*15_149-73*15_149-151*15_149-71*15_149-97*15_149-72*15_157-168*19_157-854*19_480-481*20_151-96*16_151-92*16_151-95*16_151-98*16_858-857*18_858-179*18_496-497*17_496-351*17_496-355*17_496-352*17_179-801*19_179-790*19_179-812*19_812-823*20_812-834*20_812-745*20_812-734*20_95-94*17_95-99*17_95-93*17_95-91*17_734-723*21_734-756*21_756-767*22_756-779*22_823-845*21_99-123*18_99-103*18_99-104*18_99-130*18_99-122*18_99-125*18_723-346*22_723-357*22_723-335*22_723-445*22_357-368*23_357-379*23_845-847*22_845-9*22_845-848*22_845-4*22_481-482*21_481-483*21_481-514*21_481-484*21_848-623*23_848-634*23_848-612*23_514-515*22_514-5*22_514-517*22_514-3*22_91-74*18_5-6*23_5-7*23_368-0*24_122-126*19_122-89*19_122-105*19_122-127*19_127-128*20_127-87*20_127-86*20_127-129*20_127-106*20_612-390*24_612-334*24_612-401*24_612-412*24_390-223*25_412-423*25_412-434*25_0-1*25_0-112*25_517-518*23_517-716*23_518-519*24_518-521*24_74-75*19_74-76*19_76-77*20_76-78*20_7-8*24_7-539*24_7-853*24_7-520*24_7-852*24_8-538*25_852-711*25_852-851*25_852-713*25_852-710*25_852-849*25_852-656*25_1-501*26_87-88*21_87-85*21_87-114*21_711-709*26_711-668*26_434-601*26_434-446*26_434-679*26_434-590*26_434-457*26_668-645*27_709-690*27_709-537*27_446-468*27_519-530*25_519-522*25_468-479*28_468-490*28_85-84*22_85-83*22_690-701*28_690-712*28_83-82*23_83-81*23_522-524*26_82-80*24_712-714*29_712-715*29_715-557*30_715-568*30_715-545*30_557-579*31_557-534*31_534-523*32_
