"id","Scenario","Actual Range","Protocol","Buildings","Total nodes","Nodes on circ","Total coverage","Coverage on circ","Alert received mean time","Hops","Slots","Messages sent","Messages received", "Starting x", "Starting y","Starting node", "Vehicle distance", "Received node ids", "Node ids", "Transmission map", "Received on circ nodes", "Transmission vector"
0,1,300,0,0,1776,80,1776,80,16365.6,5.8625,14.0375,811,1776,1153.84,1884.7,310,25,309_311_308_312_294_314_293_275_274_315_276_287_273_277_316_286_272_699_249_285_317_278_851_250_698_700_248_284_318_850_852_251_325_697_701_271_1196_252_849_279_283_323_1197_853_296_295_319_297_270_244_253_1198_298_847_848_281_233_268_1200_245_320_259_299_254_260_232_703_231_1201_282_307_306_300_246_261_321_257_234_704_1187_263_262_235_256_229_264_230_255_228_331_333_237_330_238_327_239_326_322_328_240_202_329_241_332_191_242_469_480_458_491_447_502_243_435_646_513_236_635_265_225_180_524_227_657_310_669_266_169_213_724_680_535_301_624_303_226_735_267_304_613_702_691_713_158_305_1176_1178_1202_1203_1223_1191_1220_1195_1190_1204_1460_1189_1759_1219_1205_1758_1757_1461_288_223_1218_1756_1206_289_1462_222_1217_1207_290_1216_221_342_292_1240_1215_220_334_341_337_338_750_751_749_216_339_748_217_340_747_744_218_1184_546_247_602_1175_1080_1079_147_558_1179_591_258_841_1078_1180_569_746_757_742_768_761_780_743_745_791_759_580_758_771_824_756_802_752_760_770_733_755_835_813_753_754_884_769_868_883_869_741_846_885_767_882_870_136_867_857_766_125_865_864_269_765_114_886_553_764_871_881_734_102_552_887_380_872_763_880_280_91_551_1073_873_879_548_762_550_890_737_545_1072_736_842_1071_1074_1076_843_1070_291_845_1075_844_302_391_1069_783_1181_313_782_1068_402_1182_781_1067_324_1183_413_778_80_1061_336_1065_1062_424_58_1063_777_1174_1060_69_1186_1463_1192_1193_1185_1464_1165_1194_1459_1168_1169_1170_1454_1456_1171_1450_355_874_356_354_344_351_349_570_345_343_352_346_350_348_357_353_168_167_359_568_595_371_571_170_166_165_593_572_370_372_360_592_378_594_379_368_573_574_373_381_1167_1164_1163_1172_1755_1753_696_1214_695_1208_694_1751_1752_1213_1760_693_1750_1761_1239_1211_1212_1209_692_1224_1762_1749_690_1238_1260_1225_1763_1259_1237_1261_1226_1764_1258_1748_1236_1262_1257_1747_1766_347_47_369_358_36_784_776_794_785_738_793_739_1064_740_775_790_25_792_14_3_1754_786_1743_717_774_907_1227_1235_1228_1234_1229_1232_1231_1230_1241_1256_1242_1574_1573_1575_1254_1572_1571_1243_1570_1253_1576_1270_1269_1271_1268_1263_1252_1267_1578_1264_1449_1765_909_908_910_1732_711_1721_912_712_906_913_714_1710_914_773_905_715_1699_915_716_772_904_891_916_892_787_1688_903_917_893_788_1677_729_918_894_547_789_1081_1082_1083_919_710_171_172_173_219_174_175_579_203_176_599_204_578_201_587_140_215_139_577_163_200_178_581_206_138_582_214_1569_1568_544_728_549_727_732_726_731_543_895_725_730_542_896_723_719_720_722_721_541_897_540_899_465_464_539_901_1567_1448_1565_1447_1564_1666_920_1086_1085_1654_1040_1084_1643_1039_921_384_374_567_361_383_375_362_376_363_382_367_377_385_366_386_364_387_365_441_388_389_440_408_399_400_390_162_439_398_438_407_437_401_392_436_161_565_434_406_566_160_588_404_403_433_405_393_397_560_875_589_559_159_396_432_395_556_394_409_431_531_590_156_555_164_444_157_532_430_554_443_410_576_155_575_596_429_442_411_154_1245_1246_1251_1579_1429_1247_1428_1427_1426_1248_1272_1580_1273_1274_1430_1275_1431_1276_1281_1282_1280_1284_876_878_1632_1038_923_1041_1621_1037_924_1042_1610_1036_709_1043_925_1599_1035_1034_1433_1425_1434_1249_1424_1435_1436_1250_1423_1437_1442_708_1049_1048_1050_1047_1051_707_1588_1052_926_1032_1053_822_706_1577_1054_927_821_1566_1115_928_820_1056_1555_1114_1058_1057_1105_1120_533_1438_1439_1441_1445_1446_1440_1581_1583_1422_1582_1451_1557_538_1140_1141_1142_1134_1135_1143_1132_705_1136_1173_1131_1128_1145_1137_1129_1492_1127_1146_1130_1138_1491_1126_1156_1147_1139_1157_1490_1125_1148_1123_1124_1161_1160_1158_1489_1159_1458_1149_1121_1457_1162_1486_1059_1485_1465_1487_1150_1089_1090_1087_1091_1151_1467_1473_1092_1152_1453_1474_1484_1093_1094_536_537_534_561_562_563_564_453_452_454_455_1279_1278_1287_1289_1283_1290_1292_1291_1604_1603_1605_1602_1606_1285_1607_1608_1295_1294_1609_1293_1611_1286_1600_1612_1296_840_1601_1265_1297_839_1627_838_1773_1303_1630_1468_1475_1476_1469_1472_1471_1470_1478_1153_1563_1494_1479_1562_1108_1302_1301_177_212_179_211_181_210_199_182_205_198_654_197_183_141_196_653_207_184_137_142_652_208_185_598_143_651_209_186_128_129_127_130_124_187_133_7_655_5_145_146_1420_1412_1411_1413_1409_1396_1414_1398_1395_1415_428_427_426_425_423_412_414_415_416_445_898_902_466_467_718_468_1746_1745_1767_1726_1727_1768_1725_1728_1729_1769_1730_1723_1722_1724_1616_1770_1731_1720_1615_1744_1771_1719_1614_1733_1617_1718_1613_1772_1618_1742_1717_686_1734_1619_1741_1716_1620_1735_1740_1626_1584_1514_1513_1515_1512_1558_1559_1419_1516_1544_1511_1517_1545_1541_1523_1509_1518_1546_1556_1522_1542_1519_1553_1508_1547_1520_1552_1507_1524_1548_1549_1525_1531_151_152_586_150_153_585_604_149_603_463_526_462_461_525_460_584_583_597_600_148_601_650_649_605_144_134_606_135_131_132_607_929_819_930_1106_818_1543_931_817_1104_1532_932_1103_816_795_934_796_1521_1102_797_815_935_798_1510_1101_814_799_936_1499_1100_800_1113_812_1112_937_811_810_1098_1488_1477_804_801_1466_823_1097_1107_805_938_1506_1551_1529_1530_1505_1535_1526_1504_1560_1550_1527_1561_1503_1533_1528_1502_1501_1534_1500_456_126_123_122_656_121_120_612_1452_1154_1715_1714_1713_1712_1711_1736_1709_1739_1774_1738_1622_1623_1624_1693_12_1625_13_15_1691_16_17_1690_1480_1045_1046_1628_1481_1482_1483_1495_1496_1497_1493_1498_1118_1117_1399_1116_1119_1388_809_1377_827_1095_808_828_1410_807_1096_803_1366_1421_806_1018_826_1109_1266_1321_459_457_507_523_506_522_489_470_488_1394_1397_1416_1400_1585_1417_1586_1393_1401_1418_1392_471_527_472_521_475_825_1455_1444_1432_1014_1536_888_999_1537_1538_1540_1539_0_1_1333_1407_1277_1692_1689_18_939_940_941_942_520_473_474_476_477_478_479_487_481_486_485_490_482_484_483_492_683_11_73_684_83_72_74_10_685_82_71_19_76_77_75_81_9_78_85_79_20_66_86_67_195_65_70_68_84_194_94_8_21_64_95_193_87_93_96_62_22_192_88_92_1708_97_61_6_190_1775_1707_98_4_679_63_1737_188_89_90_38_60_1706_681_664_673_37_59_682_663_35_1705_1012_1013_1002_1001_998_1019_997_1020_1015_950_996_1003_1021_943_1016_995_1023_1004_945_949_1024_1005_1355_948_611_610_1404_1403_1391_1386_1402_1385_1384_1587_1383_1405_1406_1387_1589_1382_1408_1590_1389_1381_863_1380_1390_1031_1030_946_994_947_837_1631_1633_1629_1634_836_1635_1636_834_119_658_609_118_659_115_493_528_499_494_529_498_450_451_500_674_675_34_57_672_56_665_111_55_33_110_662_666_109_648_32_54_108_667_53_31_647_107_52_24_23_26_27_106_30_28_51_29_50_39_530_449_448_501_495_497_496_503_504_422_962_1687_1686_862_861_860_1378_1379_1376_859_1375_1374_858_1373_1372_1371_1598_1370_1597_1591_671_100_101_117_116_670_99_103_112_660_1288_1110_105_104_189_645_614_615_644_617_661_618_642_608_616_641_619_640_620_639_621_961_960_1026_959_1027_958_1028_957_963_951_1029_956_952_964_954_953_981_965_980_967_979_968_989_969_982_970_990_978_991_976_983_971_1144_973_974_972_975_1006_992_1133_984_1155_985_993_1017_1122_988_986_1166_1111_1008_1681_1682_1680_1679_1704_1683_1678_1703_1700_1676_1698_1702_1697_1675_1684_1701_1696_1674_1685_1695_1673_1637_1694_1661_1638_1007_1025_977_1009_966_1010_955_1000_944_1344_1177_1099_987_1088_1077_1066_1055_1033_1044_1022_1011_632_631_630_623_622_625_626_637_627_638_629_633_628_643_636_634_40_1365_1364_1367_1363_1368_1596_1369_1361_1362_1360_1593_1359_41_46_42_48_43_45_44_677_833_832_1298_831_1300_1315_1663_1255_1244_1660_1662_1672_687_1659_688_1664_689_1658_1671_1667_1670_1669_1657_1668_1639_1640_1656_1641_1642_1644_1647_1648_1645_1649_1646_1650_1304_417_49_676_678_830_829_854_855_856_1655_1653_505_421_420_419_418_519_518_517_515_516_514_512_1343_1342_1309_1592_1339_1340_1338_1337_1336_1345_1341_1346_1595_1594_1335_1347_1327_1328_1348_1349_1651_1652_1308_1307_511_510_509_508_1334_1306_1305_1325_1326_1324_1323_1329_1330_1317_1316_1318_1311_1322_1331_1319_1312_1320_1356_1354_1350_1313_1314_1357_1221_1332_1443_1554_1188_1353_1358_1352_1351_1233_1299_1222_1310_911_1210_1199_900_889_922_877_933_866_779_668_1665_557_2_113_224_335_446_,0_1_2_3_4_5_6_7_8_9_10_11_12_13_14_15_16_17_18_19_20_21_22_23_24_25_26_27_28_29_30_31_32_33_34_35_36_37_38_39_40_41_42_43_44_45_46_47_48_49_50_51_52_53_54_55_56_57_58_59_60_61_62_63_64_65_66_67_68_69_70_71_72_73_74_75_76_77_78_79_80_81_82_83_84_85_86_87_88_89_90_91_92_93_94_95_96_97_98_99_100_101_102_103_104_105_106_107_108_109_110_111_112_113_114_115_116_117_118_119_120_121_122_123_124_125_126_127_128_129_130_131_132_133_134_135_136_137_138_139_140_141_142_143_144_145_146_147_148_149_150_151_152_153_154_155_156_157_158_159_160_161_162_163_164_165_166_167_168_169_170_171_172_173_174_175_176_177_178_179_180_181_182_183_184_185_186_187_188_189_190_191_192_193_194_195_196_197_198_199_200_201_202_203_204_205_206_207_208_209_210_211_212_213_214_215_216_217_218_219_220_221_222_223_224_225_226_227_228_229_230_231_232_233_234_235_236_237_238_239_240_241_242_243_244_245_246_247_248_249_250_251_252_253_254_255_256_257_258_259_260_261_262_263_264_265_266_267_268_269_270_271_272_273_274_275_276_277_278_279_280_281_282_283_284_285_286_287_288_289_290_291_292_293_294_295_296_297_298_299_300_301_302_303_304_305_306_307_308_309_310_311_312_313_314_315_316_317_318_319_320_321_322_323_324_325_326_327_328_329_330_331_332_333_334_335_336_337_338_339_340_341_342_343_344_345_346_347_348_349_350_351_352_353_354_355_356_357_358_359_360_361_362_363_364_365_366_367_368_369_370_371_372_373_374_375_376_377_378_379_380_381_382_383_384_385_386_387_388_389_390_391_392_393_394_395_396_397_398_399_400_401_402_403_404_405_406_407_408_409_410_411_412_413_414_415_416_417_418_419_420_421_422_423_424_425_426_427_428_429_430_431_432_433_434_435_436_437_438_439_440_441_442_443_444_445_446_447_448_449_450_451_452_453_454_455_456_457_458_459_460_461_462_463_464_465_466_467_468_469_470_471_472_473_474_475_476_477_478_479_480_481_482_483_484_485_486_487_488_489_490_491_492_493_494_495_496_497_498_499_500_501_502_503_504_505_506_507_508_509_510_511_512_513_514_515_516_517_518_519_520_521_522_523_524_525_526_527_528_529_530_531_532_533_534_535_536_537_538_539_540_541_542_543_544_545_546_547_548_549_550_551_552_553_554_555_556_557_558_559_560_561_562_563_564_565_566_567_568_569_570_571_572_573_574_575_576_577_578_579_580_581_582_583_584_585_586_587_588_589_590_591_592_593_594_595_596_597_598_599_600_601_602_603_604_605_606_607_608_609_610_611_612_613_614_615_616_617_618_619_620_621_622_623_624_625_626_627_628_629_630_631_632_633_634_635_636_637_638_639_640_641_642_643_644_645_646_647_648_649_650_651_652_653_654_655_656_657_658_659_660_661_662_663_664_665_666_667_668_669_670_671_672_673_674_675_676_677_678_679_680_681_682_683_684_685_686_687_688_689_690_691_692_693_694_695_696_697_698_699_700_701_702_703_704_705_706_707_708_709_710_711_712_713_714_715_716_717_718_719_720_721_722_723_724_725_726_727_728_729_730_731_732_733_734_735_736_737_738_739_740_741_742_743_744_745_746_747_748_749_750_751_752_753_754_755_756_757_758_759_760_761_762_763_764_765_766_767_768_769_770_771_772_773_774_775_776_777_778_779_780_781_782_783_784_785_786_787_788_789_790_791_792_793_794_795_796_797_798_799_800_801_802_803_804_805_806_807_808_809_810_811_812_813_814_815_816_817_818_819_820_821_822_823_824_825_826_827_828_829_830_831_832_833_834_835_836_837_838_839_840_841_842_843_844_845_846_847_848_849_850_851_852_853_854_855_856_857_858_859_860_861_862_863_864_865_866_867_868_869_870_871_872_873_874_875_876_877_878_879_880_881_882_883_884_885_886_887_888_889_890_891_892_893_894_895_896_897_898_899_900_901_902_903_904_905_906_907_908_909_910_911_912_913_914_915_916_917_918_919_920_921_922_923_924_925_926_927_928_929_930_931_932_933_934_935_936_937_938_939_940_941_942_943_944_945_946_947_948_949_950_951_952_953_954_955_956_957_958_959_960_961_962_963_964_965_966_967_968_969_970_971_972_973_974_975_976_977_978_979_980_981_982_983_984_985_986_987_988_989_990_991_992_993_994_995_996_997_998_999_1000_1001_1002_1003_1004_1005_1006_1007_1008_1009_1010_1011_1012_1013_1014_1015_1016_1017_1018_1019_1020_1021_1022_1023_1024_1025_1026_1027_1028_1029_1030_1031_1032_1033_1034_1035_1036_1037_1038_1039_1040_1041_1042_1043_1044_1045_1046_1047_1048_1049_1050_1051_1052_1053_1054_1055_1056_1057_1058_1059_1060_1061_1062_1063_1064_1065_1066_1067_1068_1069_1070_1071_1072_1073_1074_1075_1076_1077_1078_1079_1080_1081_1082_1083_1084_1085_1086_1087_1088_1089_1090_1091_1092_1093_1094_1095_1096_1097_1098_1099_1100_1101_1102_1103_1104_1105_1106_1107_1108_1109_1110_1111_1112_1113_1114_1115_1116_1117_1118_1119_1120_1121_1122_1123_1124_1125_1126_1127_1128_1129_1130_1131_1132_1133_1134_1135_1136_1137_1138_1139_1140_1141_1142_1143_1144_1145_1146_1147_1148_1149_1150_1151_1152_1153_1154_1155_1156_1157_1158_1159_1160_1161_1162_1163_1164_1165_1166_1167_1168_1169_1170_1171_1172_1173_1174_1175_1176_1177_1178_1179_1180_1181_1182_1183_1184_1185_1186_1187_1188_1189_1190_1191_1192_1193_1194_1195_1196_1197_1198_1199_1200_1201_1202_1203_1204_1205_1206_1207_1208_1209_1210_1211_1212_1213_1214_1215_1216_1217_1218_1219_1220_1221_1222_1223_1224_1225_1226_1227_1228_1229_1230_1231_1232_1233_1234_1235_1236_1237_1238_1239_1240_1241_1242_1243_1244_1245_1246_1247_1248_1249_1250_1251_1252_1253_1254_1255_1256_1257_1258_1259_1260_1261_1262_1263_1264_1265_1266_1267_1268_1269_1270_1271_1272_1273_1274_1275_1276_1277_1278_1279_1280_1281_1282_1283_1284_1285_1286_1287_1288_1289_1290_1291_1292_1293_1294_1295_1296_1297_1298_1299_1300_1301_1302_1303_1304_1305_1306_1307_1308_1309_1310_1311_1312_1313_1314_1315_1316_1317_1318_1319_1320_1321_1322_1323_1324_1325_1326_1327_1328_1329_1330_1331_1332_1333_1334_1335_1336_1337_1338_1339_1340_1341_1342_1343_1344_1345_1346_1347_1348_1349_1350_1351_1352_1353_1354_1355_1356_1357_1358_1359_1360_1361_1362_1363_1364_1365_1366_1367_1368_1369_1370_1371_1372_1373_1374_1375_1376_1377_1378_1379_1380_1381_1382_1383_1384_1385_1386_1387_1388_1389_1390_1391_1392_1393_1394_1395_1396_1397_1398_1399_1400_1401_1402_1403_1404_1405_1406_1407_1408_1409_1410_1411_1412_1413_1414_1415_1416_1417_1418_1419_1420_1421_1422_1423_1424_1425_1426_1427_1428_1429_1430_1431_1432_1433_1434_1435_1436_1437_1438_1439_1440_1441_1442_1443_1444_1445_1446_1447_1448_1449_1450_1451_1452_1453_1454_1455_1456_1457_1458_1459_1460_1461_1462_1463_1464_1465_1466_1467_1468_1469_1470_1471_1472_1473_1474_1475_1476_1477_1478_1479_1480_1481_1482_1483_1484_1485_1486_1487_1488_1489_1490_1491_1492_1493_1494_1495_1496_1497_1498_1499_1500_1501_1502_1503_1504_1505_1506_1507_1508_1509_1510_1511_1512_1513_1514_1515_1516_1517_1518_1519_1520_1521_1522_1523_1524_1525_1526_1527_1528_1529_1530_1531_1532_1533_1534_1535_1536_1537_1538_1539_1540_1541_1542_1543_1544_1545_1546_1547_1548_1549_1550_1551_1552_1553_1554_1555_1556_1557_1558_1559_1560_1561_1562_1563_1564_1565_1566_1567_1568_1569_1570_1571_1572_1573_1574_1575_1576_1577_1578_1579_1580_1581_1582_1583_1584_1585_1586_1587_1588_1589_1590_1591_1592_1593_1594_1595_1596_1597_1598_1599_1600_1601_1602_1603_1604_1605_1606_1607_1608_1609_1610_1611_1612_1613_1614_1615_1616_1617_1618_1619_1620_1621_1622_1623_1624_1625_1626_1627_1628_1629_1630_1631_1632_1633_1634_1635_1636_1637_1638_1639_1640_1641_1642_1643_1644_1645_1646_1647_1648_1649_1650_1651_1652_1653_1654_1655_1656_1657_1658_1659_1660_1661_1662_1663_1664_1665_1666_1667_1668_1669_1670_1671_1672_1673_1674_1675_1676_1677_1678_1679_1680_1681_1682_1683_1684_1685_1686_1687_1688_1689_1690_1691_1692_1693_1694_1695_1696_1697_1698_1699_1700_1701_1702_1703_1704_1705_1706_1707_1708_1709_1710_1711_1712_1713_1714_1715_1716_1717_1718_1719_1720_1721_1722_1723_1724_1725_1726_1727_1728_1729_1730_1731_1732_1733_1734_1735_1736_1737_1738_1739_1740_1741_1742_1743_1744_1745_1746_1747_1748_1749_1750_1751_1752_1753_1754_1755_1756_1757_1758_1759_1760_1761_1762_1763_1764_1765_1766_1767_1768_1769_1770_1771_1772_1773_1774_1775_,1:{1665;557;2;}15:{683;11;73;684;83;72;74;10;685;82;71;19;76;77;75;81;9;78;85;79;20;66;86;67;195;65;70;68;84;194;94;8;21;64;95;193;87;93;96;62;22;192;88;92;1708;97;61;6;190;1775;1707;98;4;679;63;1737;188;89;90;38;60;1706;681;664;673;37;59;682;663;35;1705;}22:{1663;}35:{41;46;42;48;43;45;44;677;}51:{49;676;678;}65:{674;675;34;57;672;56;665;111;55;33;110;662;666;109;648;32;54;108;667;53;31;647;107;52;24;23;26;27;106;30;28;51;29;50;39;}129:{119;658;609;118;659;115;}134:{611;610;}176:{177;212;179;211;181;210;199;182;205;198;654;197;183;141;196;653;207;184;137;142;652;208;185;598;143;651;209;186;128;129;127;130;124;187;133;7;655;5;145;146;}180:{842;1071;1074;1076;843;1070;291;845;1075;844;302;391;1069;783;1181;313;782;1068;402;1182;781;1067;324;1183;413;778;80;1061;336;1065;1062;424;58;1063;777;1174;1060;69;}201:{126;123;122;656;121;120;612;}210:{671;100;101;117;116;670;99;103;112;660;}233:{237;330;238;327;239;326;322;328;240;202;329;241;332;191;242;469;480;458;491;447;502;243;435;646;513;236;635;265;225;180;524;227;657;310;669;266;169;213;724;680;535;301;624;303;226;735;267;304;613;702;691;713;158;305;1176;1178;}234:{1184;546;247;602;1175;1080;1079;147;558;1179;591;258;841;1078;1180;569;}243:{746;757;742;768;761;780;743;745;791;759;580;758;771;824;756;802;752;760;770;733;755;835;813;753;754;884;769;868;883;869;741;846;885;767;882;870;136;867;857;766;125;865;864;269;}247:{347;47;369;358;36;784;776;794;785;738;793;739;1064;740;775;790;25;792;14;3;1754;786;1743;717;774;907;}252:{235;}261:{288;223;289;222;290;221;342;292;220;334;341;337;338;750;751;749;216;339;748;217;340;747;744;218;}263:{256;229;264;230;255;228;331;333;}310:{309;311;308;312;294;314;293;275;274;315;276;287;273;277;316;286;272;699;249;285;317;278;851;250;698;700;248;284;318;850;852;251;325;697;701;271;1196;252;849;279;283;323;1197;853;296;295;319;297;270;244;253;1198;298;847;848;281;233;268;1200;245;320;259;299;254;260;232;703;231;1201;282;307;306;300;246;261;321;257;234;704;1187;263;262;}318:{1167;1164;1163;1172;}355:{876;878;}373:{384;374;567;361;383;375;362;376;363;382;367;377;385;366;386;364;387;365;441;388;389;440;408;399;400;390;162;439;398;438;407;437;401;392;436;161;565;434;406;566;160;588;404;403;433;405;393;397;560;875;589;559;159;396;432;395;556;394;409;431;531;590;156;555;164;444;157;532;430;554;443;410;576;155;575;596;429;442;411;154;}410:{417;}413:{1765;909;908;910;1732;711;1721;912;712;906;913;714;1710;914;773;905;715;1699;915;716;772;904;891;916;892;787;1688;903;917;893;788;1677;729;918;894;547;789;1081;1082;1083;919;710;}436:{151;152;586;150;153;585;604;149;603;}442:{428;427;426;425;423;412;414;415;416;445;}464:{520;473;474;476;477;478;479;487;481;486;485;490;482;484;483;492;}494:{511;510;509;508;}502:{1072;736;}528:{505;421;420;419;418;519;518;517;515;516;514;512;}535:{765;114;886;553;764;871;881;734;102;552;887;380;872;763;880;280;91;551;1073;873;879;548;762;550;890;737;545;}538:{493;528;499;494;529;498;450;451;500;}553:{456;}563:{530;449;448;501;495;497;496;503;504;422;}589:{584;583;597;600;148;601;650;649;605;144;134;606;135;131;132;607;}645:{632;631;630;623;622;625;626;637;627;638;629;633;628;643;636;634;40;}663:{105;104;189;645;614;615;644;617;661;618;642;608;616;641;619;640;620;639;621;}698:{1202;1203;1223;1191;1220;1195;1190;1204;1460;1189;1759;1219;1205;1758;1757;1461;1218;1756;1206;1462;1217;1207;1216;1240;1215;}704:{1755;1753;696;1214;695;1208;694;1751;1752;1213;1760;693;1750;1761;1239;1211;1212;1209;692;1224;1762;1749;690;1238;1260;1225;1763;1259;1237;1261;1226;1764;1258;1748;1236;1262;1257;1747;1766;}729:{471;527;472;521;475;}732:{459;457;507;523;506;522;489;470;488;}734:{544;728;549;727;732;726;731;543;895;725;730;542;896;723;719;720;722;721;541;897;540;899;465;464;539;901;}735:{355;874;356;354;344;351;349;570;}747:{345;343;352;346;350;348;357;353;168;167;359;568;595;371;571;170;166;165;593;572;370;372;360;592;378;594;379;368;573;574;373;381;}751:{171;172;173;219;174;175;579;203;176;599;204;578;201;587;140;215;139;577;163;200;178;581;206;138;582;214;}788:{708;1049;1048;1050;1047;1051;707;1588;1052;926;1032;1053;822;706;1577;1054;927;821;1566;1115;928;820;1056;1555;1114;1058;1057;1105;1120;}791:{538;}794:{1666;920;1086;1085;1654;1040;1084;1643;1039;921;}818:{939;940;941;942;}823:{1012;1013;1002;1001;998;1019;997;1020;1015;950;996;1003;1021;943;1016;995;1023;1004;945;949;1024;1005;1355;948;}836:{830;829;854;855;856;1655;1653;}867:{533;}876:{536;537;534;561;562;563;564;453;452;454;455;}890:{463;526;462;461;525;460;}909:{898;902;466;467;718;468;}936:{1031;1030;946;994;947;}937:{962;}962:{961;960;1026;959;1027;958;1028;957;963;951;1029;956;952;964;954;953;981;965;980;967;979;968;989;969;982;970;990;978;991;976;983;971;1144;973;974;972;975;1006;992;1133;984;1155;985;993;1017;1122;988;986;1166;1111;1008;}990:{987;1088;1077;1066;1055;1033;1044;1022;1011;}997:{1007;1025;977;1009;966;1010;955;1000;944;1344;1177;1099;}998:{1188;}999:{1221;1332;1443;1554;}1034:{929;819;930;1106;818;1543;931;817;1104;1532;932;1103;816;795;934;796;1521;1102;797;815;935;798;1510;1101;814;799;936;1499;1100;800;1113;812;1112;937;811;810;1098;1488;1477;804;801;1466;823;1097;1107;805;938;}1043:{1045;1046;}1093:{825;1455;1444;1432;1014;}1169:{1140;1141;1142;1134;1135;1143;1132;705;1136;1173;1131;1128;1145;1137;1129;1492;1127;1146;1130;1138;1491;1126;1156;1147;1139;1157;1490;1125;1148;1123;1124;1161;1160;1158;1489;1159;1458;1149;1121;1457;1162;1486;1059;1485;1465;1487;1150;1089;1090;1087;1091;1151;1467;1473;1092;1152;1453;1474;1484;1093;1094;}1170:{1452;1154;}1171:{1468;1475;1476;1469;1472;1471;1470;1478;1153;1563;1494;1479;1562;1108;}1196:{1186;1463;1192;1193;1185;1464;1165;1194;1459;1168;1169;1170;1454;1456;1171;1450;}1206:{1569;1568;}1215:{1227;1235;1228;1234;1229;1232;1231;1230;1241;1256;1242;1574;1573;1575;1254;1572;1571;1243;1570;1253;1576;1270;1269;1271;1268;1263;1252;1267;1578;1264;1449;}1226:{1245;1246;1251;1579;1429;1247;1428;1427;1426;1248;1272;1580;1273;1274;1430;1275;1431;1276;1281;1282;1280;1284;}1234:{1433;1425;1434;1249;1424;1435;1436;1250;1423;1437;1442;}1240:{1567;1448;1565;1447;1564;}1248:{1302;1301;}1252:{1279;1278;1287;1289;1283;1290;1292;1291;1604;1603;1605;1602;1606;1285;1607;1608;1295;1294;1609;1293;1611;1286;1600;1612;1296;840;1601;1265;1297;839;1627;838;1773;1303;1630;}1276:{837;1631;1633;1629;1634;836;1635;1636;834;}1277:{1233;1299;1222;1310;911;1210;1199;900;889;922;877;933;866;779;668;}1293:{1304;}1315:{1313;1314;1357;}1320:{1353;1358;1352;1351;}1370:{1343;1342;1309;1592;1339;1340;1338;1337;1336;1345;1341;1346;1595;1594;1335;1347;1327;1328;1348;1349;}1374:{1365;1364;1367;1363;1368;1596;1369;1361;1362;1360;1593;1359;}1395:{1308;1307;}1408:{862;861;860;1378;1379;1376;859;1375;1374;858;1373;1372;1371;1598;1370;1597;1591;}1409:{1404;1403;1391;1386;1402;1385;1384;1587;1383;1405;1406;1387;1589;1382;1408;1590;1389;1381;863;1380;1390;}1425:{1394;1397;1416;1400;1585;1417;1586;1393;1401;1418;1392;}1437:{1584;1514;1513;1515;1512;1558;1559;1419;1516;1544;1511;1517;1545;1541;1523;1509;1518;1546;1556;1522;1542;1519;1553;1508;1547;1520;1552;1507;1524;1548;1549;1525;1531;}1443:{113;224;335;446;}1478:{1481;1482;1483;1495;1496;1497;1493;1498;1118;1117;1399;1116;1119;1388;809;1377;827;1095;808;828;1410;807;1096;803;1366;1421;806;1018;826;1109;1266;1321;}1484:{1480;}1525:{1288;1110;}1531:{1255;1244;}1550:{1536;888;999;1537;1538;1540;1539;0;1;1333;1407;1277;}1573:{1438;1439;1441;1445;1446;1440;1581;1583;1422;1582;1451;1557;}1579:{1420;1412;1411;1413;1409;1396;1414;1398;1395;1415;}1583:{1506;1551;1529;1530;1505;1535;1526;1504;1560;1550;1527;1561;1503;1533;1528;1502;1501;1534;1500;}1595:{1334;1306;1305;1325;1326;1324;1323;1329;1330;1317;1316;1318;1311;1322;1331;1319;1312;1320;1356;1354;1350;}1600:{833;832;1298;831;1300;1315;}1614:{1687;1686;}1625:{1638;}1637:{1651;1652;}1683:{1660;1662;1672;687;1659;688;1664;689;1658;1671;1667;1670;1669;1657;1668;1639;1640;1656;1641;1642;1644;1647;1648;1645;1649;1646;1650;}1691:{1681;1682;1680;1679;1704;1683;1678;1703;1700;1676;1698;1702;1697;1675;1684;1701;1696;1674;1685;1695;1673;1637;1694;1661;}1710:{1632;1038;923;1041;1621;1037;924;1042;1610;1036;709;1043;925;1599;1035;1034;}1722:{1692;1689;18;}1729:{1715;1714;1713;1712;1711;1736;1709;1739;1774;1738;1622;1623;1624;1693;12;1625;13;15;1691;16;17;1690;}1749:{1746;1745;1767;1726;1727;1768;1725;1728;1729;1769;1730;1723;1722;1724;1616;1770;1731;1720;1615;1744;1771;1719;1614;1733;1617;1718;1613;1772;1618;1742;1717;686;1734;1619;1741;1716;1620;1735;1740;1626;}1762:{1628;},1_29_30_39_51_52_53_54_392_397_398_401_403_404_405_432_433_434_454_455_462_463_464_465_466_467_562_563_565_566_608_615_616_617_642_645_688_689_810_811_833_834_836_897_898_899_901_935_936_937_1002_1021_1023_1041_1042_1199_1210_1222_1233_1288_1302_1303_1344_1396_1398_1415_1533_1534_1546_1547_1548_1549_1550_1642_1644_1658_1659_1664_1667_1671_,310-309*0_310-311*0_310-308*0_310-312*0_310-294*0_310-314*0_310-293*0_310-275*0_310-274*0_310-315*0_310-276*0_310-287*0_310-273*0_310-277*0_310-316*0_310-286*0_310-272*0_310-699*0_310-249*0_310-285*0_310-317*0_310-278*0_310-851*0_310-250*0_310-698*0_310-700*0_310-248*0_310-284*0_310-318*0_310-850*0_310-852*0_310-251*0_310-325*0_310-697*0_310-701*0_310-271*0_310-1196*0_310-252*0_310-849*0_310-279*0_310-283*0_310-323*0_310-1197*0_310-853*0_310-296*0_310-295*0_310-319*0_310-297*0_310-270*0_310-244*0_310-253*0_310-1198*0_310-298*0_310-847*0_310-848*0_310-281*0_310-233*0_310-268*0_310-1200*0_310-245*0_310-320*0_310-259*0_310-299*0_310-254*0_310-260*0_310-232*0_310-703*0_310-231*0_310-1201*0_310-282*0_310-307*0_310-306*0_310-300*0_310-246*0_310-261*0_310-321*0_310-257*0_310-234*0_310-704*0_310-1187*0_310-263*0_310-262*0_252-235*1_263-256*1_263-229*1_263-264*1_263-230*1_263-255*1_263-228*1_263-331*1_263-333*1_233-237*1_233-330*1_233-238*1_233-327*1_233-239*1_233-326*1_233-322*1_233-328*1_233-240*1_233-202*1_233-329*1_233-241*1_233-332*1_233-191*1_233-242*1_233-469*1_233-480*1_233-458*1_233-491*1_233-447*1_233-502*1_233-243*1_233-435*1_233-646*1_233-513*1_233-236*1_233-635*1_233-265*1_233-225*1_233-180*1_233-524*1_233-227*1_233-657*1_233-310*1_233-669*1_233-266*1_233-169*1_233-213*1_233-724*1_233-680*1_233-535*1_233-301*1_233-624*1_233-303*1_233-226*1_233-735*1_233-267*1_233-304*1_233-613*1_233-702*1_233-691*1_233-713*1_233-158*1_233-305*1_233-1176*1_233-1178*1_698-1202*1_698-1203*1_698-1223*1_698-1191*1_698-1220*1_698-1195*1_698-1190*1_698-1204*1_698-1460*1_698-1189*1_698-1759*1_698-1219*1_698-1205*1_698-1758*1_698-1757*1_698-1461*1_261-288*1_261-223*1_698-1218*1_698-1756*1_698-1206*1_261-289*1_698-1462*1_261-222*1_698-1217*1_698-1207*1_261-290*1_698-1216*1_261-221*1_261-342*1_261-292*1_698-1240*1_698-1215*1_261-220*1_261-334*1_261-341*1_261-337*1_261-338*1_261-750*1_261-751*1_261-749*1_261-216*1_261-339*1_261-748*1_261-217*1_261-340*1_261-747*1_261-744*1_261-218*1_234-1184*1_234-546*1_234-247*1_234-602*1_234-1175*1_234-1080*1_234-1079*1_234-147*1_234-558*1_234-1179*1_234-591*1_234-258*1_234-841*1_234-1078*1_234-1180*1_234-569*1_243-746*2_243-757*2_243-742*2_243-768*2_243-761*2_243-780*2_243-743*2_243-745*2_243-791*2_243-759*2_243-580*2_243-758*2_243-771*2_243-824*2_243-756*2_243-802*2_243-752*2_243-760*2_243-770*2_243-733*2_243-755*2_243-835*2_243-813*2_243-753*2_243-754*2_243-884*2_243-769*2_243-868*2_243-883*2_243-869*2_243-741*2_243-846*2_243-885*2_243-767*2_243-882*2_243-870*2_243-136*2_243-867*2_243-857*2_243-766*2_243-125*2_243-865*2_243-864*2_243-269*2_535-765*2_535-114*2_535-886*2_535-553*2_535-764*2_535-871*2_535-881*2_535-734*2_535-102*2_535-552*2_535-887*2_535-380*2_535-872*2_535-763*2_535-880*2_535-280*2_535-91*2_535-551*2_535-1073*2_535-873*2_535-879*2_535-548*2_535-762*2_535-550*2_535-890*2_535-737*2_535-545*2_502-1072*2_502-736*2_180-842*3_180-1071*3_180-1074*3_180-1076*3_180-843*3_180-1070*3_180-291*3_180-845*3_180-1075*3_180-844*3_180-302*3_180-391*3_180-1069*3_180-783*3_180-1181*3_180-313*3_180-782*3_180-1068*3_180-402*3_180-1182*3_180-781*3_180-1067*3_180-324*3_180-1183*3_180-413*3_180-778*3_180-80*3_180-1061*3_180-336*3_180-1065*3_180-1062*3_180-424*3_180-58*3_180-1063*3_180-777*3_180-1174*3_180-1060*3_180-69*3_1196-1186*2_1196-1463*2_1196-1192*2_1196-1193*2_1196-1185*2_1196-1464*2_1196-1165*2_1196-1194*2_1196-1459*2_1196-1168*2_1196-1169*2_1196-1170*2_1196-1454*2_1196-1456*2_1196-1171*2_1196-1450*2_735-355*2_735-874*2_735-356*2_735-354*2_735-344*2_735-351*2_735-349*2_735-570*2_747-345*2_747-343*2_747-352*2_747-346*2_747-350*2_747-348*2_747-357*2_747-353*2_747-168*2_747-167*2_747-359*2_747-568*2_747-595*2_747-371*2_747-571*2_747-170*2_747-166*2_747-165*2_747-593*2_747-572*2_747-370*2_747-372*2_747-360*2_747-592*2_747-378*2_747-594*2_747-379*2_747-368*2_747-573*2_747-574*2_747-373*2_747-381*2_318-1167*2_318-1164*2_318-1163*2_318-1172*2_704-1755*1_704-1753*1_704-696*1_704-1214*1_704-695*1_704-1208*1_704-694*1_704-1751*1_704-1752*1_704-1213*1_704-1760*1_704-693*1_704-1750*1_704-1761*1_704-1239*1_704-1211*1_704-1212*1_704-1209*1_704-692*1_704-1224*1_704-1762*1_704-1749*1_704-690*1_704-1238*1_704-1260*1_704-1225*1_704-1763*1_704-1259*1_704-1237*1_704-1261*1_704-1226*1_704-1764*1_704-1258*1_704-1748*1_704-1236*1_704-1262*1_704-1257*1_704-1747*1_704-1766*1_247-347*3_247-47*3_247-369*3_247-358*3_247-36*3_247-784*3_247-776*3_247-794*3_247-785*3_247-738*3_247-793*3_247-739*3_247-1064*3_247-740*3_247-775*3_247-790*3_247-25*3_247-792*3_247-14*3_247-3*3_247-1754*3_247-786*3_247-1743*3_247-717*3_247-774*3_247-907*3_1215-1227*2_1215-1235*2_1215-1228*2_1215-1234*2_1215-1229*2_1215-1232*2_1215-1231*2_1215-1230*2_1215-1241*2_1215-1256*2_1215-1242*2_1215-1574*2_1215-1573*2_1215-1575*2_1215-1254*2_1215-1572*2_1215-1571*2_1215-1243*2_1215-1570*2_1215-1253*2_1215-1576*2_1215-1270*2_1215-1269*2_1215-1271*2_1215-1268*2_1215-1263*2_1215-1252*2_1215-1267*2_1215-1578*2_1215-1264*2_1215-1449*2_413-1765*4_413-909*4_413-908*4_413-910*4_413-1732*4_413-711*4_413-1721*4_413-912*4_413-712*4_413-906*4_413-913*4_413-714*4_413-1710*4_413-914*4_413-773*4_413-905*4_413-715*4_413-1699*4_413-915*4_413-716*4_413-772*4_413-904*4_413-891*4_413-916*4_413-892*4_413-787*4_413-1688*4_413-903*4_413-917*4_413-893*4_413-788*4_413-1677*4_413-729*4_413-918*4_413-894*4_413-547*4_413-789*4_413-1081*4_413-1082*4_413-1083*4_413-919*4_413-710*4_751-171*3_751-172*3_751-173*3_751-219*3_751-174*3_751-175*3_751-579*3_751-203*3_751-176*3_751-599*3_751-204*3_751-578*3_751-201*3_751-587*3_751-140*3_751-215*3_751-139*3_751-577*3_751-163*3_751-200*3_751-178*3_751-581*3_751-206*3_751-138*3_751-582*3_751-214*3_1206-1569*3_1206-1568*3_734-544*4_734-728*4_734-549*4_734-727*4_734-732*4_734-726*4_734-731*4_734-543*4_734-895*4_734-725*4_734-730*4_734-542*4_734-896*4_734-723*4_734-719*4_734-720*4_734-722*4_734-721*4_734-541*4_734-897*4_734-540*4_734-899*4_734-465*4_734-464*4_734-539*4_734-901*4_1240-1567*3_1240-1448*3_1240-1565*3_1240-1447*3_1240-1564*3_794-1666*4_794-920*4_794-1086*4_794-1085*4_794-1654*4_794-1040*4_794-1084*4_794-1643*4_794-1039*4_794-921*4_373-384*3_373-374*3_373-567*3_373-361*3_373-383*3_373-375*3_373-362*3_373-376*3_373-363*3_373-382*3_373-367*3_373-377*3_373-385*3_373-366*3_373-386*3_373-364*3_373-387*3_373-365*3_373-441*3_373-388*3_373-389*3_373-440*3_373-408*3_373-399*3_373-400*3_373-390*3_373-162*3_373-439*3_373-398*3_373-438*3_373-407*3_373-437*3_373-401*3_373-392*3_373-436*3_373-161*3_373-565*3_373-434*3_373-406*3_373-566*3_373-160*3_373-588*3_373-404*3_373-403*3_373-433*3_373-405*3_373-393*3_373-397*3_373-560*3_373-875*3_373-589*3_373-559*3_373-159*3_373-396*3_373-432*3_373-395*3_373-556*3_373-394*3_373-409*3_373-431*3_373-531*3_373-590*3_373-156*3_373-555*3_373-164*3_373-444*3_373-157*3_373-532*3_373-430*3_373-554*3_373-443*3_373-410*3_373-576*3_373-155*3_373-575*3_373-596*3_373-429*3_373-442*3_373-411*3_373-154*3_1226-1245*2_1226-1246*2_1226-1251*2_1226-1579*2_1226-1429*2_1226-1247*2_1226-1428*2_1226-1427*2_1226-1426*2_1226-1248*2_1226-1272*2_1226-1580*2_1226-1273*2_1226-1274*2_1226-1430*2_1226-1275*2_1226-1431*2_1226-1276*2_1226-1281*2_1226-1282*2_1226-1280*2_1226-1284*2_355-876*3_355-878*3_1710-1632*5_1710-1038*5_1710-923*5_1710-1041*5_1710-1621*5_1710-1037*5_1710-924*5_1710-1042*5_1710-1610*5_1710-1036*5_1710-709*5_1710-1043*5_1710-925*5_1710-1599*5_1710-1035*5_1710-1034*5_1234-1433*4_1234-1425*4_1234-1434*4_1234-1249*4_1234-1424*4_1234-1435*4_1234-1436*4_1234-1250*4_1234-1423*4_1234-1437*4_1234-1442*4_788-708*5_788-1049*5_788-1048*5_788-1050*5_788-1047*5_788-1051*5_788-707*5_788-1588*5_788-1052*5_788-926*5_788-1032*5_788-1053*5_788-822*5_788-706*5_788-1577*5_788-1054*5_788-927*5_788-821*5_788-1566*5_788-1115*5_788-928*5_788-820*5_788-1056*5_788-1555*5_788-1114*5_788-1058*5_788-1057*5_788-1105*5_788-1120*5_867-533*3_1573-1438*3_1573-1439*3_1573-1441*3_1573-1445*3_1573-1446*3_1573-1440*3_1573-1581*3_1573-1583*3_1573-1422*3_1573-1582*3_1573-1451*3_1573-1557*3_791-538*3_1169-1140*3_1169-1141*3_1169-1142*3_1169-1134*3_1169-1135*3_1169-1143*3_1169-1132*3_1169-705*3_1169-1136*3_1169-1173*3_1169-1131*3_1169-1128*3_1169-1145*3_1169-1137*3_1169-1129*3_1169-1492*3_1169-1127*3_1169-1146*3_1169-1130*3_1169-1138*3_1169-1491*3_1169-1126*3_1169-1156*3_1169-1147*3_1169-1139*3_1169-1157*3_1169-1490*3_1169-1125*3_1169-1148*3_1169-1123*3_1169-1124*3_1169-1161*3_1169-1160*3_1169-1158*3_1169-1489*3_1169-1159*3_1169-1458*3_1169-1149*3_1169-1121*3_1169-1457*3_1169-1162*3_1169-1486*3_1169-1059*3_1169-1485*3_1169-1465*3_1169-1487*3_1169-1150*3_1169-1089*3_1169-1090*3_1169-1087*3_1169-1091*3_1169-1151*3_1169-1467*3_1169-1473*3_1169-1092*3_1169-1152*3_1169-1453*3_1169-1474*3_1169-1484*3_1169-1093*3_1169-1094*3_876-536*4_876-537*4_876-534*4_876-561*4_876-562*4_876-563*4_876-564*4_876-453*4_876-452*4_876-454*4_876-455*4_1252-1279*5_1252-1278*5_1252-1287*5_1252-1289*5_1252-1283*5_1252-1290*5_1252-1292*5_1252-1291*5_1252-1604*5_1252-1603*5_1252-1605*5_1252-1602*5_1252-1606*5_1252-1285*5_1252-1607*5_1252-1608*5_1252-1295*5_1252-1294*5_1252-1609*5_1252-1293*5_1252-1611*5_1252-1286*5_1252-1600*5_1252-1612*5_1252-1296*5_1252-840*5_1252-1601*5_1252-1265*5_1252-1297*5_1252-839*5_1252-1627*5_1252-838*5_1252-1773*5_1252-1303*5_1252-1630*5_1171-1468*3_1171-1475*3_1171-1476*3_1171-1469*3_1171-1472*3_1171-1471*3_1171-1470*3_1171-1478*3_1171-1153*3_1171-1563*3_1171-1494*3_1171-1479*3_1171-1562*3_1171-1108*3_1248-1302*3_1248-1301*3_176-177*4_176-212*4_176-179*4_176-211*4_176-181*4_176-210*4_176-199*4_176-182*4_176-205*4_176-198*4_176-654*4_176-197*4_176-183*4_176-141*4_176-196*4_176-653*4_176-207*4_176-184*4_176-137*4_176-142*4_176-652*4_176-208*4_176-185*4_176-598*4_176-143*4_176-651*4_176-209*4_176-186*4_176-128*4_176-129*4_176-127*4_176-130*4_176-124*4_176-187*4_176-133*4_176-7*4_176-655*4_176-5*4_176-145*4_176-146*4_1579-1420*3_1579-1412*3_1579-1411*3_1579-1413*3_1579-1409*3_1579-1396*3_1579-1414*3_1579-1398*3_1579-1395*3_1579-1415*3_442-428*4_442-427*4_442-426*4_442-425*4_442-423*4_442-412*4_442-414*4_442-415*4_442-416*4_442-445*4_909-898*5_909-902*5_909-466*5_909-467*5_909-718*5_909-468*5_1749-1746*2_1749-1745*2_1749-1767*2_1749-1726*2_1749-1727*2_1749-1768*2_1749-1725*2_1749-1728*2_1749-1729*2_1749-1769*2_1749-1730*2_1749-1723*2_1749-1722*2_1749-1724*2_1749-1616*2_1749-1770*2_1749-1731*2_1749-1720*2_1749-1615*2_1749-1744*2_1749-1771*2_1749-1719*2_1749-1614*2_1749-1733*2_1749-1617*2_1749-1718*2_1749-1613*2_1749-1772*2_1749-1618*2_1749-1742*2_1749-1717*2_1749-686*2_1749-1734*2_1749-1619*2_1749-1741*2_1749-1716*2_1749-1620*2_1749-1735*2_1749-1740*2_1749-1626*2_1437-1584*5_1437-1514*5_1437-1513*5_1437-1515*5_1437-1512*5_1437-1558*5_1437-1559*5_1437-1419*5_1437-1516*5_1437-1544*5_1437-1511*5_1437-1517*5_1437-1545*5_1437-1541*5_1437-1523*5_1437-1509*5_1437-1518*5_1437-1546*5_1437-1556*5_1437-1522*5_1437-1542*5_1437-1519*5_1437-1553*5_1437-1508*5_1437-1547*5_1437-1520*5_1437-1552*5_1437-1507*5_1437-1524*5_1437-1548*5_1437-1549*5_1437-1525*5_1437-1531*5_436-151*4_436-152*4_436-586*4_436-150*4_436-153*4_436-585*4_436-604*4_436-149*4_436-603*4_890-463*3_890-526*3_890-462*3_890-461*3_890-525*3_890-460*3_589-584*4_589-583*4_589-597*4_589-600*4_589-148*4_589-601*4_589-650*4_589-649*4_589-605*4_589-144*4_589-134*4_589-606*4_589-135*4_589-131*4_589-132*4_589-607*4_1034-929*6_1034-819*6_1034-930*6_1034-1106*6_1034-818*6_1034-1543*6_1034-931*6_1034-817*6_1034-1104*6_1034-1532*6_1034-932*6_1034-1103*6_1034-816*6_1034-795*6_1034-934*6_1034-796*6_1034-1521*6_1034-1102*6_1034-797*6_1034-815*6_1034-935*6_1034-798*6_1034-1510*6_1034-1101*6_1034-814*6_1034-799*6_1034-936*6_1034-1499*6_1034-1100*6_1034-800*6_1034-1113*6_1034-812*6_1034-1112*6_1034-937*6_1034-811*6_1034-810*6_1034-1098*6_1034-1488*6_1034-1477*6_1034-804*6_1034-801*6_1034-1466*6_1034-823*6_1034-1097*6_1034-1107*6_1034-805*6_1034-938*6_1583-1506*4_1583-1551*4_1583-1529*4_1583-1530*4_1583-1505*4_1583-1535*4_1583-1526*4_1583-1504*4_1583-1560*4_1583-1550*4_1583-1527*4_1583-1561*4_1583-1503*4_1583-1533*4_1583-1528*4_1583-1502*4_1583-1501*4_1583-1534*4_1583-1500*4_553-456*3_201-126*4_201-123*4_201-122*4_201-656*4_201-121*4_201-120*4_201-612*4_1170-1452*3_1170-1154*3_1729-1715*3_1729-1714*3_1729-1713*3_1729-1712*3_1729-1711*3_1729-1736*3_1729-1709*3_1729-1739*3_1729-1774*3_1729-1738*3_1729-1622*3_1729-1623*3_1729-1624*3_1729-1693*3_1729-12*3_1729-1625*3_1729-13*3_1729-15*3_1729-1691*3_1729-16*3_1729-17*3_1729-1690*3_1484-1480*4_1043-1045*6_1043-1046*6_1762-1628*4_1478-1481*4_1478-1482*4_1478-1483*4_1478-1495*4_1478-1496*4_1478-1497*4_1478-1493*4_1478-1498*4_1478-1118*4_1478-1117*4_1478-1399*4_1478-1116*4_1478-1119*4_1478-1388*4_1478-809*4_1478-1377*4_1478-827*4_1478-1095*4_1478-808*4_1478-828*4_1478-1410*4_1478-807*4_1478-1096*4_1478-803*4_1478-1366*4_1478-1421*4_1478-806*4_1478-1018*4_1478-826*4_1478-1109*4_1478-1266*4_1478-1321*4_732-459*5_732-457*5_732-507*5_732-523*5_732-506*5_732-522*5_732-489*5_732-470*5_732-488*5_1425-1394*5_1425-1397*5_1425-1416*5_1425-1400*5_1425-1585*5_1425-1417*5_1425-1586*5_1425-1393*5_1425-1401*5_1425-1418*5_1425-1392*5_729-471*5_729-527*5_729-472*5_729-521*5_729-475*5_1093-825*4_1093-1455*4_1093-1444*4_1093-1432*4_1093-1014*4_1550-1536*5_1550-888*5_1550-999*5_1550-1537*5_1550-1538*5_1550-1540*5_1550-1539*5_1550-0*5_1550-1*5_1550-1333*5_1550-1407*5_1550-1277*5_1722-1692*3_1722-1689*3_1722-18*3_818-939*7_818-940*7_818-941*7_818-942*7_464-520*5_464-473*5_464-474*5_464-476*5_464-477*5_464-478*5_464-479*5_464-487*5_464-481*5_464-486*5_464-485*5_464-490*5_464-482*5_464-484*5_464-483*5_464-492*5_15-683*4_15-11*4_15-73*4_15-684*4_15-83*4_15-72*4_15-74*4_15-10*4_15-685*4_15-82*4_15-71*4_15-19*4_15-76*4_15-77*4_15-75*4_15-81*4_15-9*4_15-78*4_15-85*4_15-79*4_15-20*4_15-66*4_15-86*4_15-67*4_15-195*4_15-65*4_15-70*4_15-68*4_15-84*4_15-194*4_15-94*4_15-8*4_15-21*4_15-64*4_15-95*4_15-193*4_15-87*4_15-93*4_15-96*4_15-62*4_15-22*4_15-192*4_15-88*4_15-92*4_15-1708*4_15-97*4_15-61*4_15-6*4_15-190*4_15-1775*4_15-1707*4_15-98*4_15-4*4_15-679*4_15-63*4_15-1737*4_15-188*4_15-89*4_15-90*4_15-38*4_15-60*4_15-1706*4_15-681*4_15-664*4_15-673*4_15-37*4_15-59*4_15-682*4_15-663*4_15-35*4_15-1705*4_823-1012*7_823-1013*7_823-1002*7_823-1001*7_823-998*7_823-1019*7_823-997*7_823-1020*7_823-1015*7_823-950*7_823-996*7_823-1003*7_823-1021*7_823-943*7_823-1016*7_823-995*7_823-1023*7_823-1004*7_823-945*7_823-949*7_823-1024*7_823-1005*7_823-1355*7_823-948*7_134-611*5_134-610*5_1409-1404*5_1409-1403*5_1409-1391*5_1409-1386*5_1409-1402*5_1409-1385*5_1409-1384*5_1409-1587*5_1409-1383*5_1409-1405*5_1409-1406*5_1409-1387*5_1409-1589*5_1409-1382*5_1409-1408*5_1409-1590*5_1409-1389*5_1409-1381*5_1409-863*5_1409-1380*5_1409-1390*5_936-1031*7_936-1030*7_936-946*7_936-994*7_936-947*7_1276-837*6_1276-1631*6_1276-1633*6_1276-1629*6_1276-1634*6_1276-836*6_1276-1635*6_1276-1636*6_1276-834*6_129-119*5_129-658*5_129-609*5_129-118*5_129-659*5_129-115*5_538-493*4_538-528*4_538-499*4_538-494*4_538-529*4_538-498*4_538-450*4_538-451*4_538-500*4_65-674*5_65-675*5_65-34*5_65-57*5_65-672*5_65-56*5_65-665*5_65-111*5_65-55*5_65-33*5_65-110*5_65-662*5_65-666*5_65-109*5_65-648*5_65-32*5_65-54*5_65-108*5_65-667*5_65-53*5_65-31*5_65-647*5_65-107*5_65-52*5_65-24*5_65-23*5_65-26*5_65-27*5_65-106*5_65-30*5_65-28*5_65-51*5_65-29*5_65-50*5_65-39*5_563-530*6_563-449*6_563-448*6_563-501*6_563-495*6_563-497*6_563-496*6_563-503*6_563-504*6_563-422*6_937-962*7_1614-1687*3_1614-1686*3_1408-862*6_1408-861*6_1408-860*6_1408-1378*6_1408-1379*6_1408-1376*6_1408-859*6_1408-1375*6_1408-1374*6_1408-858*6_1408-1373*6_1408-1372*6_1408-1371*6_1408-1598*6_1408-1370*6_1408-1597*6_1408-1591*6_210-671*5_210-100*5_210-101*5_210-117*5_210-116*5_210-670*5_210-99*5_210-103*5_210-112*5_210-660*5_1525-1288*6_1525-1110*6_663-105*5_663-104*5_663-189*5_663-645*5_663-614*5_663-615*5_663-644*5_663-617*5_663-661*5_663-618*5_663-642*5_663-608*5_663-616*5_663-641*5_663-619*5_663-640*5_663-620*5_663-639*5_663-621*5_962-961*8_962-960*8_962-1026*8_962-959*8_962-1027*8_962-958*8_962-1028*8_962-957*8_962-963*8_962-951*8_962-1029*8_962-956*8_962-952*8_962-964*8_962-954*8_962-953*8_962-981*8_962-965*8_962-980*8_962-967*8_962-979*8_962-968*8_962-989*8_962-969*8_962-982*8_962-970*8_962-990*8_962-978*8_962-991*8_962-976*8_962-983*8_962-971*8_962-1144*8_962-973*8_962-974*8_962-972*8_962-975*8_962-1006*8_962-992*8_962-1133*8_962-984*8_962-1155*8_962-985*8_962-993*8_962-1017*8_962-1122*8_962-988*8_962-986*8_962-1166*8_962-1111*8_962-1008*8_1691-1681*4_1691-1682*4_1691-1680*4_1691-1679*4_1691-1704*4_1691-1683*4_1691-1678*4_1691-1703*4_1691-1700*4_1691-1676*4_1691-1698*4_1691-1702*4_1691-1697*4_1691-1675*4_1691-1684*4_1691-1701*4_1691-1696*4_1691-1674*4_1691-1685*4_1691-1695*4_1691-1673*4_1691-1637*4_1691-1694*4_1691-1661*4_1625-1638*5_997-1007*9_997-1025*9_997-977*9_997-1009*9_997-966*9_997-1010*9_997-955*9_997-1000*9_997-944*9_997-1344*9_997-1177*9_997-1099*9_990-987*9_990-1088*9_990-1077*9_990-1066*9_990-1055*9_990-1033*9_990-1044*9_990-1022*9_990-1011*9_645-632*6_645-631*6_645-630*6_645-623*6_645-622*6_645-625*6_645-626*6_645-637*6_645-627*6_645-638*6_645-629*6_645-633*6_645-628*6_645-643*6_645-636*6_645-634*6_645-40*6_1374-1365*7_1374-1364*7_1374-1367*7_1374-1363*7_1374-1368*7_1374-1596*7_1374-1369*7_1374-1361*7_1374-1362*7_1374-1360*7_1374-1593*7_1374-1359*7_35-41*5_35-46*5_35-42*5_35-48*5_35-43*5_35-45*5_35-44*5_35-677*5_1600-833*7_1600-832*7_1600-1298*7_1600-831*7_1600-1300*7_1600-1315*7_22-1663*6_1531-1255*6_1531-1244*6_1683-1660*6_1683-1662*6_1683-1672*6_1683-687*6_1683-1659*6_1683-688*6_1683-1664*6_1683-689*6_1683-1658*6_1683-1671*6_1683-1667*6_1683-1670*6_1683-1669*6_1683-1657*6_1683-1668*6_1683-1639*6_1683-1640*6_1683-1656*6_1683-1641*6_1683-1642*6_1683-1644*6_1683-1647*6_1683-1648*6_1683-1645*6_1683-1649*6_1683-1646*6_1683-1650*6_1293-1304*7_410-417*5_51-49*6_51-676*6_51-678*6_836-830*7_836-829*7_836-854*7_836-855*7_836-856*7_836-1655*7_836-1653*7_528-505*7_528-421*7_528-420*7_528-419*7_528-418*7_528-519*7_528-518*7_528-517*7_528-515*7_528-516*7_528-514*7_528-512*7_1370-1343*7_1370-1342*7_1370-1309*7_1370-1592*7_1370-1339*7_1370-1340*7_1370-1338*7_1370-1337*7_1370-1336*7_1370-1345*7_1370-1341*7_1370-1346*7_1370-1595*7_1370-1594*7_1370-1335*7_1370-1347*7_1370-1327*7_1370-1328*7_1370-1348*7_1370-1349*7_1637-1651*6_1637-1652*6_1395-1308*8_1395-1307*8_494-511*5_494-510*5_494-509*5_494-508*5_1595-1334*9_1595-1306*9_1595-1305*9_1595-1325*9_1595-1326*9_1595-1324*9_1595-1323*9_1595-1329*9_1595-1330*9_1595-1317*9_1595-1316*9_1595-1318*9_1595-1311*9_1595-1322*9_1595-1331*9_1595-1319*9_1595-1312*9_1595-1320*9_1595-1356*9_1595-1354*9_1595-1350*9_1315-1313*8_1315-1314*8_1315-1357*8_999-1221*6_999-1332*6_999-1443*6_999-1554*6_998-1188*8_1320-1353*10_1320-1358*10_1320-1352*10_1320-1351*10_1277-1233*7_1277-1299*7_1277-1222*7_1277-1310*7_1277-911*7_1277-1210*7_1277-1199*7_1277-900*7_1277-889*7_1277-922*7_1277-877*7_1277-933*7_1277-866*7_1277-779*7_1277-668*7_1-1665*7_1-557*7_1-2*7_1443-113*7_1443-224*7_1443-335*7_1443-446*7_
