"id","Scenario","Actual Range","Protocol","Buildings","Total nodes","Nodes on circ","Total coverage","Coverage on circ","Alert received mean time","Hops","Slots","Messages sent","Messages received", "Starting x", "Starting y","Starting node", "Vehicle distance", "Received node ids", "Node ids", "Transmission map", "Received on circ nodes", "Transmission vector"
0,1,300,0,0,1776,118,1776,118,9131.12,5.79661,7.95763,980,1776,1408.78,1667.88,1759,25,1219_1758_1220_1218_1757_704_1223_1217_1204_1205_1756_703_1203_1206_1216_1755_1202_1207_696_695_1214_694_1215_1201_1213_1753_693_1208_701_1240_692_1200_1212_1752_1211_1209_1760_1751_1761_1224_700_690_1239_1198_1762_1260_1750_1238_1259_1225_699_1763_697_1261_698_1197_1258_1749_1237_1226_1764_1257_1262_1196_1236_1766_1227_1263_1235_1748_317_316_318_1228_315_1264_319_1769_1770_1768_1747_1234_1267_1268_1772_320_1265_1773_1270_1726_1767_1229_1725_1771_1230_1746_1231_1232_1727_1615_1616_1614_1724_1241_1728_1613_1723_1745_1722_1617_1729_1242_1730_1243_1575_1574_1245_1576_1573_1246_1572_1578_1429_1571_1247_1251_1428_1579_1427_1426_1570_1248_1580_1569_1249_1430_1431_1425_1759_1256_1254_1269_1253_1271_1272_1252_1273_1274_1286_1283_1601_1282_1280_321_1191_1190_1195_1189_1460_1187_1461_1186_314_1462_1192_312_1463_1193_1185_311_1165_1464_1194_1167_1164_310_1168_1169_1170_1433_1459_299_1171_1163_1434_300_298_309_1424_1172_1435_1174_1131_1134_1436_1132_1130_1250_1627_1285_1626_1625_1284_1628_1624_1629_1619_1620_1618_1623_1622_1602_1630_1693_1281_1603_1129_1631_1692_705_1128_1140_1275_1604_1135_1175_1633_1691_1127_1279_1437_1136_1141_1276_1605_1634_1423_301_1176_1126_1690_1137_1438_1142_1422_303_1178_1412_1125_306_1138_1413_1439_1143_304_1179_1411_1124_1414_1139_307_297_1420_1173_1440_1123_1409_1145_1182_1180_1146_305_1181_1183_1161_1492_1059_1060_1583_1156_1568_1396_1419_1121_296_1160_1061_1157_1058_1147_1441_1584_1567_1491_1159_1184_1158_1120_1057_295_1442_1415_1514_1087_845_1565_213_1148_1089_1398_1513_1490_1515_1162_1416_1090_1395_1091_246_225_1149_1512_1489_322_202_841_1544_1394_1062_1635_1606_1278_1636_1607_1689_245_1397_248_244_1486_1400_191_1150_1487_249_1092_1485_1151_1585_1401_1393_234_1392_1093_1586_1418_435_235_1417_1391_1457_1153_250_233_1108_323_1094_1386_1484_447_180_1404_325_1473_237_232_1385_251_458_169_293_1403_1587_1384_231_238_469_1402_1589_1387_1383_1590_1389_1382_1591_1592_1390_1381_1594_1405_1593_1408_1380_1595_1406_1596_1597_1309_1598_863_1407_1379_1372_1308_1373_1374_1341_1378_1375_1371_1720_1719_1731_1718_1733_1744_1717_686_1716_1715_1713_1714_1712_1711_1742_1709_1734_1741_1735_1736_1740_1739_1774_1737_1738_15_1708_13_17_18_11_19_4_842_1078_1545_843_1076_1079_1516_844_1546_1075_1541_1517_1547_1542_1070_1080_1071_1069_1072_1518_1549_1548_783_1068_1073_1550_1535_1067_1519_782_1074_330_1065_1511_252_1522_291_1523_239_1520_1559_781_1063_1529_1524_1064_280_253_302_1533_327_1509_240_1558_1081_778_1530_710_254_1525_326_313_328_1534_1508_709_1082_1557_1531_777_255_1536_230_784_1083_1507_1526_785_1537_888_276_336_256_708_786_776_707_1084_999_1527_1506_787_1538_1552_1551_1505_1553_1504_1556_1528_1540_1539_1503_1687_1686_1707_1706_16_480_329_241_491_242_502_646_243_513_635_333_332_524_236_331_657_669_680_535_624_724_263_229_613_546_257_691_702_735_713_262_602_158_558_261_268_264_259_228_247_260_591_746_270_147_569_757_265_580_742_294_275_271_277_258_227_761_278_136_744_768_771_279_272_780_759_281_747_760_1292_1291_1290_1293_1289_1295_1296_1294_1287_1297_1600_1303_1612_1611_840_1302_1609_839_1608_1301_838_837_1298_836_1300_834_20_83_21_22_82_81_679_79_681_78_84_85_682_1705_77_64_65_12_683_76_23_73_66_684_1704_62_72_685_67_75_24_71_1703_74_10_68_61_86_26_70_195_1702_38_63_37_27_94_35_87_34_93_9_194_1701_33_60_28_95_88_32_92_31_193_96_1696_90_1478_1476_1479_1475_1480_1472_1481_1471_1482_1474_1470_1494_1483_1152_1495_1469_1496_1468_1465_1497_1563_1493_1467_1458_1116_1117_1498_1154_1118_1562_1119_1399_809_1500_1388_1095_1561_1377_808_827_1456_1501_1560_1096_803_1454_828_807_1107_1097_1410_1109_801_806_1453_805_1098_1421_804_1366_1112_862_861_860_1376_859_1452_1451_1450_1449_1448_1447_1564_1581_1446_1582_758_733_756_884_883_882_755_885_770_791_754_769_753_752_767_802_553_881_886_552_766_813_824_551_880_887_743_765_870_868_869_734_550_871_879_548_835_547_872_764_545_741_549_736_544_890_873_846_878_867_543_745_763_125_874_857_737_114_891_876_542_865_732_102_875_541_762_864_738_540_80_731_716_539_748_727_728_1680_1681_1679_1682_1678_1683_1676_1700_1698_1675_1684_1697_1674_1685_1695_1661_1056_1113_1114_1115_1100_1054_706_1053_1101_800_1052_1102_799_1051_1103_798_1307_1335_1336_1306_1362_1334_1337_1305_1361_1338_1325_1360_1326_1339_1324_1327_1359_1340_1323_1328_1342_1343_1329_1370_1363_1330_1364_1316_1311_1317_1322_1304_1318_1312_1331_1345_1319_1365_1315_1320_1346_1367_1637_1638_1639_1640_1673_1641_1368_1369_788_1085_324_789_775_269_380_391_1086_773_774_772_790_402_1688_424_1677_1699_1710_347_1666_1643_413_792_1654_1721_793_1632_1732_794_1039_1621_58_1743_358_917_918_916_91_1050_915_1040_369_919_1038_1754_914_1610_1049_920_913_1037_69_47_1765_1048_912_1036_921_1047_36_1035_89_59_673_674_664_675_97_192_663_665_57_98_672_666_662_111_190_56_110_55_8_109_667_99_108_648_189_188_670_100_54_187_107_647_671_53_7_106_186_6_101_52_5_30_105_185_645_29_858_833_832_831_1642_797_1104_796_1105_826_825_795_823_1106_1466_1532_1543_1521_1455_1477_1510_1555_1499_1444_817_1488_816_818_815_1566_819_814_1432_820_1577_812_821_810_1588_932_931_934_935_822_930_936_929_811_937_1034_1599_928_938_1014_927_1032_1013_1012_939_1018_1002_926_940_925_1019_1001_998_1775_1356_1354_1313_1314_1353_1357_1358_1352_1351_1350_1349_1348_1347_1694_1663_1662_1664_687_1667_688_739_740_14_3_1355_1020_1021_1023_1344_1024_1015_1188_1010_1199_1025_1009_1210_1000_1016_1222_1177_1233_1008_1244_944_1017_955_1255_933_1003_1007_922_966_1266_1004_977_1310_911_1299_1288_1005_900_1277_988_892_715_893_714_730_726_729_725_712_894_538_711_717_25_907_531_104_103_112_644_117_615_617_618_116_619_614_642_641_620_640_115_616_639_621_608_638_622_661_637_632_118_623_660_625_659_631_119_626_658_609_627_51_50_39_40_41_355_356_354_371_357_359_350_353_370_568_360_372_352_570_368_349_361_378_595_351_367_348_362_379_384_373_593_571_346_594_374_366_567_363_592_345_572_383_381_375_749_344_365_364_165_376_750_166_382_343_377_587_167_163_408_751_385_532_441_162_407_386_533_559_830_829_184_183_182_179_181_120_121_178_210_212_908_906_909_905_910_904_903_895_896_719_897_901_899_898_720_902_466_467_721_465_722_468_723_718_464_470_1660_1668_689_1669_1659_1670_1672_1671_1658_1657_46_48_49_463_462_455_461_537_526_456_460_459_536_457_525_454_534_507_523_453_506_452_522_561_489_554_521_490_563_488_42_43_45_678_1502_1321_1333_0_1_924_923_1041_1042_1043_440_387_439_388_438_161_437_389_160_436_588_159_390_589_434_590_156_433_392_157_164_399_566_565_398_432_400_155_596_575_576_573_393_154_431_401_577_574_586_578_394_579_150_430_151_168_396_395_397_444_585_582_403_443_149_404_406_152_429_581_409_442_405_584_170_560_604_428_1656_628_630_643_629_633_636_634_471_520_472_527_473_487_474_475_562_564_1445_555_556_492_493_528_499_494_529_498_266_226_267_223_222_282_341_338_339_288_337_848_342_340_221_273_1647_1648_1644_1649_1645_1650_1646_1651_1652_941_942_943_945_950_1031_1030_946_997_996_949_995_948_994_410_411_412_450_414_449_451_448_415_445_423_425_416_426_427_1006_951_952_992_991_993_953_954_956_962_957_961_989_958_610_611_612_126_122_656_123_655_1653_856_1655_855_854_1110_1221_1332_1443_1045_1046_889_124_211_196_214_197_127_486_877_866_779_1011_668_1022_1033_557_1044_335_224_446_113_2_1055_1665_1554_1066_1088_198_654_199_653_200_215_652_201_128_651_204_205_177_140_139_203_206_176_141_138_207_129_175_142_137_174_208_130_143_209_173_133_219_131_218_145_172_132_605_599_134_598_217_144_146_171_606_135_216_148_649_1099_1077_1111_1122_1133_990_1144_1155_969_1166_968_987_986_947_153_967_959_963_965_960_964_985_970_984_981_971_972_980_982_973_983_1026_497_495_496_485_500_484_530_501_483_509_508_510_503_482_511_481_504_512_479_514_505_478_515_477_516_517_518_519_476_422_421_420_419_44_676_677_852_851_853_847_285_284_286_283_849_1027_1028_979_1029_974_975_976_978_308_607_650_600_601_597_583_603_418_417_274_287_850_289_290_292_220_334_,0_1_2_3_4_5_6_7_8_9_10_11_12_13_14_15_16_17_18_19_20_21_22_23_24_25_26_27_28_29_30_31_32_33_34_35_36_37_38_39_40_41_42_43_44_45_46_47_48_49_50_51_52_53_54_55_56_57_58_59_60_61_62_63_64_65_66_67_68_69_70_71_72_73_74_75_76_77_78_79_80_81_82_83_84_85_86_87_88_89_90_91_92_93_94_95_96_97_98_99_100_101_102_103_104_105_106_107_108_109_110_111_112_113_114_115_116_117_118_119_120_121_122_123_124_125_126_127_128_129_130_131_132_133_134_135_136_137_138_139_140_141_142_143_144_145_146_147_148_149_150_151_152_153_154_155_156_157_158_159_160_161_162_163_164_165_166_167_168_169_170_171_172_173_174_175_176_177_178_179_180_181_182_183_184_185_186_187_188_189_190_191_192_193_194_195_196_197_198_199_200_201_202_203_204_205_206_207_208_209_210_211_212_213_214_215_216_217_218_219_220_221_222_223_224_225_226_227_228_229_230_231_232_233_234_235_236_237_238_239_240_241_242_243_244_245_246_247_248_249_250_251_252_253_254_255_256_257_258_259_260_261_262_263_264_265_266_267_268_269_270_271_272_273_274_275_276_277_278_279_280_281_282_283_284_285_286_287_288_289_290_291_292_293_294_295_296_297_298_299_300_301_302_303_304_305_306_307_308_309_310_311_312_313_314_315_316_317_318_319_320_321_322_323_324_325_326_327_328_329_330_331_332_333_334_335_336_337_338_339_340_341_342_343_344_345_346_347_348_349_350_351_352_353_354_355_356_357_358_359_360_361_362_363_364_365_366_367_368_369_370_371_372_373_374_375_376_377_378_379_380_381_382_383_384_385_386_387_388_389_390_391_392_393_394_395_396_397_398_399_400_401_402_403_404_405_406_407_408_409_410_411_412_413_414_415_416_417_418_419_420_421_422_423_424_425_426_427_428_429_430_431_432_433_434_435_436_437_438_439_440_441_442_443_444_445_446_447_448_449_450_451_452_453_454_455_456_457_458_459_460_461_462_463_464_465_466_467_468_469_470_471_472_473_474_475_476_477_478_479_480_481_482_483_484_485_486_487_488_489_490_491_492_493_494_495_496_497_498_499_500_501_502_503_504_505_506_507_508_509_510_511_512_513_514_515_516_517_518_519_520_521_522_523_524_525_526_527_528_529_530_531_532_533_534_535_536_537_538_539_540_541_542_543_544_545_546_547_548_549_550_551_552_553_554_555_556_557_558_559_560_561_562_563_564_565_566_567_568_569_570_571_572_573_574_575_576_577_578_579_580_581_582_583_584_585_586_587_588_589_590_591_592_593_594_595_596_597_598_599_600_601_602_603_604_605_606_607_608_609_610_611_612_613_614_615_616_617_618_619_620_621_622_623_624_625_626_627_628_629_630_631_632_633_634_635_636_637_638_639_640_641_642_643_644_645_646_647_648_649_650_651_652_653_654_655_656_657_658_659_660_661_662_663_664_665_666_667_668_669_670_671_672_673_674_675_676_677_678_679_680_681_682_683_684_685_686_687_688_689_690_691_692_693_694_695_696_697_698_699_700_701_702_703_704_705_706_707_708_709_710_711_712_713_714_715_716_717_718_719_720_721_722_723_724_725_726_727_728_729_730_731_732_733_734_735_736_737_738_739_740_741_742_743_744_745_746_747_748_749_750_751_752_753_754_755_756_757_758_759_760_761_762_763_764_765_766_767_768_769_770_771_772_773_774_775_776_777_778_779_780_781_782_783_784_785_786_787_788_789_790_791_792_793_794_795_796_797_798_799_800_801_802_803_804_805_806_807_808_809_810_811_812_813_814_815_816_817_818_819_820_821_822_823_824_825_826_827_828_829_830_831_832_833_834_835_836_837_838_839_840_841_842_843_844_845_846_847_848_849_850_851_852_853_854_855_856_857_858_859_860_861_862_863_864_865_866_867_868_869_870_871_872_873_874_875_876_877_878_879_880_881_882_883_884_885_886_887_888_889_890_891_892_893_894_895_896_897_898_899_900_901_902_903_904_905_906_907_908_909_910_911_912_913_914_915_916_917_918_919_920_921_922_923_924_925_926_927_928_929_930_931_932_933_934_935_936_937_938_939_940_941_942_943_944_945_946_947_948_949_950_951_952_953_954_955_956_957_958_959_960_961_962_963_964_965_966_967_968_969_970_971_972_973_974_975_976_977_978_979_980_981_982_983_984_985_986_987_988_989_990_991_992_993_994_995_996_997_998_999_1000_1001_1002_1003_1004_1005_1006_1007_1008_1009_1010_1011_1012_1013_1014_1015_1016_1017_1018_1019_1020_1021_1022_1023_1024_1025_1026_1027_1028_1029_1030_1031_1032_1033_1034_1035_1036_1037_1038_1039_1040_1041_1042_1043_1044_1045_1046_1047_1048_1049_1050_1051_1052_1053_1054_1055_1056_1057_1058_1059_1060_1061_1062_1063_1064_1065_1066_1067_1068_1069_1070_1071_1072_1073_1074_1075_1076_1077_1078_1079_1080_1081_1082_1083_1084_1085_1086_1087_1088_1089_1090_1091_1092_1093_1094_1095_1096_1097_1098_1099_1100_1101_1102_1103_1104_1105_1106_1107_1108_1109_1110_1111_1112_1113_1114_1115_1116_1117_1118_1119_1120_1121_1122_1123_1124_1125_1126_1127_1128_1129_1130_1131_1132_1133_1134_1135_1136_1137_1138_1139_1140_1141_1142_1143_1144_1145_1146_1147_1148_1149_1150_1151_1152_1153_1154_1155_1156_1157_1158_1159_1160_1161_1162_1163_1164_1165_1166_1167_1168_1169_1170_1171_1172_1173_1174_1175_1176_1177_1178_1179_1180_1181_1182_1183_1184_1185_1186_1187_1188_1189_1190_1191_1192_1193_1194_1195_1196_1197_1198_1199_1200_1201_1202_1203_1204_1205_1206_1207_1208_1209_1210_1211_1212_1213_1214_1215_1216_1217_1218_1219_1220_1221_1222_1223_1224_1225_1226_1227_1228_1229_1230_1231_1232_1233_1234_1235_1236_1237_1238_1239_1240_1241_1242_1243_1244_1245_1246_1247_1248_1249_1250_1251_1252_1253_1254_1255_1256_1257_1258_1259_1260_1261_1262_1263_1264_1265_1266_1267_1268_1269_1270_1271_1272_1273_1274_1275_1276_1277_1278_1279_1280_1281_1282_1283_1284_1285_1286_1287_1288_1289_1290_1291_1292_1293_1294_1295_1296_1297_1298_1299_1300_1301_1302_1303_1304_1305_1306_1307_1308_1309_1310_1311_1312_1313_1314_1315_1316_1317_1318_1319_1320_1321_1322_1323_1324_1325_1326_1327_1328_1329_1330_1331_1332_1333_1334_1335_1336_1337_1338_1339_1340_1341_1342_1343_1344_1345_1346_1347_1348_1349_1350_1351_1352_1353_1354_1355_1356_1357_1358_1359_1360_1361_1362_1363_1364_1365_1366_1367_1368_1369_1370_1371_1372_1373_1374_1375_1376_1377_1378_1379_1380_1381_1382_1383_1384_1385_1386_1387_1388_1389_1390_1391_1392_1393_1394_1395_1396_1397_1398_1399_1400_1401_1402_1403_1404_1405_1406_1407_1408_1409_1410_1411_1412_1413_1414_1415_1416_1417_1418_1419_1420_1421_1422_1423_1424_1425_1426_1427_1428_1429_1430_1431_1432_1433_1434_1435_1436_1437_1438_1439_1440_1441_1442_1443_1444_1445_1446_1447_1448_1449_1450_1451_1452_1453_1454_1455_1456_1457_1458_1459_1460_1461_1462_1463_1464_1465_1466_1467_1468_1469_1470_1471_1472_1473_1474_1475_1476_1477_1478_1479_1480_1481_1482_1483_1484_1485_1486_1487_1488_1489_1490_1491_1492_1493_1494_1495_1496_1497_1498_1499_1500_1501_1502_1503_1504_1505_1506_1507_1508_1509_1510_1511_1512_1513_1514_1515_1516_1517_1518_1519_1520_1521_1522_1523_1524_1525_1526_1527_1528_1529_1530_1531_1532_1533_1534_1535_1536_1537_1538_1539_1540_1541_1542_1543_1544_1545_1546_1547_1548_1549_1550_1551_1552_1553_1554_1555_1556_1557_1558_1559_1560_1561_1562_1563_1564_1565_1566_1567_1568_1569_1570_1571_1572_1573_1574_1575_1576_1577_1578_1579_1580_1581_1582_1583_1584_1585_1586_1587_1588_1589_1590_1591_1592_1593_1594_1595_1596_1597_1598_1599_1600_1601_1602_1603_1604_1605_1606_1607_1608_1609_1610_1611_1612_1613_1614_1615_1616_1617_1618_1619_1620_1621_1622_1623_1624_1625_1626_1627_1628_1629_1630_1631_1632_1633_1634_1635_1636_1637_1638_1639_1640_1641_1642_1643_1644_1645_1646_1647_1648_1649_1650_1651_1652_1653_1654_1655_1656_1657_1658_1659_1660_1661_1662_1663_1664_1665_1666_1667_1668_1669_1670_1671_1672_1673_1674_1675_1676_1677_1678_1679_1680_1681_1682_1683_1684_1685_1686_1687_1688_1689_1690_1691_1692_1693_1694_1695_1696_1697_1698_1699_1700_1701_1702_1703_1704_1705_1706_1707_1708_1709_1710_1711_1712_1713_1714_1715_1716_1717_1718_1719_1720_1721_1722_1723_1724_1725_1726_1727_1728_1729_1730_1731_1732_1733_1734_1735_1736_1737_1738_1739_1740_1741_1742_1743_1744_1745_1746_1747_1748_1749_1750_1751_1752_1753_1754_1755_1756_1757_1758_1759_1760_1761_1762_1763_1764_1765_1766_1767_1768_1769_1770_1771_1772_1773_1774_1775_,19:{20;83;21;22;82;81;679;79;681;78;84;85;682;1705;77;64;65;12;683;76;23;73;66;684;1704;62;72;685;67;75;24;71;1703;74;10;68;61;86;26;70;195;1702;38;63;37;27;94;35;87;34;93;9;194;1701;33;60;28;95;88;32;92;31;193;96;1696;90;}53:{44;676;677;}64:{51;50;39;40;41;}77:{89;59;673;674;664;675;97;192;663;665;57;98;672;666;662;111;190;56;110;55;8;109;667;99;108;648;189;188;670;100;54;187;107;647;671;53;7;106;186;6;101;52;5;30;105;185;645;29;}98:{184;183;182;179;181;120;121;178;210;212;}105:{610;611;612;126;122;656;123;655;}109:{104;103;112;644;117;615;617;618;116;619;614;642;641;620;640;115;616;639;621;608;638;622;661;637;632;118;623;660;625;659;631;119;626;658;609;627;}123:{607;650;600;}144:{601;597;583;603;}210:{198;654;199;653;200;215;652;201;128;651;204;205;177;140;139;203;206;176;141;138;207;129;175;142;137;174;208;130;143;209;173;133;219;131;218;145;172;132;605;599;134;598;217;144;146;171;606;135;216;148;649;}237:{480;329;241;491;242;502;646;243;513;635;333;332;524;236;331;657;669;680;535;624;724;263;229;613;546;257;691;702;735;713;262;602;158;558;261;268;264;259;228;247;260;591;746;270;147;569;757;265;580;742;294;275;271;277;258;227;761;278;136;744;768;771;279;272;780;759;281;747;760;}246:{330;252;239;253;327;240;254;326;328;255;230;276;256;}247:{739;740;14;3;}306:{245;248;244;191;249;234;435;235;250;233;323;447;180;325;237;232;251;458;169;293;231;238;469;}310:{274;287;850;}319:{321;1191;1190;1195;1189;1460;1187;1461;1186;314;1462;1192;312;1463;1193;1185;311;1165;1464;1194;1167;1164;310;1168;1169;1170;1459;299;1171;1163;300;298;309;1172;1174;1131;1134;1132;1130;}333:{266;226;267;223;222;282;341;338;339;288;337;848;342;340;221;273;}382:{440;387;439;388;438;161;437;389;160;436;588;159;390;589;434;590;156;433;392;157;164;399;566;565;398;432;400;155;596;575;576;573;393;154;431;401;577;574;586;578;394;579;150;430;151;168;396;395;397;444;585;582;403;443;149;404;406;152;429;581;409;442;405;584;170;560;604;428;}407:{410;411;412;450;414;449;451;448;415;445;423;425;416;426;427;}434:{153;}451:{418;417;}487:{486;}490:{497;495;496;485;500;484;530;501;483;509;508;510;503;482;511;481;504;512;479;514;505;478;515;477;516;517;518;519;476;422;421;420;419;}539:{555;556;492;493;528;499;494;529;498;}623:{628;630;643;629;633;636;634;}671:{124;211;196;214;197;127;}682:{42;43;45;678;}701:{308;}730:{471;520;472;527;473;487;474;475;562;564;}732:{463;462;455;461;537;526;456;460;459;536;457;525;454;534;507;523;453;506;452;522;561;489;554;521;490;563;488;}759:{758;733;756;884;883;882;755;885;770;791;754;769;753;752;767;802;553;881;886;552;766;813;824;551;880;887;743;765;870;868;869;734;550;871;879;548;835;547;872;764;545;741;549;736;544;890;873;846;878;867;543;745;763;125;874;857;737;114;891;876;542;865;732;102;875;541;762;864;738;540;80;731;716;539;748;727;728;}799:{797;1104;796;1105;826;825;795;823;1106;1466;1532;1543;1521;1455;1477;1510;1555;1499;1444;817;1488;816;818;815;1566;819;814;1432;820;1577;812;821;810;1588;932;931;934;935;822;930;936;929;811;937;1034;1599;928;938;1014;927;1032;1013;1012;939;1018;1002;926;940;925;1019;1001;998;}840:{830;829;}841:{842;1078;843;1076;1079;844;1075;1070;1080;1071;1069;1072;783;1068;1073;1067;782;1074;1065;291;781;1063;1064;280;302;1081;778;710;313;709;1082;777;784;1083;785;336;708;786;776;707;1084;787;}851:{289;290;292;}852:{220;334;}864:{355;356;354;371;357;359;350;353;370;568;360;372;352;570;368;349;361;378;595;351;367;348;362;379;384;373;593;571;346;594;374;366;567;363;592;345;572;383;381;375;749;344;365;364;165;376;750;166;382;343;377;587;167;163;408;751;385;532;441;162;407;386;533;559;}884:{892;715;893;714;730;726;729;725;712;894;538;711;717;25;907;531;}907:{908;906;909;905;910;904;903;895;896;719;897;901;899;898;720;902;466;467;721;465;722;468;723;718;464;470;}936:{941;942;943;945;950;1031;1030;946;997;996;949;995;948;994;}952:{1027;1028;979;1029;974;975;976;978;}966:{1099;1077;1111;1122;1133;990;1144;1155;969;1166;968;987;986;947;}991:{967;959;963;965;960;964;985;970;984;981;971;972;980;982;973;983;1026;}998:{1006;951;952;992;991;993;953;954;956;962;957;961;989;958;}1035:{924;923;1041;1042;1043;}1038:{1045;1046;}1068:{788;1085;324;789;775;269;380;391;1086;773;774;772;790;402;1688;424;1677;1699;1710;347;1666;1643;413;792;1654;1721;793;1632;1732;794;1039;1621;58;1743;358;917;918;916;91;1050;915;1040;369;919;1038;1754;914;1610;1049;920;913;1037;69;47;1765;1048;912;1036;921;1047;36;1035;}1141:{1486;1150;1487;1092;1485;1151;1093;1457;1153;1108;1094;1484;1473;}1156:{1056;1113;1114;1115;1100;1054;706;1053;1101;800;1052;1102;799;1051;1103;798;}1164:{1129;705;1128;1140;1135;1175;1127;1136;1141;301;1176;1126;1137;1142;303;1178;1125;306;1138;1143;304;1179;1124;1139;307;297;1173;1123;1145;1182;1180;1146;305;1181;1183;1161;1492;1059;1060;1156;1121;296;1160;1061;1157;1058;1147;1491;1159;1184;1158;1120;1057;295;1087;845;213;1148;1089;1490;1162;1090;1091;246;225;1149;1489;322;202;841;1062;}1213:{1759;1256;1254;1269;1253;1271;1272;1252;1273;1274;1286;1283;1601;1282;1280;}1222:{877;866;779;1011;668;1022;1033;557;1044;335;224;446;113;2;1055;1665;1554;1066;1088;}1227:{1229;1230;1231;1232;1241;1242;1243;1575;1574;1245;1576;1573;1246;1572;1578;1429;1571;1247;1251;1428;1579;1427;1426;1570;1248;1580;1569;1249;1430;1431;1425;}1234:{1433;1434;1424;1435;1436;1250;}1250:{1292;1291;1290;1293;1289;1295;1296;1294;1287;1297;1600;1303;1612;1611;840;1302;1609;839;1608;1301;838;837;1298;836;1300;834;}1265:{1627;1285;1626;1625;1284;1628;1624;1629;1619;1620;1618;1623;1622;1602;1630;1693;1281;1603;1631;1692;1275;1604;1633;1691;1279;1276;1605;1634;1690;}1318:{1356;1354;1313;1314;1353;1357;1358;1352;1351;1350;1349;1348;1347;}1377:{889;}1388:{1355;1020;1021;1023;1344;1024;1015;1188;1010;1199;1025;1009;1210;1000;1016;1222;1177;1233;1008;1244;944;1017;955;1255;933;1003;1007;922;966;1266;1004;977;1310;911;1299;1288;1005;900;1277;988;}1390:{1368;1369;}1398:{1397;1400;1585;1401;1393;1392;1586;1418;1417;1391;1386;1404;1385;1403;1587;1384;1402;1589;1387;1383;1590;1389;1382;1591;1592;1390;1381;1594;1405;1593;1408;1380;1595;1406;1596;1597;1309;1598;863;1407;1379;1372;1308;1373;1374;1341;1378;1375;1371;}1405:{858;}1416:{862;861;860;1376;859;}1433:{1437;1423;1438;1422;1412;1413;1439;1411;1414;1420;1440;1409;1583;1568;1396;1419;1441;1584;1567;1442;1415;1514;1565;1398;1513;1515;1416;1395;1512;1544;1394;}1464:{1452;1451;1450;1449;1448;1447;1564;1581;1446;1582;}1484:{1478;1476;1479;1475;1480;1472;1481;1471;1482;1474;1470;1494;1483;1152;1495;1469;1496;1468;1465;1497;1563;1493;1467;1458;1116;1117;1498;1154;1118;1562;1119;1399;809;1500;1388;1095;1561;1377;808;827;1456;1501;1560;1096;803;1454;828;807;1107;1097;1410;1109;801;806;1453;805;1098;1421;804;1366;1112;}1498:{1502;1321;1333;0;1;}1525:{1445;}1540:{1110;1221;1332;1443;}1544:{1545;1516;1546;1541;1517;1547;1542;1518;1549;1548;1550;1535;1519;1511;1522;1523;1520;1559;1529;1524;1533;1509;1558;1530;1525;1534;1508;1557;1531;1536;1507;1526;1537;888;999;1527;1506;1538;1552;1551;1505;1553;1504;1556;1528;1540;1539;1503;}1594:{1307;1335;1336;1306;1362;1334;1337;1305;1361;1338;1325;1360;1326;1339;1324;1327;1359;1340;1323;1328;1342;1343;1329;1370;1363;1330;1364;1316;1311;1317;1322;1304;1318;1312;1331;1345;1319;1365;1315;1320;1346;1367;}1601:{1635;1606;1278;1636;1607;1689;}1607:{833;832;831;1642;}1617:{1687;1686;1707;1706;16;}1629:{1637;1638;1639;1640;1673;1641;}1638:{1653;856;1655;855;854;}1685:{1647;1648;1644;1649;1645;1650;1646;1651;1652;}1692:{1680;1681;1679;1682;1678;1683;1676;1700;1698;1675;1684;1697;1674;1685;1695;1661;}1696:{1656;}1702:{1660;1668;689;1669;1659;1670;1672;1671;1658;1657;46;48;49;}1707:{1694;1663;1662;1664;687;1667;688;}1709:{1775;}1722:{1720;1719;1731;1718;1733;1744;1717;686;1716;1715;1713;1714;1712;1711;1742;1709;1734;1741;1735;1736;1740;1739;1774;1737;1738;15;1708;13;17;18;11;19;4;}1742:{852;851;853;847;285;284;286;283;849;}1753:{1767;1725;1771;1746;1727;1615;1616;1614;1724;1728;1613;1723;1745;1722;1617;1729;1730;}1759:{1219;1758;1220;1218;1757;704;1223;1217;1204;1205;1756;703;1203;1206;1216;1755;1202;1207;696;695;1214;694;1215;1201;1213;1753;693;1208;701;1240;692;1200;1212;1752;1211;1209;1760;1751;1761;1224;700;690;1239;1198;1762;1260;1750;1238;1259;1225;699;1763;697;1261;698;1197;1258;1749;1237;1226;1764;1257;1262;1196;1236;1766;1227;1263;1235;1748;317;316;318;1228;315;1264;319;1769;1770;1768;1747;1234;1267;1268;1772;320;1265;1773;1270;1726;},40_41_42_43_45_58_80_91_119_120_121_122_123_124_126_127_128_137_142_143_165_166_207_208_336_347_348_349_350_352_355_356_413_424_573_578_579_598_647_651_652_655_753_754_755_762_763_764_765_766_775_776_787_788_789_795_796_823_857_859_860_864_865_867_869_870_882_883_884_885_900_911_922_1012_1013_1020_1021_1023_1047_1086_1106_1110_1177_1188_1199_1221_1320_1328_1329_1330_1331_1338_1339_1344_1359_1360_1370_1371_1373_1374_1375_1376_1378_1455_1466_1477_1532_1543_1555_1566_1577_1588_1599_1610_1621_1632_1643_1654_,1759-1219*0_1759-1758*0_1759-1220*0_1759-1218*0_1759-1757*0_1759-704*0_1759-1223*0_1759-1217*0_1759-1204*0_1759-1205*0_1759-1756*0_1759-703*0_1759-1203*0_1759-1206*0_1759-1216*0_1759-1755*0_1759-1202*0_1759-1207*0_1759-696*0_1759-695*0_1759-1214*0_1759-694*0_1759-1215*0_1759-1201*0_1759-1213*0_1759-1753*0_1759-693*0_1759-1208*0_1759-701*0_1759-1240*0_1759-692*0_1759-1200*0_1759-1212*0_1759-1752*0_1759-1211*0_1759-1209*0_1759-1760*0_1759-1751*0_1759-1761*0_1759-1224*0_1759-700*0_1759-690*0_1759-1239*0_1759-1198*0_1759-1762*0_1759-1260*0_1759-1750*0_1759-1238*0_1759-1259*0_1759-1225*0_1759-699*0_1759-1763*0_1759-697*0_1759-1261*0_1759-698*0_1759-1197*0_1759-1258*0_1759-1749*0_1759-1237*0_1759-1226*0_1759-1764*0_1759-1257*0_1759-1262*0_1759-1196*0_1759-1236*0_1759-1766*0_1759-1227*0_1759-1263*0_1759-1235*0_1759-1748*0_1759-317*0_1759-316*0_1759-318*0_1759-1228*0_1759-315*0_1759-1264*0_1759-319*0_1759-1769*0_1759-1770*0_1759-1768*0_1759-1747*0_1759-1234*0_1759-1267*0_1759-1268*0_1759-1772*0_1759-320*0_1759-1265*0_1759-1773*0_1759-1270*0_1759-1726*0_1753-1767*1_1227-1229*1_1753-1725*1_1753-1771*1_1227-1230*1_1753-1746*1_1227-1231*1_1227-1232*1_1753-1727*1_1753-1615*1_1753-1616*1_1753-1614*1_1753-1724*1_1227-1241*1_1753-1728*1_1753-1613*1_1753-1723*1_1753-1745*1_1753-1722*1_1753-1617*1_1753-1729*1_1227-1242*1_1753-1730*1_1227-1243*1_1227-1575*1_1227-1574*1_1227-1245*1_1227-1576*1_1227-1573*1_1227-1246*1_1227-1572*1_1227-1578*1_1227-1429*1_1227-1571*1_1227-1247*1_1227-1251*1_1227-1428*1_1227-1579*1_1227-1427*1_1227-1426*1_1227-1570*1_1227-1248*1_1227-1580*1_1227-1569*1_1227-1249*1_1227-1430*1_1227-1431*1_1227-1425*1_1213-1759*1_1213-1256*1_1213-1254*1_1213-1269*1_1213-1253*1_1213-1271*1_1213-1272*1_1213-1252*1_1213-1273*1_1213-1274*1_1213-1286*1_1213-1283*1_1213-1601*1_1213-1282*1_1213-1280*1_319-321*1_319-1191*1_319-1190*1_319-1195*1_319-1189*1_319-1460*1_319-1187*1_319-1461*1_319-1186*1_319-314*1_319-1462*1_319-1192*1_319-312*1_319-1463*1_319-1193*1_319-1185*1_319-311*1_319-1165*1_319-1464*1_319-1194*1_319-1167*1_319-1164*1_319-310*1_319-1168*1_319-1169*1_319-1170*1_1234-1433*1_319-1459*1_319-299*1_319-1171*1_319-1163*1_1234-1434*1_319-300*1_319-298*1_319-309*1_1234-1424*1_319-1172*1_1234-1435*1_319-1174*1_319-1131*1_319-1134*1_1234-1436*1_319-1132*1_319-1130*1_1234-1250*1_1265-1627*2_1265-1285*2_1265-1626*2_1265-1625*2_1265-1284*2_1265-1628*2_1265-1624*2_1265-1629*2_1265-1619*2_1265-1620*2_1265-1618*2_1265-1623*2_1265-1622*2_1265-1602*2_1265-1630*2_1265-1693*2_1265-1281*2_1265-1603*2_1164-1129*2_1265-1631*2_1265-1692*2_1164-705*2_1164-1128*2_1164-1140*2_1265-1275*2_1265-1604*2_1164-1135*2_1164-1175*2_1265-1633*2_1265-1691*2_1164-1127*2_1265-1279*2_1433-1437*2_1164-1136*2_1164-1141*2_1265-1276*2_1265-1605*2_1265-1634*2_1433-1423*2_1164-301*2_1164-1176*2_1164-1126*2_1265-1690*2_1164-1137*2_1433-1438*2_1164-1142*2_1433-1422*2_1164-303*2_1164-1178*2_1433-1412*2_1164-1125*2_1164-306*2_1164-1138*2_1433-1413*2_1433-1439*2_1164-1143*2_1164-304*2_1164-1179*2_1433-1411*2_1164-1124*2_1433-1414*2_1164-1139*2_1164-307*2_1164-297*2_1433-1420*2_1164-1173*2_1433-1440*2_1164-1123*2_1433-1409*2_1164-1145*2_1164-1182*2_1164-1180*2_1164-1146*2_1164-305*2_1164-1181*2_1164-1183*2_1164-1161*2_1164-1492*2_1164-1059*2_1164-1060*2_1433-1583*2_1164-1156*2_1433-1568*2_1433-1396*2_1433-1419*2_1164-1121*2_1164-296*2_1164-1160*2_1164-1061*2_1164-1157*2_1164-1058*2_1164-1147*2_1433-1441*2_1433-1584*2_1433-1567*2_1164-1491*2_1164-1159*2_1164-1184*2_1164-1158*2_1164-1120*2_1164-1057*2_1164-295*2_1433-1442*2_1433-1415*2_1433-1514*2_1164-1087*2_1164-845*2_1433-1565*2_1164-213*2_1164-1148*2_1164-1089*2_1433-1398*2_1433-1513*2_1164-1490*2_1433-1515*2_1164-1162*2_1433-1416*2_1164-1090*2_1433-1395*2_1164-1091*2_1164-246*2_1164-225*2_1164-1149*2_1433-1512*2_1164-1489*2_1164-322*2_1164-202*2_1164-841*2_1433-1544*2_1433-1394*2_1164-1062*2_1601-1635*3_1601-1606*3_1601-1278*3_1601-1636*3_1601-1607*3_1601-1689*3_306-245*3_1398-1397*3_306-248*3_306-244*3_1141-1486*3_1398-1400*3_306-191*3_1141-1150*3_1141-1487*3_306-249*3_1141-1092*3_1141-1485*3_1141-1151*3_1398-1585*3_1398-1401*3_1398-1393*3_306-234*3_1398-1392*3_1141-1093*3_1398-1586*3_1398-1418*3_306-435*3_306-235*3_1398-1417*3_1398-1391*3_1141-1457*3_1141-1153*3_306-250*3_306-233*3_1141-1108*3_306-323*3_1141-1094*3_1398-1386*3_1141-1484*3_306-447*3_306-180*3_1398-1404*3_306-325*3_1141-1473*3_306-237*3_306-232*3_1398-1385*3_306-251*3_306-458*3_306-169*3_306-293*3_1398-1403*3_1398-1587*3_1398-1384*3_306-231*3_306-238*3_306-469*3_1398-1402*3_1398-1589*3_1398-1387*3_1398-1383*3_1398-1590*3_1398-1389*3_1398-1382*3_1398-1591*3_1398-1592*3_1398-1390*3_1398-1381*3_1398-1594*3_1398-1405*3_1398-1593*3_1398-1408*3_1398-1380*3_1398-1595*3_1398-1406*3_1398-1596*3_1398-1597*3_1398-1309*3_1398-1598*3_1398-863*3_1398-1407*3_1398-1379*3_1398-1372*3_1398-1308*3_1398-1373*3_1398-1374*3_1398-1341*3_1398-1378*3_1398-1375*3_1398-1371*3_1722-1720*2_1722-1719*2_1722-1731*2_1722-1718*2_1722-1733*2_1722-1744*2_1722-1717*2_1722-686*2_1722-1716*2_1722-1715*2_1722-1713*2_1722-1714*2_1722-1712*2_1722-1711*2_1722-1742*2_1722-1709*2_1722-1734*2_1722-1741*2_1722-1735*2_1722-1736*2_1722-1740*2_1722-1739*2_1722-1774*2_1722-1737*2_1722-1738*2_1722-15*2_1722-1708*2_1722-13*2_1722-17*2_1722-18*2_1722-11*2_1722-19*2_1722-4*2_841-842*3_841-1078*3_1544-1545*3_841-843*3_841-1076*3_841-1079*3_1544-1516*3_841-844*3_1544-1546*3_841-1075*3_1544-1541*3_1544-1517*3_1544-1547*3_1544-1542*3_841-1070*3_841-1080*3_841-1071*3_841-1069*3_841-1072*3_1544-1518*3_1544-1549*3_1544-1548*3_841-783*3_841-1068*3_841-1073*3_1544-1550*3_1544-1535*3_841-1067*3_1544-1519*3_841-782*3_841-1074*3_246-330*3_841-1065*3_1544-1511*3_246-252*3_1544-1522*3_841-291*3_1544-1523*3_246-239*3_1544-1520*3_1544-1559*3_841-781*3_841-1063*3_1544-1529*3_1544-1524*3_841-1064*3_841-280*3_246-253*3_841-302*3_1544-1533*3_246-327*3_1544-1509*3_246-240*3_1544-1558*3_841-1081*3_841-778*3_1544-1530*3_841-710*3_246-254*3_1544-1525*3_246-326*3_841-313*3_246-328*3_1544-1534*3_1544-1508*3_841-709*3_841-1082*3_1544-1557*3_1544-1531*3_841-777*3_246-255*3_1544-1536*3_246-230*3_841-784*3_841-1083*3_1544-1507*3_1544-1526*3_841-785*3_1544-1537*3_1544-888*3_246-276*3_841-336*3_246-256*3_841-708*3_841-786*3_841-776*3_841-707*3_841-1084*3_1544-999*3_1544-1527*3_1544-1506*3_841-787*3_1544-1538*3_1544-1552*3_1544-1551*3_1544-1505*3_1544-1553*3_1544-1504*3_1544-1556*3_1544-1528*3_1544-1540*3_1544-1539*3_1544-1503*3_1617-1687*3_1617-1686*3_1617-1707*3_1617-1706*3_1617-16*3_237-480*4_237-329*4_237-241*4_237-491*4_237-242*4_237-502*4_237-646*4_237-243*4_237-513*4_237-635*4_237-333*4_237-332*4_237-524*4_237-236*4_237-331*4_237-657*4_237-669*4_237-680*4_237-535*4_237-624*4_237-724*4_237-263*4_237-229*4_237-613*4_237-546*4_237-257*4_237-691*4_237-702*4_237-735*4_237-713*4_237-262*4_237-602*4_237-158*4_237-558*4_237-261*4_237-268*4_237-264*4_237-259*4_237-228*4_237-247*4_237-260*4_237-591*4_237-746*4_237-270*4_237-147*4_237-569*4_237-757*4_237-265*4_237-580*4_237-742*4_237-294*4_237-275*4_237-271*4_237-277*4_237-258*4_237-227*4_237-761*4_237-278*4_237-136*4_237-744*4_237-768*4_237-771*4_237-279*4_237-272*4_237-780*4_237-759*4_237-281*4_237-747*4_237-760*4_1250-1292*2_1250-1291*2_1250-1290*2_1250-1293*2_1250-1289*2_1250-1295*2_1250-1296*2_1250-1294*2_1250-1287*2_1250-1297*2_1250-1600*2_1250-1303*2_1250-1612*2_1250-1611*2_1250-840*2_1250-1302*2_1250-1609*2_1250-839*2_1250-1608*2_1250-1301*2_1250-838*2_1250-837*2_1250-1298*2_1250-836*2_1250-1300*2_1250-834*2_19-20*3_19-83*3_19-21*3_19-22*3_19-82*3_19-81*3_19-679*3_19-79*3_19-681*3_19-78*3_19-84*3_19-85*3_19-682*3_19-1705*3_19-77*3_19-64*3_19-65*3_19-12*3_19-683*3_19-76*3_19-23*3_19-73*3_19-66*3_19-684*3_19-1704*3_19-62*3_19-72*3_19-685*3_19-67*3_19-75*3_19-24*3_19-71*3_19-1703*3_19-74*3_19-10*3_19-68*3_19-61*3_19-86*3_19-26*3_19-70*3_19-195*3_19-1702*3_19-38*3_19-63*3_19-37*3_19-27*3_19-94*3_19-35*3_19-87*3_19-34*3_19-93*3_19-9*3_19-194*3_19-1701*3_19-33*3_19-60*3_19-28*3_19-95*3_19-88*3_19-32*3_19-92*3_19-31*3_19-193*3_19-96*3_19-1696*3_19-90*3_1484-1478*4_1484-1476*4_1484-1479*4_1484-1475*4_1484-1480*4_1484-1472*4_1484-1481*4_1484-1471*4_1484-1482*4_1484-1474*4_1484-1470*4_1484-1494*4_1484-1483*4_1484-1152*4_1484-1495*4_1484-1469*4_1484-1496*4_1484-1468*4_1484-1465*4_1484-1497*4_1484-1563*4_1484-1493*4_1484-1467*4_1484-1458*4_1484-1116*4_1484-1117*4_1484-1498*4_1484-1154*4_1484-1118*4_1484-1562*4_1484-1119*4_1484-1399*4_1484-809*4_1484-1500*4_1484-1388*4_1484-1095*4_1484-1561*4_1484-1377*4_1484-808*4_1484-827*4_1484-1456*4_1484-1501*4_1484-1560*4_1484-1096*4_1484-803*4_1484-1454*4_1484-828*4_1484-807*4_1484-1107*4_1484-1097*4_1484-1410*4_1484-1109*4_1484-801*4_1484-806*4_1484-1453*4_1484-805*4_1484-1098*4_1484-1421*4_1484-804*4_1484-1366*4_1484-1112*4_1416-862*4_1416-861*4_1416-860*4_1416-1376*4_1416-859*4_1464-1452*2_1464-1451*2_1464-1450*2_1464-1449*2_1464-1448*2_1464-1447*2_1464-1564*2_1464-1581*2_1464-1446*2_1464-1582*2_759-758*5_759-733*5_759-756*5_759-884*5_759-883*5_759-882*5_759-755*5_759-885*5_759-770*5_759-791*5_759-754*5_759-769*5_759-753*5_759-752*5_759-767*5_759-802*5_759-553*5_759-881*5_759-886*5_759-552*5_759-766*5_759-813*5_759-824*5_759-551*5_759-880*5_759-887*5_759-743*5_759-765*5_759-870*5_759-868*5_759-869*5_759-734*5_759-550*5_759-871*5_759-879*5_759-548*5_759-835*5_759-547*5_759-872*5_759-764*5_759-545*5_759-741*5_759-549*5_759-736*5_759-544*5_759-890*5_759-873*5_759-846*5_759-878*5_759-867*5_759-543*5_759-745*5_759-763*5_759-125*5_759-874*5_759-857*5_759-737*5_759-114*5_759-891*5_759-876*5_759-542*5_759-865*5_759-732*5_759-102*5_759-875*5_759-541*5_759-762*5_759-864*5_759-738*5_759-540*5_759-80*5_759-731*5_759-716*5_759-539*5_759-748*5_759-727*5_759-728*5_1692-1680*3_1692-1681*3_1692-1679*3_1692-1682*3_1692-1678*3_1692-1683*3_1692-1676*3_1692-1700*3_1692-1698*3_1692-1675*3_1692-1684*3_1692-1697*3_1692-1674*3_1692-1685*3_1692-1695*3_1692-1661*3_1156-1056*4_1156-1113*4_1156-1114*4_1156-1115*4_1156-1100*4_1156-1054*4_1156-706*4_1156-1053*4_1156-1101*4_1156-800*4_1156-1052*4_1156-1102*4_1156-799*4_1156-1051*4_1156-1103*4_1156-798*4_1594-1307*4_1594-1335*4_1594-1336*4_1594-1306*4_1594-1362*4_1594-1334*4_1594-1337*4_1594-1305*4_1594-1361*4_1594-1338*4_1594-1325*4_1594-1360*4_1594-1326*4_1594-1339*4_1594-1324*4_1594-1327*4_1594-1359*4_1594-1340*4_1594-1323*4_1594-1328*4_1594-1342*4_1594-1343*4_1594-1329*4_1594-1370*4_1594-1363*4_1594-1330*4_1594-1364*4_1594-1316*4_1594-1311*4_1594-1317*4_1594-1322*4_1594-1304*4_1594-1318*4_1594-1312*4_1594-1331*4_1594-1345*4_1594-1319*4_1594-1365*4_1594-1315*4_1594-1320*4_1594-1346*4_1594-1367*4_1629-1637*4_1629-1638*4_1629-1639*4_1629-1640*4_1629-1673*4_1629-1641*4_1390-1368*5_1390-1369*5_1068-788*4_1068-1085*4_1068-324*4_1068-789*4_1068-775*4_1068-269*4_1068-380*4_1068-391*4_1068-1086*4_1068-773*4_1068-774*4_1068-772*4_1068-790*4_1068-402*4_1068-1688*4_1068-424*4_1068-1677*4_1068-1699*4_1068-1710*4_1068-347*4_1068-1666*4_1068-1643*4_1068-413*4_1068-792*4_1068-1654*4_1068-1721*4_1068-793*4_1068-1632*4_1068-1732*4_1068-794*4_1068-1039*4_1068-1621*4_1068-58*4_1068-1743*4_1068-358*4_1068-917*4_1068-918*4_1068-916*4_1068-91*4_1068-1050*4_1068-915*4_1068-1040*4_1068-369*4_1068-919*4_1068-1038*4_1068-1754*4_1068-914*4_1068-1610*4_1068-1049*4_1068-920*4_1068-913*4_1068-1037*4_1068-69*4_1068-47*4_1068-1765*4_1068-1048*4_1068-912*4_1068-1036*4_1068-921*4_1068-1047*4_1068-36*4_1068-1035*4_77-89*4_77-59*4_77-673*4_77-674*4_77-664*4_77-675*4_77-97*4_77-192*4_77-663*4_77-665*4_77-57*4_77-98*4_77-672*4_77-666*4_77-662*4_77-111*4_77-190*4_77-56*4_77-110*4_77-55*4_77-8*4_77-109*4_77-667*4_77-99*4_77-108*4_77-648*4_77-189*4_77-188*4_77-670*4_77-100*4_77-54*4_77-187*4_77-107*4_77-647*4_77-671*4_77-53*4_77-7*4_77-106*4_77-186*4_77-6*4_77-101*4_77-52*4_77-5*4_77-30*4_77-105*4_77-185*4_77-645*4_77-29*4_1405-858*4_1607-833*4_1607-832*4_1607-831*4_1607-1642*4_799-797*5_799-1104*5_799-796*5_799-1105*5_799-826*5_799-825*5_799-795*5_799-823*5_799-1106*5_799-1466*5_799-1532*5_799-1543*5_799-1521*5_799-1455*5_799-1477*5_799-1510*5_799-1555*5_799-1499*5_799-1444*5_799-817*5_799-1488*5_799-816*5_799-818*5_799-815*5_799-1566*5_799-819*5_799-814*5_799-1432*5_799-820*5_799-1577*5_799-812*5_799-821*5_799-810*5_799-1588*5_799-932*5_799-931*5_799-934*5_799-935*5_799-822*5_799-930*5_799-936*5_799-929*5_799-811*5_799-937*5_799-1034*5_799-1599*5_799-928*5_799-938*5_799-1014*5_799-927*5_799-1032*5_799-1013*5_799-1012*5_799-939*5_799-1018*5_799-1002*5_799-926*5_799-940*5_799-925*5_799-1019*5_799-1001*5_799-998*5_1709-1775*4_1318-1356*5_1318-1354*5_1318-1313*5_1318-1314*5_1318-1353*5_1318-1357*5_1318-1358*5_1318-1352*5_1318-1351*5_1318-1350*5_1318-1349*5_1318-1348*5_1318-1347*5_1707-1694*4_1707-1663*4_1707-1662*4_1707-1664*4_1707-687*4_1707-1667*4_1707-688*4_247-739*5_247-740*5_247-14*5_247-3*5_1388-1355*5_1388-1020*5_1388-1021*5_1388-1023*5_1388-1344*5_1388-1024*5_1388-1015*5_1388-1188*5_1388-1010*5_1388-1199*5_1388-1025*5_1388-1009*5_1388-1210*5_1388-1000*5_1388-1016*5_1388-1222*5_1388-1177*5_1388-1233*5_1388-1008*5_1388-1244*5_1388-944*5_1388-1017*5_1388-955*5_1388-1255*5_1388-933*5_1388-1003*5_1388-1007*5_1388-922*5_1388-966*5_1388-1266*5_1388-1004*5_1388-977*5_1388-1310*5_1388-911*5_1388-1299*5_1388-1288*5_1388-1005*5_1388-900*5_1388-1277*5_1388-988*5_884-892*6_884-715*6_884-893*6_884-714*6_884-730*6_884-726*6_884-729*6_884-725*6_884-712*6_884-894*6_884-538*6_884-711*6_884-717*6_884-25*6_884-907*6_884-531*6_109-104*5_109-103*5_109-112*5_109-644*5_109-117*5_109-615*5_109-617*5_109-618*5_109-116*5_109-619*5_109-614*5_109-642*5_109-641*5_109-620*5_109-640*5_109-115*5_109-616*5_109-639*5_109-621*5_109-608*5_109-638*5_109-622*5_109-661*5_109-637*5_109-632*5_109-118*5_109-623*5_109-660*5_109-625*5_109-659*5_109-631*5_109-119*5_109-626*5_109-658*5_109-609*5_109-627*5_64-51*4_64-50*4_64-39*4_64-40*4_64-41*4_864-355*6_864-356*6_864-354*6_864-371*6_864-357*6_864-359*6_864-350*6_864-353*6_864-370*6_864-568*6_864-360*6_864-372*6_864-352*6_864-570*6_864-368*6_864-349*6_864-361*6_864-378*6_864-595*6_864-351*6_864-367*6_864-348*6_864-362*6_864-379*6_864-384*6_864-373*6_864-593*6_864-571*6_864-346*6_864-594*6_864-374*6_864-366*6_864-567*6_864-363*6_864-592*6_864-345*6_864-572*6_864-383*6_864-381*6_864-375*6_864-749*6_864-344*6_864-365*6_864-364*6_864-165*6_864-376*6_864-750*6_864-166*6_864-382*6_864-343*6_864-377*6_864-587*6_864-167*6_864-163*6_864-408*6_864-751*6_864-385*6_864-532*6_864-441*6_864-162*6_864-407*6_864-386*6_864-533*6_864-559*6_840-830*3_840-829*3_98-184*5_98-183*5_98-182*5_98-179*5_98-181*5_98-120*5_98-121*5_98-178*5_98-210*5_98-212*5_907-908*7_907-906*7_907-909*7_907-905*7_907-910*7_907-904*7_907-903*7_907-895*7_907-896*7_907-719*7_907-897*7_907-901*7_907-899*7_907-898*7_907-720*7_907-902*7_907-466*7_907-467*7_907-721*7_907-465*7_907-722*7_907-468*7_907-723*7_907-718*7_907-464*7_907-470*7_1702-1660*5_1702-1668*5_1702-689*5_1702-1669*5_1702-1659*5_1702-1670*5_1702-1672*5_1702-1671*5_1702-1658*5_1702-1657*5_1702-46*5_1702-48*5_1702-49*5_732-463*7_732-462*7_732-455*7_732-461*7_732-537*7_732-526*7_732-456*7_732-460*7_732-459*7_732-536*7_732-457*7_732-525*7_732-454*7_732-534*7_732-507*7_732-523*7_732-453*7_732-506*7_732-452*7_732-522*7_732-561*7_732-489*7_732-554*7_732-521*7_732-490*7_732-563*7_732-488*7_682-42*5_682-43*5_682-45*5_682-678*5_1498-1502*5_1498-1321*5_1498-1333*5_1498-0*5_1498-1*5_1035-924*6_1035-923*6_1035-1041*6_1035-1042*6_1035-1043*6_382-440*7_382-387*7_382-439*7_382-388*7_382-438*7_382-161*7_382-437*7_382-389*7_382-160*7_382-436*7_382-588*7_382-159*7_382-390*7_382-589*7_382-434*7_382-590*7_382-156*7_382-433*7_382-392*7_382-157*7_382-164*7_382-399*7_382-566*7_382-565*7_382-398*7_382-432*7_382-400*7_382-155*7_382-596*7_382-575*7_382-576*7_382-573*7_382-393*7_382-154*7_382-431*7_382-401*7_382-577*7_382-574*7_382-586*7_382-578*7_382-394*7_382-579*7_382-150*7_382-430*7_382-151*7_382-168*7_382-396*7_382-395*7_382-397*7_382-444*7_382-585*7_382-582*7_382-403*7_382-443*7_382-149*7_382-404*7_382-406*7_382-152*7_382-429*7_382-581*7_382-409*7_382-442*7_382-405*7_382-584*7_382-170*7_382-560*7_382-604*7_382-428*7_1696-1656*4_623-628*6_623-630*6_623-643*6_623-629*6_623-633*6_623-636*6_623-634*6_730-471*7_730-520*7_730-472*7_730-527*7_730-473*7_730-487*7_730-474*7_730-475*7_730-562*7_730-564*7_1525-1445*4_539-555*6_539-556*6_539-492*6_539-493*6_539-528*6_539-499*6_539-494*6_539-529*6_539-498*6_333-266*5_333-226*5_333-267*5_333-223*5_333-222*5_333-282*5_333-341*5_333-338*5_333-339*5_333-288*5_333-337*5_333-848*5_333-342*5_333-340*5_333-221*5_333-273*5_1685-1647*6_1685-1648*6_1685-1644*6_1685-1649*6_1685-1645*6_1685-1650*6_1685-1646*6_1685-1651*6_1685-1652*6_936-941*7_936-942*7_936-943*7_936-945*7_936-950*7_936-1031*7_936-1030*7_936-946*7_936-997*7_936-996*7_936-949*7_936-995*7_936-948*7_936-994*7_407-410*8_407-411*8_407-412*8_407-450*8_407-414*8_407-449*8_407-451*8_407-448*8_407-415*8_407-445*8_407-423*8_407-425*8_407-416*8_407-426*8_407-427*8_998-1006*6_998-951*6_998-952*6_998-992*6_998-991*6_998-993*6_998-953*6_998-954*6_998-956*6_998-962*6_998-957*6_998-961*6_998-989*6_998-958*6_105-610*5_105-611*5_105-612*5_105-126*5_105-122*5_105-656*5_105-123*5_105-655*5_1638-1653*5_1638-856*5_1638-1655*5_1638-855*5_1638-854*5_1540-1110*4_1540-1221*4_1540-1332*4_1540-1443*4_1038-1045*5_1038-1046*5_1377-889*5_671-124*6_671-211*6_671-196*6_671-214*6_671-197*6_671-127*6_487-486*8_1222-877*6_1222-866*6_1222-779*6_1222-1011*6_1222-668*6_1222-1022*6_1222-1033*6_1222-557*6_1222-1044*6_1222-335*6_1222-224*6_1222-446*6_1222-113*6_1222-2*6_1222-1055*6_1222-1665*6_1222-1554*6_1222-1066*6_1222-1088*6_210-198*6_210-654*6_210-199*6_210-653*6_210-200*6_210-215*6_210-652*6_210-201*6_210-128*6_210-651*6_210-204*6_210-205*6_210-177*6_210-140*6_210-139*6_210-203*6_210-206*6_210-176*6_210-141*6_210-138*6_210-207*6_210-129*6_210-175*6_210-142*6_210-137*6_210-174*6_210-208*6_210-130*6_210-143*6_210-209*6_210-173*6_210-133*6_210-219*6_210-131*6_210-218*6_210-145*6_210-172*6_210-132*6_210-605*6_210-599*6_210-134*6_210-598*6_210-217*6_210-144*6_210-146*6_210-171*6_210-606*6_210-135*6_210-216*6_210-148*6_210-649*6_966-1099*6_966-1077*6_966-1111*6_966-1122*6_966-1133*6_966-990*6_966-1144*6_966-1155*6_966-969*6_966-1166*6_966-968*6_966-987*6_966-986*6_966-947*6_434-153*9_991-967*7_991-959*7_991-963*7_991-965*7_991-960*7_991-964*7_991-985*7_991-970*7_991-984*7_991-981*7_991-971*7_991-972*7_991-980*7_991-982*7_991-973*7_991-983*7_991-1026*7_490-497*8_490-495*8_490-496*8_490-485*8_490-500*8_490-484*8_490-530*8_490-501*8_490-483*8_490-509*8_490-508*8_490-510*8_490-503*8_490-482*8_490-511*8_490-481*8_490-504*8_490-512*8_490-479*8_490-514*8_490-505*8_490-478*8_490-515*8_490-477*8_490-516*8_490-517*8_490-518*8_490-519*8_490-476*8_490-422*8_490-421*8_490-420*8_490-419*8_53-44*5_53-676*5_53-677*5_1742-852*4_1742-851*4_1742-853*4_1742-847*4_1742-285*4_1742-284*4_1742-286*4_1742-283*4_1742-849*4_952-1027*8_952-1028*8_952-979*8_952-1029*8_952-974*8_952-975*8_952-976*8_952-978*8_701-308*2_123-607*7_123-650*7_123-600*7_144-601*7_144-597*7_144-583*7_144-603*7_451-418*9_451-417*9_310-274*2_310-287*2_310-850*2_851-289*5_851-290*5_851-292*5_852-220*5_852-334*5_
