"id","Scenario","Actual Range","Protocol","Buildings","Total nodes","Nodes on circ","Total coverage","Coverage on circ","Alert received mean time","Hops","Slots","Messages sent","Messages received", "Starting x", "Starting y","Starting node", "Vehicle distance", "Received node ids", "Node ids", "Transmission map", "Received on circ nodes", "Transmission vector"
0,1,500,300,0,1776,80,1776,80,3318.5,3.55,4.35,584,1776,1153.84,1884.7,310,25,309_311_308_312_294_314_293_275_274_315_276_287_273_277_316_286_272_699_249_285_317_278_851_250_698_700_248_284_318_850_852_251_325_697_701_271_1196_252_849_279_283_323_1197_853_296_295_319_297_270_244_253_1198_298_847_848_281_233_268_1200_245_320_259_299_254_260_232_703_231_1201_282_307_306_300_246_261_321_257_234_1202_704_1190_1189_1191_1747_255_1187_263_262_1750_1186_230_256_1748_1749_1746_1203_1195_1220_1751_235_1223_326_1185_330_229_264_322_1745_237_1460_1756_1757_1758_1165_1755_228_265_1759_1753_327_1164_301_331_1752_1192_1204_202_288_238_1219_1760_266_1163_227_1167_1175_1174_328_1461_332_239_1741_1742_1740_1193_1205_303_289_191_267_1744_226_1218_1761_240_1130_1168_1176_1733_333_1131_1739_1734_329_1462_1731_304_223_1730_290_1169_1194_1206_241_1735_1217_1729_1762_1132_1129_1178_1728_222_1463_1738_686_1170_236_1134_435_225_1717_1718_447_1736_1727_1719_1128_458_213_292_242_705_1207_469_1216_305_1179_1140_1720_221_1726_1767_1763_480_1184_1135_1171_1464_1737_491_180_1725_1774_220_1722_243_695_696_1127_1141_1768_342_646_1716_694_502_1214_693_1180_1215_1723_334_1240_1172_692_1136_513_1126_1213_1142_1764_1724_690_1459_169_4_341_635_1260_1181_1775_1715_337_1616_1137_1125_1143_1173_524_1766_1615_657_1224_1259_1457_845_669_1771_841_1452_1263_750_1060_1261_1262_1138_338_1078_1258_1714_339_1212_5_1264_1257_751_1208_1713_1211_216_340_1265_6_1145_1209_1146_217_1267_1712_1268_1157_218_343_1492_1269_7_9_8_1239_10_1711_1225_749_171_172_219_1601_186_11_74_173_1270_12_1238_1491_344_170_1709_13_1237_1490_1256_175_174_73_345_15_683_168_1272_176_1254_167_72_203_346_685_215_351_574_204_573_166_348_201_352_579_599_140_205_139_165_200_578_206_199_138_141_598_571_577_572_581_142_582_595_576_592_164_185_184_187_183_188_748_190_189_192_99_193_98_684_97_194_71_96_747_195_95_100_94_86_745_75_349_68_744_350_667_353_570_357_356_587_354_355_864_593_857_588_594_1147_1489_1148_1156_1149_1486_1485_1487_1150_1158_1151_1159_1484_1458_1160_1152_1475_1162_1476_1473_1465_1161_1139_1478_1474_1153_1472_1092_1479_1467_1123_1091_1093_1471_1468_1456_1090_1480_1470_1094_1121_1154_1124_1469_1089_1108_1494_1481_1563_1120_1454_1087_1116_1057_1482_1095_1058_1107_1562_1117_1495_1453_1059_1109_1483_1097_1056_1112_1096_1113_1098_1561_1496_1114_809_1118_803_1115_1183_1493_1497_1119_1100_1560_808_1182_801_1061_1054_1451_706_1498_804_1101_807_1399_805_1053_800_1450_806_707_1500_1388_1102_1052_799_826_1449_827_708_1410_1448_1501_1377_1062_1103_1447_828_1556_1051_1553_798_1582_1552_1581_1421_709_1551_1063_1502_1446_710_1506_1564_1104_1505_825_844_1050_797_1504_1432_1445_1444_1014_1064_1503_1081_1565_1507_843_1018_1105_1455_823_1049_1065_796_1366_1528_1442_1013_1466_1567_1019_1508_1557_1527_1106_1048_1083_1441_1355_1068_1012_1568_1477_1509_1543_1555_1526_1532_1566_1047_1266_1255_1521_1559_1510_1569_1599_1511_820_1525_821_1344_163_379_162_568_381_382_567_383_378_384_441_161_385_372_440_373_160_359_360_589_386_439_374_371_159_361_387_370_438_590_375_362_157_368_388_437_156_376_363_367_436_389_865_155_377_586_154_596_366_575_150_434_390_364_585_867_846_365_583_149_741_151_433_584_392_399_597_398_400_152_869_868_408_565_566_432_870_871_872_148_401_873_393_407_604_431_600_874_153_603_875_146_601_406_394_430_137_207_403_396_397_395_404_208_405_143_444_876_560_209_443_429_409_559_650_442_145_531_878_556_133_605_144_649_134_555_532_879_410_606_428_135_554_131_130_880_427_533_654_132_411_653_426_198_881_652_129_425_651_534_561_607_412_423_197_214_536_212_562_177_537_128_211_414_196_538_127_415_158_247_1080_713_1079_624_702_147_258_613_691_136_1073_1072_269_842_602_1071_680_1074_125_1076_280_591_1070_291_380_1075_535_114_546_558_580_302_569_391_1069_783_102_770_782_313_769_771_402_767_724_91_766_1067_781_765_324_764_733_761_735_757_413_80_778_763_759_746_336_760_762_424_768_58_884_758_777_69_885_347_780_742_734_47_369_784_883_756_358_776_1082_736_785_791_886_36_737_755_882_794_786_775_738_887_743_793_739_752_790_740_802_754_792_753_787_25_824_14_3_1084_1765_1754_1743_774_890_1732_813_788_1721_548_717_773_310_835_1085_1710_789_711_907_712_891_908_1699_772_714_553_909_547_715_910_552_716_1688_912_551_1086_913_892_906_545_914_1677_550_915_1666_544_549_1643_893_917_905_1632_729_1039_919_543_732_904_728_920_178_916_1654_918_1621_1040_1610_894_727_895_903_896_719_897_726_720_899_898_721_725_466_731_730_722_723_467_902_465_464_468_718_463_526_525_462_1226_1236_1227_1235_1228_1234_1229_1232_1230_1231_1241_1242_1253_1271_1574_1575_1573_1243_1252_1572_1571_1273_1576_1251_1570_1245_1773_1285_1286_1274_1772_1284_1283_1578_1770_1282_1246_1275_1769_1281_1280_1247_1276_1579_1429_1613_1627_1279_1428_1248_1614_1427_1426_1278_1249_1602_1580_1626_1287_1603_1430_1250_1617_1431_1625_1604_1618_1289_1292_1628_1433_1619_1425_1605_1434_1624_1290_1620_1291_1629_1606_1435_1424_1622_1436_1623_1630_1607_1437_1608_1438_1693_1295_1631_1423_1609_1293_1294_1439_1692_1600_1422_1583_655_210_124_123_656_122_126_612_121_611_120_610_119_609_658_118_179_659_115_182_116_660_181_117_661_101_103_112_671_104_670_1588_1577_1035_822_1036_1034_1037_1038_1032_819_925_926_927_924_928_818_929_923_795_930_817_921_931_816_932_815_934_1499_814_935_1488_812_936_810_811_937_1041_938_1042_939_1043_940_1045_941_1046_1002_942_1001_998_1020_950_1015_1003_666_70_665_93_87_92_664_88_90_67_663_89_76_662_66_673_77_105_106_65_674_107_85_16_108_78_109_17_110_62_61_64_79_84_675_81_82_60_111_63_59_18_83_38_672_19_57_37_614_648_20_56_615_608_35_647_55_21_616_617_642_34_618_645_641_22_619_33_1708_640_644_54_620_679_639_32_1707_53_52_637_23_623_901_1691_1690_1689_1706_1687_1686_1705_681_1704_682_1703_470_471_527_1611_1633_1612_1296_1634_542_541_540_539_461_455_460_456_459_457_523_454_507_453_522_506_452_521_472_563_489_473_564_520_490_474_488_475_492_487_476_477_486_478_485_481_482_495_509_1440_1584_1514_1513_1515_1512_1558_1516_1544_1414_1413_1412_1419_1517_1523_1541_1545_1518_1522_1546_1542_1411_1519_1520_1409_1547_1524_1415_1420_1529_1548_1549_1535_1530_1550_1531_1416_1396_1417_1533_1398_1418_1395_1534_1407_1397_1401_1406_1394_1404_1400_1403_1536_1402_1585_1405_1393_1392_888_1537_1586_999_1386_1391_1385_1408_1538_1384_863_0_1383_1540_1539_862_1587_1321_859_1378_1333_1277_1244_1_1233_1288_1222_1299_1210_1310_1199_911_1188_900_1110_922_1177_889_933_1221_877_1021_944_1000_1010_1023_1332_866_1024_1009_1025_955_1443_779_966_1008_668_1554_1011_1016_977_1007_1022_1006_31_24_26_51_27_30_28_29_621_50_638_39_622_632_40_631_41_46_528_450_451_529_493_449_494_530_499_448_500_501_498_445_497_496_503_416_504_505_419_420_418_484_421_417_422_519_483_510_511_508_512_518_514_515_516_517_479_997_996_943_995_1004_945_949_994_1017_1005_946_948_1030_1031_947_951_988_993_952_992_991_962_953_961_954_956_1026_957_960_958_959_989_1027_1028_963_964_1133_969_968_1111_42_48_43_49_45_44_676_677_678_1702_630_1701_629_633_1695_625_626_627_1696_1694_628_643_1697_636_1664_634_1698_1667_1663_1668_1700_687_1683_1685_1033_990_1122_1099_1088_1077_1044_1066_1055_1144_446_1155_557_335_967_1166_224_965_987_113_986_981_970_971_1029_980_1635_1636_1678_1679_1680_1637_1676_1681_1638_1682_1675_1639_1674_1640_1684_1673_1641_1672_1642_1661_1660_1644_1659_1662_1645_1658_688_839_840_838_837_1671_836_1657_1646_834_689_833_1670_1650_1649_832_1648_1647_1669_831_1651_1652_1656_856_1653_1655_855_830_854_829_1297_985_984_972_973_982_983_974_979_975_976_978_2_1665_1382_1381_1380_1379_1373_1374_1375_1376_1387_1389_1390_861_1589_1590_1598_1591_1372_1597_860_1592_1596_1371_1593_1594_1370_1309_1362_1595_858_1361_1341_1360_1364_1308_1365_1336_1363_1359_1307_1335_1337_1367_1306_1338_1334_1343_1339_1368_1305_1342_1340_1369_1325_1326_1327_1324_1345_1328_1323_1346_1329_1322_1316_1312_1315_1330_1331_1318_1319_1317_1320_1347_1348_1356_1354_1311_1349_1350_1304_1353_1352_1351_1300_1357_1313_1298_1358_1314_1301_1302_1303_,0_1_2_3_4_5_6_7_8_9_10_11_12_13_14_15_16_17_18_19_20_21_22_23_24_25_26_27_28_29_30_31_32_33_34_35_36_37_38_39_40_41_42_43_44_45_46_47_48_49_50_51_52_53_54_55_56_57_58_59_60_61_62_63_64_65_66_67_68_69_70_71_72_73_74_75_76_77_78_79_80_81_82_83_84_85_86_87_88_89_90_91_92_93_94_95_96_97_98_99_100_101_102_103_104_105_106_107_108_109_110_111_112_113_114_115_116_117_118_119_120_121_122_123_124_125_126_127_128_129_130_131_132_133_134_135_136_137_138_139_140_141_142_143_144_145_146_147_148_149_150_151_152_153_154_155_156_157_158_159_160_161_162_163_164_165_166_167_168_169_170_171_172_173_174_175_176_177_178_179_180_181_182_183_184_185_186_187_188_189_190_191_192_193_194_195_196_197_198_199_200_201_202_203_204_205_206_207_208_209_210_211_212_213_214_215_216_217_218_219_220_221_222_223_224_225_226_227_228_229_230_231_232_233_234_235_236_237_238_239_240_241_242_243_244_245_246_247_248_249_250_251_252_253_254_255_256_257_258_259_260_261_262_263_264_265_266_267_268_269_270_271_272_273_274_275_276_277_278_279_280_281_282_283_284_285_286_287_288_289_290_291_292_293_294_295_296_297_298_299_300_301_302_303_304_305_306_307_308_309_310_311_312_313_314_315_316_317_318_319_320_321_322_323_324_325_326_327_328_329_330_331_332_333_334_335_336_337_338_339_340_341_342_343_344_345_346_347_348_349_350_351_352_353_354_355_356_357_358_359_360_361_362_363_364_365_366_367_368_369_370_371_372_373_374_375_376_377_378_379_380_381_382_383_384_385_386_387_388_389_390_391_392_393_394_395_396_397_398_399_400_401_402_403_404_405_406_407_408_409_410_411_412_413_414_415_416_417_418_419_420_421_422_423_424_425_426_427_428_429_430_431_432_433_434_435_436_437_438_439_440_441_442_443_444_445_446_447_448_449_450_451_452_453_454_455_456_457_458_459_460_461_462_463_464_465_466_467_468_469_470_471_472_473_474_475_476_477_478_479_480_481_482_483_484_485_486_487_488_489_490_491_492_493_494_495_496_497_498_499_500_501_502_503_504_505_506_507_508_509_510_511_512_513_514_515_516_517_518_519_520_521_522_523_524_525_526_527_528_529_530_531_532_533_534_535_536_537_538_539_540_541_542_543_544_545_546_547_548_549_550_551_552_553_554_555_556_557_558_559_560_561_562_563_564_565_566_567_568_569_570_571_572_573_574_575_576_577_578_579_580_581_582_583_584_585_586_587_588_589_590_591_592_593_594_595_596_597_598_599_600_601_602_603_604_605_606_607_608_609_610_611_612_613_614_615_616_617_618_619_620_621_622_623_624_625_626_627_628_629_630_631_632_633_634_635_636_637_638_639_640_641_642_643_644_645_646_647_648_649_650_651_652_653_654_655_656_657_658_659_660_661_662_663_664_665_666_667_668_669_670_671_672_673_674_675_676_677_678_679_680_681_682_683_684_685_686_687_688_689_690_691_692_693_694_695_696_697_698_699_700_701_702_703_704_705_706_707_708_709_710_711_712_713_714_715_716_717_718_719_720_721_722_723_724_725_726_727_728_729_730_731_732_733_734_735_736_737_738_739_740_741_742_743_744_745_746_747_748_749_750_751_752_753_754_755_756_757_758_759_760_761_762_763_764_765_766_767_768_769_770_771_772_773_774_775_776_777_778_779_780_781_782_783_784_785_786_787_788_789_790_791_792_793_794_795_796_797_798_799_800_801_802_803_804_805_806_807_808_809_810_811_812_813_814_815_816_817_818_819_820_821_822_823_824_825_826_827_828_829_830_831_832_833_834_835_836_837_838_839_840_841_842_843_844_845_846_847_848_849_850_851_852_853_854_855_856_857_858_859_860_861_862_863_864_865_866_867_868_869_870_871_872_873_874_875_876_877_878_879_880_881_882_883_884_885_886_887_888_889_890_891_892_893_894_895_896_897_898_899_900_901_902_903_904_905_906_907_908_909_910_911_912_913_914_915_916_917_918_919_920_921_922_923_924_925_926_927_928_929_930_931_932_933_934_935_936_937_938_939_940_941_942_943_944_945_946_947_948_949_950_951_952_953_954_955_956_957_958_959_960_961_962_963_964_965_966_967_968_969_970_971_972_973_974_975_976_977_978_979_980_981_982_983_984_985_986_987_988_989_990_991_992_993_994_995_996_997_998_999_1000_1001_1002_1003_1004_1005_1006_1007_1008_1009_1010_1011_1012_1013_1014_1015_1016_1017_1018_1019_1020_1021_1022_1023_1024_1025_1026_1027_1028_1029_1030_1031_1032_1033_1034_1035_1036_1037_1038_1039_1040_1041_1042_1043_1044_1045_1046_1047_1048_1049_1050_1051_1052_1053_1054_1055_1056_1057_1058_1059_1060_1061_1062_1063_1064_1065_1066_1067_1068_1069_1070_1071_1072_1073_1074_1075_1076_1077_1078_1079_1080_1081_1082_1083_1084_1085_1086_1087_1088_1089_1090_1091_1092_1093_1094_1095_1096_1097_1098_1099_1100_1101_1102_1103_1104_1105_1106_1107_1108_1109_1110_1111_1112_1113_1114_1115_1116_1117_1118_1119_1120_1121_1122_1123_1124_1125_1126_1127_1128_1129_1130_1131_1132_1133_1134_1135_1136_1137_1138_1139_1140_1141_1142_1143_1144_1145_1146_1147_1148_1149_1150_1151_1152_1153_1154_1155_1156_1157_1158_1159_1160_1161_1162_1163_1164_1165_1166_1167_1168_1169_1170_1171_1172_1173_1174_1175_1176_1177_1178_1179_1180_1181_1182_1183_1184_1185_1186_1187_1188_1189_1190_1191_1192_1193_1194_1195_1196_1197_1198_1199_1200_1201_1202_1203_1204_1205_1206_1207_1208_1209_1210_1211_1212_1213_1214_1215_1216_1217_1218_1219_1220_1221_1222_1223_1224_1225_1226_1227_1228_1229_1230_1231_1232_1233_1234_1235_1236_1237_1238_1239_1240_1241_1242_1243_1244_1245_1246_1247_1248_1249_1250_1251_1252_1253_1254_1255_1256_1257_1258_1259_1260_1261_1262_1263_1264_1265_1266_1267_1268_1269_1270_1271_1272_1273_1274_1275_1276_1277_1278_1279_1280_1281_1282_1283_1284_1285_1286_1287_1288_1289_1290_1291_1292_1293_1294_1295_1296_1297_1298_1299_1300_1301_1302_1303_1304_1305_1306_1307_1308_1309_1310_1311_1312_1313_1314_1315_1316_1317_1318_1319_1320_1321_1322_1323_1324_1325_1326_1327_1328_1329_1330_1331_1332_1333_1334_1335_1336_1337_1338_1339_1340_1341_1342_1343_1344_1345_1346_1347_1348_1349_1350_1351_1352_1353_1354_1355_1356_1357_1358_1359_1360_1361_1362_1363_1364_1365_1366_1367_1368_1369_1370_1371_1372_1373_1374_1375_1376_1377_1378_1379_1380_1381_1382_1383_1384_1385_1386_1387_1388_1389_1390_1391_1392_1393_1394_1395_1396_1397_1398_1399_1400_1401_1402_1403_1404_1405_1406_1407_1408_1409_1410_1411_1412_1413_1414_1415_1416_1417_1418_1419_1420_1421_1422_1423_1424_1425_1426_1427_1428_1429_1430_1431_1432_1433_1434_1435_1436_1437_1438_1439_1440_1441_1442_1443_1444_1445_1446_1447_1448_1449_1450_1451_1452_1453_1454_1455_1456_1457_1458_1459_1460_1461_1462_1463_1464_1465_1466_1467_1468_1469_1470_1471_1472_1473_1474_1475_1476_1477_1478_1479_1480_1481_1482_1483_1484_1485_1486_1487_1488_1489_1490_1491_1492_1493_1494_1495_1496_1497_1498_1499_1500_1501_1502_1503_1504_1505_1506_1507_1508_1509_1510_1511_1512_1513_1514_1515_1516_1517_1518_1519_1520_1521_1522_1523_1524_1525_1526_1527_1528_1529_1530_1531_1532_1533_1534_1535_1536_1537_1538_1539_1540_1541_1542_1543_1544_1545_1546_1547_1548_1549_1550_1551_1552_1553_1554_1555_1556_1557_1558_1559_1560_1561_1562_1563_1564_1565_1566_1567_1568_1569_1570_1571_1572_1573_1574_1575_1576_1577_1578_1579_1580_1581_1582_1583_1584_1585_1586_1587_1588_1589_1590_1591_1592_1593_1594_1595_1596_1597_1598_1599_1600_1601_1602_1603_1604_1605_1606_1607_1608_1609_1610_1611_1612_1613_1614_1615_1616_1617_1618_1619_1620_1621_1622_1623_1624_1625_1626_1627_1628_1629_1630_1631_1632_1633_1634_1635_1636_1637_1638_1639_1640_1641_1642_1643_1644_1645_1646_1647_1648_1649_1650_1651_1652_1653_1654_1655_1656_1657_1658_1659_1660_1661_1662_1663_1664_1665_1666_1667_1668_1669_1670_1671_1672_1673_1674_1675_1676_1677_1678_1679_1680_1681_1682_1683_1684_1685_1686_1687_1688_1689_1690_1691_1692_1693_1694_1695_1696_1697_1698_1699_1700_1701_1702_1703_1704_1705_1706_1707_1708_1709_1710_1711_1712_1713_1714_1715_1716_1717_1718_1719_1720_1721_1722_1723_1724_1725_1726_1727_1728_1729_1730_1731_1732_1733_1734_1735_1736_1737_1738_1739_1740_1741_1742_1743_1744_1745_1746_1747_1748_1749_1750_1751_1752_1753_1754_1755_1756_1757_1758_1759_1760_1761_1762_1763_1764_1765_1766_1767_1768_1769_1770_1771_1772_1773_1774_1775_,34:{42;48;43;49;45;44;676;677;678;1702;630;1701;629;633;1695;625;626;627;1696;1694;628;643;1697;636;1664;634;1698;1667;1663;1668;1700;687;1683;1685;}146:{655;210;124;123;656;122;126;612;121;611;120;610;119;609;658;118;179;659;115;182;116;660;181;117;661;101;103;112;671;104;670;}180:{916;1654;918;1621;1040;1610;894;727;895;}188:{666;70;665;93;87;92;664;88;90;67;663;89;76;662;66;673;77;105;106;65;674;107;85;16;108;78;109;17;110;62;61;64;79;84;675;81;82;60;111;63;59;18;83;38;672;19;57;37;614;648;20;56;615;608;35;647;55;21;616;617;642;34;618;645;641;22;619;33;1708;640;644;54;620;679;639;32;1707;53;52;637;23;623;}194:{31;24;26;51;27;30;28;29;621;50;638;39;622;632;40;631;41;46;}213:{1078;}310:{309;311;308;312;294;314;293;275;274;315;276;287;273;277;316;286;272;699;249;285;317;278;851;250;698;700;248;284;318;850;852;251;325;697;701;271;1196;252;849;279;283;323;1197;853;296;295;319;297;270;244;253;1198;298;847;848;281;233;268;1200;245;320;259;299;254;260;232;703;231;1201;282;307;306;300;246;261;321;257;234;1202;704;1190;1189;1191;1747;255;1187;263;262;1750;1186;230;256;1748;1749;1746;1203;1195;1220;1751;235;1223;326;1185;330;229;264;322;1745;237;1460;1756;1757;1758;1165;1755;228;265;1759;1753;327;1164;301;331;1752;1192;1204;202;288;238;1219;1760;266;1163;227;1167;1175;1174;328;1461;332;239;1741;1742;1740;1193;1205;303;289;191;267;1744;226;1218;1761;240;1130;1168;1176;1733;333;1131;1739;1734;329;1462;1731;304;223;1730;290;1169;1194;1206;241;1735;1217;1729;1762;1132;1129;1178;1728;222;1463;1738;686;1170;236;1134;435;225;1717;1718;447;1736;1727;1719;1128;458;213;292;242;705;1207;469;1216;305;1179;1140;1720;221;1726;1767;1763;480;1184;1135;1171;1464;1737;491;180;1725;1774;220;1722;243;695;696;1127;1141;1768;342;646;1716;694;502;1214;693;1180;1215;1723;334;1240;1172;692;1136;513;1126;1213;1142;1764;1724;690;1459;169;4;341;635;1260;1181;1775;1715;337;1616;1137;1125;1143;1173;524;1766;1615;657;1224;1259;1457;845;669;1771;841;1452;1263;750;1060;}328:{178;}337:{748;747;745;349;744;350;353;570;357;356;587;354;355;864;593;857;588;594;}341:{338;339;751;216;340;217;218;343;749;171;172;219;173;344;170;175;174;345;168;176;167;203;346;215;351;574;204;573;166;348;201;352;579;599;140;205;139;165;200;578;206;199;138;141;598;571;577;572;581;142;582;595;576;592;164;}435:{158;247;1080;713;1079;624;702;147;258;613;691;136;1073;1072;269;842;602;1071;680;1074;125;1076;280;591;1070;291;380;1075;535;114;546;558;580;302;569;391;1069;783;102;770;782;313;769;771;402;767;724;91;766;1067;781;765;324;764;733;761;735;757;413;80;778;763;759;746;336;760;762;424;768;58;884;758;777;69;885;347;780;742;734;47;369;784;883;756;358;776;1082;736;785;791;886;36;737;755;882;794;786;775;738;887;743;793;739;752;790;740;802;754;792;753;787;25;824;14;3;1084;1765;1754;1743;774;890;1732;813;788;1721;548;717;773;310;835;1085;1710;789;711;907;712;891;908;1699;772;714;553;909;547;715;910;552;716;1688;912;551;1086;913;892;906;545;914;1677;550;915;1666;544;549;1643;893;917;905;1632;729;1039;919;543;732;904;728;920;}561:{528;450;451;529;493;449;494;530;499;448;500;501;498;445;497;496;503;416;504;505;419;420;418;484;421;417;422;519;483;510;511;508;512;518;514;515;516;517;479;}592:{163;379;162;568;381;382;567;383;378;384;441;161;385;372;440;373;160;359;360;589;386;439;374;371;159;361;387;370;438;590;375;362;157;368;388;437;156;376;363;367;436;389;865;155;377;586;154;596;366;575;150;434;390;364;585;867;846;365;583;149;741;151;433;584;392;399;597;398;400;152;869;868;408;565;566;432;870;871;872;148;401;873;393;407;604;431;600;874;153;603;875;146;601;406;394;430;137;207;403;396;397;395;404;208;405;143;444;876;560;209;443;429;409;559;650;442;145;531;878;556;133;605;144;649;134;555;532;879;410;606;428;135;554;131;130;880;427;533;654;132;411;653;426;198;881;652;129;425;651;534;561;607;412;423;197;214;536;212;562;177;537;128;211;414;196;538;127;415;}712:{903;896;719;897;726;720;899;898;721;725;466;731;730;722;723;467;902;465;464;468;718;463;526;525;462;}785:{901;}823:{997;996;943;995;1004;945;949;994;1017;1005;946;948;1030;1031;947;951;988;993;952;992;991;962;953;961;954;956;1026;957;960;958;959;989;1027;1028;963;964;1133;969;968;1111;}886:{542;541;540;539;461;455;460;456;459;457;523;454;507;453;522;506;452;521;472;563;489;473;564;520;490;474;488;475;492;487;476;477;486;478;485;481;482;495;509;}969:{985;984;972;973;982;983;974;979;975;976;978;2;1665;}1018:{1033;990;1122;1099;1088;1077;1044;1066;1055;1144;446;1155;557;335;967;1166;224;965;987;113;986;981;970;971;1029;980;}1050:{1588;1577;1035;822;1036;1034;1037;1038;1032;819;925;926;927;924;928;818;929;923;795;930;817;921;931;816;932;815;934;1499;814;935;1488;812;936;810;811;937;1041;938;1042;939;1043;940;1045;941;1046;1002;942;1001;998;1020;950;1015;1003;}1131:{1138;1145;1146;1157;1492;1491;1490;}1206:{1440;}1213:{1611;1633;1612;1296;1634;}1214:{1226;1236;1227;1235;1228;1234;1229;1232;1230;1231;1241;1242;1253;1271;1574;1575;1573;1243;1252;1572;1571;1273;1576;1251;1570;1245;1773;1285;1286;1274;1772;1284;1283;1578;1770;1282;1246;1275;1769;1281;1280;1247;1276;1579;1429;1613;1627;1279;1428;1248;1614;1427;1426;1278;1249;1602;1580;1626;1287;1603;1430;1250;1617;1431;1625;1604;1618;1289;1292;1628;1433;1619;1425;1605;1434;1624;1290;1620;1291;1629;1606;1435;1424;1622;1436;1623;1630;1607;1437;1608;1438;1693;1295;1631;1423;1609;1293;1294;1439;1692;1600;1422;1583;}1336:{1330;1331;1318;1319;1317;1320;1347;1348;1356;1354;1311;1349;1350;1304;1353;1352;1351;1300;1357;1313;1298;1358;1314;1301;1302;1303;}1404:{1387;1389;1390;861;1589;1590;1598;1591;1372;1597;860;1592;1596;1371;1593;1594;1370;1309;1362;1595;858;1361;1341;1360;1364;1308;1365;1336;1363;1359;1307;1335;1337;1367;1306;1338;1334;1343;1339;1368;1305;1342;1340;1369;1325;1326;1327;1324;1345;1328;1323;1346;1329;1322;1316;1312;1315;}1418:{1382;1381;1380;1379;1373;1374;1375;1376;}1438:{1584;1514;1513;1515;1512;1558;1516;1544;1414;1413;1412;1419;1517;1523;1541;1545;1518;1522;1546;1542;1411;1519;1520;1409;1547;1524;1415;1420;1529;1548;1549;1535;1530;1550;1531;1416;1396;1417;1533;1398;1418;1395;1534;1407;1397;1401;1406;1394;1404;1400;1403;1536;1402;1585;1405;1393;1392;888;1537;1586;999;1386;1391;1385;1408;1538;1384;863;0;1383;1540;1539;862;1587;1321;859;1378;}1492:{1147;1489;1148;1156;1149;1486;1485;1487;1150;1158;1151;1159;1484;1458;1160;1152;1475;1162;1476;1473;1465;1161;1139;1478;1474;1153;1472;1092;1479;1467;1123;1091;1093;1471;1468;1456;1090;1480;1470;1094;1121;1154;1124;1469;1089;1108;1494;1481;1563;1120;1454;1087;1116;1057;1482;1095;1058;1107;1562;1117;1495;1453;1059;1109;1483;1097;1056;1112;1096;1113;1098;1561;1496;1114;809;1118;803;1115;1183;1493;1497;1119;1100;1560;808;1182;801;1061;1054;1451;706;1498;804;1101;807;1399;805;1053;800;1450;806;707;1500;1388;1102;1052;799;826;1449;827;708;1410;1448;1501;1377;1062;1103;1447;828;1556;1051;1553;798;1582;1552;1581;1421;709;1551;1063;1502;1446;710;1506;1564;1104;1505;825;844;1050;797;1504;1432;1445;1444;1014;1064;1503;1081;1565;1507;843;1018;1105;1455;823;1049;1065;796;1366;1528;1442;1013;1466;1567;1019;1508;1557;1527;1106;1048;1083;1441;1355;1068;1012;1568;1477;1509;1543;1555;1526;1532;1566;1047;1266;1255;1521;1559;1510;1569;1599;1511;820;1525;821;1344;}1500:{1333;1277;1244;1;1233;1288;1222;1299;1210;1310;1199;911;1188;900;1110;922;1177;889;933;1221;877;1021;944;1000;1010;1023;1332;866;1024;1009;1025;955;1443;779;966;1008;668;1554;1011;1016;977;1007;1022;1006;}1629:{1635;1636;1678;1679;1680;1637;1676;1681;1638;1682;1675;1639;1674;1640;1684;1673;1641;1672;1642;1661;1660;1644;1659;1662;1645;1658;688;839;840;838;837;1671;836;1657;1646;834;689;833;1670;1650;1649;832;1648;1647;1669;831;1651;1652;1656;856;1653;1655;855;830;854;829;1297;}1731:{1691;1690;1689;1706;1687;1686;1705;681;1704;682;1703;}1732:{470;471;527;}1734:{1714;5;1713;6;1712;7;9;8;10;1711;186;11;74;12;1709;13;73;15;683;72;685;}1755:{1261;1262;1258;1212;1264;1257;1208;1211;1265;1209;1267;1268;1269;1239;1225;1601;1270;1238;1237;1256;1272;1254;}1775:{185;184;187;183;188;190;189;192;99;193;98;684;97;194;71;96;195;95;100;94;86;75;68;667;},1_29_30_39_51_52_53_54_392_397_398_401_403_404_405_432_433_434_454_455_462_463_464_465_466_467_562_563_565_566_608_615_616_617_642_645_688_689_810_811_833_834_836_897_898_899_901_935_936_937_1002_1021_1023_1041_1042_1199_1210_1222_1233_1288_1302_1303_1344_1396_1398_1415_1533_1534_1546_1547_1548_1549_1550_1642_1644_1658_1659_1664_1667_1671_,310-309*0_310-311*0_310-308*0_310-312*0_310-294*0_310-314*0_310-293*0_310-275*0_310-274*0_310-315*0_310-276*0_310-287*0_310-273*0_310-277*0_310-316*0_310-286*0_310-272*0_310-699*0_310-249*0_310-285*0_310-317*0_310-278*0_310-851*0_310-250*0_310-698*0_310-700*0_310-248*0_310-284*0_310-318*0_310-850*0_310-852*0_310-251*0_310-325*0_310-697*0_310-701*0_310-271*0_310-1196*0_310-252*0_310-849*0_310-279*0_310-283*0_310-323*0_310-1197*0_310-853*0_310-296*0_310-295*0_310-319*0_310-297*0_310-270*0_310-244*0_310-253*0_310-1198*0_310-298*0_310-847*0_310-848*0_310-281*0_310-233*0_310-268*0_310-1200*0_310-245*0_310-320*0_310-259*0_310-299*0_310-254*0_310-260*0_310-232*0_310-703*0_310-231*0_310-1201*0_310-282*0_310-307*0_310-306*0_310-300*0_310-246*0_310-261*0_310-321*0_310-257*0_310-234*0_310-1202*0_310-704*0_310-1190*0_310-1189*0_310-1191*0_310-1747*0_310-255*0_310-1187*0_310-263*0_310-262*0_310-1750*0_310-1186*0_310-230*0_310-256*0_310-1748*0_310-1749*0_310-1746*0_310-1203*0_310-1195*0_310-1220*0_310-1751*0_310-235*0_310-1223*0_310-326*0_310-1185*0_310-330*0_310-229*0_310-264*0_310-322*0_310-1745*0_310-237*0_310-1460*0_310-1756*0_310-1757*0_310-1758*0_310-1165*0_310-1755*0_310-228*0_310-265*0_310-1759*0_310-1753*0_310-327*0_310-1164*0_310-301*0_310-331*0_310-1752*0_310-1192*0_310-1204*0_310-202*0_310-288*0_310-238*0_310-1219*0_310-1760*0_310-266*0_310-1163*0_310-227*0_310-1167*0_310-1175*0_310-1174*0_310-328*0_310-1461*0_310-332*0_310-239*0_310-1741*0_310-1742*0_310-1740*0_310-1193*0_310-1205*0_310-303*0_310-289*0_310-191*0_310-267*0_310-1744*0_310-226*0_310-1218*0_310-1761*0_310-240*0_310-1130*0_310-1168*0_310-1176*0_310-1733*0_310-333*0_310-1131*0_310-1739*0_310-1734*0_310-329*0_310-1462*0_310-1731*0_310-304*0_310-223*0_310-1730*0_310-290*0_310-1169*0_310-1194*0_310-1206*0_310-241*0_310-1735*0_310-1217*0_310-1729*0_310-1762*0_310-1132*0_310-1129*0_310-1178*0_310-1728*0_310-222*0_310-1463*0_310-1738*0_310-686*0_310-1170*0_310-236*0_310-1134*0_310-435*0_310-225*0_310-1717*0_310-1718*0_310-447*0_310-1736*0_310-1727*0_310-1719*0_310-1128*0_310-458*0_310-213*0_310-292*0_310-242*0_310-705*0_310-1207*0_310-469*0_310-1216*0_310-305*0_310-1179*0_310-1140*0_310-1720*0_310-221*0_310-1726*0_310-1767*0_310-1763*0_310-480*0_310-1184*0_310-1135*0_310-1171*0_310-1464*0_310-1737*0_310-491*0_310-180*0_310-1725*0_310-1774*0_310-220*0_310-1722*0_310-243*0_310-695*0_310-696*0_310-1127*0_310-1141*0_310-1768*0_310-342*0_310-646*0_310-1716*0_310-694*0_310-502*0_310-1214*0_310-693*0_310-1180*0_310-1215*0_310-1723*0_310-334*0_310-1240*0_310-1172*0_310-692*0_310-1136*0_310-513*0_310-1126*0_310-1213*0_310-1142*0_310-1764*0_310-1724*0_310-690*0_310-1459*0_310-169*0_310-4*0_310-341*0_310-635*0_310-1260*0_310-1181*0_310-1775*0_310-1715*0_310-337*0_310-1616*0_310-1137*0_310-1125*0_310-1143*0_310-1173*0_310-524*0_310-1766*0_310-1615*0_310-657*0_310-1224*0_310-1259*0_310-1457*0_310-845*0_310-669*0_310-1771*0_310-841*0_310-1452*0_310-1263*0_310-750*0_310-1060*0_1755-1261*1_1755-1262*1_1131-1138*1_341-338*1_213-1078*1_1755-1258*1_1734-1714*1_341-339*1_1755-1212*1_1734-5*1_1755-1264*1_1755-1257*1_341-751*1_1755-1208*1_1734-1713*1_1755-1211*1_341-216*1_341-340*1_1755-1265*1_1734-6*1_1131-1145*1_1755-1209*1_1131-1146*1_341-217*1_1755-1267*1_1734-1712*1_1755-1268*1_1131-1157*1_341-218*1_341-343*1_1131-1492*1_1755-1269*1_1734-7*1_1734-9*1_1734-8*1_1755-1239*1_1734-10*1_1734-1711*1_1755-1225*1_341-749*1_341-171*1_341-172*1_341-219*1_1755-1601*1_1734-186*1_1734-11*1_1734-74*1_341-173*1_1755-1270*1_1734-12*1_1755-1238*1_1131-1491*1_341-344*1_341-170*1_1734-1709*1_1734-13*1_1755-1237*1_1131-1490*1_1755-1256*1_341-175*1_341-174*1_1734-73*1_341-345*1_1734-15*1_1734-683*1_341-168*1_1755-1272*1_341-176*1_1755-1254*1_341-167*1_1734-72*1_341-203*1_341-346*1_1734-685*1_341-215*1_341-351*1_341-574*1_341-204*1_341-573*1_341-166*1_341-348*1_341-201*1_341-352*1_341-579*1_341-599*1_341-140*1_341-205*1_341-139*1_341-165*1_341-200*1_341-578*1_341-206*1_341-199*1_341-138*1_341-141*1_341-598*1_341-571*1_341-577*1_341-572*1_341-581*1_341-142*1_341-582*1_341-595*1_341-576*1_341-592*1_341-164*1_1775-185*1_1775-184*1_1775-187*1_1775-183*1_1775-188*1_337-748*1_1775-190*1_1775-189*1_1775-192*1_1775-99*1_1775-193*1_1775-98*1_1775-684*1_1775-97*1_1775-194*1_1775-71*1_1775-96*1_337-747*1_1775-195*1_1775-95*1_1775-100*1_1775-94*1_1775-86*1_337-745*1_1775-75*1_337-349*1_1775-68*1_337-744*1_337-350*1_1775-667*1_337-353*1_337-570*1_337-357*1_337-356*1_337-587*1_337-354*1_337-355*1_337-864*1_337-593*1_337-857*1_337-588*1_337-594*1_1492-1147*2_1492-1489*2_1492-1148*2_1492-1156*2_1492-1149*2_1492-1486*2_1492-1485*2_1492-1487*2_1492-1150*2_1492-1158*2_1492-1151*2_1492-1159*2_1492-1484*2_1492-1458*2_1492-1160*2_1492-1152*2_1492-1475*2_1492-1162*2_1492-1476*2_1492-1473*2_1492-1465*2_1492-1161*2_1492-1139*2_1492-1478*2_1492-1474*2_1492-1153*2_1492-1472*2_1492-1092*2_1492-1479*2_1492-1467*2_1492-1123*2_1492-1091*2_1492-1093*2_1492-1471*2_1492-1468*2_1492-1456*2_1492-1090*2_1492-1480*2_1492-1470*2_1492-1094*2_1492-1121*2_1492-1154*2_1492-1124*2_1492-1469*2_1492-1089*2_1492-1108*2_1492-1494*2_1492-1481*2_1492-1563*2_1492-1120*2_1492-1454*2_1492-1087*2_1492-1116*2_1492-1057*2_1492-1482*2_1492-1095*2_1492-1058*2_1492-1107*2_1492-1562*2_1492-1117*2_1492-1495*2_1492-1453*2_1492-1059*2_1492-1109*2_1492-1483*2_1492-1097*2_1492-1056*2_1492-1112*2_1492-1096*2_1492-1113*2_1492-1098*2_1492-1561*2_1492-1496*2_1492-1114*2_1492-809*2_1492-1118*2_1492-803*2_1492-1115*2_1492-1183*2_1492-1493*2_1492-1497*2_1492-1119*2_1492-1100*2_1492-1560*2_1492-808*2_1492-1182*2_1492-801*2_1492-1061*2_1492-1054*2_1492-1451*2_1492-706*2_1492-1498*2_1492-804*2_1492-1101*2_1492-807*2_1492-1399*2_1492-805*2_1492-1053*2_1492-800*2_1492-1450*2_1492-806*2_1492-707*2_1492-1500*2_1492-1388*2_1492-1102*2_1492-1052*2_1492-799*2_1492-826*2_1492-1449*2_1492-827*2_1492-708*2_1492-1410*2_1492-1448*2_1492-1501*2_1492-1377*2_1492-1062*2_1492-1103*2_1492-1447*2_1492-828*2_1492-1556*2_1492-1051*2_1492-1553*2_1492-798*2_1492-1582*2_1492-1552*2_1492-1581*2_1492-1421*2_1492-709*2_1492-1551*2_1492-1063*2_1492-1502*2_1492-1446*2_1492-710*2_1492-1506*2_1492-1564*2_1492-1104*2_1492-1505*2_1492-825*2_1492-844*2_1492-1050*2_1492-797*2_1492-1504*2_1492-1432*2_1492-1445*2_1492-1444*2_1492-1014*2_1492-1064*2_1492-1503*2_1492-1081*2_1492-1565*2_1492-1507*2_1492-843*2_1492-1018*2_1492-1105*2_1492-1455*2_1492-823*2_1492-1049*2_1492-1065*2_1492-796*2_1492-1366*2_1492-1528*2_1492-1442*2_1492-1013*2_1492-1466*2_1492-1567*2_1492-1019*2_1492-1508*2_1492-1557*2_1492-1527*2_1492-1106*2_1492-1048*2_1492-1083*2_1492-1441*2_1492-1355*2_1492-1068*2_1492-1012*2_1492-1568*2_1492-1477*2_1492-1509*2_1492-1543*2_1492-1555*2_1492-1526*2_1492-1532*2_1492-1566*2_1492-1047*2_1492-1266*2_1492-1255*2_1492-1521*2_1492-1559*2_1492-1510*2_1492-1569*2_1492-1599*2_1492-1511*2_1492-820*2_1492-1525*2_1492-821*2_1492-1344*2_592-163*2_592-379*2_592-162*2_592-568*2_592-381*2_592-382*2_592-567*2_592-383*2_592-378*2_592-384*2_592-441*2_592-161*2_592-385*2_592-372*2_592-440*2_592-373*2_592-160*2_592-359*2_592-360*2_592-589*2_592-386*2_592-439*2_592-374*2_592-371*2_592-159*2_592-361*2_592-387*2_592-370*2_592-438*2_592-590*2_592-375*2_592-362*2_592-157*2_592-368*2_592-388*2_592-437*2_592-156*2_592-376*2_592-363*2_592-367*2_592-436*2_592-389*2_592-865*2_592-155*2_592-377*2_592-586*2_592-154*2_592-596*2_592-366*2_592-575*2_592-150*2_592-434*2_592-390*2_592-364*2_592-585*2_592-867*2_592-846*2_592-365*2_592-583*2_592-149*2_592-741*2_592-151*2_592-433*2_592-584*2_592-392*2_592-399*2_592-597*2_592-398*2_592-400*2_592-152*2_592-869*2_592-868*2_592-408*2_592-565*2_592-566*2_592-432*2_592-870*2_592-871*2_592-872*2_592-148*2_592-401*2_592-873*2_592-393*2_592-407*2_592-604*2_592-431*2_592-600*2_592-874*2_592-153*2_592-603*2_592-875*2_592-146*2_592-601*2_592-406*2_592-394*2_592-430*2_592-137*2_592-207*2_592-403*2_592-396*2_592-397*2_592-395*2_592-404*2_592-208*2_592-405*2_592-143*2_592-444*2_592-876*2_592-560*2_592-209*2_592-443*2_592-429*2_592-409*2_592-559*2_592-650*2_592-442*2_592-145*2_592-531*2_592-878*2_592-556*2_592-133*2_592-605*2_592-144*2_592-649*2_592-134*2_592-555*2_592-532*2_592-879*2_592-410*2_592-606*2_592-428*2_592-135*2_592-554*2_592-131*2_592-130*2_592-880*2_592-427*2_592-533*2_592-654*2_592-132*2_592-411*2_592-653*2_592-426*2_592-198*2_592-881*2_592-652*2_592-129*2_592-425*2_592-651*2_592-534*2_592-561*2_592-607*2_592-412*2_592-423*2_592-197*2_592-214*2_592-536*2_592-212*2_592-562*2_592-177*2_592-537*2_592-128*2_592-211*2_592-414*2_592-196*2_592-538*2_592-127*2_592-415*2_435-158*1_435-247*1_435-1080*1_435-713*1_435-1079*1_435-624*1_435-702*1_435-147*1_435-258*1_435-613*1_435-691*1_435-136*1_435-1073*1_435-1072*1_435-269*1_435-842*1_435-602*1_435-1071*1_435-680*1_435-1074*1_435-125*1_435-1076*1_435-280*1_435-591*1_435-1070*1_435-291*1_435-380*1_435-1075*1_435-535*1_435-114*1_435-546*1_435-558*1_435-580*1_435-302*1_435-569*1_435-391*1_435-1069*1_435-783*1_435-102*1_435-770*1_435-782*1_435-313*1_435-769*1_435-771*1_435-402*1_435-767*1_435-724*1_435-91*1_435-766*1_435-1067*1_435-781*1_435-765*1_435-324*1_435-764*1_435-733*1_435-761*1_435-735*1_435-757*1_435-413*1_435-80*1_435-778*1_435-763*1_435-759*1_435-746*1_435-336*1_435-760*1_435-762*1_435-424*1_435-768*1_435-58*1_435-884*1_435-758*1_435-777*1_435-69*1_435-885*1_435-347*1_435-780*1_435-742*1_435-734*1_435-47*1_435-369*1_435-784*1_435-883*1_435-756*1_435-358*1_435-776*1_435-1082*1_435-736*1_435-785*1_435-791*1_435-886*1_435-36*1_435-737*1_435-755*1_435-882*1_435-794*1_435-786*1_435-775*1_435-738*1_435-887*1_435-743*1_435-793*1_435-739*1_435-752*1_435-790*1_435-740*1_435-802*1_435-754*1_435-792*1_435-753*1_435-787*1_435-25*1_435-824*1_435-14*1_435-3*1_435-1084*1_435-1765*1_435-1754*1_435-1743*1_435-774*1_435-890*1_435-1732*1_435-813*1_435-788*1_435-1721*1_435-548*1_435-717*1_435-773*1_435-310*1_435-835*1_435-1085*1_435-1710*1_435-789*1_435-711*1_435-907*1_435-712*1_435-891*1_435-908*1_435-1699*1_435-772*1_435-714*1_435-553*1_435-909*1_435-547*1_435-715*1_435-910*1_435-552*1_435-716*1_435-1688*1_435-912*1_435-551*1_435-1086*1_435-913*1_435-892*1_435-906*1_435-545*1_435-914*1_435-1677*1_435-550*1_435-915*1_435-1666*1_435-544*1_435-549*1_435-1643*1_435-893*1_435-917*1_435-905*1_435-1632*1_435-729*1_435-1039*1_435-919*1_435-543*1_435-732*1_435-904*1_435-728*1_435-920*1_328-178*1_180-916*1_180-1654*1_180-918*1_180-1621*1_180-1040*1_180-1610*1_180-894*1_180-727*1_180-895*1_712-903*2_712-896*2_712-719*2_712-897*2_712-726*2_712-720*2_712-899*2_712-898*2_712-721*2_712-725*2_712-466*2_712-731*2_712-730*2_712-722*2_712-723*2_712-467*2_712-902*2_712-465*2_712-464*2_712-468*2_712-718*2_712-463*2_712-526*2_712-525*2_712-462*2_1214-1226*2_1214-1236*2_1214-1227*2_1214-1235*2_1214-1228*2_1214-1234*2_1214-1229*2_1214-1232*2_1214-1230*2_1214-1231*2_1214-1241*2_1214-1242*2_1214-1253*2_1214-1271*2_1214-1574*2_1214-1575*2_1214-1573*2_1214-1243*2_1214-1252*2_1214-1572*2_1214-1571*2_1214-1273*2_1214-1576*2_1214-1251*2_1214-1570*2_1214-1245*2_1214-1773*2_1214-1285*2_1214-1286*2_1214-1274*2_1214-1772*2_1214-1284*2_1214-1283*2_1214-1578*2_1214-1770*2_1214-1282*2_1214-1246*2_1214-1275*2_1214-1769*2_1214-1281*2_1214-1280*2_1214-1247*2_1214-1276*2_1214-1579*2_1214-1429*2_1214-1613*2_1214-1627*2_1214-1279*2_1214-1428*2_1214-1248*2_1214-1614*2_1214-1427*2_1214-1426*2_1214-1278*2_1214-1249*2_1214-1602*2_1214-1580*2_1214-1626*2_1214-1287*2_1214-1603*2_1214-1430*2_1214-1250*2_1214-1617*2_1214-1431*2_1214-1625*2_1214-1604*2_1214-1618*2_1214-1289*2_1214-1292*2_1214-1628*2_1214-1433*2_1214-1619*2_1214-1425*2_1214-1605*2_1214-1434*2_1214-1624*2_1214-1290*2_1214-1620*2_1214-1291*2_1214-1629*2_1214-1606*2_1214-1435*2_1214-1424*2_1214-1622*2_1214-1436*2_1214-1623*2_1214-1630*2_1214-1607*2_1214-1437*2_1214-1608*2_1214-1438*2_1214-1693*2_1214-1295*2_1214-1631*2_1214-1423*2_1214-1609*2_1214-1293*2_1214-1294*2_1214-1439*2_1214-1692*2_1214-1600*2_1214-1422*2_1214-1583*2_146-655*3_146-210*3_146-124*3_146-123*3_146-656*3_146-122*3_146-126*3_146-612*3_146-121*3_146-611*3_146-120*3_146-610*3_146-119*3_146-609*3_146-658*3_146-118*3_146-179*3_146-659*3_146-115*3_146-182*3_146-116*3_146-660*3_146-181*3_146-117*3_146-661*3_146-101*3_146-103*3_146-112*3_146-671*3_146-104*3_146-670*3_1050-1588*3_1050-1577*3_1050-1035*3_1050-822*3_1050-1036*3_1050-1034*3_1050-1037*3_1050-1038*3_1050-1032*3_1050-819*3_1050-925*3_1050-926*3_1050-927*3_1050-924*3_1050-928*3_1050-818*3_1050-929*3_1050-923*3_1050-795*3_1050-930*3_1050-817*3_1050-921*3_1050-931*3_1050-816*3_1050-932*3_1050-815*3_1050-934*3_1050-1499*3_1050-814*3_1050-935*3_1050-1488*3_1050-812*3_1050-936*3_1050-810*3_1050-811*3_1050-937*3_1050-1041*3_1050-938*3_1050-1042*3_1050-939*3_1050-1043*3_1050-940*3_1050-1045*3_1050-941*3_1050-1046*3_1050-1002*3_1050-942*3_1050-1001*3_1050-998*3_1050-1020*3_1050-950*3_1050-1015*3_1050-1003*3_188-666*2_188-70*2_188-665*2_188-93*2_188-87*2_188-92*2_188-664*2_188-88*2_188-90*2_188-67*2_188-663*2_188-89*2_188-76*2_188-662*2_188-66*2_188-673*2_188-77*2_188-105*2_188-106*2_188-65*2_188-674*2_188-107*2_188-85*2_188-16*2_188-108*2_188-78*2_188-109*2_188-17*2_188-110*2_188-62*2_188-61*2_188-64*2_188-79*2_188-84*2_188-675*2_188-81*2_188-82*2_188-60*2_188-111*2_188-63*2_188-59*2_188-18*2_188-83*2_188-38*2_188-672*2_188-19*2_188-57*2_188-37*2_188-614*2_188-648*2_188-20*2_188-56*2_188-615*2_188-608*2_188-35*2_188-647*2_188-55*2_188-21*2_188-616*2_188-617*2_188-642*2_188-34*2_188-618*2_188-645*2_188-641*2_188-22*2_188-619*2_188-33*2_188-1708*2_188-640*2_188-644*2_188-54*2_188-620*2_188-679*2_188-639*2_188-32*2_188-1707*2_188-53*2_188-52*2_188-637*2_188-23*2_188-623*2_785-901*2_1731-1691*1_1731-1690*1_1731-1689*1_1731-1706*1_1731-1687*1_1731-1686*1_1731-1705*1_1731-681*1_1731-1704*1_1731-682*1_1731-1703*1_1732-470*2_1732-471*2_1732-527*2_1213-1611*1_1213-1633*1_1213-1612*1_1213-1296*1_1213-1634*1_886-542*2_886-541*2_886-540*2_886-539*2_886-461*2_886-455*2_886-460*2_886-456*2_886-459*2_886-457*2_886-523*2_886-454*2_886-507*2_886-453*2_886-522*2_886-506*2_886-452*2_886-521*2_886-472*2_886-563*2_886-489*2_886-473*2_886-564*2_886-520*2_886-490*2_886-474*2_886-488*2_886-475*2_886-492*2_886-487*2_886-476*2_886-477*2_886-486*2_886-478*2_886-485*2_886-481*2_886-482*2_886-495*2_886-509*2_1206-1440*1_1438-1584*3_1438-1514*3_1438-1513*3_1438-1515*3_1438-1512*3_1438-1558*3_1438-1516*3_1438-1544*3_1438-1414*3_1438-1413*3_1438-1412*3_1438-1419*3_1438-1517*3_1438-1523*3_1438-1541*3_1438-1545*3_1438-1518*3_1438-1522*3_1438-1546*3_1438-1542*3_1438-1411*3_1438-1519*3_1438-1520*3_1438-1409*3_1438-1547*3_1438-1524*3_1438-1415*3_1438-1420*3_1438-1529*3_1438-1548*3_1438-1549*3_1438-1535*3_1438-1530*3_1438-1550*3_1438-1531*3_1438-1416*3_1438-1396*3_1438-1417*3_1438-1533*3_1438-1398*3_1438-1418*3_1438-1395*3_1438-1534*3_1438-1407*3_1438-1397*3_1438-1401*3_1438-1406*3_1438-1394*3_1438-1404*3_1438-1400*3_1438-1403*3_1438-1536*3_1438-1402*3_1438-1585*3_1438-1405*3_1438-1393*3_1438-1392*3_1438-888*3_1438-1537*3_1438-1586*3_1438-999*3_1438-1386*3_1438-1391*3_1438-1385*3_1438-1408*3_1438-1538*3_1438-1384*3_1438-863*3_1438-0*3_1438-1383*3_1438-1540*3_1438-1539*3_1438-862*3_1438-1587*3_1438-1321*3_1438-859*3_1438-1378*3_1500-1333*3_1500-1277*3_1500-1244*3_1500-1*3_1500-1233*3_1500-1288*3_1500-1222*3_1500-1299*3_1500-1210*3_1500-1310*3_1500-1199*3_1500-911*3_1500-1188*3_1500-900*3_1500-1110*3_1500-922*3_1500-1177*3_1500-889*3_1500-933*3_1500-1221*3_1500-877*3_1500-1021*3_1500-944*3_1500-1000*3_1500-1010*3_1500-1023*3_1500-1332*3_1500-866*3_1500-1024*3_1500-1009*3_1500-1025*3_1500-955*3_1500-1443*3_1500-779*3_1500-966*3_1500-1008*3_1500-668*3_1500-1554*3_1500-1011*3_1500-1016*3_1500-977*3_1500-1007*3_1500-1022*3_1500-1006*3_194-31*2_194-24*2_194-26*2_194-51*2_194-27*2_194-30*2_194-28*2_194-29*2_194-621*2_194-50*2_194-638*2_194-39*2_194-622*2_194-632*2_194-40*2_194-631*2_194-41*2_194-46*2_561-528*3_561-450*3_561-451*3_561-529*3_561-493*3_561-449*3_561-494*3_561-530*3_561-499*3_561-448*3_561-500*3_561-501*3_561-498*3_561-445*3_561-497*3_561-496*3_561-503*3_561-416*3_561-504*3_561-505*3_561-419*3_561-420*3_561-418*3_561-484*3_561-421*3_561-417*3_561-422*3_561-519*3_561-483*3_561-510*3_561-511*3_561-508*3_561-512*3_561-518*3_561-514*3_561-515*3_561-516*3_561-517*3_561-479*3_823-997*3_823-996*3_823-943*3_823-995*3_823-1004*3_823-945*3_823-949*3_823-994*3_823-1017*3_823-1005*3_823-946*3_823-948*3_823-1030*3_823-1031*3_823-947*3_823-951*3_823-988*3_823-993*3_823-952*3_823-992*3_823-991*3_823-962*3_823-953*3_823-961*3_823-954*3_823-956*3_823-1026*3_823-957*3_823-960*3_823-958*3_823-959*3_823-989*3_823-1027*3_823-1028*3_823-963*3_823-964*3_823-1133*3_823-969*3_823-968*3_823-1111*3_34-42*3_34-48*3_34-43*3_34-49*3_34-45*3_34-44*3_34-676*3_34-677*3_34-678*3_34-1702*3_34-630*3_34-1701*3_34-629*3_34-633*3_34-1695*3_34-625*3_34-626*3_34-627*3_34-1696*3_34-1694*3_34-628*3_34-643*3_34-1697*3_34-636*3_34-1664*3_34-634*3_34-1698*3_34-1667*3_34-1663*3_34-1668*3_34-1700*3_34-687*3_34-1683*3_34-1685*3_1018-1033*3_1018-990*3_1018-1122*3_1018-1099*3_1018-1088*3_1018-1077*3_1018-1044*3_1018-1066*3_1018-1055*3_1018-1144*3_1018-446*3_1018-1155*3_1018-557*3_1018-335*3_1018-967*3_1018-1166*3_1018-224*3_1018-965*3_1018-987*3_1018-113*3_1018-986*3_1018-981*3_1018-970*3_1018-971*3_1018-1029*3_1018-980*3_1629-1635*3_1629-1636*3_1629-1678*3_1629-1679*3_1629-1680*3_1629-1637*3_1629-1676*3_1629-1681*3_1629-1638*3_1629-1682*3_1629-1675*3_1629-1639*3_1629-1674*3_1629-1640*3_1629-1684*3_1629-1673*3_1629-1641*3_1629-1672*3_1629-1642*3_1629-1661*3_1629-1660*3_1629-1644*3_1629-1659*3_1629-1662*3_1629-1645*3_1629-1658*3_1629-688*3_1629-839*3_1629-840*3_1629-838*3_1629-837*3_1629-1671*3_1629-836*3_1629-1657*3_1629-1646*3_1629-834*3_1629-689*3_1629-833*3_1629-1670*3_1629-1650*3_1629-1649*3_1629-832*3_1629-1648*3_1629-1647*3_1629-1669*3_1629-831*3_1629-1651*3_1629-1652*3_1629-1656*3_1629-856*3_1629-1653*3_1629-1655*3_1629-855*3_1629-830*3_1629-854*3_1629-829*3_1629-1297*3_969-985*4_969-984*4_969-972*4_969-973*4_969-982*4_969-983*4_969-974*4_969-979*4_969-975*4_969-976*4_969-978*4_969-2*4_969-1665*4_1418-1382*4_1418-1381*4_1418-1380*4_1418-1379*4_1418-1373*4_1418-1374*4_1418-1375*4_1418-1376*4_1404-1387*4_1404-1389*4_1404-1390*4_1404-861*4_1404-1589*4_1404-1590*4_1404-1598*4_1404-1591*4_1404-1372*4_1404-1597*4_1404-860*4_1404-1592*4_1404-1596*4_1404-1371*4_1404-1593*4_1404-1594*4_1404-1370*4_1404-1309*4_1404-1362*4_1404-1595*4_1404-858*4_1404-1361*4_1404-1341*4_1404-1360*4_1404-1364*4_1404-1308*4_1404-1365*4_1404-1336*4_1404-1363*4_1404-1359*4_1404-1307*4_1404-1335*4_1404-1337*4_1404-1367*4_1404-1306*4_1404-1338*4_1404-1334*4_1404-1343*4_1404-1339*4_1404-1368*4_1404-1305*4_1404-1342*4_1404-1340*4_1404-1369*4_1404-1325*4_1404-1326*4_1404-1327*4_1404-1324*4_1404-1345*4_1404-1328*4_1404-1323*4_1404-1346*4_1404-1329*4_1404-1322*4_1404-1316*4_1404-1312*4_1404-1315*4_1336-1330*5_1336-1331*5_1336-1318*5_1336-1319*5_1336-1317*5_1336-1320*5_1336-1347*5_1336-1348*5_1336-1356*5_1336-1354*5_1336-1311*5_1336-1349*5_1336-1350*5_1336-1304*5_1336-1353*5_1336-1352*5_1336-1351*5_1336-1300*5_1336-1357*5_1336-1313*5_1336-1298*5_1336-1358*5_1336-1314*5_1336-1301*5_1336-1302*5_1336-1303*5_
