"id","Scenario","Actual Range","Protocol","Buildings","Total nodes","Nodes on circ","Total coverage","Coverage on circ","Alert received mean time","Hops","Slots","Messages sent","Messages received", "Starting x", "Starting y","Starting node", "Vehicle distance", "Received node ids", "Node ids", "Transmission map", "Received on circ nodes", "Transmission vector"
0,1,300,0,0,2112,57,2112,57,5794.58,5.66667,6.45614,1159,2112,1700,450,718,25,717_719_716_720_1296_1295_1297_1294_1298_715_721_1293_1299_714_722_1292_1300_713_723_1291_1301_712_724_1208_1207_1209_1206_1210_1290_1302_1205_1211_711_725_1204_1212_1289_1303_1203_1213_630_710_726_806_629_631_805_807_628_632_804_808_1288_1304_1202_1214_627_633_803_809_626_634_802_810_709_727_1201_1215_1287_1305_625_635_801_811_624_636_708_728_800_812_1200_1216_1384_1383_1385_1286_1306_1382_1386_1381_1387_623_637_799_813_1380_1388_1199_1217_707_729_1285_1307_1379_1389_622_638_798_814_1198_1218_1378_1390_706_730_639_640_1376_1375_1374_641_620_1373_1194_642_619_1372_796_820_546_1371_547_643_1193_618_899_731_821_795_548_732_536_1192_535_537_617_822_794_534_538_733_885_533_539_823_1111_1191_884_532_616_1110_1112_793_734_1109_1113_1315_1477_1476_1478_1108_1114_531_1475_1479_883_1130_824_1474_1480_1129_1131_1107_1115_735_1190_792_1128_1132_530_1473_1481_882_1316_1127_1133_1106_1116_1126_1134_736_1472_1482_825_529_1105_1117_1189_881_1125_1135_1317_1471_1483_528_1104_1118_737_826_880_1124_1136_1228_1402_1470_1484_1188_1103_1119_1318_705_1123_1137_738_1403_1469_1485_827_907_1229_1187_908_1122_1138_1319_1230_815_704_1120_1121_816_1308_1392_1391_1393_621_797_1394_1309_1395_817_1396_1310_818_1397_1197_1311_1398_819_898_900_897_901_896_902_1312_1196_1399_895_903_894_904_1400_1313_893_905_1401_1314_892_906_891_1370_1369_552_1368_551_553_550_554_1367_549_555_556_1366_557_1365_1377_644_558_1364_645_545_559_646_1283_1363_1459_1282_1284_1458_1460_1281_1457_1461_544_560_1280_1456_1462_647_1279_1455_1463_1362_648_1278_1454_1464_543_561_1277_1361_1453_1465_649_542_562_1276_1452_1466_464_1360_463_465_1195_1102_462_466_650_1275_1451_1467_461_467_541_563_460_468_1359_1101_1100_1099_718_1219_1220_1221_1222_1186_1223_886_887_1185_888_1224_889_448_540_1184_447_449_1225_890_446_450_445_451_1183_1226_444_452_1182_1139_1227_443_453_442_454_1181_1098_1274_441_455_1097_1273_1180_440_456_1096_1272_1558_1575_1095_1179_1271_919_746_457_1491_1094_1270_1178_458_1093_1269_1177_1140_1141_984_1404_1486_983_985_982_986_828_981_987_1405_980_988_1487_979_989_829_909_1406_910_911_978_990_912_1488_913_830_914_1489_739_831_915_1490_740_916_832_1568_1567_1569_1566_1570_741_917_1565_1571_1564_1572_833_1358_469_1357_470_1356_471_1450_1449_472_1448_1355_1447_473_1354_1446_360_1092_1176_359_361_358_362_357_363_1445_1091_1267_474_356_364_1353_1175_355_365_1444_1090_1266_475_354_366_376_1352_1174_1231_976_975_977_974_973_972_1089_353_352_1088_1087_1086_1085_1173_1407_992_991_993_994_995_996_1492_997_1493_998_1494_999_1495_1000_1001_1468_476_477_478_1348_479_1347_1535_480_1534_1536_1533_1537_1532_1538_1346_389_1531_1539_481_390_1530_1540_1345_564_391_1529_1541_482_565_288_368_1264_1344_392_1528_1542_287_289_1263_286_290_1262_566_483_285_291_1261_1527_1543_393_567_284_292_1260_367_1343_283_293_1259_282_294_1258_1342_1434_281_295_1257_1433_1341_280_296_1256_1432_1340_1002_1003_1004_1005_1006_1007_1008_1583_1582_1581_1580_1009_1579_918_1578_1010_1172_1265_1171_369_1268_1170_370_1169_275_371_274_276_273_277_272_278_1168_271_279_372_270_1167_269_373_1255_1166_268_374_1254_267_459_1165_1084_375_377_378_379_380_1443_381_1351_1442_382_1441_383_1350_384_1440_1349_385_1439_651_1545_568_652_1544_1546_1547_1548_653_1549_569_654_1550_655_1551_570_656_1552_571_1553_657_971_970_969_968_1143_1142_1577_920_1576_921_922_923_1574_924_1573_925_926_1011_1012_927_1013_1666_1665_1667_928_1664_1668_1014_1663_1669_1662_1670_929_1015_1661_1671_1016_1660_930_1659_1017_837_931_1658_838_1018_742_743_744_1560_1559_1561_1562_745_1557_1563_1556_1555_747_1554_748_749_658_750_659_751_660_752_1648_1083_1082_1081_264_1080_265_266_1079_1078_1077_1076_386_387_388_1438_394_395_1526_396_1525_397_1524_661_398_1523_662_399_1522_663_400_1616_1521_1615_1617_664_1640_1614_1618_1639_1641_1638_1642_1613_1619_1637_1643_305_401_304_306_1520_1612_1620_572_1636_1644_665_303_307_302_308_484_1611_1621_573_1635_1645_301_309_485_402_1519_1610_1622_574_666_1634_1646_300_310_486_575_1633_1647_1609_1623_299_311_403_487_1518_667_1435_576_1632_298_312_488_1608_1624_404_1517_668_297_313_489_1607_1625_405_834_835_836_839_1657_840_1656_1655_841_1253_1252_1251_1250_1249_192_1248_191_193_190_194_189_195_1247_188_196_187_197_1246_1164_186_198_1163_1339_1162_1338_1245_185_199_1161_1337_184_200_1160_1244_1336_1159_1335_183_201_1243_1158_1334_182_202_1242_1631_1630_1629_1628_577_1627_578_1626_579_580_1437_1436_1431_1430_1429_1428_490_491_492_493_494_495_1710_1709_1711_496_1708_1712_406_1707_1713_1706_1714_407_497_1705_1715_408_1704_1716_498_1703_1717_409_499_581_1702_1718_410_582_1020_1021_1022_1023_1759_1024_1758_1757_1756_1755_1025_934_1754_935_1753_1026_936_1752_1027_1751_937_1654_1653_842_1652_1651_843_1650_844_1649_845_753_846_754_755_847_756_848_1744_1743_1745_1742_1746_757_1741_1747_1740_1748_849_181_180_179_178_1157_1075_1074_177_1073_1156_176_1072_1071_1155_1070_1154_1069_1153_1719_585_760_1736_676_1606_1605_314_1604_315_1603_316_1602_1427_317_1426_1601_318_1425_224_1600_223_225_319_222_226_221_227_209_208_210_1424_1599_1695_220_228_320_1694_1696_207_211_1693_1697_206_212_1692_1698_219_229_205_213_1691_1699_1423_1598_321_218_230_204_214_1690_1700_231_203_1422_1597_1689_1701_322_232_1688_1421_1596_323_1687_233_1595_850_851_669_670_671_1726_1725_1727_672_1724_1728_1729_1730_673_1731_1732_674_1733_675_1734_758_500_501_502_411_503_587_412_588_504_1800_1799_1801_1798_1802_413_589_1797_1803_1796_1804_505_1028_1029_1030_1031_1032_1847_1846_1845_940_1844_1033_941_1843_942_1034_1842_943_1841_1035_944_1840_1036_1514_932_933_1750_1749_938_939_1241_103_102_104_1240_101_105_100_106_99_107_1239_98_108_1333_1332_97_109_1238_1331_96_110_1152_1330_1237_95_111_1151_1329_1723_1722_1721_1735_583_759_584_1720_677_761_1737_586_678_762_763_1738_679_764_1739_680_1816_1019_414_415_416_1792_1791_1793_1790_1794_1789_1795_1788_417_1787_1786_418_419_1591_135_329_1675_245_1805_1806_506_1807_507_508_592_1808_591_593_590_594_509_595_1809_596_510_1810_597_511_598_1811_1891_1890_1892_1889_1893_512_1888_1894_599_1887_1895_1812_600_1886_1896_513_1813_1885_1897_601_514_1884_1898_1814_602_1883_1899_515_420_1815_1839_1838_945_1837_946_1836_1835_947_1834_948_1833_853_949_852_854_855_856_1832_857_950_858_1831_859_951_1830_860_952_1928_1927_1929_1926_1930_861_1037_1829_1925_1931_1924_1932_953_217_1594_1511_1510_1686_1593_215_1509_1685_136_1508_1592_1684_137_134_138_234_133_139_1507_1683_132_140_131_141_235_1506_1682_130_142_1590_1236_1235_1234_112_1328_1233_1327_1326_1325_17_113_16_18_1232_1324_15_19_14_20_1323_13_21_114_1150_1322_12_22_1149_1148_1321_11_23_115_1147_10_24_1320_1146_94_116_9_25_1145_93_117_685_686_687_772_773_774_775_776_1912_1516_1515_1513_216_1512_1505_426_1875_427_1874_428_1873_334_335_336_1872_429_337_1871_338_430_339_1870_431_340_516_1869_432_1968_1817_1818_1819_1820_765_1821_681_766_1822_767_1823_682_768_1824_683_1825_769_869_1918_870_2010_1048_1917_871_2009_1049_1050_236_237_238_239_1681_144_240_1680_1776_143_145_1775_1777_146_1774_1778_147_1773_1779_148_324_1772_1780_241_1679_149_325_1771_1781_150_242_326_1678_1770_1782_151_327_1769_1783_243_1677_152_328_1768_1784_244_1676_777_1911_1913_778_1910_1914_779_1909_1915_603_780_1908_1916_604_771_781_1907_605_770_782_1906_783_1919_784_864_1920_2000_863_865_1999_2001_690_862_866_1826_1998_2002_691_867_1827_1997_2003_692_868_1828_1996_2004_785_1921_693_1995_2005_694_786_1922_1994_2006_695_1993_2007_787_1923_696_872_1992_2008_788_1038_1039_1040_1935_1934_1933_1041_1042_1043_1044_1045_1900_1901_606_1902_607_1903_1983_608_1982_1984_1981_1985_1980_1986_517_1979_1987_688_1904_609_689_518_1978_1988_684_519_1905_1977_1989_610_520_1976_1990_611_1975_1991_521_1589_129_954_955_956_8_1144_7_6_5_4_3_2_1_92_0_1056_1057_1058_91_1059_1060_1785_330_331_332_333_1876_1868_1867_1866_246_128_1504_1588_1503_1502_1501_1587_127_1500_1586_126_1499_1585_1498_45_125_44_46_43_47_42_48_1584_1497_41_49_124_40_50_1496_39_51_123_38_52_122_37_53_121_1974_1973_1972_1971_522_1970_523_1969_524_433_1967_525_434_1966_526_873_2011_874_2012_2013_875_1068_1067_1066_1065_90_89_88_1064_1063_1062_1061_1046_1047_2023_2022_2021_957_2020_2019_958_2018_1420_1419_1418_1417_120_1416_119_118_1415_1414_1413_1412_959_960_2016_2015_2017_2014_961_962_963_964_698_699_700_701_789_702_790_2084_703_791_2083_2085_2082_2086_2081_2087_2080_2088_2079_2089_2078_2090_2077_2091_2076_2092_1767_1766_1765_1764_153_1763_154_1762_1761_155_156_435_1965_436_1964_437_1963_438_1962_439_1961_344_1960_2056_343_345_2055_2057_342_346_2054_2058_341_347_2053_2059_348_2052_2060_1959_349_2051_2061_350_1958_2050_2062_351_527_2049_2063_1957_2048_2064_1956_247_1865_248_1864_1863_1877_249_421_1862_1878_250_422_1674_1673_54_55_56_1672_57_58_59_60_1053_1054_1055_1882_1881_425_424_1880_423_1879_612_2065_2066_613_2067_2068_256_1952_2036_697_251_252_157_253_1955_254_1954_158_255_1953_159_1858_1857_1859_160_1856_1855_1854_161_1853_64_1760_1852_63_65_62_66_162_61_67_1851_68_69_163_1850_70_1411_1410_1409_32_1408_31_33_30_34_29_35_28_36_27_26_2102_2111_257_258_259_1951_260_1950_261_1949_262_1948_263_1947_2039_1946_2038_1861_2037_1945_1860_168_1944_614_615_2072_2071_2073_2070_2074_2069_2075_876_877_2093_878_2094_879_2095_2096_1051_1052_71_1849_72_1848_164_2097_2098_2047_2046_2045_2099_2100_2101_965_966_2103_967_2044_2043_2042_2041_2040_73_74_75_76_77_78_79_80_1936_1937_1938_1939_165_1940_81_1941_166_1942_82_2104_2105_2106_167_169_1943_170_171_172_173_174_175_2032_2031_2033_2030_2034_83_2029_2035_84_2028_85_2027_86_2026_87_2025_2024_2110_2107_2108_2109_,0_1_2_3_4_5_6_7_8_9_10_11_12_13_14_15_16_17_18_19_20_21_22_23_24_25_26_27_28_29_30_31_32_33_34_35_36_37_38_39_40_41_42_43_44_45_46_47_48_49_50_51_52_53_54_55_56_57_58_59_60_61_62_63_64_65_66_67_68_69_70_71_72_73_74_75_76_77_78_79_80_81_82_83_84_85_86_87_88_89_90_91_92_93_94_95_96_97_98_99_100_101_102_103_104_105_106_107_108_109_110_111_112_113_114_115_116_117_118_119_120_121_122_123_124_125_126_127_128_129_130_131_132_133_134_135_136_137_138_139_140_141_142_143_144_145_146_147_148_149_150_151_152_153_154_155_156_157_158_159_160_161_162_163_164_165_166_167_168_169_170_171_172_173_174_175_176_177_178_179_180_181_182_183_184_185_186_187_188_189_190_191_192_193_194_195_196_197_198_199_200_201_202_203_204_205_206_207_208_209_210_211_212_213_214_215_216_217_218_219_220_221_222_223_224_225_226_227_228_229_230_231_232_233_234_235_236_237_238_239_240_241_242_243_244_245_246_247_248_249_250_251_252_253_254_255_256_257_258_259_260_261_262_263_264_265_266_267_268_269_270_271_272_273_274_275_276_277_278_279_280_281_282_283_284_285_286_287_288_289_290_291_292_293_294_295_296_297_298_299_300_301_302_303_304_305_306_307_308_309_310_311_312_313_314_315_316_317_318_319_320_321_322_323_324_325_326_327_328_329_330_331_332_333_334_335_336_337_338_339_340_341_342_343_344_345_346_347_348_349_350_351_352_353_354_355_356_357_358_359_360_361_362_363_364_365_366_367_368_369_370_371_372_373_374_375_376_377_378_379_380_381_382_383_384_385_386_387_388_389_390_391_392_393_394_395_396_397_398_399_400_401_402_403_404_405_406_407_408_409_410_411_412_413_414_415_416_417_418_419_420_421_422_423_424_425_426_427_428_429_430_431_432_433_434_435_436_437_438_439_440_441_442_443_444_445_446_447_448_449_450_451_452_453_454_455_456_457_458_459_460_461_462_463_464_465_466_467_468_469_470_471_472_473_474_475_476_477_478_479_480_481_482_483_484_485_486_487_488_489_490_491_492_493_494_495_496_497_498_499_500_501_502_503_504_505_506_507_508_509_510_511_512_513_514_515_516_517_518_519_520_521_522_523_524_525_526_527_528_529_530_531_532_533_534_535_536_537_538_539_540_541_542_543_544_545_546_547_548_549_550_551_552_553_554_555_556_557_558_559_560_561_562_563_564_565_566_567_568_569_570_571_572_573_574_575_576_577_578_579_580_581_582_583_584_585_586_587_588_589_590_591_592_593_594_595_596_597_598_599_600_601_602_603_604_605_606_607_608_609_610_611_612_613_614_615_616_617_618_619_620_621_622_623_624_625_626_627_628_629_630_631_632_633_634_635_636_637_638_639_640_641_642_643_644_645_646_647_648_649_650_651_652_653_654_655_656_657_658_659_660_661_662_663_664_665_666_667_668_669_670_671_672_673_674_675_676_677_678_679_680_681_682_683_684_685_686_687_688_689_690_691_692_693_694_695_696_697_698_699_700_701_702_703_704_705_706_707_708_709_710_711_712_713_714_715_716_717_718_719_720_721_722_723_724_725_726_727_728_729_730_731_732_733_734_735_736_737_738_739_740_741_742_743_744_745_746_747_748_749_750_751_752_753_754_755_756_757_758_759_760_761_762_763_764_765_766_767_768_769_770_771_772_773_774_775_776_777_778_779_780_781_782_783_784_785_786_787_788_789_790_791_792_793_794_795_796_797_798_799_800_801_802_803_804_805_806_807_808_809_810_811_812_813_814_815_816_817_818_819_820_821_822_823_824_825_826_827_828_829_830_831_832_833_834_835_836_837_838_839_840_841_842_843_844_845_846_847_848_849_850_851_852_853_854_855_856_857_858_859_860_861_862_863_864_865_866_867_868_869_870_871_872_873_874_875_876_877_878_879_880_881_882_883_884_885_886_887_888_889_890_891_892_893_894_895_896_897_898_899_900_901_902_903_904_905_906_907_908_909_910_911_912_913_914_915_916_917_918_919_920_921_922_923_924_925_926_927_928_929_930_931_932_933_934_935_936_937_938_939_940_941_942_943_944_945_946_947_948_949_950_951_952_953_954_955_956_957_958_959_960_961_962_963_964_965_966_967_968_969_970_971_972_973_974_975_976_977_978_979_980_981_982_983_984_985_986_987_988_989_990_991_992_993_994_995_996_997_998_999_1000_1001_1002_1003_1004_1005_1006_1007_1008_1009_1010_1011_1012_1013_1014_1015_1016_1017_1018_1019_1020_1021_1022_1023_1024_1025_1026_1027_1028_1029_1030_1031_1032_1033_1034_1035_1036_1037_1038_1039_1040_1041_1042_1043_1044_1045_1046_1047_1048_1049_1050_1051_1052_1053_1054_1055_1056_1057_1058_1059_1060_1061_1062_1063_1064_1065_1066_1067_1068_1069_1070_1071_1072_1073_1074_1075_1076_1077_1078_1079_1080_1081_1082_1083_1084_1085_1086_1087_1088_1089_1090_1091_1092_1093_1094_1095_1096_1097_1098_1099_1100_1101_1102_1103_1104_1105_1106_1107_1108_1109_1110_1111_1112_1113_1114_1115_1116_1117_1118_1119_1120_1121_1122_1123_1124_1125_1126_1127_1128_1129_1130_1131_1132_1133_1134_1135_1136_1137_1138_1139_1140_1141_1142_1143_1144_1145_1146_1147_1148_1149_1150_1151_1152_1153_1154_1155_1156_1157_1158_1159_1160_1161_1162_1163_1164_1165_1166_1167_1168_1169_1170_1171_1172_1173_1174_1175_1176_1177_1178_1179_1180_1181_1182_1183_1184_1185_1186_1187_1188_1189_1190_1191_1192_1193_1194_1195_1196_1197_1198_1199_1200_1201_1202_1203_1204_1205_1206_1207_1208_1209_1210_1211_1212_1213_1214_1215_1216_1217_1218_1219_1220_1221_1222_1223_1224_1225_1226_1227_1228_1229_1230_1231_1232_1233_1234_1235_1236_1237_1238_1239_1240_1241_1242_1243_1244_1245_1246_1247_1248_1249_1250_1251_1252_1253_1254_1255_1256_1257_1258_1259_1260_1261_1262_1263_1264_1265_1266_1267_1268_1269_1270_1271_1272_1273_1274_1275_1276_1277_1278_1279_1280_1281_1282_1283_1284_1285_1286_1287_1288_1289_1290_1291_1292_1293_1294_1295_1296_1297_1298_1299_1300_1301_1302_1303_1304_1305_1306_1307_1308_1309_1310_1311_1312_1313_1314_1315_1316_1317_1318_1319_1320_1321_1322_1323_1324_1325_1326_1327_1328_1329_1330_1331_1332_1333_1334_1335_1336_1337_1338_1339_1340_1341_1342_1343_1344_1345_1346_1347_1348_1349_1350_1351_1352_1353_1354_1355_1356_1357_1358_1359_1360_1361_1362_1363_1364_1365_1366_1367_1368_1369_1370_1371_1372_1373_1374_1375_1376_1377_1378_1379_1380_1381_1382_1383_1384_1385_1386_1387_1388_1389_1390_1391_1392_1393_1394_1395_1396_1397_1398_1399_1400_1401_1402_1403_1404_1405_1406_1407_1408_1409_1410_1411_1412_1413_1414_1415_1416_1417_1418_1419_1420_1421_1422_1423_1424_1425_1426_1427_1428_1429_1430_1431_1432_1433_1434_1435_1436_1437_1438_1439_1440_1441_1442_1443_1444_1445_1446_1447_1448_1449_1450_1451_1452_1453_1454_1455_1456_1457_1458_1459_1460_1461_1462_1463_1464_1465_1466_1467_1468_1469_1470_1471_1472_1473_1474_1475_1476_1477_1478_1479_1480_1481_1482_1483_1484_1485_1486_1487_1488_1489_1490_1491_1492_1493_1494_1495_1496_1497_1498_1499_1500_1501_1502_1503_1504_1505_1506_1507_1508_1509_1510_1511_1512_1513_1514_1515_1516_1517_1518_1519_1520_1521_1522_1523_1524_1525_1526_1527_1528_1529_1530_1531_1532_1533_1534_1535_1536_1537_1538_1539_1540_1541_1542_1543_1544_1545_1546_1547_1548_1549_1550_1551_1552_1553_1554_1555_1556_1557_1558_1559_1560_1561_1562_1563_1564_1565_1566_1567_1568_1569_1570_1571_1572_1573_1574_1575_1576_1577_1578_1579_1580_1581_1582_1583_1584_1585_1586_1587_1588_1589_1590_1591_1592_1593_1594_1595_1596_1597_1598_1599_1600_1601_1602_1603_1604_1605_1606_1607_1608_1609_1610_1611_1612_1613_1614_1615_1616_1617_1618_1619_1620_1621_1622_1623_1624_1625_1626_1627_1628_1629_1630_1631_1632_1633_1634_1635_1636_1637_1638_1639_1640_1641_1642_1643_1644_1645_1646_1647_1648_1649_1650_1651_1652_1653_1654_1655_1656_1657_1658_1659_1660_1661_1662_1663_1664_1665_1666_1667_1668_1669_1670_1671_1672_1673_1674_1675_1676_1677_1678_1679_1680_1681_1682_1683_1684_1685_1686_1687_1688_1689_1690_1691_1692_1693_1694_1695_1696_1697_1698_1699_1700_1701_1702_1703_1704_1705_1706_1707_1708_1709_1710_1711_1712_1713_1714_1715_1716_1717_1718_1719_1720_1721_1722_1723_1724_1725_1726_1727_1728_1729_1730_1731_1732_1733_1734_1735_1736_1737_1738_1739_1740_1741_1742_1743_1744_1745_1746_1747_1748_1749_1750_1751_1752_1753_1754_1755_1756_1757_1758_1759_1760_1761_1762_1763_1764_1765_1766_1767_1768_1769_1770_1771_1772_1773_1774_1775_1776_1777_1778_1779_1780_1781_1782_1783_1784_1785_1786_1787_1788_1789_1790_1791_1792_1793_1794_1795_1796_1797_1798_1799_1800_1801_1802_1803_1804_1805_1806_1807_1808_1809_1810_1811_1812_1813_1814_1815_1816_1817_1818_1819_1820_1821_1822_1823_1824_1825_1826_1827_1828_1829_1830_1831_1832_1833_1834_1835_1836_1837_1838_1839_1840_1841_1842_1843_1844_1845_1846_1847_1848_1849_1850_1851_1852_1853_1854_1855_1856_1857_1858_1859_1860_1861_1862_1863_1864_1865_1866_1867_1868_1869_1870_1871_1872_1873_1874_1875_1876_1877_1878_1879_1880_1881_1882_1883_1884_1885_1886_1887_1888_1889_1890_1891_1892_1893_1894_1895_1896_1897_1898_1899_1900_1901_1902_1903_1904_1905_1906_1907_1908_1909_1910_1911_1912_1913_1914_1915_1916_1917_1918_1919_1920_1921_1922_1923_1924_1925_1926_1927_1928_1929_1930_1931_1932_1933_1934_1935_1936_1937_1938_1939_1940_1941_1942_1943_1944_1945_1946_1947_1948_1949_1950_1951_1952_1953_1954_1955_1956_1957_1958_1959_1960_1961_1962_1963_1964_1965_1966_1967_1968_1969_1970_1971_1972_1973_1974_1975_1976_1977_1978_1979_1980_1981_1982_1983_1984_1985_1986_1987_1988_1989_1990_1991_1992_1993_1994_1995_1996_1997_1998_1999_2000_2001_2002_2003_2004_2005_2006_2007_2008_2009_2010_2011_2012_2013_2014_2015_2016_2017_2018_2019_2020_2021_2022_2023_2024_2025_2026_2027_2028_2029_2030_2031_2032_2033_2034_2035_2036_2037_2038_2039_2040_2041_2042_2043_2044_2045_2046_2047_2048_2049_2050_2051_2052_2053_2054_2055_2056_2057_2058_2059_2060_2061_2062_2063_2064_2065_2066_2067_2068_2069_2070_2071_2072_2073_2074_2075_2076_2077_2078_2079_2080_2081_2082_2083_2084_2085_2086_2087_2088_2089_2090_2091_2092_2093_2094_2095_2096_2097_2098_2099_2100_2101_2102_2103_2104_2105_2106_2107_2108_2109_2110_2111_,11:{8;1144;7;6;5;4;3;2;1;92;0;1056;1057;1058;91;1059;1060;}70:{73;74;75;76;77;78;79;80;1936;1937;1938;1939;165;1940;81;1941;166;1942;82;}105:{1236;1235;1234;112;1328;1233;1327;1326;1325;17;113;16;18;1232;1324;15;19;14;20;1323;13;21;114;1150;1322;12;22;1149;1148;1321;11;23;115;1147;10;24;1320;1146;94;116;9;25;1145;93;117;}133:{128;1504;1588;1503;1502;1501;1587;127;1500;1586;126;1499;1585;1498;45;125;44;46;43;47;42;48;1584;1497;41;49;124;40;50;1496;39;51;123;38;52;122;37;53;121;}140:{1674;1673;54;55;56;1672;57;58;59;60;}144:{1767;1766;1765;1764;153;1763;154;1762;1761;155;156;}179:{1068;1067;1066;1065;90;89;88;1064;1063;1062;1061;}191:{1241;103;102;104;1240;101;105;100;106;99;107;1239;98;108;1333;1332;97;109;1238;1331;96;110;1152;1330;1237;95;111;1151;1329;}225:{1589;129;}232:{236;237;238;239;1681;144;240;1680;1776;143;145;1775;1777;146;1774;1778;147;1773;1779;148;324;1772;1780;241;1679;149;325;1771;1781;150;242;326;1678;1770;1782;151;327;1769;1783;243;1677;152;328;1768;1784;244;1676;}233:{329;245;}294:{1514;}297:{1427;1426;1425;209;208;210;1424;207;211;206;212;205;213;1423;204;214;203;1422;1421;}336:{251;252;253;1955;254;1954;255;1953;}352:{1083;1082;1081;264;1080;265;266;1079;1078;1077;1076;}363:{1172;1265;1171;369;1268;1170;370;1169;275;371;274;276;273;277;272;278;1168;271;279;372;270;1167;269;373;1255;1166;268;374;1254;267;459;1165;1084;375;}384:{1437;1436;1431;1430;1429;1428;}393:{394;395;1526;396;1525;397;1524;398;1523;399;1522;400;1616;1521;1615;1617;1614;1618;1613;1619;305;401;304;306;1520;1612;1620;303;307;302;308;484;1611;1621;301;309;485;402;1519;1610;1622;300;310;486;1609;1623;299;311;403;487;1518;1435;298;312;488;1608;1624;404;1517;297;313;489;1607;1625;405;}407:{414;415;416;1792;1791;1793;1790;1794;1789;1795;1788;417;1787;1786;418;419;}420:{426;1875;427;1874;428;1873;334;335;336;1872;429;337;1871;338;430;339;1870;431;340;516;1869;432;1968;}444:{1089;353;352;1088;1087;1086;1085;1173;}465:{377;378;379;380;1443;381;1351;1442;382;1441;383;1350;384;1440;1349;385;1439;}493:{500;501;502;411;503;587;412;588;504;1800;1799;1801;1798;1802;413;589;1797;1803;1796;1804;505;}514:{1974;1973;1972;1971;522;1970;523;1969;524;433;1967;525;434;1966;526;}517:{1882;1881;425;424;1880;423;1879;612;2065;2066;613;2067;2068;}593:{603;604;605;}656:{661;662;663;664;1640;1639;1641;1638;1642;1637;1643;572;1636;1644;665;573;1635;1645;574;666;1634;1646;575;1633;1647;667;576;1632;668;}668:{1723;1722;1721;1735;583;759;584;1720;677;761;1737;586;678;762;763;1738;679;764;1739;680;1816;}675:{685;686;687;}707:{718;}712:{704;1120;1121;621;797;1197;1196;}718:{717;719;716;720;1296;1295;1297;1294;1298;715;721;1293;1299;714;722;1292;1300;713;723;1291;1301;712;724;1208;1207;1209;1206;1210;1290;1302;1205;1211;711;725;1204;1212;1289;1303;1203;1213;630;710;726;806;629;631;805;807;628;632;804;808;1288;1304;1202;1214;627;633;803;809;626;634;802;810;709;727;1201;1215;1287;1305;625;635;801;811;624;636;708;728;800;812;1200;1216;1384;1383;1385;1286;1306;1382;1386;1381;1387;623;637;799;813;1380;1388;1199;1217;707;729;1285;1307;1379;1389;622;638;798;814;1198;1218;1378;1390;706;730;}740:{742;743;744;1560;1559;1561;1562;745;1557;1563;1556;1555;747;1554;748;749;658;750;659;751;660;752;1648;}764:{772;773;774;775;776;1912;}776:{777;1911;1913;778;1910;1914;779;1909;1915;780;1908;1916;771;781;1907;770;782;1906;783;1919;784;864;1920;2000;863;865;1999;2001;690;862;866;1826;1998;2002;691;867;1827;1997;2003;692;868;1828;1996;2004;785;1921;693;1995;2005;694;786;1922;1994;2006;695;1993;2007;787;1923;696;872;1992;2008;788;}784:{876;877;2093;878;2094;879;2095;2096;}796:{1219;1220;1221;1222;1223;886;887;888;1224;889;1225;890;1226;1139;1227;}811:{815;816;1308;1392;1391;1393;1394;1309;1395;817;1396;1310;818;1397;1311;1398;819;898;900;897;901;896;902;1312;1399;895;903;894;904;1400;1313;893;905;1401;1314;892;906;891;}821:{1486;828;1487;829;909;910;911;912;1488;913;830;914;1489;739;831;915;1490;740;916;832;1568;1567;1569;1566;1570;741;917;1565;1571;1564;1572;833;}837:{1654;1653;842;1652;1651;843;1650;844;1649;845;753;846;754;755;847;756;848;1744;1743;1745;1742;1746;757;1741;1747;1740;1748;849;}860:{954;955;956;}875:{2104;2105;2106;}927:{932;933;1750;1749;938;939;}941:{1839;1838;945;1837;946;1836;1835;947;1834;948;1833;853;949;852;854;855;856;1832;857;950;858;1831;859;951;1830;860;952;1928;1927;1929;1926;1930;861;1037;1829;1925;1931;1924;1932;953;}951:{869;1918;870;2010;1917;871;2009;}952:{959;960;2016;2015;2017;2014;961;962;963;964;}977:{971;970;969;968;1143;1142;}998:{1002;1003;1004;1005;1006;1007;1008;1583;1582;1581;1580;1009;1579;918;1578;1010;}1024:{1028;1029;1030;1031;1032;1847;1846;1845;940;1844;1033;941;1843;942;1034;1842;943;1841;1035;944;1840;1036;}1033:{1038;1039;1040;1935;1934;1933;1041;1042;1043;1044;1045;}1038:{1046;1047;2023;2022;2021;957;2020;2019;958;2018;}1042:{1051;1052;}1044:{1053;1054;1055;}1111:{1195;1102;1101;1100;1099;}1129:{1140;1141;}1165:{181;180;179;178;1157;1075;1074;177;1073;1156;176;1072;1071;1155;1070;1154;1069;1153;}1186:{360;1092;1176;359;361;358;362;357;363;1091;1267;356;364;1175;355;365;1090;1266;354;366;1174;}1189:{1186;1185;448;540;1184;447;449;446;450;445;451;1183;444;452;1182;443;453;442;454;1181;1098;1274;441;455;1097;1273;1180;440;456;1096;1272;1095;1179;1271;457;1094;1270;1178;458;1093;1269;1177;}1199:{620;1194;619;1193;618;536;1192;535;537;617;534;538;533;539;1111;1191;532;616;1110;1112;1109;1113;1108;1114;531;1107;1115;1190;530;1106;1116;529;1105;1117;1189;528;1104;1118;1188;1103;1119;705;1187;}1218:{796;795;794;885;884;793;883;1130;1129;1131;792;1128;1132;882;1127;1133;1126;1134;881;1125;1135;880;1124;1136;1228;1123;1137;1229;1122;1138;1230;}1221:{1231;976;975;977;974;973;972;}1254:{1253;1252;1251;1250;1249;192;1248;191;193;190;194;189;195;1247;188;196;187;197;1246;1164;186;198;1163;1339;1162;1338;1245;185;199;1161;1337;184;200;1160;1244;1336;1159;1335;183;201;1243;1158;1334;182;202;1242;}1291:{639;640;1376;1375;1374;641;1373;642;1372;546;1371;547;643;548;}1307:{899;1315;1316;1317;1402;1318;1403;1319;}1310:{984;1404;983;985;982;986;981;987;1405;980;988;979;989;1406;978;990;}1352:{1348;1347;1346;1345;288;368;1264;1344;287;289;1263;286;290;1262;285;291;1261;284;292;1260;367;1343;283;293;1259;282;294;1258;1342;1434;281;295;1257;1433;1341;280;296;1256;1432;1340;}1364:{1358;469;1357;470;1356;471;1450;1449;472;1448;1355;1447;473;1354;1446;1445;474;1353;1444;475;376;1352;}1371:{1370;1369;552;1368;551;553;550;554;1367;549;555;556;1366;557;1365;1377;644;558;1364;645;545;559;646;1283;1363;1459;1282;1284;1458;1460;1281;1457;1461;544;560;1280;1456;1462;647;1279;1455;1463;1362;648;1278;1454;1464;543;561;1277;1361;1453;1465;649;542;562;1276;1452;1466;464;1360;463;465;462;466;650;1275;1451;1467;461;467;541;563;460;468;1359;}1382:{1468;}1389:{820;731;821;732;822;733;823;734;1477;1476;1478;1475;1479;824;1474;1480;735;1473;1481;736;1472;1482;825;1471;1483;737;826;1470;1484;738;1469;1485;827;907;908;}1401:{1407;992;991;993;994;995;996;1492;997;1493;998;1494;999;1495;1000;1001;}1415:{1411;1410;1409;32;1408;31;33;30;34;29;35;28;36;27;26;}1424:{1420;1419;1418;1417;120;1416;119;118;1415;1414;1413;1412;}1447:{476;477;478;479;1535;480;1534;1536;1533;1537;1532;1538;389;1531;1539;481;390;1530;1540;564;391;1529;1541;482;565;392;1528;1542;566;483;1527;1543;393;567;}1450:{386;387;388;1438;}1457:{651;1545;568;652;1544;1546;1547;1548;653;1549;569;654;1550;655;1551;570;656;1552;571;1553;657;}1478:{1558;746;}1479:{1575;919;1491;}1517:{1516;1515;1513;216;1512;1505;}1544:{1631;1630;1629;1628;577;1627;578;1626;579;580;}1575:{834;835;836;839;1657;840;1656;1655;841;}1578:{1577;920;1576;921;922;923;1574;924;1573;925;926;1011;1012;927;1013;1666;1665;1667;928;1664;1668;1014;1663;1669;1662;1670;929;1015;1661;1671;1016;1660;930;1659;1017;837;931;1658;838;1018;}1602:{217;1594;1511;1510;1686;1593;215;1509;1685;136;1508;1592;1684;137;134;138;234;133;139;1507;1683;132;140;131;141;235;1506;1682;130;142;1590;}1607:{1606;1605;314;1604;315;1603;316;1602;317;1601;318;224;1600;223;225;319;222;226;221;227;1599;1695;220;228;320;1694;1696;1693;1697;1692;1698;219;229;1691;1699;1598;321;218;230;1690;1700;231;1597;1689;1701;322;232;1688;1596;323;1687;233;1595;}1622:{490;491;492;493;494;495;1710;1709;1711;496;1708;1712;406;1707;1713;1706;1714;407;497;1705;1715;408;1704;1716;498;1703;1717;409;499;581;1702;1718;410;582;}1638:{669;670;671;1726;1725;1727;672;1724;1728;1729;1730;673;1731;1732;674;1733;675;1734;758;}1639:{1719;585;}1640:{760;1736;676;}1660:{850;851;}1669:{1019;}1671:{1020;1021;1022;1023;1759;1024;1758;1757;1756;1755;1025;934;1754;935;1753;1026;936;1752;1027;1751;937;}1687:{1591;135;1675;}1729:{1817;1818;1819;1820;765;1821;681;766;1822;767;1823;682;768;1824;683;1825;769;}1768:{71;1849;72;1848;164;}1770:{157;158;159;1858;1857;1859;160;1856;1855;1854;161;1853;64;1760;1852;63;65;62;66;162;61;67;1851;68;69;163;1850;70;}1782:{247;1865;248;1864;1863;1877;249;421;1862;1878;250;422;}1786:{1785;330;331;332;333;1876;1868;1867;1866;246;}1803:{1805;1806;506;1807;507;508;592;1808;591;593;590;594;509;595;1809;596;510;1810;597;511;598;1811;1891;1890;1892;1889;1893;512;1888;1894;599;1887;1895;1812;600;1886;1896;513;1813;1885;1897;601;514;1884;1898;1814;602;1883;1899;515;420;1815;}1895:{1900;1901;606;1902;607;1903;1983;608;1982;1984;1981;1985;1980;1986;517;1979;1987;688;1904;609;689;518;1978;1988;684;519;1905;1977;1989;610;520;1976;1990;611;1975;1991;521;}1902:{697;}1917:{873;2011;874;2012;2013;875;}1931:{1048;1049;1050;}1944:{167;169;1943;170;171;172;173;174;175;2032;2031;2033;2030;2034;83;2029;2035;84;2028;85;2027;86;2026;87;2025;2024;}1956:{257;258;259;1951;260;1950;261;1949;262;1948;263;1947;2039;1946;2038;1861;2037;1945;1860;168;1944;}1958:{2044;2043;2042;2041;2040;}1965:{2047;2046;2045;}1968:{435;1965;436;1964;437;1963;438;1962;439;1961;344;1960;2056;343;345;2055;2057;342;346;2054;2058;341;347;2053;2059;348;2052;2060;1959;349;2051;2061;350;1958;2050;2062;351;527;2049;2063;1957;2048;2064;1956;}1984:{614;615;2072;2071;2073;2070;2074;2069;2075;}1996:{698;699;700;701;789;702;790;2084;703;791;2083;2085;2082;2086;2081;2087;2080;2088;2079;2089;2078;2090;2077;2091;2076;2092;}2002:{2097;2098;}2007:{2099;2100;2101;965;966;2103;967;}2014:{2102;}2020:{2110;}2023:{2111;}2048:{256;1952;2036;}2103:{2107;2108;2109;},269_270_271_272_273_274_275_276_277_278_279_280_281_282_283_284_285_286_287_389_390_391_485_486_487_578_579_669_670_757_758_759_845_846_930_931_1013_1014_1015_1082_1083_1168_1169_1256_1257_1345_1346_1436_1437_1529_1530_1626_1627_1628_1668_1669_1670_,718-717*0_718-719*0_718-716*0_718-720*0_718-1296*0_718-1295*0_718-1297*0_718-1294*0_718-1298*0_718-715*0_718-721*0_718-1293*0_718-1299*0_718-714*0_718-722*0_718-1292*0_718-1300*0_718-713*0_718-723*0_718-1291*0_718-1301*0_718-712*0_718-724*0_718-1208*0_718-1207*0_718-1209*0_718-1206*0_718-1210*0_718-1290*0_718-1302*0_718-1205*0_718-1211*0_718-711*0_718-725*0_718-1204*0_718-1212*0_718-1289*0_718-1303*0_718-1203*0_718-1213*0_718-630*0_718-710*0_718-726*0_718-806*0_718-629*0_718-631*0_718-805*0_718-807*0_718-628*0_718-632*0_718-804*0_718-808*0_718-1288*0_718-1304*0_718-1202*0_718-1214*0_718-627*0_718-633*0_718-803*0_718-809*0_718-626*0_718-634*0_718-802*0_718-810*0_718-709*0_718-727*0_718-1201*0_718-1215*0_718-1287*0_718-1305*0_718-625*0_718-635*0_718-801*0_718-811*0_718-624*0_718-636*0_718-708*0_718-728*0_718-800*0_718-812*0_718-1200*0_718-1216*0_718-1384*0_718-1383*0_718-1385*0_718-1286*0_718-1306*0_718-1382*0_718-1386*0_718-1381*0_718-1387*0_718-623*0_718-637*0_718-799*0_718-813*0_718-1380*0_718-1388*0_718-1199*0_718-1217*0_718-707*0_718-729*0_718-1285*0_718-1307*0_718-1379*0_718-1389*0_718-622*0_718-638*0_718-798*0_718-814*0_718-1198*0_718-1218*0_718-1378*0_718-1390*0_718-706*0_718-730*0_1291-639*1_1291-640*1_1291-1376*1_1291-1375*1_1291-1374*1_1291-641*1_1199-620*1_1291-1373*1_1199-1194*1_1291-642*1_1199-619*1_1291-1372*1_1218-796*1_1389-820*1_1291-546*1_1291-1371*1_1291-547*1_1291-643*1_1199-1193*1_1199-618*1_1307-899*1_1389-731*1_1389-821*1_1218-795*1_1291-548*1_1389-732*1_1199-536*1_1199-1192*1_1199-535*1_1199-537*1_1199-617*1_1389-822*1_1218-794*1_1199-534*1_1199-538*1_1389-733*1_1218-885*1_1199-533*1_1199-539*1_1389-823*1_1199-1111*1_1199-1191*1_1218-884*1_1199-532*1_1199-616*1_1199-1110*1_1199-1112*1_1218-793*1_1389-734*1_1199-1109*1_1199-1113*1_1307-1315*1_1389-1477*1_1389-1476*1_1389-1478*1_1199-1108*1_1199-1114*1_1199-531*1_1389-1475*1_1389-1479*1_1218-883*1_1218-1130*1_1389-824*1_1389-1474*1_1389-1480*1_1218-1129*1_1218-1131*1_1199-1107*1_1199-1115*1_1389-735*1_1199-1190*1_1218-792*1_1218-1128*1_1218-1132*1_1199-530*1_1389-1473*1_1389-1481*1_1218-882*1_1307-1316*1_1218-1127*1_1218-1133*1_1199-1106*1_1199-1116*1_1218-1126*1_1218-1134*1_1389-736*1_1389-1472*1_1389-1482*1_1389-825*1_1199-529*1_1199-1105*1_1199-1117*1_1199-1189*1_1218-881*1_1218-1125*1_1218-1135*1_1307-1317*1_1389-1471*1_1389-1483*1_1199-528*1_1199-1104*1_1199-1118*1_1389-737*1_1389-826*1_1218-880*1_1218-1124*1_1218-1136*1_1218-1228*1_1307-1402*1_1389-1470*1_1389-1484*1_1199-1188*1_1199-1103*1_1199-1119*1_1307-1318*1_1199-705*1_1218-1123*1_1218-1137*1_1389-738*1_1307-1403*1_1389-1469*1_1389-1485*1_1389-827*1_1389-907*1_1218-1229*1_1199-1187*1_1389-908*1_1218-1122*1_1218-1138*1_1307-1319*1_1218-1230*1_811-815*1_712-704*1_712-1120*1_712-1121*1_811-816*1_811-1308*1_811-1392*1_811-1391*1_811-1393*1_712-621*1_712-797*1_811-1394*1_811-1309*1_811-1395*1_811-817*1_811-1396*1_811-1310*1_811-818*1_811-1397*1_712-1197*1_811-1311*1_811-1398*1_811-819*1_811-898*1_811-900*1_811-897*1_811-901*1_811-896*1_811-902*1_811-1312*1_712-1196*1_811-1399*1_811-895*1_811-903*1_811-894*1_811-904*1_811-1400*1_811-1313*1_811-893*1_811-905*1_811-1401*1_811-1314*1_811-892*1_811-906*1_811-891*1_1371-1370*2_1371-1369*2_1371-552*2_1371-1368*2_1371-551*2_1371-553*2_1371-550*2_1371-554*2_1371-1367*2_1371-549*2_1371-555*2_1371-556*2_1371-1366*2_1371-557*2_1371-1365*2_1371-1377*2_1371-644*2_1371-558*2_1371-1364*2_1371-645*2_1371-545*2_1371-559*2_1371-646*2_1371-1283*2_1371-1363*2_1371-1459*2_1371-1282*2_1371-1284*2_1371-1458*2_1371-1460*2_1371-1281*2_1371-1457*2_1371-1461*2_1371-544*2_1371-560*2_1371-1280*2_1371-1456*2_1371-1462*2_1371-647*2_1371-1279*2_1371-1455*2_1371-1463*2_1371-1362*2_1371-648*2_1371-1278*2_1371-1454*2_1371-1464*2_1371-543*2_1371-561*2_1371-1277*2_1371-1361*2_1371-1453*2_1371-1465*2_1371-649*2_1371-542*2_1371-562*2_1371-1276*2_1371-1452*2_1371-1466*2_1371-464*2_1371-1360*2_1371-463*2_1371-465*2_1111-1195*2_1111-1102*2_1371-462*2_1371-466*2_1371-650*2_1371-1275*2_1371-1451*2_1371-1467*2_1371-461*2_1371-467*2_1371-541*2_1371-563*2_1371-460*2_1371-468*2_1371-1359*2_1111-1101*2_1111-1100*2_1111-1099*2_707-718*1_796-1219*2_796-1220*2_796-1221*2_796-1222*2_1189-1186*2_796-1223*2_796-886*2_796-887*2_1189-1185*2_796-888*2_796-1224*2_796-889*2_1189-448*2_1189-540*2_1189-1184*2_1189-447*2_1189-449*2_796-1225*2_796-890*2_1189-446*2_1189-450*2_1189-445*2_1189-451*2_1189-1183*2_796-1226*2_1189-444*2_1189-452*2_1189-1182*2_796-1139*2_796-1227*2_1189-443*2_1189-453*2_1189-442*2_1189-454*2_1189-1181*2_1189-1098*2_1189-1274*2_1189-441*2_1189-455*2_1189-1097*2_1189-1273*2_1189-1180*2_1189-440*2_1189-456*2_1189-1096*2_1189-1272*2_1478-1558*2_1479-1575*2_1189-1095*2_1189-1179*2_1189-1271*2_1479-919*2_1478-746*2_1189-457*2_1479-1491*2_1189-1094*2_1189-1270*2_1189-1178*2_1189-458*2_1189-1093*2_1189-1269*2_1189-1177*2_1129-1140*2_1129-1141*2_1310-984*2_1310-1404*2_821-1486*2_1310-983*2_1310-985*2_1310-982*2_1310-986*2_821-828*2_1310-981*2_1310-987*2_1310-1405*2_1310-980*2_1310-988*2_821-1487*2_1310-979*2_1310-989*2_821-829*2_821-909*2_1310-1406*2_821-910*2_821-911*2_1310-978*2_1310-990*2_821-912*2_821-1488*2_821-913*2_821-830*2_821-914*2_821-1489*2_821-739*2_821-831*2_821-915*2_821-1490*2_821-740*2_821-916*2_821-832*2_821-1568*2_821-1567*2_821-1569*2_821-1566*2_821-1570*2_821-741*2_821-917*2_821-1565*2_821-1571*2_821-1564*2_821-1572*2_821-833*2_1364-1358*3_1364-469*3_1364-1357*3_1364-470*3_1364-1356*3_1364-471*3_1364-1450*3_1364-1449*3_1364-472*3_1364-1448*3_1364-1355*3_1364-1447*3_1364-473*3_1364-1354*3_1364-1446*3_1186-360*3_1186-1092*3_1186-1176*3_1186-359*3_1186-361*3_1186-358*3_1186-362*3_1186-357*3_1186-363*3_1364-1445*3_1186-1091*3_1186-1267*3_1364-474*3_1186-356*3_1186-364*3_1364-1353*3_1186-1175*3_1186-355*3_1186-365*3_1364-1444*3_1186-1090*3_1186-1266*3_1364-475*3_1186-354*3_1186-366*3_1364-376*3_1364-1352*3_1186-1174*3_1221-1231*3_1221-976*3_1221-975*3_1221-977*3_1221-974*3_1221-973*3_1221-972*3_444-1089*4_444-353*4_444-352*4_444-1088*4_444-1087*4_444-1086*4_444-1085*4_444-1173*4_1401-1407*2_1401-992*2_1401-991*2_1401-993*2_1401-994*2_1401-995*2_1401-996*2_1401-1492*2_1401-997*2_1401-1493*2_1401-998*2_1401-1494*2_1401-999*2_1401-1495*2_1401-1000*2_1401-1001*2_1382-1468*2_1447-476*4_1447-477*4_1447-478*4_1352-1348*4_1447-479*4_1352-1347*4_1447-1535*4_1447-480*4_1447-1534*4_1447-1536*4_1447-1533*4_1447-1537*4_1447-1532*4_1447-1538*4_1352-1346*4_1447-389*4_1447-1531*4_1447-1539*4_1447-481*4_1447-390*4_1447-1530*4_1447-1540*4_1352-1345*4_1447-564*4_1447-391*4_1447-1529*4_1447-1541*4_1447-482*4_1447-565*4_1352-288*4_1352-368*4_1352-1264*4_1352-1344*4_1447-392*4_1447-1528*4_1447-1542*4_1352-287*4_1352-289*4_1352-1263*4_1352-286*4_1352-290*4_1352-1262*4_1447-566*4_1447-483*4_1352-285*4_1352-291*4_1352-1261*4_1447-1527*4_1447-1543*4_1447-393*4_1447-567*4_1352-284*4_1352-292*4_1352-1260*4_1352-367*4_1352-1343*4_1352-283*4_1352-293*4_1352-1259*4_1352-282*4_1352-294*4_1352-1258*4_1352-1342*4_1352-1434*4_1352-281*4_1352-295*4_1352-1257*4_1352-1433*4_1352-1341*4_1352-280*4_1352-296*4_1352-1256*4_1352-1432*4_1352-1340*4_998-1002*3_998-1003*3_998-1004*3_998-1005*3_998-1006*3_998-1007*3_998-1008*3_998-1583*3_998-1582*3_998-1581*3_998-1580*3_998-1009*3_998-1579*3_998-918*3_998-1578*3_998-1010*3_363-1172*5_363-1265*5_363-1171*5_363-369*5_363-1268*5_363-1170*5_363-370*5_363-1169*5_363-275*5_363-371*5_363-274*5_363-276*5_363-273*5_363-277*5_363-272*5_363-278*5_363-1168*5_363-271*5_363-279*5_363-372*5_363-270*5_363-1167*5_363-269*5_363-373*5_363-1255*5_363-1166*5_363-268*5_363-374*5_363-1254*5_363-267*5_363-459*5_363-1165*5_363-1084*5_363-375*5_465-377*4_465-378*4_465-379*4_465-380*4_465-1443*4_465-381*4_465-1351*4_465-1442*4_465-382*4_465-1441*4_465-383*4_465-1350*4_465-384*4_465-1440*4_465-1349*4_465-385*4_465-1439*4_1457-651*4_1457-1545*4_1457-568*4_1457-652*4_1457-1544*4_1457-1546*4_1457-1547*4_1457-1548*4_1457-653*4_1457-1549*4_1457-569*4_1457-654*4_1457-1550*4_1457-655*4_1457-1551*4_1457-570*4_1457-656*4_1457-1552*4_1457-571*4_1457-1553*4_1457-657*4_977-971*4_977-970*4_977-969*4_977-968*4_977-1143*4_977-1142*4_1578-1577*4_1578-920*4_1578-1576*4_1578-921*4_1578-922*4_1578-923*4_1578-1574*4_1578-924*4_1578-1573*4_1578-925*4_1578-926*4_1578-1011*4_1578-1012*4_1578-927*4_1578-1013*4_1578-1666*4_1578-1665*4_1578-1667*4_1578-928*4_1578-1664*4_1578-1668*4_1578-1014*4_1578-1663*4_1578-1669*4_1578-1662*4_1578-1670*4_1578-929*4_1578-1015*4_1578-1661*4_1578-1671*4_1578-1016*4_1578-1660*4_1578-930*4_1578-1659*4_1578-1017*4_1578-837*4_1578-931*4_1578-1658*4_1578-838*4_1578-1018*4_740-742*3_740-743*3_740-744*3_740-1560*3_740-1559*3_740-1561*3_740-1562*3_740-745*3_740-1557*3_740-1563*3_740-1556*3_740-1555*3_740-747*3_740-1554*3_740-748*3_740-749*3_740-658*3_740-750*3_740-659*3_740-751*3_740-660*3_740-752*3_740-1648*3_352-1083*6_352-1082*6_352-1081*6_352-264*6_352-1080*6_352-265*6_352-266*6_352-1079*6_352-1078*6_352-1077*6_352-1076*6_1450-386*4_1450-387*4_1450-388*4_1450-1438*4_393-394*5_393-395*5_393-1526*5_393-396*5_393-1525*5_393-397*5_393-1524*5_656-661*5_393-398*5_393-1523*5_656-662*5_393-399*5_393-1522*5_656-663*5_393-400*5_393-1616*5_393-1521*5_393-1615*5_393-1617*5_656-664*5_656-1640*5_393-1614*5_393-1618*5_656-1639*5_656-1641*5_656-1638*5_656-1642*5_393-1613*5_393-1619*5_656-1637*5_656-1643*5_393-305*5_393-401*5_393-304*5_393-306*5_393-1520*5_393-1612*5_393-1620*5_656-572*5_656-1636*5_656-1644*5_656-665*5_393-303*5_393-307*5_393-302*5_393-308*5_393-484*5_393-1611*5_393-1621*5_656-573*5_656-1635*5_656-1645*5_393-301*5_393-309*5_393-485*5_393-402*5_393-1519*5_393-1610*5_393-1622*5_656-574*5_656-666*5_656-1634*5_656-1646*5_393-300*5_393-310*5_393-486*5_656-575*5_656-1633*5_656-1647*5_393-1609*5_393-1623*5_393-299*5_393-311*5_393-403*5_393-487*5_393-1518*5_656-667*5_393-1435*5_656-576*5_656-1632*5_393-298*5_393-312*5_393-488*5_393-1608*5_393-1624*5_393-404*5_393-1517*5_656-668*5_393-297*5_393-313*5_393-489*5_393-1607*5_393-1625*5_393-405*5_1575-834*3_1575-835*3_1575-836*3_1575-839*3_1575-1657*3_1575-840*3_1575-1656*3_1575-1655*3_1575-841*3_1254-1253*6_1254-1252*6_1254-1251*6_1254-1250*6_1254-1249*6_1254-192*6_1254-1248*6_1254-191*6_1254-193*6_1254-190*6_1254-194*6_1254-189*6_1254-195*6_1254-1247*6_1254-188*6_1254-196*6_1254-187*6_1254-197*6_1254-1246*6_1254-1164*6_1254-186*6_1254-198*6_1254-1163*6_1254-1339*6_1254-1162*6_1254-1338*6_1254-1245*6_1254-185*6_1254-199*6_1254-1161*6_1254-1337*6_1254-184*6_1254-200*6_1254-1160*6_1254-1244*6_1254-1336*6_1254-1159*6_1254-1335*6_1254-183*6_1254-201*6_1254-1243*6_1254-1158*6_1254-1334*6_1254-182*6_1254-202*6_1254-1242*6_1544-1631*5_1544-1630*5_1544-1629*5_1544-1628*5_1544-577*5_1544-1627*5_1544-578*5_1544-1626*5_1544-579*5_1544-580*5_384-1437*5_384-1436*5_384-1431*5_384-1430*5_384-1429*5_384-1428*5_1622-490*6_1622-491*6_1622-492*6_1622-493*6_1622-494*6_1622-495*6_1622-1710*6_1622-1709*6_1622-1711*6_1622-496*6_1622-1708*6_1622-1712*6_1622-406*6_1622-1707*6_1622-1713*6_1622-1706*6_1622-1714*6_1622-407*6_1622-497*6_1622-1705*6_1622-1715*6_1622-408*6_1622-1704*6_1622-1716*6_1622-498*6_1622-1703*6_1622-1717*6_1622-409*6_1622-499*6_1622-581*6_1622-1702*6_1622-1718*6_1622-410*6_1622-582*6_1671-1020*4_1671-1021*4_1671-1022*4_1671-1023*4_1671-1759*4_1671-1024*4_1671-1758*4_1671-1757*4_1671-1756*4_1671-1755*4_1671-1025*4_1671-934*4_1671-1754*4_1671-935*4_1671-1753*4_1671-1026*4_1671-936*4_1671-1752*4_1671-1027*4_1671-1751*4_1671-937*4_837-1654*5_837-1653*5_837-842*5_837-1652*5_837-1651*5_837-843*5_837-1650*5_837-844*5_837-1649*5_837-845*5_837-753*5_837-846*5_837-754*5_837-755*5_837-847*5_837-756*5_837-848*5_837-1744*5_837-1743*5_837-1745*5_837-1742*5_837-1746*5_837-757*5_837-1741*5_837-1747*5_837-1740*5_837-1748*5_837-849*5_1165-181*7_1165-180*7_1165-179*7_1165-178*7_1165-1157*7_1165-1075*7_1165-1074*7_1165-177*7_1165-1073*7_1165-1156*7_1165-176*7_1165-1072*7_1165-1071*7_1165-1155*7_1165-1070*7_1165-1154*7_1165-1069*7_1165-1153*7_1639-1719*6_1639-585*6_1640-760*6_1640-1736*6_1640-676*6_1607-1606*6_1607-1605*6_1607-314*6_1607-1604*6_1607-315*6_1607-1603*6_1607-316*6_1607-1602*6_297-1427*6_1607-317*6_297-1426*6_1607-1601*6_1607-318*6_297-1425*6_1607-224*6_1607-1600*6_1607-223*6_1607-225*6_1607-319*6_1607-222*6_1607-226*6_1607-221*6_1607-227*6_297-209*6_297-208*6_297-210*6_297-1424*6_1607-1599*6_1607-1695*6_1607-220*6_1607-228*6_1607-320*6_1607-1694*6_1607-1696*6_297-207*6_297-211*6_1607-1693*6_1607-1697*6_297-206*6_297-212*6_1607-1692*6_1607-1698*6_1607-219*6_1607-229*6_297-205*6_297-213*6_1607-1691*6_1607-1699*6_297-1423*6_1607-1598*6_1607-321*6_1607-218*6_1607-230*6_297-204*6_297-214*6_1607-1690*6_1607-1700*6_1607-231*6_297-203*6_297-1422*6_1607-1597*6_1607-1689*6_1607-1701*6_1607-322*6_1607-232*6_1607-1688*6_297-1421*6_1607-1596*6_1607-323*6_1607-1687*6_1607-233*6_1607-1595*6_1660-850*5_1660-851*5_1638-669*6_1638-670*6_1638-671*6_1638-1726*6_1638-1725*6_1638-1727*6_1638-672*6_1638-1724*6_1638-1728*6_1638-1729*6_1638-1730*6_1638-673*6_1638-1731*6_1638-1732*6_1638-674*6_1638-1733*6_1638-675*6_1638-1734*6_1638-758*6_493-500*7_493-501*7_493-502*7_493-411*7_493-503*7_493-587*7_493-412*7_493-588*7_493-504*7_493-1800*7_493-1799*7_493-1801*7_493-1798*7_493-1802*7_493-413*7_493-589*7_493-1797*7_493-1803*7_493-1796*7_493-1804*7_493-505*7_1024-1028*5_1024-1029*5_1024-1030*5_1024-1031*5_1024-1032*5_1024-1847*5_1024-1846*5_1024-1845*5_1024-940*5_1024-1844*5_1024-1033*5_1024-941*5_1024-1843*5_1024-942*5_1024-1034*5_1024-1842*5_1024-943*5_1024-1841*5_1024-1035*5_1024-944*5_1024-1840*5_1024-1036*5_294-1514*7_927-932*5_927-933*5_927-1750*5_927-1749*5_927-938*5_927-939*5_191-1241*8_191-103*8_191-102*8_191-104*8_191-1240*8_191-101*8_191-105*8_191-100*8_191-106*8_191-99*8_191-107*8_191-1239*8_191-98*8_191-108*8_191-1333*8_191-1332*8_191-97*8_191-109*8_191-1238*8_191-1331*8_191-96*8_191-110*8_191-1152*8_191-1330*8_191-1237*8_191-95*8_191-111*8_191-1151*8_191-1329*8_668-1723*6_668-1722*6_668-1721*6_668-1735*6_668-583*6_668-759*6_668-584*6_668-1720*6_668-677*6_668-761*6_668-1737*6_668-586*6_668-678*6_668-762*6_668-763*6_668-1738*6_668-679*6_668-764*6_668-1739*6_668-680*6_668-1816*6_1669-1019*5_407-414*7_407-415*7_407-416*7_407-1792*7_407-1791*7_407-1793*7_407-1790*7_407-1794*7_407-1789*7_407-1795*7_407-1788*7_407-417*7_407-1787*7_407-1786*7_407-418*7_407-419*7_1687-1591*7_1687-135*7_233-329*7_1687-1675*7_233-245*7_1803-1805*8_1803-1806*8_1803-506*8_1803-1807*8_1803-507*8_1803-508*8_1803-592*8_1803-1808*8_1803-591*8_1803-593*8_1803-590*8_1803-594*8_1803-509*8_1803-595*8_1803-1809*8_1803-596*8_1803-510*8_1803-1810*8_1803-597*8_1803-511*8_1803-598*8_1803-1811*8_1803-1891*8_1803-1890*8_1803-1892*8_1803-1889*8_1803-1893*8_1803-512*8_1803-1888*8_1803-1894*8_1803-599*8_1803-1887*8_1803-1895*8_1803-1812*8_1803-600*8_1803-1886*8_1803-1896*8_1803-513*8_1803-1813*8_1803-1885*8_1803-1897*8_1803-601*8_1803-514*8_1803-1884*8_1803-1898*8_1803-1814*8_1803-602*8_1803-1883*8_1803-1899*8_1803-515*8_1803-420*8_1803-1815*8_941-1839*6_941-1838*6_941-945*6_941-1837*6_941-946*6_941-1836*6_941-1835*6_941-947*6_941-1834*6_941-948*6_941-1833*6_941-853*6_941-949*6_941-852*6_941-854*6_941-855*6_941-856*6_941-1832*6_941-857*6_941-950*6_941-858*6_941-1831*6_941-859*6_941-951*6_941-1830*6_941-860*6_941-952*6_941-1928*6_941-1927*6_941-1929*6_941-1926*6_941-1930*6_941-861*6_941-1037*6_941-1829*6_941-1925*6_941-1931*6_941-1924*6_941-1932*6_941-953*6_1602-217*8_1602-1594*8_1602-1511*8_1602-1510*8_1602-1686*8_1602-1593*8_1602-215*8_1602-1509*8_1602-1685*8_1602-136*8_1602-1508*8_1602-1592*8_1602-1684*8_1602-137*8_1602-134*8_1602-138*8_1602-234*8_1602-133*8_1602-139*8_1602-1507*8_1602-1683*8_1602-132*8_1602-140*8_1602-131*8_1602-141*8_1602-235*8_1602-1506*8_1602-1682*8_1602-130*8_1602-142*8_1602-1590*8_105-1236*9_105-1235*9_105-1234*9_105-112*9_105-1328*9_105-1233*9_105-1327*9_105-1326*9_105-1325*9_105-17*9_105-113*9_105-16*9_105-18*9_105-1232*9_105-1324*9_105-15*9_105-19*9_105-14*9_105-20*9_105-1323*9_105-13*9_105-21*9_105-114*9_105-1150*9_105-1322*9_105-12*9_105-22*9_105-1149*9_105-1148*9_105-1321*9_105-11*9_105-23*9_105-115*9_105-1147*9_105-10*9_105-24*9_105-1320*9_105-1146*9_105-94*9_105-116*9_105-9*9_105-25*9_105-1145*9_105-93*9_105-117*9_675-685*7_675-686*7_675-687*7_764-772*7_764-773*7_764-774*7_764-775*7_764-776*7_764-1912*7_1517-1516*6_1517-1515*6_1517-1513*6_1517-216*6_1517-1512*6_1517-1505*6_420-426*9_420-1875*9_420-427*9_420-1874*9_420-428*9_420-1873*9_420-334*9_420-335*9_420-336*9_420-1872*9_420-429*9_420-337*9_420-1871*9_420-338*9_420-430*9_420-339*9_420-1870*9_420-431*9_420-340*9_420-516*9_420-1869*9_420-432*9_420-1968*9_1729-1817*7_1729-1818*7_1729-1819*7_1729-1820*7_1729-765*7_1729-1821*7_1729-681*7_1729-766*7_1729-1822*7_1729-767*7_1729-1823*7_1729-682*7_1729-768*7_1729-1824*7_1729-683*7_1729-1825*7_1729-769*7_951-869*7_951-1918*7_951-870*7_951-2010*7_1931-1048*7_951-1917*7_951-871*7_951-2009*7_1931-1049*7_1931-1050*7_232-236*9_232-237*9_232-238*9_232-239*9_232-1681*9_232-144*9_232-240*9_232-1680*9_232-1776*9_232-143*9_232-145*9_232-1775*9_232-1777*9_232-146*9_232-1774*9_232-1778*9_232-147*9_232-1773*9_232-1779*9_232-148*9_232-324*9_232-1772*9_232-1780*9_232-241*9_232-1679*9_232-149*9_232-325*9_232-1771*9_232-1781*9_232-150*9_232-242*9_232-326*9_232-1678*9_232-1770*9_232-1782*9_232-151*9_232-327*9_232-1769*9_232-1783*9_232-243*9_232-1677*9_232-152*9_232-328*9_232-1768*9_232-1784*9_232-244*9_232-1676*9_776-777*8_776-1911*8_776-1913*8_776-778*8_776-1910*8_776-1914*8_776-779*8_776-1909*8_776-1915*8_593-603*8_776-780*8_776-1908*8_776-1916*8_593-604*8_776-771*8_776-781*8_776-1907*8_593-605*8_776-770*8_776-782*8_776-1906*8_776-783*8_776-1919*8_776-784*8_776-864*8_776-1920*8_776-2000*8_776-863*8_776-865*8_776-1999*8_776-2001*8_776-690*8_776-862*8_776-866*8_776-1826*8_776-1998*8_776-2002*8_776-691*8_776-867*8_776-1827*8_776-1997*8_776-2003*8_776-692*8_776-868*8_776-1828*8_776-1996*8_776-2004*8_776-785*8_776-1921*8_776-693*8_776-1995*8_776-2005*8_776-694*8_776-786*8_776-1922*8_776-1994*8_776-2006*8_776-695*8_776-1993*8_776-2007*8_776-787*8_776-1923*8_776-696*8_776-872*8_776-1992*8_776-2008*8_776-788*8_1033-1038*6_1033-1039*6_1033-1040*6_1033-1935*6_1033-1934*6_1033-1933*6_1033-1041*6_1033-1042*6_1033-1043*6_1033-1044*6_1033-1045*6_1895-1900*9_1895-1901*9_1895-606*9_1895-1902*9_1895-607*9_1895-1903*9_1895-1983*9_1895-608*9_1895-1982*9_1895-1984*9_1895-1981*9_1895-1985*9_1895-1980*9_1895-1986*9_1895-517*9_1895-1979*9_1895-1987*9_1895-688*9_1895-1904*9_1895-609*9_1895-689*9_1895-518*9_1895-1978*9_1895-1988*9_1895-684*9_1895-519*9_1895-1905*9_1895-1977*9_1895-1989*9_1895-610*9_1895-520*9_1895-1976*9_1895-1990*9_1895-611*9_1895-1975*9_1895-1991*9_1895-521*9_225-1589*7_225-129*7_860-954*8_860-955*8_860-956*8_11-8*10_11-1144*10_11-7*10_11-6*10_11-5*10_11-4*10_11-3*10_11-2*10_11-1*10_11-92*10_11-0*10_11-1056*10_11-1057*10_11-1058*10_11-91*10_11-1059*10_11-1060*10_1786-1785*8_1786-330*8_1786-331*8_1786-332*8_1786-333*8_1786-1876*8_1786-1868*8_1786-1867*8_1786-1866*8_1786-246*8_133-128*9_133-1504*9_133-1588*9_133-1503*9_133-1502*9_133-1501*9_133-1587*9_133-127*9_133-1500*9_133-1586*9_133-126*9_133-1499*9_133-1585*9_133-1498*9_133-45*9_133-125*9_133-44*9_133-46*9_133-43*9_133-47*9_133-42*9_133-48*9_133-1584*9_133-1497*9_133-41*9_133-49*9_133-124*9_133-40*9_133-50*9_133-1496*9_133-39*9_133-51*9_133-123*9_133-38*9_133-52*9_133-122*9_133-37*9_133-53*9_133-121*9_514-1974*10_514-1973*10_514-1972*10_514-1971*10_514-522*10_514-1970*10_514-523*10_514-1969*10_514-524*10_514-433*10_514-1967*10_514-525*10_514-434*10_514-1966*10_514-526*10_1917-873*9_1917-2011*9_1917-874*9_1917-2012*9_1917-2013*9_1917-875*9_179-1068*9_179-1067*9_179-1066*9_179-1065*9_179-90*9_179-89*9_179-88*9_179-1064*9_179-1063*9_179-1062*9_179-1061*9_1038-1046*7_1038-1047*7_1038-2023*7_1038-2022*7_1038-2021*7_1038-957*7_1038-2020*7_1038-2019*7_1038-958*7_1038-2018*7_1424-1420*8_1424-1419*8_1424-1418*8_1424-1417*8_1424-120*8_1424-1416*8_1424-119*8_1424-118*8_1424-1415*8_1424-1414*8_1424-1413*8_1424-1412*8_952-959*7_952-960*7_952-2016*7_952-2015*7_952-2017*7_952-2014*7_952-961*7_952-962*7_952-963*7_952-964*7_1996-698*9_1996-699*9_1996-700*9_1996-701*9_1996-789*9_1996-702*9_1996-790*9_1996-2084*9_1996-703*9_1996-791*9_1996-2083*9_1996-2085*9_1996-2082*9_1996-2086*9_1996-2081*9_1996-2087*9_1996-2080*9_1996-2088*9_1996-2079*9_1996-2089*9_1996-2078*9_1996-2090*9_1996-2077*9_1996-2091*9_1996-2076*9_1996-2092*9_144-1767*10_144-1766*10_144-1765*10_144-1764*10_144-153*10_144-1763*10_144-154*10_144-1762*10_144-1761*10_144-155*10_144-156*10_1968-435*11_1968-1965*11_1968-436*11_1968-1964*11_1968-437*11_1968-1963*11_1968-438*11_1968-1962*11_1968-439*11_1968-1961*11_1968-344*11_1968-1960*11_1968-2056*11_1968-343*11_1968-345*11_1968-2055*11_1968-2057*11_1968-342*11_1968-346*11_1968-2054*11_1968-2058*11_1968-341*11_1968-347*11_1968-2053*11_1968-2059*11_1968-348*11_1968-2052*11_1968-2060*11_1968-1959*11_1968-349*11_1968-2051*11_1968-2061*11_1968-350*11_1968-1958*11_1968-2050*11_1968-2062*11_1968-351*11_1968-527*11_1968-2049*11_1968-2063*11_1968-1957*11_1968-2048*11_1968-2064*11_1968-1956*11_1782-247*10_1782-1865*10_1782-248*10_1782-1864*10_1782-1863*10_1782-1877*10_1782-249*10_1782-421*10_1782-1862*10_1782-1878*10_1782-250*10_1782-422*10_140-1674*10_140-1673*10_140-54*10_140-55*10_140-56*10_140-1672*10_140-57*10_140-58*10_140-59*10_140-60*10_1044-1053*8_1044-1054*8_1044-1055*8_517-1882*11_517-1881*11_517-425*11_517-424*11_517-1880*11_517-423*11_517-1879*11_517-612*11_517-2065*11_517-2066*11_517-613*11_517-2067*11_517-2068*11_2048-256*12_2048-1952*12_2048-2036*12_1902-697*9_336-251*11_336-252*11_1770-157*11_336-253*11_336-1955*11_336-254*11_336-1954*11_1770-158*11_336-255*11_336-1953*11_1770-159*11_1770-1858*11_1770-1857*11_1770-1859*11_1770-160*11_1770-1856*11_1770-1855*11_1770-1854*11_1770-161*11_1770-1853*11_1770-64*11_1770-1760*11_1770-1852*11_1770-63*11_1770-65*11_1770-62*11_1770-66*11_1770-162*11_1770-61*11_1770-67*11_1770-1851*11_1770-68*11_1770-69*11_1770-163*11_1770-1850*11_1770-70*11_1415-1411*9_1415-1410*9_1415-1409*9_1415-32*9_1415-1408*9_1415-31*9_1415-33*9_1415-30*9_1415-34*9_1415-29*9_1415-35*9_1415-28*9_1415-36*9_1415-27*9_1415-26*9_2014-2102*8_2023-2111*8_1956-257*12_1956-258*12_1956-259*12_1956-1951*12_1956-260*12_1956-1950*12_1956-261*12_1956-1949*12_1956-262*12_1956-1948*12_1956-263*12_1956-1947*12_1956-2039*12_1956-1946*12_1956-2038*12_1956-1861*12_1956-2037*12_1956-1945*12_1956-1860*12_1956-168*12_1956-1944*12_1984-614*10_1984-615*10_1984-2072*10_1984-2071*10_1984-2073*10_1984-2070*10_1984-2074*10_1984-2069*10_1984-2075*10_784-876*10_784-877*10_784-2093*10_784-878*10_784-2094*10_784-879*10_784-2095*10_784-2096*10_1042-1051*8_1042-1052*8_1768-71*11_1768-1849*11_1768-72*11_1768-1848*11_1768-164*11_2002-2097*11_2002-2098*11_1965-2047*12_1965-2046*12_1965-2045*12_2007-2099*11_2007-2100*11_2007-2101*11_2007-965*11_2007-966*11_2007-2103*11_2007-967*11_1958-2044*12_1958-2043*12_1958-2042*12_1958-2041*12_1958-2040*12_70-73*12_70-74*12_70-75*12_70-76*12_70-77*12_70-78*12_70-79*12_70-80*12_70-1936*12_70-1937*12_70-1938*12_70-1939*12_70-165*12_70-1940*12_70-81*12_70-1941*12_70-166*12_70-1942*12_70-82*12_875-2104*11_875-2105*11_875-2106*11_1944-167*13_1944-169*13_1944-1943*13_1944-170*13_1944-171*13_1944-172*13_1944-173*13_1944-174*13_1944-175*13_1944-2032*13_1944-2031*13_1944-2033*13_1944-2030*13_1944-2034*13_1944-83*13_1944-2029*13_1944-2035*13_1944-84*13_1944-2028*13_1944-85*13_1944-2027*13_1944-86*13_1944-2026*13_1944-87*13_1944-2025*13_1944-2024*13_2020-2110*9_2103-2107*12_2103-2108*12_2103-2109*12_
