"id","Scenario","Actual Range","Protocol","Buildings","Total nodes","Nodes on circ","Total coverage","Coverage on circ","Alert received mean time","Hops","Slots","Messages sent","Messages received", "Starting x", "Starting y","Starting node", "Vehicle distance", "Received node ids", "Node ids", "Transmission map", "Received on circ nodes", "Transmission vector"
0,1,500,500,0,600,3,600,3,102055,38,78,263,600,0,100,0,25,1_2_3_4_5_6_7_8_9_10_11_12_13_14_15_16_17_18_19_20_21_22_23_0_24_25_26_27_28_29_30_31_32_33_34_35_36_37_38_39_40_41_42_43_44_45_46_47_48_49_50_51_52_53_54_55_56_57_58_59_60_61_62_63_64_65_66_67_68_69_70_71_72_73_74_75_76_77_78_79_80_81_82_83_84_85_86_87_88_89_90_91_92_93_94_95_96_97_98_99_100_101_102_103_105_104_106_107_108_109_110_111_112_113_114_115_117_116_118_119_120_121_122_123_124_125_126_127_128_129_130_131_132_133_134_135_136_137_138_139_140_141_142_143_144_145_146_147_148_149_150_151_152_153_154_155_156_157_158_159_160_161_162_163_164_165_166_167_168_169_170_171_172_173_174_175_176_177_178_179_180_181_182_183_184_185_186_187_188_189_190_191_192_193_194_195_197_198_196_199_200_201_202_203_204_205_206_207_208_210_209_211_212_213_214_215_216_217_218_219_220_221_222_223_224_225_226_227_228_229_230_231_232_233_234_235_236_237_238_239_240_241_242_243_244_245_246_247_248_249_250_251_252_253_254_255_256_257_258_259_260_261_262_263_264_265_266_267_268_269_270_271_272_273_274_275_276_277_278_279_280_281_282_283_284_285_286_287_288_289_290_291_292_293_294_295_296_297_298_299_300_301_302_303_305_304_306_307_308_309_310_311_312_313_314_315_316_317_318_319_320_321_322_323_324_325_326_327_328_329_330_331_332_333_334_335_336_337_338_340_339_341_342_343_344_345_346_347_348_349_350_351_352_353_354_355_356_357_358_359_360_361_362_363_364_365_366_367_368_369_370_371_372_373_374_375_376_377_378_379_380_381_382_383_384_385_386_387_388_389_390_391_392_393_394_395_396_397_398_399_400_401_402_403_404_405_406_407_408_409_410_411_412_413_414_415_416_417_418_419_420_421_422_423_424_425_426_427_428_429_430_431_432_433_434_435_436_437_438_439_440_441_442_443_444_445_446_447_448_449_450_451_452_453_454_455_456_457_458_460_459_461_462_463_464_465_466_468_467_469_470_471_472_473_474_475_476_477_478_479_480_481_482_483_484_485_486_487_488_489_490_491_492_493_494_495_496_497_498_499_500_501_502_503_504_505_506_507_508_509_510_511_512_513_514_515_516_517_518_519_520_521_522_523_524_525_526_527_528_529_530_531_532_533_534_535_537_536_538_539_541_540_542_543_544_545_546_547_548_549_550_551_552_553_554_555_556_557_558_559_560_561_562_563_564_565_566_567_568_569_570_571_572_573_574_575_576_577_578_579_580_581_582_583_584_585_586_587_588_589_590_591_592_593_594_595_596_597_598_599_,0_1_2_3_4_5_6_7_8_9_10_11_12_13_14_15_16_17_18_19_20_21_22_23_24_25_26_27_28_29_30_31_32_33_34_35_36_37_38_39_40_41_42_43_44_45_46_47_48_49_50_51_52_53_54_55_56_57_58_59_60_61_62_63_64_65_66_67_68_69_70_71_72_73_74_75_76_77_78_79_80_81_82_83_84_85_86_87_88_89_90_91_92_93_94_95_96_97_98_99_100_101_102_103_104_105_106_107_108_109_110_111_112_113_114_115_116_117_118_119_120_121_122_123_124_125_126_127_128_129_130_131_132_133_134_135_136_137_138_139_140_141_142_143_144_145_146_147_148_149_150_151_152_153_154_155_156_157_158_159_160_161_162_163_164_165_166_167_168_169_170_171_172_173_174_175_176_177_178_179_180_181_182_183_184_185_186_187_188_189_190_191_192_193_194_195_196_197_198_199_200_201_202_203_204_205_206_207_208_209_210_211_212_213_214_215_216_217_218_219_220_221_222_223_224_225_226_227_228_229_230_231_232_233_234_235_236_237_238_239_240_241_242_243_244_245_246_247_248_249_250_251_252_253_254_255_256_257_258_259_260_261_262_263_264_265_266_267_268_269_270_271_272_273_274_275_276_277_278_279_280_281_282_283_284_285_286_287_288_289_290_291_292_293_294_295_296_297_298_299_300_301_302_303_304_305_306_307_308_309_310_311_312_313_314_315_316_317_318_319_320_321_322_323_324_325_326_327_328_329_330_331_332_333_334_335_336_337_338_339_340_341_342_343_344_345_346_347_348_349_350_351_352_353_354_355_356_357_358_359_360_361_362_363_364_365_366_367_368_369_370_371_372_373_374_375_376_377_378_379_380_381_382_383_384_385_386_387_388_389_390_391_392_393_394_395_396_397_398_399_400_401_402_403_404_405_406_407_408_409_410_411_412_413_414_415_416_417_418_419_420_421_422_423_424_425_426_427_428_429_430_431_432_433_434_435_436_437_438_439_440_441_442_443_444_445_446_447_448_449_450_451_452_453_454_455_456_457_458_459_460_461_462_463_464_465_466_467_468_469_470_471_472_473_474_475_476_477_478_479_480_481_482_483_484_485_486_487_488_489_490_491_492_493_494_495_496_497_498_499_500_501_502_503_504_505_506_507_508_509_510_511_512_513_514_515_516_517_518_519_520_521_522_523_524_525_526_527_528_529_530_531_532_533_534_535_536_537_538_539_540_541_542_543_544_545_546_547_548_549_550_551_552_553_554_555_556_557_558_559_560_561_562_563_564_565_566_567_568_569_570_571_572_573_574_575_576_577_578_579_580_581_582_583_584_585_586_587_588_589_590_591_592_593_594_595_596_597_598_599_,0:{1;2;3;4;5;6;7;8;9;10;11;12;13;14;15;16;17;18;19;}12:{20;21;22;23;0;24;25;26;27;28;29;30;31;32;}29:{33;34;35;36;37;38;39;40;41;42;43;44;45;46;47;48;}48:{49;50;51;52;53;54;55;56;57;58;59;60;61;62;63;64;65;66;67;}67:{68;69;70;71;72;73;74;75;76;77;78;79;80;81;82;83;84;85;86;}78:{87;88;89;90;91;92;93;94;95;96;97;}85:{98;99;100;101;102;103;105;}97:{104;106;107;108;109;110;111;112;113;114;115;117;}107:{116;118;119;120;121;122;123;124;125;126;}117:{127;128;129;130;131;132;133;134;135;136;}135:{137;138;139;140;141;142;143;144;145;146;147;148;149;150;151;152;153;}139:{154;155;156;157;158;}156:{159;160;161;162;163;164;165;166;167;168;169;170;171;172;173;174;175;}158:{176;177;178;}163:{179;180;181;182;}173:{183;184;185;186;187;188;189;190;191;192;}178:{193;194;195;197;198;}188:{196;199;200;201;202;203;204;205;206;207;}190:{208;210;}192:{209;211;}197:{212;213;214;215;216;}205:{217;218;219;220;221;222;223;}206:{224;225;}211:{226;227;228;229;}222:{230;231;232;233;234;235;236;237;238;239;240;241;}224:{242;243;244;}243:{245;246;247;248;249;250;251;252;253;254;255;256;257;258;259;260;}244:{261;262;263;}252:{264;265;266;267;268;269;270;271;}255:{272;273;}260:{274;275;276;277;278;}269:{279;280;281;282;283;284;285;286;287;288;289;}276:{290;291;292;293;294;295;}285:{296;297;298;299;300;301;302;303;305;}290:{304;306;307;308;309;}299:{310;311;312;313;314;315;316;317;}305:{318;319;320;321;322;323;324;325;}309:{326;327;}320:{328;329;330;331;332;333;334;335;336;337;338;340;}321:{339;}330:{341;342;343;344;345;346;347;348;}341:{349;350;351;352;353;354;355;356;357;358;359;360;361;}346:{362;363;364;365;}357:{366;367;368;369;370;371;372;373;374;375;}362:{376;377;378;379;380;381;}374:{382;383;384;385;386;387;388;389;390;391;392;393;394;}389:{395;396;397;398;399;400;401;402;403;404;405;406;407;408;}392:{409;410;411;}394:{412;413;414;415;}406:{416;417;418;419;420;421;422;423;424;425;}423:{426;427;428;429;430;431;432;433;434;435;436;437;438;439;440;441;442;}428:{443;444;445;446;447;}440:{448;449;450;451;452;453;454;455;456;457;458;460;}447:{459;461;462;463;464;465;466;468;}456:{467;469;470;471;472;473;474;475;}468:{476;477;478;479;480;481;482;483;484;485;486;}482:{487;488;489;490;491;492;493;494;495;496;497;498;499;500;501;}500:{502;503;504;505;506;507;508;509;510;511;512;513;514;515;516;517;518;519;}518:{520;521;522;523;524;525;526;527;528;529;530;531;532;533;534;535;537;}521:{536;538;539;541;}533:{540;542;543;544;545;546;547;548;549;550;551;552;553;}553:{554;555;556;557;558;559;560;561;562;563;564;565;566;567;568;}563:{569;570;571;572;573;574;575;576;577;578;579;580;581;582;}564:{583;}574:{584;585;586;587;588;589;590;591;592;}580:{593;594;595;596;597;598;599;},559_560_561_,0-1*0_0-2*0_0-3*0_0-4*0_0-5*0_0-6*0_0-7*0_0-8*0_0-9*0_0-10*0_0-11*0_0-12*0_0-13*0_0-14*0_0-15*0_0-16*0_0-17*0_0-18*0_0-19*0_12-20*1_12-21*1_12-22*1_12-23*1_12-0*1_12-24*1_12-25*1_12-26*1_12-27*1_12-28*1_12-29*1_12-30*1_12-31*1_12-32*1_29-33*2_29-34*2_29-35*2_29-36*2_29-37*2_29-38*2_29-39*2_29-40*2_29-41*2_29-42*2_29-43*2_29-44*2_29-45*2_29-46*2_29-47*2_29-48*2_48-49*3_48-50*3_48-51*3_48-52*3_48-53*3_48-54*3_48-55*3_48-56*3_48-57*3_48-58*3_48-59*3_48-60*3_48-61*3_48-62*3_48-63*3_48-64*3_48-65*3_48-66*3_48-67*3_67-68*4_67-69*4_67-70*4_67-71*4_67-72*4_67-73*4_67-74*4_67-75*4_67-76*4_67-77*4_67-78*4_67-79*4_67-80*4_67-81*4_67-82*4_67-83*4_67-84*4_67-85*4_67-86*4_78-87*5_78-88*5_78-89*5_78-90*5_78-91*5_78-92*5_78-93*5_78-94*5_78-95*5_78-96*5_78-97*5_85-98*6_85-99*6_85-100*6_85-101*6_85-102*6_85-103*6_85-105*6_97-104*6_97-106*6_97-107*6_97-108*6_97-109*6_97-110*6_97-111*6_97-112*6_97-113*6_97-114*6_97-115*6_97-117*6_107-116*7_107-118*7_107-119*7_107-120*7_107-121*7_107-122*7_107-123*7_107-124*7_107-125*7_107-126*7_117-127*7_117-128*7_117-129*7_117-130*7_117-131*7_117-132*7_117-133*7_117-134*7_117-135*7_117-136*7_135-137*8_135-138*8_135-139*8_135-140*8_135-141*8_135-142*8_135-143*8_135-144*8_135-145*8_135-146*8_135-147*8_135-148*8_135-149*8_135-150*8_135-151*8_135-152*8_135-153*8_139-154*9_139-155*9_139-156*9_139-157*9_139-158*9_156-159*10_156-160*10_156-161*10_156-162*10_156-163*10_156-164*10_156-165*10_156-166*10_156-167*10_156-168*10_156-169*10_156-170*10_156-171*10_156-172*10_156-173*10_156-174*10_156-175*10_158-176*10_158-177*10_158-178*10_163-179*11_163-180*11_163-181*11_163-182*11_173-183*11_173-184*11_173-185*11_173-186*11_173-187*11_173-188*11_173-189*11_173-190*11_173-191*11_173-192*11_178-193*12_178-194*12_178-195*12_178-197*12_178-198*12_188-196*12_188-199*12_188-200*12_188-201*12_188-202*12_188-203*12_188-204*12_188-205*12_188-206*12_188-207*12_190-208*12_190-210*12_192-209*12_192-211*12_197-212*13_197-213*13_197-214*13_197-215*13_197-216*13_205-217*13_205-218*13_205-219*13_205-220*13_205-221*13_205-222*13_205-223*13_206-224*13_206-225*13_211-226*14_211-227*14_211-228*14_211-229*14_222-230*14_222-231*14_222-232*14_222-233*14_222-234*14_222-235*14_222-236*14_222-237*14_222-238*14_222-239*14_222-240*14_222-241*14_224-242*14_224-243*14_224-244*14_243-245*15_243-246*15_243-247*15_243-248*15_243-249*15_243-250*15_243-251*15_243-252*15_243-253*15_243-254*15_243-255*15_243-256*15_243-257*15_243-258*15_243-259*15_243-260*15_244-261*15_244-262*15_244-263*15_252-264*16_252-265*16_252-266*16_252-267*16_252-268*16_252-269*16_252-270*16_252-271*16_255-272*16_255-273*16_260-274*16_260-275*16_260-276*16_260-277*16_260-278*16_269-279*17_269-280*17_269-281*17_269-282*17_269-283*17_269-284*17_269-285*17_269-286*17_269-287*17_269-288*17_269-289*17_276-290*18_276-291*18_276-292*18_276-293*18_276-294*18_276-295*18_285-296*18_285-297*18_285-298*18_285-299*18_285-300*18_285-301*18_285-302*18_285-303*18_285-305*18_290-304*19_290-306*19_290-307*19_290-308*19_290-309*19_299-310*19_299-311*19_299-312*19_299-313*19_299-314*19_299-315*19_299-316*19_299-317*19_305-318*20_305-319*20_305-320*20_305-321*20_305-322*20_305-323*20_305-324*20_305-325*20_309-326*20_309-327*20_320-328*21_320-329*21_320-330*21_320-331*21_320-332*21_320-333*21_320-334*21_320-335*21_320-336*21_320-337*21_320-338*21_320-340*21_321-339*21_330-341*22_330-342*22_330-343*22_330-344*22_330-345*22_330-346*22_330-347*22_330-348*22_341-349*23_341-350*23_341-351*23_341-352*23_341-353*23_341-354*23_341-355*23_341-356*23_341-357*23_341-358*23_341-359*23_341-360*23_341-361*23_346-362*23_346-363*23_346-364*23_346-365*23_357-366*24_357-367*24_357-368*24_357-369*24_357-370*24_357-371*24_357-372*24_357-373*24_357-374*24_357-375*24_362-376*24_362-377*24_362-378*24_362-379*24_362-380*24_362-381*24_374-382*25_374-383*25_374-384*25_374-385*25_374-386*25_374-387*25_374-388*25_374-389*25_374-390*25_374-391*25_374-392*25_374-393*25_374-394*25_389-395*26_389-396*26_389-397*26_389-398*26_389-399*26_389-400*26_389-401*26_389-402*26_389-403*26_389-404*26_389-405*26_389-406*26_389-407*26_389-408*26_392-409*26_392-410*26_392-411*26_394-412*27_394-413*27_394-414*27_394-415*27_406-416*27_406-417*27_406-418*27_406-419*27_406-420*27_406-421*27_406-422*27_406-423*27_406-424*27_406-425*27_423-426*28_423-427*28_423-428*28_423-429*28_423-430*28_423-431*28_423-432*28_423-433*28_423-434*28_423-435*28_423-436*28_423-437*28_423-438*28_423-439*28_423-440*28_423-441*28_423-442*28_428-443*29_428-444*29_428-445*29_428-446*29_428-447*29_440-448*29_440-449*29_440-450*29_440-451*29_440-452*29_440-453*29_440-454*29_440-455*29_440-456*29_440-457*29_440-458*29_440-460*29_447-459*30_447-461*30_447-462*30_447-463*30_447-464*30_447-465*30_447-466*30_447-468*30_456-467*30_456-469*30_456-470*30_456-471*30_456-472*30_456-473*30_456-474*30_456-475*30_468-476*32_468-477*32_468-478*32_468-479*32_468-480*32_468-481*32_468-482*32_468-483*32_468-484*32_468-485*32_468-486*32_482-487*33_482-488*33_482-489*33_482-490*33_482-491*33_482-492*33_482-493*33_482-494*33_482-495*33_482-496*33_482-497*33_482-498*33_482-499*33_482-500*33_482-501*33_500-502*34_500-503*34_500-504*34_500-505*34_500-506*34_500-507*34_500-508*34_500-509*34_500-510*34_500-511*34_500-512*34_500-513*34_500-514*34_500-515*34_500-516*34_500-517*34_500-518*34_500-519*34_518-520*35_518-521*35_518-522*35_518-523*35_518-524*35_518-525*35_518-526*35_518-527*35_518-528*35_518-529*35_518-530*35_518-531*35_518-532*35_518-533*35_518-534*35_518-535*35_518-537*35_521-536*36_521-538*36_521-539*36_521-541*36_533-540*36_533-542*36_533-543*36_533-544*36_533-545*36_533-546*36_533-547*36_533-548*36_533-549*36_533-550*36_533-551*36_533-552*36_533-553*36_553-554*37_553-555*37_553-556*37_553-557*37_553-558*37_553-559*37_553-560*37_553-561*37_553-562*37_553-563*37_553-564*37_553-565*37_553-566*37_553-567*37_553-568*37_563-569*38_563-570*38_563-571*38_563-572*38_563-573*38_563-574*38_563-575*38_563-576*38_563-577*38_563-578*38_563-579*38_563-580*38_563-581*38_563-582*38_564-583*38_574-584*39_574-585*39_574-586*39_574-587*39_574-588*39_574-589*39_574-590*39_574-591*39_574-592*39_580-593*39_580-594*39_580-595*39_580-596*39_580-597*39_580-598*39_580-599*39_
0,1,500,500,0,600,3,600,3,102055,38,78,263,600,0,100,0,25,1_2_3_4_5_6_7_8_9_10_11_12_13_14_15_16_17_18_19_20_21_22_23_0_24_25_26_27_28_29_30_31_32_33_34_35_36_37_38_39_40_41_42_43_44_45_46_47_48_49_50_51_52_53_54_55_56_57_58_59_60_61_62_63_64_65_66_67_68_69_70_71_72_73_74_75_76_77_78_79_80_81_82_83_84_85_86_87_88_89_90_91_92_93_94_95_96_97_98_99_100_101_102_103_105_104_106_107_108_109_110_111_112_113_114_115_117_116_118_119_120_121_122_123_124_125_126_127_128_129_130_131_132_133_134_135_136_137_138_139_140_141_142_143_144_145_146_147_148_149_150_151_152_153_154_155_156_157_158_159_160_161_162_163_164_165_166_167_168_169_170_171_172_173_174_175_176_177_178_179_180_181_182_183_184_185_186_187_188_189_190_191_192_193_194_195_197_198_196_199_200_201_202_203_204_205_206_207_208_210_209_211_212_213_214_215_216_217_218_219_220_221_222_223_224_225_226_227_228_229_230_231_232_233_234_235_236_237_238_239_240_241_242_243_244_245_246_247_248_249_250_251_252_253_254_255_256_257_258_259_260_261_262_263_264_265_266_267_268_269_270_271_272_273_274_275_276_277_278_279_280_281_282_283_284_285_286_287_288_289_290_291_292_293_294_295_296_297_298_299_300_301_302_303_305_304_306_307_308_309_310_311_312_313_314_315_316_317_318_319_320_321_322_323_324_325_326_327_328_329_330_331_332_333_334_335_336_337_338_340_339_341_342_343_344_345_346_347_348_349_350_351_352_353_354_355_356_357_358_359_360_361_362_363_364_365_366_367_368_369_370_371_372_373_374_375_376_377_378_379_380_381_382_383_384_385_386_387_388_389_390_391_392_393_394_395_396_397_398_399_400_401_402_403_404_405_406_407_408_409_410_411_412_413_414_415_416_417_418_419_420_421_422_423_424_425_426_427_428_429_430_431_432_433_434_435_436_437_438_439_440_441_442_443_444_445_446_447_448_449_450_451_452_453_454_455_456_457_458_460_459_461_462_463_464_465_466_468_467_469_470_471_472_473_474_475_476_477_478_479_480_481_482_483_484_485_486_487_488_489_490_491_492_493_494_495_496_497_498_499_500_501_502_503_504_505_506_507_508_509_510_511_512_513_514_515_516_517_518_519_520_521_522_523_524_525_526_527_528_529_530_531_532_533_534_535_537_536_538_539_541_540_542_543_544_545_546_547_548_549_550_551_552_553_554_555_556_557_558_559_560_561_562_563_564_565_566_567_568_569_570_571_572_573_574_575_576_577_578_579_580_581_582_583_584_585_586_587_588_589_590_591_592_593_594_595_596_597_598_599_,0_1_2_3_4_5_6_7_8_9_10_11_12_13_14_15_16_17_18_19_20_21_22_23_24_25_26_27_28_29_30_31_32_33_34_35_36_37_38_39_40_41_42_43_44_45_46_47_48_49_50_51_52_53_54_55_56_57_58_59_60_61_62_63_64_65_66_67_68_69_70_71_72_73_74_75_76_77_78_79_80_81_82_83_84_85_86_87_88_89_90_91_92_93_94_95_96_97_98_99_100_101_102_103_104_105_106_107_108_109_110_111_112_113_114_115_116_117_118_119_120_121_122_123_124_125_126_127_128_129_130_131_132_133_134_135_136_137_138_139_140_141_142_143_144_145_146_147_148_149_150_151_152_153_154_155_156_157_158_159_160_161_162_163_164_165_166_167_168_169_170_171_172_173_174_175_176_177_178_179_180_181_182_183_184_185_186_187_188_189_190_191_192_193_194_195_196_197_198_199_200_201_202_203_204_205_206_207_208_209_210_211_212_213_214_215_216_217_218_219_220_221_222_223_224_225_226_227_228_229_230_231_232_233_234_235_236_237_238_239_240_241_242_243_244_245_246_247_248_249_250_251_252_253_254_255_256_257_258_259_260_261_262_263_264_265_266_267_268_269_270_271_272_273_274_275_276_277_278_279_280_281_282_283_284_285_286_287_288_289_290_291_292_293_294_295_296_297_298_299_300_301_302_303_304_305_306_307_308_309_310_311_312_313_314_315_316_317_318_319_320_321_322_323_324_325_326_327_328_329_330_331_332_333_334_335_336_337_338_339_340_341_342_343_344_345_346_347_348_349_350_351_352_353_354_355_356_357_358_359_360_361_362_363_364_365_366_367_368_369_370_371_372_373_374_375_376_377_378_379_380_381_382_383_384_385_386_387_388_389_390_391_392_393_394_395_396_397_398_399_400_401_402_403_404_405_406_407_408_409_410_411_412_413_414_415_416_417_418_419_420_421_422_423_424_425_426_427_428_429_430_431_432_433_434_435_436_437_438_439_440_441_442_443_444_445_446_447_448_449_450_451_452_453_454_455_456_457_458_459_460_461_462_463_464_465_466_467_468_469_470_471_472_473_474_475_476_477_478_479_480_481_482_483_484_485_486_487_488_489_490_491_492_493_494_495_496_497_498_499_500_501_502_503_504_505_506_507_508_509_510_511_512_513_514_515_516_517_518_519_520_521_522_523_524_525_526_527_528_529_530_531_532_533_534_535_536_537_538_539_540_541_542_543_544_545_546_547_548_549_550_551_552_553_554_555_556_557_558_559_560_561_562_563_564_565_566_567_568_569_570_571_572_573_574_575_576_577_578_579_580_581_582_583_584_585_586_587_588_589_590_591_592_593_594_595_596_597_598_599_,0:{1;2;3;4;5;6;7;8;9;10;11;12;13;14;15;16;17;18;19;}12:{20;21;22;23;0;24;25;26;27;28;29;30;31;32;}29:{33;34;35;36;37;38;39;40;41;42;43;44;45;46;47;48;}48:{49;50;51;52;53;54;55;56;57;58;59;60;61;62;63;64;65;66;67;}67:{68;69;70;71;72;73;74;75;76;77;78;79;80;81;82;83;84;85;86;}78:{87;88;89;90;91;92;93;94;95;96;97;}85:{98;99;100;101;102;103;105;}97:{104;106;107;108;109;110;111;112;113;114;115;117;}107:{116;118;119;120;121;122;123;124;125;126;}117:{127;128;129;130;131;132;133;134;135;136;}135:{137;138;139;140;141;142;143;144;145;146;147;148;149;150;151;152;153;}139:{154;155;156;157;158;}156:{159;160;161;162;163;164;165;166;167;168;169;170;171;172;173;174;175;}158:{176;177;178;}163:{179;180;181;182;}173:{183;184;185;186;187;188;189;190;191;192;}178:{193;194;195;197;198;}188:{196;199;200;201;202;203;204;205;206;207;}190:{208;210;}192:{209;211;}197:{212;213;214;215;216;}205:{217;218;219;220;221;222;223;}206:{224;225;}211:{226;227;228;229;}222:{230;231;232;233;234;235;236;237;238;239;240;241;}224:{242;243;244;}243:{245;246;247;248;249;250;251;252;253;254;255;256;257;258;259;260;}244:{261;262;263;}252:{264;265;266;267;268;269;270;271;}255:{272;273;}260:{274;275;276;277;278;}269:{279;280;281;282;283;284;285;286;287;288;289;}276:{290;291;292;293;294;295;}285:{296;297;298;299;300;301;302;303;305;}290:{304;306;307;308;309;}299:{310;311;312;313;314;315;316;317;}305:{318;319;320;321;322;323;324;325;}309:{326;327;}320:{328;329;330;331;332;333;334;335;336;337;338;340;}321:{339;}330:{341;342;343;344;345;346;347;348;}341:{349;350;351;352;353;354;355;356;357;358;359;360;361;}346:{362;363;364;365;}357:{366;367;368;369;370;371;372;373;374;375;}362:{376;377;378;379;380;381;}374:{382;383;384;385;386;387;388;389;390;391;392;393;394;}389:{395;396;397;398;399;400;401;402;403;404;405;406;407;408;}392:{409;410;411;}394:{412;413;414;415;}406:{416;417;418;419;420;421;422;423;424;425;}423:{426;427;428;429;430;431;432;433;434;435;436;437;438;439;440;441;442;}428:{443;444;445;446;447;}440:{448;449;450;451;452;453;454;455;456;457;458;460;}447:{459;461;462;463;464;465;466;468;}456:{467;469;470;471;472;473;474;475;}468:{476;477;478;479;480;481;482;483;484;485;486;}482:{487;488;489;490;491;492;493;494;495;496;497;498;499;500;501;}500:{502;503;504;505;506;507;508;509;510;511;512;513;514;515;516;517;518;519;}518:{520;521;522;523;524;525;526;527;528;529;530;531;532;533;534;535;537;}521:{536;538;539;541;}533:{540;542;543;544;545;546;547;548;549;550;551;552;553;}553:{554;555;556;557;558;559;560;561;562;563;564;565;566;567;568;}563:{569;570;571;572;573;574;575;576;577;578;579;580;581;582;}564:{583;}574:{584;585;586;587;588;589;590;591;592;}580:{593;594;595;596;597;598;599;},559_560_561_,0-1*0_0-2*0_0-3*0_0-4*0_0-5*0_0-6*0_0-7*0_0-8*0_0-9*0_0-10*0_0-11*0_0-12*0_0-13*0_0-14*0_0-15*0_0-16*0_0-17*0_0-18*0_0-19*0_12-20*1_12-21*1_12-22*1_12-23*1_12-0*1_12-24*1_12-25*1_12-26*1_12-27*1_12-28*1_12-29*1_12-30*1_12-31*1_12-32*1_29-33*2_29-34*2_29-35*2_29-36*2_29-37*2_29-38*2_29-39*2_29-40*2_29-41*2_29-42*2_29-43*2_29-44*2_29-45*2_29-46*2_29-47*2_29-48*2_48-49*3_48-50*3_48-51*3_48-52*3_48-53*3_48-54*3_48-55*3_48-56*3_48-57*3_48-58*3_48-59*3_48-60*3_48-61*3_48-62*3_48-63*3_48-64*3_48-65*3_48-66*3_48-67*3_67-68*4_67-69*4_67-70*4_67-71*4_67-72*4_67-73*4_67-74*4_67-75*4_67-76*4_67-77*4_67-78*4_67-79*4_67-80*4_67-81*4_67-82*4_67-83*4_67-84*4_67-85*4_67-86*4_78-87*5_78-88*5_78-89*5_78-90*5_78-91*5_78-92*5_78-93*5_78-94*5_78-95*5_78-96*5_78-97*5_85-98*6_85-99*6_85-100*6_85-101*6_85-102*6_85-103*6_85-105*6_97-104*6_97-106*6_97-107*6_97-108*6_97-109*6_97-110*6_97-111*6_97-112*6_97-113*6_97-114*6_97-115*6_97-117*6_107-116*7_107-118*7_107-119*7_107-120*7_107-121*7_107-122*7_107-123*7_107-124*7_107-125*7_107-126*7_117-127*7_117-128*7_117-129*7_117-130*7_117-131*7_117-132*7_117-133*7_117-134*7_117-135*7_117-136*7_135-137*8_135-138*8_135-139*8_135-140*8_135-141*8_135-142*8_135-143*8_135-144*8_135-145*8_135-146*8_135-147*8_135-148*8_135-149*8_135-150*8_135-151*8_135-152*8_135-153*8_139-154*9_139-155*9_139-156*9_139-157*9_139-158*9_156-159*10_156-160*10_156-161*10_156-162*10_156-163*10_156-164*10_156-165*10_156-166*10_156-167*10_156-168*10_156-169*10_156-170*10_156-171*10_156-172*10_156-173*10_156-174*10_156-175*10_158-176*10_158-177*10_158-178*10_163-179*11_163-180*11_163-181*11_163-182*11_173-183*11_173-184*11_173-185*11_173-186*11_173-187*11_173-188*11_173-189*11_173-190*11_173-191*11_173-192*11_178-193*12_178-194*12_178-195*12_178-197*12_178-198*12_188-196*12_188-199*12_188-200*12_188-201*12_188-202*12_188-203*12_188-204*12_188-205*12_188-206*12_188-207*12_190-208*12_190-210*12_192-209*12_192-211*12_197-212*13_197-213*13_197-214*13_197-215*13_197-216*13_205-217*13_205-218*13_205-219*13_205-220*13_205-221*13_205-222*13_205-223*13_206-224*13_206-225*13_211-226*14_211-227*14_211-228*14_211-229*14_222-230*14_222-231*14_222-232*14_222-233*14_222-234*14_222-235*14_222-236*14_222-237*14_222-238*14_222-239*14_222-240*14_222-241*14_224-242*14_224-243*14_224-244*14_243-245*15_243-246*15_243-247*15_243-248*15_243-249*15_243-250*15_243-251*15_243-252*15_243-253*15_243-254*15_243-255*15_243-256*15_243-257*15_243-258*15_243-259*15_243-260*15_244-261*15_244-262*15_244-263*15_252-264*16_252-265*16_252-266*16_252-267*16_252-268*16_252-269*16_252-270*16_252-271*16_255-272*16_255-273*16_260-274*16_260-275*16_260-276*16_260-277*16_260-278*16_269-279*17_269-280*17_269-281*17_269-282*17_269-283*17_269-284*17_269-285*17_269-286*17_269-287*17_269-288*17_269-289*17_276-290*18_276-291*18_276-292*18_276-293*18_276-294*18_276-295*18_285-296*18_285-297*18_285-298*18_285-299*18_285-300*18_285-301*18_285-302*18_285-303*18_285-305*18_290-304*19_290-306*19_290-307*19_290-308*19_290-309*19_299-310*19_299-311*19_299-312*19_299-313*19_299-314*19_299-315*19_299-316*19_299-317*19_305-318*20_305-319*20_305-320*20_305-321*20_305-322*20_305-323*20_305-324*20_305-325*20_309-326*20_309-327*20_320-328*21_320-329*21_320-330*21_320-331*21_320-332*21_320-333*21_320-334*21_320-335*21_320-336*21_320-337*21_320-338*21_320-340*21_321-339*21_330-341*22_330-342*22_330-343*22_330-344*22_330-345*22_330-346*22_330-347*22_330-348*22_341-349*23_341-350*23_341-351*23_341-352*23_341-353*23_341-354*23_341-355*23_341-356*23_341-357*23_341-358*23_341-359*23_341-360*23_341-361*23_346-362*23_346-363*23_346-364*23_346-365*23_357-366*24_357-367*24_357-368*24_357-369*24_357-370*24_357-371*24_357-372*24_357-373*24_357-374*24_357-375*24_362-376*24_362-377*24_362-378*24_362-379*24_362-380*24_362-381*24_374-382*25_374-383*25_374-384*25_374-385*25_374-386*25_374-387*25_374-388*25_374-389*25_374-390*25_374-391*25_374-392*25_374-393*25_374-394*25_389-395*26_389-396*26_389-397*26_389-398*26_389-399*26_389-400*26_389-401*26_389-402*26_389-403*26_389-404*26_389-405*26_389-406*26_389-407*26_389-408*26_392-409*26_392-410*26_392-411*26_394-412*27_394-413*27_394-414*27_394-415*27_406-416*27_406-417*27_406-418*27_406-419*27_406-420*27_406-421*27_406-422*27_406-423*27_406-424*27_406-425*27_423-426*28_423-427*28_423-428*28_423-429*28_423-430*28_423-431*28_423-432*28_423-433*28_423-434*28_423-435*28_423-436*28_423-437*28_423-438*28_423-439*28_423-440*28_423-441*28_423-442*28_428-443*29_428-444*29_428-445*29_428-446*29_428-447*29_440-448*29_440-449*29_440-450*29_440-451*29_440-452*29_440-453*29_440-454*29_440-455*29_440-456*29_440-457*29_440-458*29_440-460*29_447-459*30_447-461*30_447-462*30_447-463*30_447-464*30_447-465*30_447-466*30_447-468*30_456-467*30_456-469*30_456-470*30_456-471*30_456-472*30_456-473*30_456-474*30_456-475*30_468-476*32_468-477*32_468-478*32_468-479*32_468-480*32_468-481*32_468-482*32_468-483*32_468-484*32_468-485*32_468-486*32_482-487*33_482-488*33_482-489*33_482-490*33_482-491*33_482-492*33_482-493*33_482-494*33_482-495*33_482-496*33_482-497*33_482-498*33_482-499*33_482-500*33_482-501*33_500-502*34_500-503*34_500-504*34_500-505*34_500-506*34_500-507*34_500-508*34_500-509*34_500-510*34_500-511*34_500-512*34_500-513*34_500-514*34_500-515*34_500-516*34_500-517*34_500-518*34_500-519*34_518-520*35_518-521*35_518-522*35_518-523*35_518-524*35_518-525*35_518-526*35_518-527*35_518-528*35_518-529*35_518-530*35_518-531*35_518-532*35_518-533*35_518-534*35_518-535*35_518-537*35_521-536*36_521-538*36_521-539*36_521-541*36_533-540*36_533-542*36_533-543*36_533-544*36_533-545*36_533-546*36_533-547*36_533-548*36_533-549*36_533-550*36_533-551*36_533-552*36_533-553*36_553-554*37_553-555*37_553-556*37_553-557*37_553-558*37_553-559*37_553-560*37_553-561*37_553-562*37_553-563*37_553-564*37_553-565*37_553-566*37_553-567*37_553-568*37_563-569*38_563-570*38_563-571*38_563-572*38_563-573*38_563-574*38_563-575*38_563-576*38_563-577*38_563-578*38_563-579*38_563-580*38_563-581*38_563-582*38_564-583*38_574-584*39_574-585*39_574-586*39_574-587*39_574-588*39_574-589*39_574-590*39_574-591*39_574-592*39_580-593*39_580-594*39_580-595*39_580-596*39_580-597*39_580-598*39_580-599*39_
