"id","Scenario","Actual Range","Protocol","Buildings","Total nodes","Nodes on circ","Total coverage","Coverage on circ","Alert received mean time","Hops","Slots","Messages sent","Messages received", "Starting x", "Starting y","Starting node", "Vehicle distance", "Received node ids", "Node ids", "Transmission map", "Received on circ nodes", "Transmission vector"
0,0,300,0,0,1776,32,1776,32,1.00092e+07,4.53125,7.21875,86,1775,437.72,2201.27,548,25,547_890_887_891_545_886_544_892_549_716_550_734_736_732_893_551_728_737_727_731_715_729_543_726_885_552_730_738_725_714_894_542_553_884_883_766_765_882_767_739_712_723_764_895_769_733_541_763_722_760_740_770_711_721_896_771_720_762_719_881_540_906_717_905_759_904_907_580_80_880_36_69_903_758_539_569_91_897_756_25_47_591_102_908_755_879_464_465_466_58_463_558_761_538_114_898_14_602_754_369_462_909_899_878_526_125_768_413_467_546_461_691_402_780_537_753_613_3_358_136_455_901_391_757_791_876_910_525_424_460_380_468_347_456_147_752_536_680_902_713_669_535_336_280_523_794_871_324_158_534_870_313_302_793_792_291_1754_1765_790_1743_777_776_778_775_1732_1074_784_781_1721_269_774_782_1073_785_912_1710_1072_1071_913_783_1070_773_258_914_1699_786_1069_915_772_247_1068_1080_1075_787_916_1688_1067_1079_917_1076_1078_788_842_1065_1677_843_702_918_841_789_1064_169_844_1082_1081_1083_1666_919_1084_1085_1086_1063_180_845_624_710_1654_1062_920_1040_1643_225_1184_1039_657_435_1632_458_524_513_502_243_724_491_746_735_242_480_635_646_241_469_742_240_329_239_238_328_802_743_744_333_237_327_447_824_330_813_235_745_332_835_868_326_869_747_191_234_331_741_202_846_236_322_231_232_867_233_748_230_857_255_246_872_865_256_245_244_229_323_253_252_213_257_874_1038_1037_921_1621_923_924_1036_1610_1035_925_1599_926_1034_1047_1032_1048_1588_822_1049_927_1577_1050_821_1041_1051_928_1566_709_820_708_1042_1052_929_1555_707_819_1053_1043_930_1106_1105_706_1054_818_1543_1104_1045_931_1103_1115_817_1532_1046_932_1114_1102_1056_1113_795_1101_1521_718_470_471_527_472_473_522_474_521_475_520_476_477_478_459_479_457_507_248_251_1100_800_1098_799_1109_1097_801_1112_798_804_1107_1096_803_797_805_1108_1095_796_806_1094_1093_1092_1154_1091_826_807_1116_1090_808_825_1153_809_1117_823_1162_1466_1510_1455_1152_1477_816_1159_1118_1499_815_1158_1160_1444_1488_1151_1119_814_1432_1157_812_934_1410_1150_1421_810_1493_935_1149_1156_1148_936_1483_811_1487_1147_1399_937_1482_828_1146_1481_1014_827_1486_938_1013_1480_1018_1388_939_1489_1145_1002_325_250_249_254_295_296_293_294_275_276_277_268_263_259_270_297_261_278_262_260_271_307_273_272_274_298_264_279_308_306_228_309_281_299_265_310_287_850_849_286_285_848_282_227_284_851_283_300_311_852_266_853_847_312_226_267_301_314_303_533_532_561_531_554_562_563_555_453_452_564_454_556_875_559_560_406_407_408_405_365_528_506_490_492_366_489_493_364_404_367_529_450_499_451_494_363_368_488_403_377_362_530_500_498_401_370_400_449_495_487_361_376_501_497_375_397_496_359_398_1485_1490_1484_1491_1492_1475_1173_1143_1471_1474_1172_1473_1142_1470_1171_1465_1141_1458_1467_1170_1161_1563_1136_1137_1140_1459_1138_1457_1194_1135_1139_1169_1464_1123_1456_1193_1192_1126_1377_1019_1366_1020_1355_1012_1021_1023_1024_1015_1344_1001_1016_1010_1025_1009_1188_1000_1017_1008_1199_998_1003_1177_1007_955_1222_1004_966_933_977_864_355_354_356_371_873_357_353_350_360_568_372_352_570_349_378_595_351_384_373_379_348_593_571_346_594_374_567_592_345_383_381_572_749_344_750_165_382_166_343_587_167_163_751_340_385_168_441_339_162_386_387_161_388_1175_1176_304_1178_1174_1179_1130_305_1180_1163_1129_1131_1164_1181_1128_1182_1132_1127_1165_1185_705_1125_1183_1134_1167_1061_1168_1060_1124_1186_1059_1187_1058_1121_1057_1189_1120_1087_1190_1089_315_399_565_396_392_395_393_409_390_394_566_389_444_410_443_411_432_431_433_430_442_434_429_412_426_427_425_436_428_423_437_414_438_415_439_440_416_445_448_155_160_159_588_589_156_590_157_575_596_164_154_576_151_586_573_150_577_152_585_578_574_579_582_584_581_153_604_583_1479_1478_1476_1472_1494_1497_1496_1495_1498_1500_1469_1501_1244_1468_1255_1266_1210_1502_288_289_290_223_292_222_1740_1739_221_1741_220_1738_342_1742_334_1734_216_1747_1736_1745_1737_341_1744_1774_217_4_940_941_942_943_945_950_1031_1030_946_997_996_949_995_948_994_947_962_1191_338_337_170_171_172_218_173_219_174_175_203_176_204_599_201_177_140_205_139_215_200_598_178_206_138_141_214_199_207_212_142_179_597_198_1733_1731_1718_1717_686_1719_1730_1716_1729_1720_1746_1735_1715_1728_1748_1727_1722_1714_1726_1713_1723_1712_1725_1767_1724_1749_1775_1711_1616_1768_1750_5_1617_1709_1615_1769_6_1751_1618_10_9_11_12_1760_74_1752_1614_1770_13_1761_1619_15_1762_1753_1613_73_16_683_1620_17_1755_149_148_146_600_137_208_143_209_601_145_133_605_144_134_603_650_606_649_131_130_135_132_653_654_652_129_651_197_128_607_196_127_655_486_485_503_511_512_504_510_514_484_509_515_505_483_508_516_517_518_519_482_422_421_481_420_419_418_417_211_210_182_181_124_183_126_121_184_123_122_120_656_185_119_189_188_100_671_187_186_99_118_612_101_670_7_611_190_115_116_103_667_192_610_658_609_659_660_117_112_661_104_105_614_106_616_1277_1562_1321_1233_1288_1561_1299_1333_1560_1454_1310_0_1453_1_911_1452_900_1451_922_1463_889_1450_1556_1582_1581_877_1447_1448_1462_1449_1110_1446_1564_866_944_1221_1461_1445_779_1565_1442_1332_1460_668_1567_1443_1195_615_608_642_617_641_618_640_619_639_620_638_621_637_622_107_623_108_109_625_662_110_626_111_663_644_645_632_627_647_664_665_666_631_673_648_672_674_675_90_628_630_89_57_643_18_684_83_72_685_82_71_19_76_77_75_81_78_85_79_20_66_86_67_195_65_70_68_84_194_94_8_21_64_95_193_87_93_96_62_22_88_92_1708_97_61_1707_98_679_63_38_60_1706_681_37_59_682_35_1705_23_1704_1503_1504_1528_1505_1527_1506_1551_1526_1507_1552_1508_1531_1553_1525_1509_1530_1524_1520_1522_1523_1529_1511_1557_1519_1558_1559_1518_1512_1517_1533_1513_1542_1534_1541_1535_1516_1584_1514_1441_1515_1583_1440_56_55_54_34_53_33_52_32_51_31_50_30_39_29_40_629_27_633_41_26_1763_1764_1756_1766_1260_1261_690_1757_1262_692_1263_1771_693_1758_1259_1772_1264_694_1759_1773_1258_695_1265_1219_1218_1267_1217_1257_696_704_1220_1216_1268_703_1601_1213_1269_1223_1627_1214_1212_1205_1204_1206_1626_1270_1286_1207_1203_1215_1625_701_1211_1202_1208_1285_1271_1624_1622_1209_1201_700_1284_1224_1623_1256_1272_1693_1283_1198_1254_1273_961_960_1026_1027_951_959_958_957_1028_952_956_963_1029_954_953_964_965_981_989_967_980_1005_968_991_990_969_979_1006_970_982_992_978_1144_1133_983_993_971_976_973_988_974_972_975_1155_1122_984_985_986_1111_1225_1238_1226_1240_1239_1237_1236_1227_1235_1228_1234_1229_1232_1231_1230_1241_1242_1574_1575_1573_1243_1572_1571_1576_1253_1570_1245_1252_1578_1569_1200_1251_1246_1568_1579_1247_1427_1426_1248_1703_1702_1701_1686_1687_1696_1689_1697_1695_1698_1690_1700_1682_1694_1683_24_1681_1684_1663_1680_1662_1685_1664_687_1661_1679_1667_1675_1660_688_1676_1674_1678_28_1673_1668_1672_1659_689_1669_1670_46_636_634_1282_1602_1281_1603_1274_1280_1604_1275_1279_1628_1605_1276_1629_1278_1630_1606_1631_1633_1607_1287_1634_1608_1635_1289_1609_1636_1290_1611_1637_1692_1612_1638_1691_1294_1291_1295_1600_1250_1293_839_1428_1429_1580_1425_1430_1424_1423_1431_1422_1433_1249_1434_1420_1435_1396_1292_1436_1409_1412_1411_1413_1437_1398_1395_1414_1438_1397_1585_1297_321_320_319_318_1196_1197_317_697_316_698_699_1296_1303_1302_1301_840_838_1298_837_1300_836_834_1304_1315_833_1311_1312_1313_1314_1322_832_831_1316_48_49_42_43_45_44_678_676_677_1400_1394_1401_1392_1393_1418_1391_1386_1417_1586_1404_1416_1385_1403_1415_1384_1587_1402_1383_1387_1589_1382_1389_1590_1591_1381_1390_1592_1405_1594_1380_1419_1408_1593_1597_1598_1596_1406_863_1379_1595_1309_1372_1373_1407_1374_1378_862_1375_1362_1308_1371_1341_1376_1307_1361_861_1336_1370_1306_1305_1334_1671_1658_1657_1656_1647_1648_1649_1650_1646_1645_1644_1642_1651_1641_1640_1639_1652_1544_1439_1545_1546_1547_1549_1550_1548_1536_888_999_1325_1335_1324_1326_1323_1337_1327_1317_1328_1338_1318_1329_1330_1319_1339_1331_1320_1340_1360_1356_1359_1342_1343_1354_1345_1353_1363_1348_1352_1349_1350_1358_987_1166_1099_1088_1077_1066_1055_1044_1033_446_1011_1022_335_557_224_113_2_1665_1554_860_859_858_1351_1347_1346_1357_1364_830_829_854_855_856_1655_1653_1365_1367_1368_1369_1540_1539_1538_1537_,0_1_2_3_4_5_6_7_8_9_10_11_12_13_14_15_16_17_18_19_20_21_22_23_24_25_26_27_28_29_30_31_32_33_34_35_36_37_38_39_40_41_42_43_44_45_46_47_48_49_50_51_52_53_54_55_56_57_58_59_60_61_62_63_64_65_66_67_68_69_70_71_72_73_74_75_76_77_78_79_80_81_82_83_84_85_86_87_88_89_90_91_92_93_94_95_96_97_98_99_100_101_102_103_104_105_106_107_108_109_110_111_112_113_114_115_116_117_118_119_120_121_122_123_124_125_126_127_128_129_130_131_132_133_134_135_136_137_138_139_140_141_142_143_144_145_146_147_148_149_150_151_152_153_154_155_156_157_158_159_160_161_162_163_164_165_166_167_168_169_170_171_172_173_174_175_176_177_178_179_180_181_182_183_184_185_186_187_188_189_190_191_192_193_194_195_196_197_198_199_200_201_202_203_204_205_206_207_208_209_210_211_212_213_214_215_216_217_218_219_220_221_222_223_224_225_226_227_228_229_230_231_232_233_234_235_236_237_238_239_240_241_242_243_244_245_246_247_248_249_250_251_252_253_254_255_256_257_258_259_260_261_262_263_264_265_266_267_268_269_270_271_272_273_274_275_276_277_278_279_280_281_282_283_284_285_286_287_288_289_290_291_292_293_294_295_296_297_298_299_300_301_302_303_304_305_306_307_308_309_310_311_312_313_314_315_316_317_318_319_320_321_322_323_324_325_326_327_328_329_330_331_332_333_334_335_336_337_338_339_340_341_342_343_344_345_346_347_348_349_350_351_352_353_354_355_356_357_358_359_360_361_362_363_364_365_366_367_368_369_370_371_372_373_374_375_376_377_378_379_380_381_382_383_384_385_386_387_388_389_390_391_392_393_394_395_396_397_398_399_400_401_402_403_404_405_406_407_408_409_410_411_412_413_414_415_416_417_418_419_420_421_422_423_424_425_426_427_428_429_430_431_432_433_434_435_436_437_438_439_440_441_442_443_444_445_446_447_448_449_450_451_452_453_454_455_456_457_458_459_460_461_462_463_464_465_466_467_468_469_470_471_472_473_474_475_476_477_478_479_480_481_482_483_484_485_486_487_488_489_490_491_492_493_494_495_496_497_498_499_500_501_502_503_504_505_506_507_508_509_510_511_512_513_514_515_516_517_518_519_520_521_522_523_524_525_526_527_528_529_530_531_532_533_534_535_536_537_538_539_540_541_542_543_544_545_546_547_548_549_550_551_552_553_554_555_556_557_558_559_560_561_562_563_564_565_566_567_568_569_570_571_572_573_574_575_576_577_578_579_580_581_582_583_584_585_586_587_588_589_590_591_592_593_594_595_596_597_598_599_600_601_602_603_604_605_606_607_608_609_610_611_612_613_614_615_616_617_618_619_620_621_622_623_624_625_626_627_628_629_630_631_632_633_634_635_636_637_638_639_640_641_642_643_644_645_646_647_648_649_650_651_652_653_654_655_656_657_658_659_660_661_662_663_664_665_666_667_668_669_670_671_672_673_674_675_676_677_678_679_680_681_682_683_684_685_686_687_688_689_690_691_692_693_694_695_696_697_698_699_700_701_702_703_704_705_706_707_708_709_710_711_712_713_714_715_716_717_718_719_720_721_722_723_724_725_726_727_728_729_730_731_732_733_734_735_736_737_738_739_740_741_742_743_744_745_746_747_748_749_750_751_752_753_754_755_756_757_758_759_760_761_762_763_764_765_766_767_768_769_770_771_772_773_774_775_776_777_778_779_780_781_782_783_784_785_786_787_788_789_790_791_792_793_794_795_796_797_798_799_800_801_802_803_804_805_806_807_808_809_810_811_812_813_814_815_816_817_818_819_820_821_822_823_824_825_826_827_828_829_830_831_832_833_834_835_836_837_838_839_840_841_842_843_844_845_846_847_848_849_850_851_852_853_854_855_856_857_858_859_860_861_862_863_864_865_866_867_868_869_870_871_872_873_874_875_876_877_878_879_880_881_882_883_884_885_886_887_888_889_890_891_892_893_894_895_896_897_898_899_900_901_902_903_904_905_906_907_908_909_910_911_912_913_914_915_916_917_918_919_920_921_922_923_924_925_926_927_928_929_930_931_932_933_934_935_936_937_938_939_940_941_942_943_944_945_946_947_948_949_950_951_952_953_954_955_956_957_958_959_960_961_962_963_964_965_966_967_968_969_970_971_972_973_974_975_976_977_978_979_980_981_982_983_984_985_986_987_988_989_990_991_992_993_994_995_996_997_998_999_1000_1001_1002_1003_1004_1005_1006_1007_1008_1009_1010_1011_1012_1013_1014_1015_1016_1017_1018_1019_1020_1021_1022_1023_1024_1025_1026_1027_1028_1029_1030_1031_1032_1033_1034_1035_1036_1037_1038_1039_1040_1041_1042_1043_1044_1045_1046_1047_1048_1049_1050_1051_1052_1053_1054_1055_1056_1057_1058_1059_1060_1061_1062_1063_1064_1065_1066_1067_1068_1069_1070_1071_1072_1073_1074_1075_1076_1077_1078_1079_1080_1081_1082_1083_1084_1085_1086_1087_1088_1089_1090_1091_1092_1093_1094_1095_1096_1097_1098_1099_1100_1101_1102_1103_1104_1105_1106_1107_1108_1109_1110_1111_1112_1113_1114_1115_1116_1117_1118_1119_1120_1121_1122_1123_1124_1125_1126_1127_1128_1129_1130_1131_1132_1133_1134_1135_1136_1137_1138_1139_1140_1141_1142_1143_1144_1145_1146_1147_1148_1149_1150_1151_1152_1153_1154_1155_1156_1157_1158_1159_1160_1161_1162_1163_1164_1165_1166_1167_1168_1169_1170_1171_1172_1173_1174_1175_1176_1177_1178_1179_1180_1181_1182_1183_1184_1185_1186_1187_1188_1189_1190_1191_1192_1193_1194_1195_1196_1197_1198_1199_1200_1201_1202_1203_1204_1205_1206_1207_1208_1209_1210_1211_1212_1213_1214_1215_1216_1217_1218_1219_1220_1221_1222_1223_1224_1225_1226_1227_1228_1229_1230_1231_1232_1233_1234_1235_1236_1237_1238_1239_1240_1241_1242_1243_1244_1245_1246_1247_1248_1249_1250_1251_1252_1253_1254_1255_1256_1257_1258_1259_1260_1261_1262_1263_1264_1265_1266_1267_1268_1269_1270_1271_1272_1273_1274_1275_1276_1277_1278_1279_1280_1281_1282_1283_1284_1285_1286_1287_1288_1289_1290_1291_1292_1293_1294_1295_1296_1297_1298_1299_1300_1301_1302_1303_1304_1305_1306_1307_1308_1309_1310_1311_1312_1313_1314_1315_1316_1317_1318_1319_1320_1321_1322_1323_1324_1325_1326_1327_1328_1329_1330_1331_1332_1333_1334_1335_1336_1337_1338_1339_1340_1341_1342_1343_1344_1345_1346_1347_1348_1349_1350_1351_1352_1353_1354_1355_1356_1357_1358_1359_1360_1361_1362_1363_1364_1365_1366_1367_1368_1369_1370_1371_1372_1373_1374_1375_1376_1377_1378_1379_1380_1381_1382_1383_1384_1385_1386_1387_1388_1389_1390_1391_1392_1393_1394_1395_1396_1397_1398_1399_1400_1401_1402_1403_1404_1405_1406_1407_1408_1409_1410_1411_1412_1413_1414_1415_1416_1417_1418_1419_1420_1421_1422_1423_1424_1425_1426_1427_1428_1429_1430_1431_1432_1433_1434_1435_1436_1437_1438_1439_1440_1441_1442_1443_1444_1445_1446_1447_1448_1449_1450_1451_1452_1453_1454_1455_1456_1457_1458_1459_1460_1461_1462_1463_1464_1465_1466_1467_1468_1469_1470_1471_1472_1473_1474_1475_1476_1477_1478_1479_1480_1481_1482_1483_1484_1485_1486_1487_1488_1489_1490_1491_1492_1493_1494_1495_1496_1497_1498_1499_1500_1501_1502_1503_1504_1505_1506_1507_1508_1509_1510_1511_1512_1513_1514_1515_1516_1517_1518_1519_1520_1521_1522_1523_1524_1525_1526_1527_1528_1529_1530_1531_1532_1533_1534_1535_1536_1537_1538_1539_1540_1541_1542_1543_1544_1545_1546_1547_1548_1549_1550_1551_1552_1553_1554_1555_1556_1557_1558_1559_1560_1561_1562_1563_1564_1565_1566_1567_1568_1569_1570_1571_1572_1573_1574_1575_1576_1577_1578_1579_1580_1581_1582_1583_1584_1585_1586_1587_1588_1589_1590_1591_1592_1593_1594_1595_1596_1597_1598_1599_1600_1601_1602_1603_1604_1605_1606_1607_1608_1609_1610_1611_1612_1613_1614_1615_1616_1617_1618_1619_1620_1621_1622_1623_1624_1625_1626_1627_1628_1629_1630_1631_1632_1633_1634_1635_1636_1637_1638_1639_1640_1641_1642_1643_1644_1645_1646_1647_1648_1649_1650_1651_1652_1653_1654_1655_1656_1657_1658_1659_1660_1661_1662_1663_1664_1665_1666_1667_1668_1669_1670_1671_1672_1673_1674_1675_1676_1677_1678_1679_1680_1681_1682_1683_1684_1685_1686_1687_1688_1689_1690_1691_1692_1693_1694_1695_1696_1697_1698_1699_1700_1701_1702_1703_1704_1705_1706_1707_1708_1709_1710_1711_1712_1713_1714_1715_1716_1717_1718_1719_1720_1721_1722_1723_1724_1725_1726_1727_1728_1729_1730_1731_1732_1733_1734_1735_1736_1737_1738_1739_1740_1741_1742_1743_1744_1745_1746_1747_1748_1749_1750_1751_1752_1753_1754_1755_1756_1757_1758_1759_1760_1761_1762_1763_1764_1765_1766_1767_1768_1769_1770_1771_1772_1773_1774_1775_,15:{18;684;83;72;685;82;71;19;76;77;75;81;78;85;79;20;66;86;67;195;65;70;68;84;194;94;8;21;64;95;193;87;93;96;62;22;88;92;1708;97;61;1707;98;679;63;38;60;1706;681;37;59;682;35;1705;23;1704;}26:{48;49;42;43;45;44;678;676;677;}57:{56;55;54;34;53;33;52;32;51;31;50;30;39;29;40;629;27;633;41;26;}212:{211;210;182;181;124;183;126;121;184;123;122;120;656;185;119;189;188;100;671;187;186;99;118;612;101;670;7;611;190;115;116;103;667;192;}301:{1175;1176;304;1178;1174;1179;1130;305;1180;1163;1129;1131;1164;1181;1128;1182;1132;1127;1165;1185;705;1125;1183;1134;1167;1061;1168;1060;1124;1186;1059;1187;1058;1121;1057;1189;1120;1087;1190;1089;315;}323:{325;250;249;254;295;296;293;294;275;276;277;268;263;259;270;297;261;278;262;260;271;307;273;272;274;298;264;279;308;306;228;309;281;299;265;310;287;850;849;286;285;848;282;227;284;851;283;300;311;852;266;853;847;312;226;267;301;314;303;}336:{313;302;793;792;291;1754;1765;790;1743;777;776;778;775;1732;1074;784;781;1721;269;774;782;1073;785;912;1710;1072;1071;913;783;1070;773;258;914;1699;786;1069;915;772;247;1068;1080;1075;787;916;1688;1067;1079;917;1076;1078;788;842;1065;1677;843;702;918;841;789;1064;169;844;1082;1081;1083;1666;919;1084;1085;1086;1063;180;845;624;710;1654;1062;920;1040;1643;225;1184;1039;657;435;1632;458;}339:{338;337;170;171;172;218;173;219;174;175;203;176;204;599;201;177;140;205;139;215;200;598;178;206;138;141;214;199;207;212;142;179;597;198;}386:{160;159;588;589;156;590;157;575;596;164;154;576;151;586;573;150;577;152;585;578;574;579;582;584;581;153;604;583;}398:{399;565;396;392;395;393;409;390;394;566;389;444;410;443;411;432;431;433;430;442;434;429;412;426;427;425;436;428;423;437;414;438;415;439;440;416;445;448;155;}497:{486;485;503;511;512;504;510;514;484;509;515;505;483;508;516;517;518;519;482;422;421;481;420;419;418;417;}535:{524;513;502;243;724;491;746;735;242;480;635;646;241;469;742;240;329;239;238;328;802;743;744;333;237;327;447;824;330;813;235;745;332;835;868;326;869;747;191;234;331;741;202;846;236;322;231;232;867;233;748;230;857;255;246;872;865;256;245;244;229;323;253;252;213;257;874;}536:{533;532;561;531;554;562;563;555;453;452;564;454;556;875;559;560;406;407;408;405;365;528;506;490;492;366;489;493;364;404;367;529;450;499;451;494;363;368;488;403;377;362;530;500;498;401;370;400;449;495;487;361;376;501;497;375;397;496;359;398;}548:{547;890;887;891;545;886;544;892;549;716;550;734;736;732;893;551;728;737;727;731;715;729;543;726;885;552;730;738;725;714;894;542;553;884;883;766;765;882;767;739;712;723;764;895;769;733;541;763;722;760;740;770;711;721;896;771;720;762;719;881;540;906;717;905;759;904;907;580;80;880;36;69;903;758;539;569;91;897;756;25;47;591;102;908;755;879;464;465;466;58;463;558;761;538;114;898;14;602;754;369;462;909;899;878;526;125;768;413;467;546;461;691;402;780;537;753;613;3;358;136;455;901;391;757;791;876;910;525;424;460;380;468;347;456;147;752;536;680;902;713;669;535;336;280;523;794;871;324;158;534;870;}581:{149;148;146;600;137;208;143;209;601;145;133;605;144;134;603;650;606;649;131;130;135;132;653;654;652;129;651;197;128;607;196;127;655;}616:{615;608;642;617;641;618;640;619;639;620;638;621;637;622;107;623;108;109;625;662;110;626;111;663;644;645;632;627;647;664;665;666;631;673;648;672;674;675;90;628;630;89;57;643;}628:{636;634;}655:{610;658;609;659;660;117;112;661;104;105;614;106;616;}657:{248;251;}827:{1377;1019;1366;1020;1355;1012;1021;1023;1024;1015;1344;1001;1016;1010;1025;1009;1188;1000;1017;1008;1199;998;1003;1177;1007;955;1222;1004;966;933;977;}831:{830;829;854;855;856;1655;1653;}852:{288;289;290;223;292;222;1740;1739;221;1741;220;1738;342;1742;334;1734;216;1747;1736;1745;1737;341;1744;1774;217;4;}861:{860;859;858;}865:{864;355;354;356;371;873;357;353;350;360;568;372;352;570;349;378;595;351;384;373;379;348;593;571;346;594;374;567;592;345;383;381;572;749;344;750;165;382;166;343;587;167;163;751;340;385;168;441;339;162;386;387;161;388;}902:{718;470;471;527;472;473;522;474;521;475;520;476;477;478;459;479;457;507;}937:{940;941;942;943;945;950;1031;1030;946;997;996;949;995;948;994;947;962;}947:{961;960;1026;1027;951;959;958;957;1028;952;956;963;1029;954;953;964;965;981;989;967;980;1005;968;991;990;969;979;1006;970;982;992;978;1144;1133;983;993;971;976;973;988;974;972;975;1155;1122;984;985;986;1111;}985:{987;1166;1099;1088;1077;1066;1055;1044;1033;446;1011;}1011:{1022;335;557;224;113;2;1665;1554;}1039:{1038;1037;921;1621;923;924;1036;1610;1035;925;1599;926;1034;1047;1032;1048;1588;822;1049;927;1577;1050;821;1041;1051;928;1566;709;820;708;1042;1052;929;1555;707;819;1053;1043;930;1106;1105;706;1054;818;1543;1104;1045;931;1103;1115;817;1532;1046;932;1114;1102;1056;1113;795;1101;1521;}1101:{1100;800;1098;799;1109;1097;801;1112;798;804;1107;1096;803;797;805;1108;1095;796;806;1094;1093;1092;1154;1091;826;807;1116;1090;808;825;1153;809;1117;823;1162;1466;1510;1455;1152;1477;816;1159;1118;1499;815;1158;1160;1444;1488;1151;1119;814;1432;1157;812;934;1410;1150;1421;810;1493;935;1149;1156;1148;936;1483;811;1487;1147;1399;937;1482;828;1146;1481;1014;827;1486;938;1013;1480;1018;1388;939;1489;1145;1002;}1126:{1191;}1195:{321;320;319;318;1196;1197;317;697;316;698;699;}1224:{1225;1238;1226;1240;1239;1237;1236;1227;1235;1228;1234;1229;1232;1231;1230;1241;1242;1574;1575;1573;1243;1572;1571;1576;1253;1570;1245;1252;1578;1569;1200;1251;1246;1568;1579;1247;1427;1426;1248;}1255:{1277;1321;1233;1288;1299;1333;1310;0;1;911;900;922;889;877;1110;866;944;1221;779;1332;668;1443;}1284:{1282;1602;1281;1603;1274;1280;1604;1275;1279;1628;1605;1276;1629;1278;1630;1606;1631;1633;1607;1287;1634;1608;1635;1289;1609;1636;1290;1611;1637;1692;1612;1638;1691;1294;1291;1295;1600;1250;1293;839;}1297:{1296;1303;1302;1301;840;838;1298;837;1300;836;834;1304;1315;833;1311;1312;1313;1314;1322;832;831;1316;}1306:{1325;1335;1324;1326;1323;1337;1327;1317;1328;1338;1318;1329;1330;1319;1339;1331;1320;1340;1360;1356;1359;1342;1343;1354;1345;1353;1363;1348;1352;1349;1350;1358;}1350:{1351;1347;1346;1357;1364;}1364:{1365;1367;1368;1369;}1397:{1400;1394;1401;1392;1393;1418;1391;1386;1417;1586;1404;1416;1385;1403;1415;1384;1587;1402;1383;1387;1589;1382;1389;1590;1591;1381;1390;1592;1405;1594;1380;1419;1408;1593;1597;1598;1596;1406;863;1379;1595;1309;1372;1373;1407;1374;1378;862;1375;1362;1308;1371;1341;1376;1307;1361;861;1336;1370;1306;1305;1334;}1427:{1428;1429;1580;1425;1430;1424;1423;1431;1422;1433;1249;1434;1420;1435;1396;1292;1436;1409;1412;1411;1413;1437;1398;1395;1414;1438;1397;1585;1297;}1468:{1562;1561;1560;1454;1453;1452;1451;1463;1450;1556;1582;1581;1447;1448;1462;1449;1446;1564;1461;1445;1565;1442;1460;1567;1195;}1482:{1479;1478;1476;1472;1494;1497;1496;1495;1498;1500;1469;1501;1244;1468;1255;1266;1210;1502;}1486:{1485;1490;1484;1491;1492;1475;1173;1143;1471;1474;1172;1473;1142;1470;1171;1465;1141;1458;1467;1170;1161;1563;1136;1137;1140;1459;1138;1457;1194;1135;1139;1169;1464;1123;1456;1193;1192;1126;}1501:{1503;1504;1528;1505;1527;1506;1551;1526;1507;1552;1508;1531;1553;1525;1509;1530;1524;1520;1522;1523;1529;1511;1557;1519;1558;1559;1518;1512;1517;1533;1513;1542;1534;1541;1535;1516;1584;1514;1441;1515;1583;1440;}1514:{1544;1439;1545;1546;1547;1549;1550;1548;1536;888;999;}1540:{1539;1538;1537;}1554:{1540;}1670:{1671;1658;1657;1656;1647;1648;1649;1650;1646;1645;1644;1642;1651;1641;1640;1639;1652;}1705:{1703;1702;1701;1686;1687;1696;1689;1697;1695;1698;1690;1700;1682;1694;1683;24;1681;1684;1663;1680;1662;1685;1664;687;1661;1679;1667;1675;1660;688;1676;1674;1678;28;1673;1668;1672;1659;689;1669;1670;46;}1744:{1733;1731;1718;1717;686;1719;1730;1716;1729;1720;1746;1735;1715;1728;1748;1727;1722;1714;1726;1713;1723;1712;1725;1767;1724;1749;1775;1711;1616;1768;1750;5;1617;1709;1615;1769;6;1751;1618;10;9;11;12;1760;74;1752;1614;1770;13;1761;1619;15;1762;1753;1613;73;16;683;1620;17;1755;}1761:{1763;1764;1756;1766;1260;1261;690;1757;1262;692;1263;1771;693;1758;1259;1772;1264;694;1759;1773;1258;695;1265;1219;1218;1267;1217;1257;696;704;1220;1216;1268;703;1601;1213;1269;1223;1627;1214;1212;1205;1204;1206;1626;1270;1286;1207;1203;1215;1625;701;1211;1202;1208;1285;1271;1624;1622;1209;1201;700;1284;1224;1623;1256;1272;1693;1283;1198;1254;1273;},4_127_128_183_184_185_607_938_939_1119_1200_1201_1432_1444_1457_1458_1459_1479_1480_1481_1482_1483_1484_1493_1735_1736_1737_1738_1740_1741_1742_1774_,548-547*0_548-890*0_548-887*0_548-891*0_548-545*0_548-886*0_548-544*0_548-892*0_548-549*0_548-716*0_548-550*0_548-734*0_548-736*0_548-732*0_548-893*0_548-551*0_548-728*0_548-737*0_548-727*0_548-731*0_548-715*0_548-729*0_548-543*0_548-726*0_548-885*0_548-552*0_548-730*0_548-738*0_548-725*0_548-714*0_548-894*0_548-542*0_548-553*0_548-884*0_548-883*0_548-766*0_548-765*0_548-882*0_548-767*0_548-739*0_548-712*0_548-723*0_548-764*0_548-895*0_548-769*0_548-733*0_548-541*0_548-763*0_548-722*0_548-760*0_548-740*0_548-770*0_548-711*0_548-721*0_548-896*0_548-771*0_548-720*0_548-762*0_548-719*0_548-881*0_548-540*0_548-906*0_548-717*0_548-905*0_548-759*0_548-904*0_548-907*0_548-580*0_548-80*0_548-880*0_548-36*0_548-69*0_548-903*0_548-758*0_548-539*0_548-569*0_548-91*0_548-897*0_548-756*0_548-25*0_548-47*0_548-591*0_548-102*0_548-908*0_548-755*0_548-879*0_548-464*0_548-465*0_548-466*0_548-58*0_548-463*0_548-558*0_548-761*0_548-538*0_548-114*0_548-898*0_548-14*0_548-602*0_548-754*0_548-369*0_548-462*0_548-909*0_548-899*0_548-878*0_548-526*0_548-125*0_548-768*0_548-413*0_548-467*0_548-546*0_548-461*0_548-691*0_548-402*0_548-780*0_548-537*0_548-753*0_548-613*0_548-3*0_548-358*0_548-136*0_548-455*0_548-901*0_548-391*0_548-757*0_548-791*0_548-876*0_548-910*0_548-525*0_548-424*0_548-460*0_548-380*0_548-468*0_548-347*0_548-456*0_548-147*0_548-752*0_548-536*0_548-680*0_548-902*0_548-713*0_548-669*0_548-535*0_548-336*0_548-280*0_548-523*0_548-794*0_548-871*0_548-324*0_548-158*0_548-534*0_548-870*0_336-313*1_336-302*1_336-793*1_336-792*1_336-291*1_336-1754*1_336-1765*1_336-790*1_336-1743*1_336-777*1_336-776*1_336-778*1_336-775*1_336-1732*1_336-1074*1_336-784*1_336-781*1_336-1721*1_336-269*1_336-774*1_336-782*1_336-1073*1_336-785*1_336-912*1_336-1710*1_336-1072*1_336-1071*1_336-913*1_336-783*1_336-1070*1_336-773*1_336-258*1_336-914*1_336-1699*1_336-786*1_336-1069*1_336-915*1_336-772*1_336-247*1_336-1068*1_336-1080*1_336-1075*1_336-787*1_336-916*1_336-1688*1_336-1067*1_336-1079*1_336-917*1_336-1076*1_336-1078*1_336-788*1_336-842*1_336-1065*1_336-1677*1_336-843*1_336-702*1_336-918*1_336-841*1_336-789*1_336-1064*1_336-169*1_336-844*1_336-1082*1_336-1081*1_336-1083*1_336-1666*1_336-919*1_336-1084*1_336-1085*1_336-1086*1_336-1063*1_336-180*1_336-845*1_336-624*1_336-710*1_336-1654*1_336-1062*1_336-920*1_336-1040*1_336-1643*1_336-225*1_336-1184*1_336-1039*1_336-657*1_336-435*1_336-1632*1_336-458*1_535-524*1_535-513*1_535-502*1_535-243*1_535-724*1_535-491*1_535-746*1_535-735*1_535-242*1_535-480*1_535-635*1_535-646*1_535-241*1_535-469*1_535-742*1_535-240*1_535-329*1_535-239*1_535-238*1_535-328*1_535-802*1_535-743*1_535-744*1_535-333*1_535-237*1_535-327*1_535-447*1_535-824*1_535-330*1_535-813*1_535-235*1_535-745*1_535-332*1_535-835*1_535-868*1_535-326*1_535-869*1_535-747*1_535-191*1_535-234*1_535-331*1_535-741*1_535-202*1_535-846*1_535-236*1_535-322*1_535-231*1_535-232*1_535-867*1_535-233*1_535-748*1_535-230*1_535-857*1_535-255*1_535-246*1_535-872*1_535-865*1_535-256*1_535-245*1_535-244*1_535-229*1_535-323*1_535-253*1_535-252*1_535-213*1_535-257*1_535-874*1_1039-1038*2_1039-1037*2_1039-921*2_1039-1621*2_1039-923*2_1039-924*2_1039-1036*2_1039-1610*2_1039-1035*2_1039-925*2_1039-1599*2_1039-926*2_1039-1034*2_1039-1047*2_1039-1032*2_1039-1048*2_1039-1588*2_1039-822*2_1039-1049*2_1039-927*2_1039-1577*2_1039-1050*2_1039-821*2_1039-1041*2_1039-1051*2_1039-928*2_1039-1566*2_1039-709*2_1039-820*2_1039-708*2_1039-1042*2_1039-1052*2_1039-929*2_1039-1555*2_1039-707*2_1039-819*2_1039-1053*2_1039-1043*2_1039-930*2_1039-1106*2_1039-1105*2_1039-706*2_1039-1054*2_1039-818*2_1039-1543*2_1039-1104*2_1039-1045*2_1039-931*2_1039-1103*2_1039-1115*2_1039-817*2_1039-1532*2_1039-1046*2_1039-932*2_1039-1114*2_1039-1102*2_1039-1056*2_1039-1113*2_1039-795*2_1039-1101*2_1039-1521*2_902-718*1_902-470*1_902-471*1_902-527*1_902-472*1_902-473*1_902-522*1_902-474*1_902-521*1_902-475*1_902-520*1_902-476*1_902-477*1_902-478*1_902-459*1_902-479*1_902-457*1_902-507*1_657-248*2_657-251*2_1101-1100*3_1101-800*3_1101-1098*3_1101-799*3_1101-1109*3_1101-1097*3_1101-801*3_1101-1112*3_1101-798*3_1101-804*3_1101-1107*3_1101-1096*3_1101-803*3_1101-797*3_1101-805*3_1101-1108*3_1101-1095*3_1101-796*3_1101-806*3_1101-1094*3_1101-1093*3_1101-1092*3_1101-1154*3_1101-1091*3_1101-826*3_1101-807*3_1101-1116*3_1101-1090*3_1101-808*3_1101-825*3_1101-1153*3_1101-809*3_1101-1117*3_1101-823*3_1101-1162*3_1101-1466*3_1101-1510*3_1101-1455*3_1101-1152*3_1101-1477*3_1101-816*3_1101-1159*3_1101-1118*3_1101-1499*3_1101-815*3_1101-1158*3_1101-1160*3_1101-1444*3_1101-1488*3_1101-1151*3_1101-1119*3_1101-814*3_1101-1432*3_1101-1157*3_1101-812*3_1101-934*3_1101-1410*3_1101-1150*3_1101-1421*3_1101-810*3_1101-1493*3_1101-935*3_1101-1149*3_1101-1156*3_1101-1148*3_1101-936*3_1101-1483*3_1101-811*3_1101-1487*3_1101-1147*3_1101-1399*3_1101-937*3_1101-1482*3_1101-828*3_1101-1146*3_1101-1481*3_1101-1014*3_1101-827*3_1101-1486*3_1101-938*3_1101-1013*3_1101-1480*3_1101-1018*3_1101-1388*3_1101-939*3_1101-1489*3_1101-1145*3_1101-1002*3_323-325*2_323-250*2_323-249*2_323-254*2_323-295*2_323-296*2_323-293*2_323-294*2_323-275*2_323-276*2_323-277*2_323-268*2_323-263*2_323-259*2_323-270*2_323-297*2_323-261*2_323-278*2_323-262*2_323-260*2_323-271*2_323-307*2_323-273*2_323-272*2_323-274*2_323-298*2_323-264*2_323-279*2_323-308*2_323-306*2_323-228*2_323-309*2_323-281*2_323-299*2_323-265*2_323-310*2_323-287*2_323-850*2_323-849*2_323-286*2_323-285*2_323-848*2_323-282*2_323-227*2_323-284*2_323-851*2_323-283*2_323-300*2_323-311*2_323-852*2_323-266*2_323-853*2_323-847*2_323-312*2_323-226*2_323-267*2_323-301*2_323-314*2_323-303*2_536-533*1_536-532*1_536-561*1_536-531*1_536-554*1_536-562*1_536-563*1_536-555*1_536-453*1_536-452*1_536-564*1_536-454*1_536-556*1_536-875*1_536-559*1_536-560*1_536-406*1_536-407*1_536-408*1_536-405*1_536-365*1_536-528*1_536-506*1_536-490*1_536-492*1_536-366*1_536-489*1_536-493*1_536-364*1_536-404*1_536-367*1_536-529*1_536-450*1_536-499*1_536-451*1_536-494*1_536-363*1_536-368*1_536-488*1_536-403*1_536-377*1_536-362*1_536-530*1_536-500*1_536-498*1_536-401*1_536-370*1_536-400*1_536-449*1_536-495*1_536-487*1_536-361*1_536-376*1_536-501*1_536-497*1_536-375*1_536-397*1_536-496*1_536-359*1_536-398*1_1486-1485*4_1486-1490*4_1486-1484*4_1486-1491*4_1486-1492*4_1486-1475*4_1486-1173*4_1486-1143*4_1486-1471*4_1486-1474*4_1486-1172*4_1486-1473*4_1486-1142*4_1486-1470*4_1486-1171*4_1486-1465*4_1486-1141*4_1486-1458*4_1486-1467*4_1486-1170*4_1486-1161*4_1486-1563*4_1486-1136*4_1486-1137*4_1486-1140*4_1486-1459*4_1486-1138*4_1486-1457*4_1486-1194*4_1486-1135*4_1486-1139*4_1486-1169*4_1486-1464*4_1486-1123*4_1486-1456*4_1486-1193*4_1486-1192*4_1486-1126*4_827-1377*4_827-1019*4_827-1366*4_827-1020*4_827-1355*4_827-1012*4_827-1021*4_827-1023*4_827-1024*4_827-1015*4_827-1344*4_827-1001*4_827-1016*4_827-1010*4_827-1025*4_827-1009*4_827-1188*4_827-1000*4_827-1017*4_827-1008*4_827-1199*4_827-998*4_827-1003*4_827-1177*4_827-1007*4_827-955*4_827-1222*4_827-1004*4_827-966*4_827-933*4_827-977*4_865-864*2_865-355*2_865-354*2_865-356*2_865-371*2_865-873*2_865-357*2_865-353*2_865-350*2_865-360*2_865-568*2_865-372*2_865-352*2_865-570*2_865-349*2_865-378*2_865-595*2_865-351*2_865-384*2_865-373*2_865-379*2_865-348*2_865-593*2_865-571*2_865-346*2_865-594*2_865-374*2_865-567*2_865-592*2_865-345*2_865-383*2_865-381*2_865-572*2_865-749*2_865-344*2_865-750*2_865-165*2_865-382*2_865-166*2_865-343*2_865-587*2_865-167*2_865-163*2_865-751*2_865-340*2_865-385*2_865-168*2_865-441*2_865-339*2_865-162*2_865-386*2_865-387*2_865-161*2_865-388*2_301-1175*3_301-1176*3_301-304*3_301-1178*3_301-1174*3_301-1179*3_301-1130*3_301-305*3_301-1180*3_301-1163*3_301-1129*3_301-1131*3_301-1164*3_301-1181*3_301-1128*3_301-1182*3_301-1132*3_301-1127*3_301-1165*3_301-1185*3_301-705*3_301-1125*3_301-1183*3_301-1134*3_301-1167*3_301-1061*3_301-1168*3_301-1060*3_301-1124*3_301-1186*3_301-1059*3_301-1187*3_301-1058*3_301-1121*3_301-1057*3_301-1189*3_301-1120*3_301-1087*3_301-1190*3_301-1089*3_301-315*3_398-399*2_398-565*2_398-396*2_398-392*2_398-395*2_398-393*2_398-409*2_398-390*2_398-394*2_398-566*2_398-389*2_398-444*2_398-410*2_398-443*2_398-411*2_398-432*2_398-431*2_398-433*2_398-430*2_398-442*2_398-434*2_398-429*2_398-412*2_398-426*2_398-427*2_398-425*2_398-436*2_398-428*2_398-423*2_398-437*2_398-414*2_398-438*2_398-415*2_398-439*2_398-440*2_398-416*2_398-445*2_398-448*2_398-155*2_386-160*3_386-159*3_386-588*3_386-589*3_386-156*3_386-590*3_386-157*3_386-575*3_386-596*3_386-164*3_386-154*3_386-576*3_386-151*3_386-586*3_386-573*3_386-150*3_386-577*3_386-152*3_386-585*3_386-578*3_386-574*3_386-579*3_386-582*3_386-584*3_386-581*3_386-153*3_386-604*3_386-583*3_1482-1479*4_1482-1478*4_1482-1476*4_1482-1472*4_1482-1494*4_1482-1497*4_1482-1496*4_1482-1495*4_1482-1498*4_1482-1500*4_1482-1469*4_1482-1501*4_1482-1244*4_1482-1468*4_1482-1255*4_1482-1266*4_1482-1210*4_1482-1502*4_852-288*3_852-289*3_852-290*3_852-223*3_852-292*3_852-222*3_852-1740*3_852-1739*3_852-221*3_852-1741*3_852-220*3_852-1738*3_852-342*3_852-1742*3_852-334*3_852-1734*3_852-216*3_852-1747*3_852-1736*3_852-1745*3_852-1737*3_852-341*3_852-1744*3_852-1774*3_852-217*3_852-4*3_937-940*4_937-941*4_937-942*4_937-943*4_937-945*4_937-950*4_937-1031*4_937-1030*4_937-946*4_937-997*4_937-996*4_937-949*4_937-995*4_937-948*4_937-994*4_937-947*4_937-962*4_1126-1191*5_339-338*3_339-337*3_339-170*3_339-171*3_339-172*3_339-218*3_339-173*3_339-219*3_339-174*3_339-175*3_339-203*3_339-176*3_339-204*3_339-599*3_339-201*3_339-177*3_339-140*3_339-205*3_339-139*3_339-215*3_339-200*3_339-598*3_339-178*3_339-206*3_339-138*3_339-141*3_339-214*3_339-199*3_339-207*3_339-212*3_339-142*3_339-179*3_339-597*3_339-198*3_1744-1733*4_1744-1731*4_1744-1718*4_1744-1717*4_1744-686*4_1744-1719*4_1744-1730*4_1744-1716*4_1744-1729*4_1744-1720*4_1744-1746*4_1744-1735*4_1744-1715*4_1744-1728*4_1744-1748*4_1744-1727*4_1744-1722*4_1744-1714*4_1744-1726*4_1744-1713*4_1744-1723*4_1744-1712*4_1744-1725*4_1744-1767*4_1744-1724*4_1744-1749*4_1744-1775*4_1744-1711*4_1744-1616*4_1744-1768*4_1744-1750*4_1744-5*4_1744-1617*4_1744-1709*4_1744-1615*4_1744-1769*4_1744-6*4_1744-1751*4_1744-1618*4_1744-10*4_1744-9*4_1744-11*4_1744-12*4_1744-1760*4_1744-74*4_1744-1752*4_1744-1614*4_1744-1770*4_1744-13*4_1744-1761*4_1744-1619*4_1744-15*4_1744-1762*4_1744-1753*4_1744-1613*4_1744-73*4_1744-16*4_1744-683*4_1744-1620*4_1744-17*4_1744-1755*4_581-149*4_581-148*4_581-146*4_581-600*4_581-137*4_581-208*4_581-143*4_581-209*4_581-601*4_581-145*4_581-133*4_581-605*4_581-144*4_581-134*4_581-603*4_581-650*4_581-606*4_581-649*4_581-131*4_581-130*4_581-135*4_581-132*4_581-653*4_581-654*4_581-652*4_581-129*4_581-651*4_581-197*4_581-128*4_581-607*4_581-196*4_581-127*4_581-655*4_497-486*2_497-485*2_497-503*2_497-511*2_497-512*2_497-504*2_497-510*2_497-514*2_497-484*2_497-509*2_497-515*2_497-505*2_497-483*2_497-508*2_497-516*2_497-517*2_497-518*2_497-519*2_497-482*2_497-422*2_497-421*2_497-481*2_497-420*2_497-419*2_497-418*2_497-417*2_212-211*4_212-210*4_212-182*4_212-181*4_212-124*4_212-183*4_212-126*4_212-121*4_212-184*4_212-123*4_212-122*4_212-120*4_212-656*4_212-185*4_212-119*4_212-189*4_212-188*4_212-100*4_212-671*4_212-187*4_212-186*4_212-99*4_212-118*4_212-612*4_212-101*4_212-670*4_212-7*4_212-611*4_212-190*4_212-115*4_212-116*4_212-103*4_212-667*4_212-192*4_655-610*5_655-658*5_655-609*5_655-659*5_655-660*5_655-117*5_655-112*5_655-661*5_655-104*5_655-105*5_655-614*5_655-106*5_655-616*5_1255-1277*5_1468-1562*5_1255-1321*5_1255-1233*5_1255-1288*5_1468-1561*5_1255-1299*5_1255-1333*5_1468-1560*5_1468-1454*5_1255-1310*5_1255-0*5_1468-1453*5_1255-1*5_1255-911*5_1468-1452*5_1255-900*5_1468-1451*5_1255-922*5_1468-1463*5_1255-889*5_1468-1450*5_1468-1556*5_1468-1582*5_1468-1581*5_1255-877*5_1468-1447*5_1468-1448*5_1468-1462*5_1468-1449*5_1255-1110*5_1468-1446*5_1468-1564*5_1255-866*5_1255-944*5_1255-1221*5_1468-1461*5_1468-1445*5_1255-779*5_1468-1565*5_1468-1442*5_1255-1332*5_1468-1460*5_1255-668*5_1468-1567*5_1255-1443*5_1468-1195*5_616-615*6_616-608*6_616-642*6_616-617*6_616-641*6_616-618*6_616-640*6_616-619*6_616-639*6_616-620*6_616-638*6_616-621*6_616-637*6_616-622*6_616-107*6_616-623*6_616-108*6_616-109*6_616-625*6_616-662*6_616-110*6_616-626*6_616-111*6_616-663*6_616-644*6_616-645*6_616-632*6_616-627*6_616-647*6_616-664*6_616-665*6_616-666*6_616-631*6_616-673*6_616-648*6_616-672*6_616-674*6_616-675*6_616-90*6_616-628*6_616-630*6_616-89*6_616-57*6_616-643*6_15-18*5_15-684*5_15-83*5_15-72*5_15-685*5_15-82*5_15-71*5_15-19*5_15-76*5_15-77*5_15-75*5_15-81*5_15-78*5_15-85*5_15-79*5_15-20*5_15-66*5_15-86*5_15-67*5_15-195*5_15-65*5_15-70*5_15-68*5_15-84*5_15-194*5_15-94*5_15-8*5_15-21*5_15-64*5_15-95*5_15-193*5_15-87*5_15-93*5_15-96*5_15-62*5_15-22*5_15-88*5_15-92*5_15-1708*5_15-97*5_15-61*5_15-1707*5_15-98*5_15-679*5_15-63*5_15-38*5_15-60*5_15-1706*5_15-681*5_15-37*5_15-59*5_15-682*5_15-35*5_15-1705*5_15-23*5_15-1704*5_1501-1503*5_1501-1504*5_1501-1528*5_1501-1505*5_1501-1527*5_1501-1506*5_1501-1551*5_1501-1526*5_1501-1507*5_1501-1552*5_1501-1508*5_1501-1531*5_1501-1553*5_1501-1525*5_1501-1509*5_1501-1530*5_1501-1524*5_1501-1520*5_1501-1522*5_1501-1523*5_1501-1529*5_1501-1511*5_1501-1557*5_1501-1519*5_1501-1558*5_1501-1559*5_1501-1518*5_1501-1512*5_1501-1517*5_1501-1533*5_1501-1513*5_1501-1542*5_1501-1534*5_1501-1541*5_1501-1535*5_1501-1516*5_1501-1584*5_1501-1514*5_1501-1441*5_1501-1515*5_1501-1583*5_1501-1440*5_57-56*7_57-55*7_57-54*7_57-34*7_57-53*7_57-33*7_57-52*7_57-32*7_57-51*7_57-31*7_57-50*7_57-30*7_57-39*7_57-29*7_57-40*7_57-629*7_57-27*7_57-633*7_57-41*7_57-26*7_1761-1763*5_1761-1764*5_1761-1756*5_1761-1766*5_1761-1260*5_1761-1261*5_1761-690*5_1761-1757*5_1761-1262*5_1761-692*5_1761-1263*5_1761-1771*5_1761-693*5_1761-1758*5_1761-1259*5_1761-1772*5_1761-1264*5_1761-694*5_1761-1759*5_1761-1773*5_1761-1258*5_1761-695*5_1761-1265*5_1761-1219*5_1761-1218*5_1761-1267*5_1761-1217*5_1761-1257*5_1761-696*5_1761-704*5_1761-1220*5_1761-1216*5_1761-1268*5_1761-703*5_1761-1601*5_1761-1213*5_1761-1269*5_1761-1223*5_1761-1627*5_1761-1214*5_1761-1212*5_1761-1205*5_1761-1204*5_1761-1206*5_1761-1626*5_1761-1270*5_1761-1286*5_1761-1207*5_1761-1203*5_1761-1215*5_1761-1625*5_1761-701*5_1761-1211*5_1761-1202*5_1761-1208*5_1761-1285*5_1761-1271*5_1761-1624*5_1761-1622*5_1761-1209*5_1761-1201*5_1761-700*5_1761-1284*5_1761-1224*5_1761-1623*5_1761-1256*5_1761-1272*5_1761-1693*5_1761-1283*5_1761-1198*5_1761-1254*5_1761-1273*5_947-961*5_947-960*5_947-1026*5_947-1027*5_947-951*5_947-959*5_947-958*5_947-957*5_947-1028*5_947-952*5_947-956*5_947-963*5_947-1029*5_947-954*5_947-953*5_947-964*5_947-965*5_947-981*5_947-989*5_947-967*5_947-980*5_947-1005*5_947-968*5_947-991*5_947-990*5_947-969*5_947-979*5_947-1006*5_947-970*5_947-982*5_947-992*5_947-978*5_947-1144*5_947-1133*5_947-983*5_947-993*5_947-971*5_947-976*5_947-973*5_947-988*5_947-974*5_947-972*5_947-975*5_947-1155*5_947-1122*5_947-984*5_947-985*5_947-986*5_947-1111*5_1224-1225*6_1224-1238*6_1224-1226*6_1224-1240*6_1224-1239*6_1224-1237*6_1224-1236*6_1224-1227*6_1224-1235*6_1224-1228*6_1224-1234*6_1224-1229*6_1224-1232*6_1224-1231*6_1224-1230*6_1224-1241*6_1224-1242*6_1224-1574*6_1224-1575*6_1224-1573*6_1224-1243*6_1224-1572*6_1224-1571*6_1224-1576*6_1224-1253*6_1224-1570*6_1224-1245*6_1224-1252*6_1224-1578*6_1224-1569*6_1224-1200*6_1224-1251*6_1224-1246*6_1224-1568*6_1224-1579*6_1224-1247*6_1224-1427*6_1224-1426*6_1224-1248*6_1705-1703*6_1705-1702*6_1705-1701*6_1705-1686*6_1705-1687*6_1705-1696*6_1705-1689*6_1705-1697*6_1705-1695*6_1705-1698*6_1705-1690*6_1705-1700*6_1705-1682*6_1705-1694*6_1705-1683*6_1705-24*6_1705-1681*6_1705-1684*6_1705-1663*6_1705-1680*6_1705-1662*6_1705-1685*6_1705-1664*6_1705-687*6_1705-1661*6_1705-1679*6_1705-1667*6_1705-1675*6_1705-1660*6_1705-688*6_1705-1676*6_1705-1674*6_1705-1678*6_1705-28*6_1705-1673*6_1705-1668*6_1705-1672*6_1705-1659*6_1705-689*6_1705-1669*6_1705-1670*6_1705-46*6_628-636*7_628-634*7_1284-1282*6_1284-1602*6_1284-1281*6_1284-1603*6_1284-1274*6_1284-1280*6_1284-1604*6_1284-1275*6_1284-1279*6_1284-1628*6_1284-1605*6_1284-1276*6_1284-1629*6_1284-1278*6_1284-1630*6_1284-1606*6_1284-1631*6_1284-1633*6_1284-1607*6_1284-1287*6_1284-1634*6_1284-1608*6_1284-1635*6_1284-1289*6_1284-1609*6_1284-1636*6_1284-1290*6_1284-1611*6_1284-1637*6_1284-1692*6_1284-1612*6_1284-1638*6_1284-1691*6_1284-1294*6_1284-1291*6_1284-1295*6_1284-1600*6_1284-1250*6_1284-1293*6_1284-839*6_1427-1428*7_1427-1429*7_1427-1580*7_1427-1425*7_1427-1430*7_1427-1424*7_1427-1423*7_1427-1431*7_1427-1422*7_1427-1433*7_1427-1249*7_1427-1434*7_1427-1420*7_1427-1435*7_1427-1396*7_1427-1292*7_1427-1436*7_1427-1409*7_1427-1412*7_1427-1411*7_1427-1413*7_1427-1437*7_1427-1398*7_1427-1395*7_1427-1414*7_1427-1438*7_1427-1397*7_1427-1585*7_1427-1297*7_1195-321*6_1195-320*6_1195-319*6_1195-318*6_1195-1196*6_1195-1197*6_1195-317*6_1195-697*6_1195-316*6_1195-698*6_1195-699*6_1297-1296*8_1297-1303*8_1297-1302*8_1297-1301*8_1297-840*8_1297-838*8_1297-1298*8_1297-837*8_1297-1300*8_1297-836*8_1297-834*8_1297-1304*8_1297-1315*8_1297-833*8_1297-1311*8_1297-1312*8_1297-1313*8_1297-1314*8_1297-1322*8_1297-832*8_1297-831*8_1297-1316*8_26-48*8_26-49*8_26-42*8_26-43*8_26-45*8_26-44*8_26-678*8_26-676*8_26-677*8_1397-1400*8_1397-1394*8_1397-1401*8_1397-1392*8_1397-1393*8_1397-1418*8_1397-1391*8_1397-1386*8_1397-1417*8_1397-1586*8_1397-1404*8_1397-1416*8_1397-1385*8_1397-1403*8_1397-1415*8_1397-1384*8_1397-1587*8_1397-1402*8_1397-1383*8_1397-1387*8_1397-1589*8_1397-1382*8_1397-1389*8_1397-1590*8_1397-1591*8_1397-1381*8_1397-1390*8_1397-1592*8_1397-1405*8_1397-1594*8_1397-1380*8_1397-1419*8_1397-1408*8_1397-1593*8_1397-1597*8_1397-1598*8_1397-1596*8_1397-1406*8_1397-863*8_1397-1379*8_1397-1595*8_1397-1309*8_1397-1372*8_1397-1373*8_1397-1407*8_1397-1374*8_1397-1378*8_1397-862*8_1397-1375*8_1397-1362*8_1397-1308*8_1397-1371*8_1397-1341*8_1397-1376*8_1397-1307*8_1397-1361*8_1397-861*8_1397-1336*8_1397-1370*8_1397-1306*8_1397-1305*8_1397-1334*8_1670-1671*7_1670-1658*7_1670-1657*7_1670-1656*7_1670-1647*7_1670-1648*7_1670-1649*7_1670-1650*7_1670-1646*7_1670-1645*7_1670-1644*7_1670-1642*7_1670-1651*7_1670-1641*7_1670-1640*7_1670-1639*7_1670-1652*7_1514-1544*6_1514-1439*6_1514-1545*6_1514-1546*6_1514-1547*6_1514-1549*6_1514-1550*6_1514-1548*6_1514-1536*6_1514-888*6_1514-999*6_1306-1325*9_1306-1335*9_1306-1324*9_1306-1326*9_1306-1323*9_1306-1337*9_1306-1327*9_1306-1317*9_1306-1328*9_1306-1338*9_1306-1318*9_1306-1329*9_1306-1330*9_1306-1319*9_1306-1339*9_1306-1331*9_1306-1320*9_1306-1340*9_1306-1360*9_1306-1356*9_1306-1359*9_1306-1342*9_1306-1343*9_1306-1354*9_1306-1345*9_1306-1353*9_1306-1363*9_1306-1348*9_1306-1352*9_1306-1349*9_1306-1350*9_1306-1358*9_985-987*6_985-1166*6_985-1099*6_985-1088*6_985-1077*6_985-1066*6_985-1055*6_985-1044*6_985-1033*6_985-446*6_985-1011*6_1011-1022*7_1011-335*7_1011-557*7_1011-224*7_1011-113*7_1011-2*7_1011-1665*7_1011-1554*7_861-860*9_861-859*9_861-858*9_1350-1351*10_1350-1347*10_1350-1346*10_1350-1357*10_1350-1364*10_831-830*9_831-829*9_831-854*9_831-855*9_831-856*9_831-1655*9_831-1653*9_1364-1365*11_1364-1367*11_1364-1368*11_1364-1369*11_1554-1540*8_1540-1539*9_1540-1538*9_1540-1537*9_
