"id","Scenario","Actual Range","Protocol","Buildings","Total nodes","Nodes on circ","Total coverage","Coverage on circ","Alert received mean time","Hops","Slots","Messages sent","Messages received", "Starting x", "Starting y","Starting node", "Vehicle distance", "Received node ids", "Node ids", "Transmission map", "Received on circ nodes", "Transmission vector"
0,1,300,300,0,2496,134,2496,134,8135.84,5.25373,8.94776,196,2496,1200,1500,1964,25,1963_1965_1962_1966_1961_1967_536_632_1960_1968_535_537_631_633_534_538_630_634_533_539_629_635_1959_1969_532_540_628_636_1958_1970_531_541_627_637_1957_1971_530_542_626_638_1868_1956_1972_2060_529_543_625_639_1867_1869_2059_2061_1866_1870_2058_2062_1865_1871_2057_2063_528_544_624_640_1864_1872_2056_2064_1955_1973_1863_1873_2055_2065_527_545_623_641_1862_1874_1954_1974_2054_2066_1861_1875_2053_2067_526_546_622_642_1953_1975_1860_1876_2052_2068_525_547_621_643_440_728_1952_1976_548_1859_524_549_2051_1858_523_550_2050_1857_522_551_2049_432_1856_431_433_521_430_434_448_552_2048_2152_447_449_2151_2153_429_435_446_450_2150_2154_1767_1855_445_451_2149_2155_428_436_520_1766_1768_1765_1769_444_452_644_2148_2156_553_2047_1764_1770_427_437_443_453_645_2147_2157_1763_1771_1854_519_426_438_1762_1772_442_454_554_646_2046_2146_2158_620_425_439_1761_1773_1853_518_455_647_2145_2159_619_555_2045_424_1760_1774_456_648_2144_2160_618_1852_517_1759_1775_1951_423_617_556_2044_1851_727_729_726_730_1977_725_731_1978_724_732_1979_723_733_1980_722_734_1981_721_735_1878_1982_2070_1877_1879_2069_2071_720_736_1880_2072_1881_2073_1882_2074_1983_719_737_1883_2075_824_1884_1964_1984_2076_823_825_718_738_822_826_821_827_1885_2077_820_828_1985_717_739_819_829_1886_2078_818_830_1986_1950_441_1949_1948_1947_2140_1946_2139_1945_561_2138_342_341_343_340_344_1944_562_1850_339_345_2137_338_346_1849_1943_563_337_347_360_2136_359_361_358_362_336_348_1848_357_363_2237_1942_564_356_364_2236_2135_335_349_1847_355_365_2235_2261_1941_565_334_350_354_366_2134_2234_750_2262_1846_353_367_2041_2233_751_2263_566_467_2133_659_352_368_2040_2232_752_2264_468_2132_660_2172_649_2161_650_2162_651_2163_652_2164_653_2165_654_2166_655_2167_656_744_2168_2256_743_745_2255_2257_742_746_2254_2258_741_747_2253_2259_740_748_2252_2260_657_2169_557_749_2251_558_658_2170_2250_559_2249_2171_560_2248_1940_1845_1939_1844_1938_1843_1937_1842_245_333_244_246_243_247_242_248_1936_1841_241_249_332_240_250_1840_1935_239_251_331_351_1839_1934_238_252_330_2039_1838_2038_2042_237_253_1933_2037_2043_2036_329_1673_511_1674_510_321_1657_1749_320_1656_412_1748_2141_2142_2143_457_458_459_2131_460_461_2130_462_2231_2230_2238_2129_369_463_2229_2239_264_464_2128_2228_2240_263_265_262_266_370_261_267_2035_2227_2241_260_268_465_2127_259_269_371_2034_2226_2242_258_270_466_2126_831_832_2080_2079_2081_2082_2083_833_2084_2085_834_923_924_2086_925_926_835_2087_927_836_928_2088_713_1785_929_2089_837_712_1784_1995_930_2090_1783_711_838_805_1782_1899_710_2276_851_936_2184_236_235_1837_234_1836_233_1747_1746_1750_1745_1751_232_328_1744_1752_1835_1743_1753_231_327_1742_1754_1834_1741_1755_230_326_1833_1740_1756_1932_229_325_144_1832_817_816_1888_1887_1889_1890_815_1891_814_1892_1893_1987_813_1988_1894_812_1989_1895_1990_811_915_914_916_913_917_912_918_1896_1991_911_919_810_910_920_1992_1897_809_909_921_1993_1898_716_908_922_808_1792_1791_1793_1790_1794_1994_715_907_1789_1795_1788_1796_807_931_2091_932_2092_933_2093_934_2094_935_2095_573_1024_2096_1023_1025_2183_2185_1022_1026_2182_2186_1021_1027_2181_2187_574_1020_1028_1996_2180_2188_937_2097_473_1019_1029_1997_2179_2189_474_575_2335_938_1018_1030_1998_2098_2178_2190_475_667_839_1017_1031_1999_2177_2191_476_668_2440_2439_2441_2334_2438_2442_939_2099_2437_2443_840_1016_1032_2000_2176_2192_477_669_2436_2444_2333_2355_2435_2445_940_2100_478_670_2434_2446_254_255_256_2032_2031_2033_2030_257_2029_2028_2027_2026_1931_2025_1930_157_156_158_155_159_154_160_2024_1929_153_161_152_162_1928_2023_151_163_1927_2022_150_164_1926_149_165_2021_2125_2124_2243_469_2244_470_2245_471_2246_472_2336_2247_2337_2338_2339_2332_2340_372_2331_2341_373_2330_2342_374_2329_2343_375_567_376_568_2328_2344_377_569_2327_2345_615_616_1776_1684_408_500_1568_1777_407_1567_1685_499_406_598_1566_1586_498_2225_272_2224_271_273_274_2223_275_2222_276_2221_277_2354_2356_2220_278_2353_2357_2219_942_279_664_2352_2358_663_665_2218_2322_2321_2323_943_662_666_280_2320_2324_2319_2325_2351_2359_661_2282_2281_2283_2318_2326_2217_944_2280_2101_281_2279_2317_760_2350_2360_759_761_2199_2278_2102_758_762_176_2216_2316_175_177_1125_945_1124_1126_174_178_282_2277_1123_1127_757_763_173_179_2349_2361_1122_1128_2200_2123_2315_2103_172_180_841_756_764_1121_1129_2215_842_946_171_181_283_843_2122_2314_1120_1130_2104_2275_2201_2348_2362_755_765_844_170_182_378_2175_2214_845_947_1119_1131_671_2274_2105_754_766_2202_846_1042_2347_2363_2451_2450_2452_1118_1132_2449_2453_2174_2448_2454_753_767_2106_1117_1133_2203_2291_2447_2455_2346_2364_2292_2456_2265_2365_2457_2266_2458_2366_570_2267_2459_571_572_2367_55_57_54_58_53_59_52_60_1827_2019_51_61_1826_2018_50_62_1825_2017_49_63_806_804_803_802_1787_1797_801_1786_1798_800_1696_1695_1697_1799_1694_1698_1693_1699_799_903_902_904_1692_1700_1800_709_901_905_708_714_900_906_1691_1701_707_899_798_1801_1690_1702_706_898_1689_1703_705_797_897_1802_704_896_1688_1704_796_1781_1803_703_895_1687_1705_795_850_852_2197_849_853_2198_854_2433_2271_2270_855_2432_479_2269_856_2268_2368_2431_2369_2370_2371_857_2430_2372_1116_2107_858_2429_2373_2374_859_2428_949_950_2375_951_860_2427_2284_952_2376_2285_861_953_2286_2377_954_2287_862_2378_955_863_284_2313_184_2312_285_185_2311_186_286_187_379_2310_287_136_1736_1735_1737_188_380_1734_1738_1733_1739_2309_2416_44_1732_135_2460_43_1731_42_134_1730_2212_2461_66_65_64_2016_41_1729_2211_133_40_1728_2462_2210_75_76_77_132_78_2209_2463_79_80_2208_2464_81_82_2465_83_2466_2467_2468_2469_2470_2471_2108_1115_2109_1114_2110_1113_2007_2111_1112_2006_2008_2005_2009_2004_2010_2196_2011_2195_1216_1111_1215_1217_1214_1218_2012_2194_2204_1213_1219_1212_1220_2013_2193_2205_1110_1211_1221_2014_2206_1210_1222_1109_2015_2207_1033_1209_1223_2173_1900_1901_1902_1903_1008_1904_1007_1009_1006_1010_847_1005_1011_1905_1004_1012_1906_1003_1013_1002_1014_1907_1804_1805_1806_1001_1807_1908_1000_1808_1809_1909_999_1810_1910_998_1811_1911_1224_1225_1226_1227_1228_1134_1229_1135_1230_2299_2298_2300_2297_2301_1136_2296_2302_1231_2295_2303_1232_2294_1137_2293_1233_1138_1234_1139_941_894_1706_893_1707_892_1708_891_1709_890_1710_889_948_1037_2273_1038_1039_1607_1711_848_1040_2272_2288_888_1606_1608_1605_1609_1041_1604_1610_1603_1611_2289_992_1712_887_991_993_794_990_994_1602_1612_989_995_1043_988_996_2290_793_1601_1613_1713_886_987_997_1044_792_1600_1614_986_1714_885_1599_1615_791_985_1715_143_145_142_146_1831_141_147_1830_140_148_1829_139_1828_138_137_1925_48_1824_1924_47_46_45_1923_1922_39_38_56_1920_1921_37_36_35_34_2020_33_67_32_1632_1633_1634_1635_68_1636_31_131_1637_69_30_130_1638_129_1639_70_29_128_1640_71_28_1208_1036_1035_1045_1034_1046_1047_2383_1048_2382_2384_2381_2385_2380_2386_2379_2387_1049_2388_1140_2389_1050_1141_2390_1142_1051_2391_1143_1569_405_409_1570_404_410_1565_1571_403_411_1564_1572_1104_1912_402_1103_1105_1563_1573_1913_1102_401_413_1562_1574_1914_1101_400_414_1472_1471_1473_1561_1575_1470_1474_1469_1475_1915_1100_311_399_415_503_310_312_502_504_1468_1476_1560_1576_309_313_501_505_308_314_506_1467_1477_1916_1099_307_315_507_398_416_1664_1559_1577_1663_1665_1466_1478_1662_1666_306_316_508_1661_1667_1917_1098_1660_1668_1465_1479_305_317_397_417_497_509_1558_1578_1659_1669_304_318_496_1464_1480_1918_1097_1658_1670_396_418_1557_1579_303_319_495_1463_1481_1671_1815_1919_1096_1814_1816_1813_1817_395_419_1812_1818_1819_1200_1095_1199_1201_1198_1202_1820_1197_1203_1196_1204_1821_1094_1195_1205_1822_1194_1093_1823_1193_2308_2307_790_2306_84_1716_85_789_86_2305_1598_87_1717_88_2304_788_1597_89_189_1718_787_1596_90_190_2119_1719_2118_91_2117_786_1595_2116_167_191_984_1088_1616_1720_1087_1089_1617_1086_1090_1618_785_1594_1085_1091_1619_1084_1092_1620_983_1721_784_1504_1083_1621_1503_1505_1593_1502_1506_982_1082_1622_1722_1501_1507_695_783_694_696_1500_1508_1592_1081_1623_693_697_692_698_884_981_1723_1499_1509_1080_1624_691_699_883_782_1591_1498_1510_690_700_882_980_1724_1497_1511_689_701_781_881_1590_688_702_880_1496_1512_780_1589_687_879_1495_1513_779_1235_74_73_1625_1079_1626_1078_1144_2392_2393_2394_2395_1145_2396_1146_2397_2398_1147_1236_1237_1238_2399_1239_1148_1240_1149_1241_1242_1150_1243_1151_183_1192_1191_92_2408_2407_2409_2406_2410_1190_2405_2411_93_2404_2412_2403_2413_94_1189_2402_2414_1188_1187_1186_1185_1184_1727_1183_1106_1182_1206_2415_2417_2418_2419_2420_2421_2422_2423_2424_383_382_381_2425_2426_2472_959_958_957_2473_956_2474_2475_2476_2477_1072_1172_1528_1527_1529_1526_1530_2478_1525_1531_979_1171_1524_1532_1071_1523_1533_978_1170_2479_1522_1534_1070_2480_1207_1108_1107_2003_2002_2001_1686_1683_1682_606_605_604_603_602_1588_1587_601_1585_600_1584_1583_599_1582_1581_166_2121_27_26_25_24_1536_127_1537_126_1538_125_1539_124_1540_23_1641_123_1541_22_122_1542_1642_121_1543_21_1643_120_1544_20_1644_1725_1726_2488_2487_2489_2486_2490_2485_2491_1052_1244_2484_2492_1053_1245_2483_2493_1054_1246_2482_2494_1055_1247_2481_2495_2213_169_2115_2114_2113_72_168_2112_2120_977_976_1520_1519_1521_1518_1517_975_1181_1516_1180_1515_974_1076_1179_1514_1075_1074_973_1178_1073_972_1628_1177_1629_1630_1631_1176_971_878_1175_970_1174_1173_597_596_1580_595_594_593_607_1489_1681_592_608_1488_1490_1680_1487_1491_1679_1486_1492_1678_208_300_1456_1649_1485_1493_1677_223_323_591_609_207_1484_1494_1676_224_1648_1455_299_324_1483_1675_590_610_206_225_1647_1454_1482_298_589_611_778_777_776_1408_1407_1409_1406_1410_775_1405_1411_774_1404_1412_1403_1413_773_1402_1414_772_1401_1415_683_771_875_682_684_874_876_681_685_873_877_680_686_872_1400_1416_679_871_770_678_870_1399_1417_677_769_869_1398_1418_676_868_768_1312_1311_1313_1310_1314_675_867_1309_1315_1397_1419_1308_1316_1077_1627_1169_1535_1069_1168_1068_1556_1555_1554_1553_216_1552_215_217_1655_214_218_1462_1654_213_219_1461_1653_212_220_1460_1652_1551_211_221_1459_1651_210_222_302_322_1458_1550_1650_209_1457_301_1549_1548_19_18_17_16_1440_1441_1442_1443_15_1444_14_1445_1446_13_117_116_118_115_119_114_1447_113_12_112_1448_1545_11_111_1449_1546_110_10_1450_109_1547_9_1436_1437_1166_1165_1167_1164_1438_1163_1162_1061_866_1439_1161_1060_1160_964_865_1159_963_1322_1321_1323_1059_864_1320_1324_1158_962_1319_1325_1318_1326_1058_961_1317_1327_960_1328_1329_1330_1015_2401_1646_95_2400_226_1645_227_297_228_296_1368_1367_1369_1366_1370_1365_1371_295_1364_1372_294_1363_1373_1362_1374_205_293_204_203_202_394_1361_1375_201_393_292_200_392_1360_1376_199_291_391_1359_1377_198_390_290_1358_1378_197_389_1453_289_1778_1779_485_577_8_1344_1345_1346_7_1347_6_1348_5_4_3_2_1_0_1248_1249_1250_1251_1252_1253_1451_1259_1269_1258_1270_1257_1271_97_96_288_1256_1272_1255_1273_1274_516_614_515_613_612_514_513_512_1672_1780_422_421_420_1396_1395_674_1394_673_1393_584_672_1304_1392_583_585_1303_1305_582_586_1302_1306_581_587_1301_1307_580_588_1300_1391_579_1299_578_1298_1390_1297_1389_576_1296_1388_1422_1421_966_1420_965_1331_1332_494_493_492_491_490_489_488_1384_1383_1385_1382_1386_1381_1387_1380_487_1379_486_484_1268_1267_1275_1266_1276_1265_1277_192_1264_1278_193_194_195_1263_1279_196_384_1262_1280_385_386_387_388_1261_1281_1260_1282_1283_1295_1294_1357_1356_1355_1354_1353_104_1352_103_105_102_106_101_107_1351_100_108_99_1350_1452_98_1349_1254_1057_1056_1336_1335_1337_1334_1338_1333_1339_1340_1341_1342_1343_1155_1154_1156_1153_1152_1293_1292_1291_1290_1289_480_1288_481_482_483_1287_969_968_1424_1423_1425_1426_1427_967_1428_1429_1430_1067_1066_1431_1065_1064_1432_1063_1433_1062_1434_1157_1435_1757_1758_1284_1285_1286_,0_1_2_3_4_5_6_7_8_9_10_11_12_13_14_15_16_17_18_19_20_21_22_23_24_25_26_27_28_29_30_31_32_33_34_35_36_37_38_39_40_41_42_43_44_45_46_47_48_49_50_51_52_53_54_55_56_57_58_59_60_61_62_63_64_65_66_67_68_69_70_71_72_73_74_75_76_77_78_79_80_81_82_83_84_85_86_87_88_89_90_91_92_93_94_95_96_97_98_99_100_101_102_103_104_105_106_107_108_109_110_111_112_113_114_115_116_117_118_119_120_121_122_123_124_125_126_127_128_129_130_131_132_133_134_135_136_137_138_139_140_141_142_143_144_145_146_147_148_149_150_151_152_153_154_155_156_157_158_159_160_161_162_163_164_165_166_167_168_169_170_171_172_173_174_175_176_177_178_179_180_181_182_183_184_185_186_187_188_189_190_191_192_193_194_195_196_197_198_199_200_201_202_203_204_205_206_207_208_209_210_211_212_213_214_215_216_217_218_219_220_221_222_223_224_225_226_227_228_229_230_231_232_233_234_235_236_237_238_239_240_241_242_243_244_245_246_247_248_249_250_251_252_253_254_255_256_257_258_259_260_261_262_263_264_265_266_267_268_269_270_271_272_273_274_275_276_277_278_279_280_281_282_283_284_285_286_287_288_289_290_291_292_293_294_295_296_297_298_299_300_301_302_303_304_305_306_307_308_309_310_311_312_313_314_315_316_317_318_319_320_321_322_323_324_325_326_327_328_329_330_331_332_333_334_335_336_337_338_339_340_341_342_343_344_345_346_347_348_349_350_351_352_353_354_355_356_357_358_359_360_361_362_363_364_365_366_367_368_369_370_371_372_373_374_375_376_377_378_379_380_381_382_383_384_385_386_387_388_389_390_391_392_393_394_395_396_397_398_399_400_401_402_403_404_405_406_407_408_409_410_411_412_413_414_415_416_417_418_419_420_421_422_423_424_425_426_427_428_429_430_431_432_433_434_435_436_437_438_439_440_441_442_443_444_445_446_447_448_449_450_451_452_453_454_455_456_457_458_459_460_461_462_463_464_465_466_467_468_469_470_471_472_473_474_475_476_477_478_479_480_481_482_483_484_485_486_487_488_489_490_491_492_493_494_495_496_497_498_499_500_501_502_503_504_505_506_507_508_509_510_511_512_513_514_515_516_517_518_519_520_521_522_523_524_525_526_527_528_529_530_531_532_533_534_535_536_537_538_539_540_541_542_543_544_545_546_547_548_549_550_551_552_553_554_555_556_557_558_559_560_561_562_563_564_565_566_567_568_569_570_571_572_573_574_575_576_577_578_579_580_581_582_583_584_585_586_587_588_589_590_591_592_593_594_595_596_597_598_599_600_601_602_603_604_605_606_607_608_609_610_611_612_613_614_615_616_617_618_619_620_621_622_623_624_625_626_627_628_629_630_631_632_633_634_635_636_637_638_639_640_641_642_643_644_645_646_647_648_649_650_651_652_653_654_655_656_657_658_659_660_661_662_663_664_665_666_667_668_669_670_671_672_673_674_675_676_677_678_679_680_681_682_683_684_685_686_687_688_689_690_691_692_693_694_695_696_697_698_699_700_701_702_703_704_705_706_707_708_709_710_711_712_713_714_715_716_717_718_719_720_721_722_723_724_725_726_727_728_729_730_731_732_733_734_735_736_737_738_739_740_741_742_743_744_745_746_747_748_749_750_751_752_753_754_755_756_757_758_759_760_761_762_763_764_765_766_767_768_769_770_771_772_773_774_775_776_777_778_779_780_781_782_783_784_785_786_787_788_789_790_791_792_793_794_795_796_797_798_799_800_801_802_803_804_805_806_807_808_809_810_811_812_813_814_815_816_817_818_819_820_821_822_823_824_825_826_827_828_829_830_831_832_833_834_835_836_837_838_839_840_841_842_843_844_845_846_847_848_849_850_851_852_853_854_855_856_857_858_859_860_861_862_863_864_865_866_867_868_869_870_871_872_873_874_875_876_877_878_879_880_881_882_883_884_885_886_887_888_889_890_891_892_893_894_895_896_897_898_899_900_901_902_903_904_905_906_907_908_909_910_911_912_913_914_915_916_917_918_919_920_921_922_923_924_925_926_927_928_929_930_931_932_933_934_935_936_937_938_939_940_941_942_943_944_945_946_947_948_949_950_951_952_953_954_955_956_957_958_959_960_961_962_963_964_965_966_967_968_969_970_971_972_973_974_975_976_977_978_979_980_981_982_983_984_985_986_987_988_989_990_991_992_993_994_995_996_997_998_999_1000_1001_1002_1003_1004_1005_1006_1007_1008_1009_1010_1011_1012_1013_1014_1015_1016_1017_1018_1019_1020_1021_1022_1023_1024_1025_1026_1027_1028_1029_1030_1031_1032_1033_1034_1035_1036_1037_1038_1039_1040_1041_1042_1043_1044_1045_1046_1047_1048_1049_1050_1051_1052_1053_1054_1055_1056_1057_1058_1059_1060_1061_1062_1063_1064_1065_1066_1067_1068_1069_1070_1071_1072_1073_1074_1075_1076_1077_1078_1079_1080_1081_1082_1083_1084_1085_1086_1087_1088_1089_1090_1091_1092_1093_1094_1095_1096_1097_1098_1099_1100_1101_1102_1103_1104_1105_1106_1107_1108_1109_1110_1111_1112_1113_1114_1115_1116_1117_1118_1119_1120_1121_1122_1123_1124_1125_1126_1127_1128_1129_1130_1131_1132_1133_1134_1135_1136_1137_1138_1139_1140_1141_1142_1143_1144_1145_1146_1147_1148_1149_1150_1151_1152_1153_1154_1155_1156_1157_1158_1159_1160_1161_1162_1163_1164_1165_1166_1167_1168_1169_1170_1171_1172_1173_1174_1175_1176_1177_1178_1179_1180_1181_1182_1183_1184_1185_1186_1187_1188_1189_1190_1191_1192_1193_1194_1195_1196_1197_1198_1199_1200_1201_1202_1203_1204_1205_1206_1207_1208_1209_1210_1211_1212_1213_1214_1215_1216_1217_1218_1219_1220_1221_1222_1223_1224_1225_1226_1227_1228_1229_1230_1231_1232_1233_1234_1235_1236_1237_1238_1239_1240_1241_1242_1243_1244_1245_1246_1247_1248_1249_1250_1251_1252_1253_1254_1255_1256_1257_1258_1259_1260_1261_1262_1263_1264_1265_1266_1267_1268_1269_1270_1271_1272_1273_1274_1275_1276_1277_1278_1279_1280_1281_1282_1283_1284_1285_1286_1287_1288_1289_1290_1291_1292_1293_1294_1295_1296_1297_1298_1299_1300_1301_1302_1303_1304_1305_1306_1307_1308_1309_1310_1311_1312_1313_1314_1315_1316_1317_1318_1319_1320_1321_1322_1323_1324_1325_1326_1327_1328_1329_1330_1331_1332_1333_1334_1335_1336_1337_1338_1339_1340_1341_1342_1343_1344_1345_1346_1347_1348_1349_1350_1351_1352_1353_1354_1355_1356_1357_1358_1359_1360_1361_1362_1363_1364_1365_1366_1367_1368_1369_1370_1371_1372_1373_1374_1375_1376_1377_1378_1379_1380_1381_1382_1383_1384_1385_1386_1387_1388_1389_1390_1391_1392_1393_1394_1395_1396_1397_1398_1399_1400_1401_1402_1403_1404_1405_1406_1407_1408_1409_1410_1411_1412_1413_1414_1415_1416_1417_1418_1419_1420_1421_1422_1423_1424_1425_1426_1427_1428_1429_1430_1431_1432_1433_1434_1435_1436_1437_1438_1439_1440_1441_1442_1443_1444_1445_1446_1447_1448_1449_1450_1451_1452_1453_1454_1455_1456_1457_1458_1459_1460_1461_1462_1463_1464_1465_1466_1467_1468_1469_1470_1471_1472_1473_1474_1475_1476_1477_1478_1479_1480_1481_1482_1483_1484_1485_1486_1487_1488_1489_1490_1491_1492_1493_1494_1495_1496_1497_1498_1499_1500_1501_1502_1503_1504_1505_1506_1507_1508_1509_1510_1511_1512_1513_1514_1515_1516_1517_1518_1519_1520_1521_1522_1523_1524_1525_1526_1527_1528_1529_1530_1531_1532_1533_1534_1535_1536_1537_1538_1539_1540_1541_1542_1543_1544_1545_1546_1547_1548_1549_1550_1551_1552_1553_1554_1555_1556_1557_1558_1559_1560_1561_1562_1563_1564_1565_1566_1567_1568_1569_1570_1571_1572_1573_1574_1575_1576_1577_1578_1579_1580_1581_1582_1583_1584_1585_1586_1587_1588_1589_1590_1591_1592_1593_1594_1595_1596_1597_1598_1599_1600_1601_1602_1603_1604_1605_1606_1607_1608_1609_1610_1611_1612_1613_1614_1615_1616_1617_1618_1619_1620_1621_1622_1623_1624_1625_1626_1627_1628_1629_1630_1631_1632_1633_1634_1635_1636_1637_1638_1639_1640_1641_1642_1643_1644_1645_1646_1647_1648_1649_1650_1651_1652_1653_1654_1655_1656_1657_1658_1659_1660_1661_1662_1663_1664_1665_1666_1667_1668_1669_1670_1671_1672_1673_1674_1675_1676_1677_1678_1679_1680_1681_1682_1683_1684_1685_1686_1687_1688_1689_1690_1691_1692_1693_1694_1695_1696_1697_1698_1699_1700_1701_1702_1703_1704_1705_1706_1707_1708_1709_1710_1711_1712_1713_1714_1715_1716_1717_1718_1719_1720_1721_1722_1723_1724_1725_1726_1727_1728_1729_1730_1731_1732_1733_1734_1735_1736_1737_1738_1739_1740_1741_1742_1743_1744_1745_1746_1747_1748_1749_1750_1751_1752_1753_1754_1755_1756_1757_1758_1759_1760_1761_1762_1763_1764_1765_1766_1767_1768_1769_1770_1771_1772_1773_1774_1775_1776_1777_1778_1779_1780_1781_1782_1783_1784_1785_1786_1787_1788_1789_1790_1791_1792_1793_1794_1795_1796_1797_1798_1799_1800_1801_1802_1803_1804_1805_1806_1807_1808_1809_1810_1811_1812_1813_1814_1815_1816_1817_1818_1819_1820_1821_1822_1823_1824_1825_1826_1827_1828_1829_1830_1831_1832_1833_1834_1835_1836_1837_1838_1839_1840_1841_1842_1843_1844_1845_1846_1847_1848_1849_1850_1851_1852_1853_1854_1855_1856_1857_1858_1859_1860_1861_1862_1863_1864_1865_1866_1867_1868_1869_1870_1871_1872_1873_1874_1875_1876_1877_1878_1879_1880_1881_1882_1883_1884_1885_1886_1887_1888_1889_1890_1891_1892_1893_1894_1895_1896_1897_1898_1899_1900_1901_1902_1903_1904_1905_1906_1907_1908_1909_1910_1911_1912_1913_1914_1915_1916_1917_1918_1919_1920_1921_1922_1923_1924_1925_1926_1927_1928_1929_1930_1931_1932_1933_1934_1935_1936_1937_1938_1939_1940_1941_1942_1943_1944_1945_1946_1947_1948_1949_1950_1951_1952_1953_1954_1955_1956_1957_1958_1959_1960_1961_1962_1963_1964_1965_1966_1967_1968_1969_1970_1971_1972_1973_1974_1975_1976_1977_1978_1979_1980_1981_1982_1983_1984_1985_1986_1987_1988_1989_1990_1991_1992_1993_1994_1995_1996_1997_1998_1999_2000_2001_2002_2003_2004_2005_2006_2007_2008_2009_2010_2011_2012_2013_2014_2015_2016_2017_2018_2019_2020_2021_2022_2023_2024_2025_2026_2027_2028_2029_2030_2031_2032_2033_2034_2035_2036_2037_2038_2039_2040_2041_2042_2043_2044_2045_2046_2047_2048_2049_2050_2051_2052_2053_2054_2055_2056_2057_2058_2059_2060_2061_2062_2063_2064_2065_2066_2067_2068_2069_2070_2071_2072_2073_2074_2075_2076_2077_2078_2079_2080_2081_2082_2083_2084_2085_2086_2087_2088_2089_2090_2091_2092_2093_2094_2095_2096_2097_2098_2099_2100_2101_2102_2103_2104_2105_2106_2107_2108_2109_2110_2111_2112_2113_2114_2115_2116_2117_2118_2119_2120_2121_2122_2123_2124_2125_2126_2127_2128_2129_2130_2131_2132_2133_2134_2135_2136_2137_2138_2139_2140_2141_2142_2143_2144_2145_2146_2147_2148_2149_2150_2151_2152_2153_2154_2155_2156_2157_2158_2159_2160_2161_2162_2163_2164_2165_2166_2167_2168_2169_2170_2171_2172_2173_2174_2175_2176_2177_2178_2179_2180_2181_2182_2183_2184_2185_2186_2187_2188_2189_2190_2191_2192_2193_2194_2195_2196_2197_2198_2199_2200_2201_2202_2203_2204_2205_2206_2207_2208_2209_2210_2211_2212_2213_2214_2215_2216_2217_2218_2219_2220_2221_2222_2223_2224_2225_2226_2227_2228_2229_2230_2231_2232_2233_2234_2235_2236_2237_2238_2239_2240_2241_2242_2243_2244_2245_2246_2247_2248_2249_2250_2251_2252_2253_2254_2255_2256_2257_2258_2259_2260_2261_2262_2263_2264_2265_2266_2267_2268_2269_2270_2271_2272_2273_2274_2275_2276_2277_2278_2279_2280_2281_2282_2283_2284_2285_2286_2287_2288_2289_2290_2291_2292_2293_2294_2295_2296_2297_2298_2299_2300_2301_2302_2303_2304_2305_2306_2307_2308_2309_2310_2311_2312_2313_2314_2315_2316_2317_2318_2319_2320_2321_2322_2323_2324_2325_2326_2327_2328_2329_2330_2331_2332_2333_2334_2335_2336_2337_2338_2339_2340_2341_2342_2343_2344_2345_2346_2347_2348_2349_2350_2351_2352_2353_2354_2355_2356_2357_2358_2359_2360_2361_2362_2363_2364_2365_2366_2367_2368_2369_2370_2371_2372_2373_2374_2375_2376_2377_2378_2379_2380_2381_2382_2383_2384_2385_2386_2387_2388_2389_2390_2391_2392_2393_2394_2395_2396_2397_2398_2399_2400_2401_2402_2403_2404_2405_2406_2407_2408_2409_2410_2411_2412_2413_2414_2415_2416_2417_2418_2419_2420_2421_2422_2423_2424_2425_2426_2427_2428_2429_2430_2431_2432_2433_2434_2435_2436_2437_2438_2439_2440_2441_2442_2443_2444_2445_2446_2447_2448_2449_2450_2451_2452_2453_2454_2455_2456_2457_2458_2459_2460_2461_2462_2463_2464_2465_2466_2467_2468_2469_2470_2471_2472_2473_2474_2475_2476_2477_2478_2479_2480_2481_2482_2483_2484_2485_2486_2487_2488_2489_2490_2491_2492_2493_2494_2495_,10:{8;1344;1345;1346;7;1347;6;1348;5;4;3;2;1;0;1248;1249;1250;1251;1252;1253;}21:{19;18;17;16;1440;1441;1442;1443;15;1444;14;1445;1446;13;117;116;118;115;119;114;1447;113;12;112;1448;1545;11;111;1449;1546;110;10;1450;109;1547;9;}59:{56;1920;1921;2020;67;68;69;70;71;}77:{74;73;}162:{66;65;64;2016;}165:{166;2121;}171:{2212;2211;2210;75;76;77;78;2209;79;80;2208;81;82;83;}179:{2308;2307;2306;84;85;86;2305;87;88;2304;89;189;90;190;2119;2118;91;2117;2116;167;191;}182:{183;92;2408;2407;2409;2406;2410;2405;2411;93;2404;2412;2403;2413;94;2402;2414;}188:{2401;95;2400;}197:{1259;1269;1258;1270;1257;1271;97;96;288;1256;1272;1255;1273;1274;}203:{1451;}223:{1646;226;1645;227;228;}253:{254;255;256;2032;2031;2033;2030;257;2029;2028;2027;2026;1931;2025;1930;157;156;158;155;159;154;160;2024;1929;153;161;152;162;1928;2023;151;163;1927;2022;150;164;1926;149;165;2021;2125;2124;}276:{284;2313;184;2312;285;185;2311;186;286;187;379;2310;287;188;380;2309;2416;}301:{297;296;1368;1367;1369;1366;1370;1365;1371;295;1364;1372;294;1363;1373;1362;1374;205;293;204;203;202;394;1361;1375;201;393;292;200;392;1360;1376;199;291;391;1359;1377;198;390;290;1358;1378;197;389;1453;289;}310:{208;300;1456;207;1455;299;206;1454;298;}313:{1649;223;323;224;1648;324;225;1647;}341:{1940;1845;1939;1844;1938;1843;1937;1842;245;333;244;246;243;247;242;248;1936;1841;241;249;332;240;250;1840;1935;239;251;331;351;1839;1934;238;252;330;2039;1838;2038;2042;237;253;1933;2037;2043;2036;329;}393:{1284;1285;1286;}407:{1569;405;409;1570;404;410;1565;1571;403;411;1564;1572;402;1563;1573;401;413;1562;1574;400;414;1472;1471;1473;1561;1575;1470;1474;1469;1475;311;399;415;503;310;312;502;504;1468;1476;1560;1576;309;313;501;505;308;314;506;1467;1477;307;315;507;398;416;1664;1559;1577;1663;1665;1466;1478;1662;1666;306;316;508;1661;1667;1660;1668;1465;1479;305;317;397;417;497;509;1558;1578;1659;1669;304;318;496;1464;1480;1658;1670;396;418;1557;1579;303;319;495;1463;1481;1671;395;419;}424:{321;1657;1749;320;1656;412;1748;}438:{1950;441;1949;1948;1947;1946;1945;342;341;343;340;344;1944;1850;339;345;338;346;1849;1943;337;347;336;348;1848;1942;335;349;1847;1941;334;350;1846;}456:{2140;2139;2138;2137;360;2136;359;361;358;362;357;363;2237;356;364;2236;2135;355;365;2235;354;366;2134;2234;353;367;2041;2233;467;2133;352;368;2040;2232;468;2132;}465:{2243;469;2244;470;2245;471;2246;472;2336;2247;2337;2338;2339;2332;2340;372;2331;2341;373;2330;2342;374;2329;2343;375;567;376;568;2328;2344;377;569;2327;2345;}496:{494;493;492;491;490;489;488;1384;1383;1385;1382;1386;1381;1387;1380;487;1379;486;484;}510:{408;500;1568;407;1567;499;406;598;1566;1586;498;}518:{1778;1779;}554:{561;562;563;564;565;566;}566:{573;574;473;474;575;2335;475;667;476;668;2440;2439;2441;2334;2438;2442;2437;2443;477;669;2436;2444;2333;2355;2435;2445;478;670;2434;2446;}589:{485;577;}648:{649;2161;650;2162;651;2163;652;2164;653;2165;654;2166;655;2167;656;744;2168;2256;743;745;2255;2257;742;746;2254;2258;741;747;2253;2259;740;748;2252;2260;657;2169;557;749;2251;558;658;2170;2250;559;2249;2171;560;2248;}678:{1295;1294;}779:{778;777;776;1408;1407;1409;1406;1410;775;1405;1411;774;1404;1412;1403;1413;773;1402;1414;772;1401;1415;683;771;875;682;684;874;876;681;685;873;877;680;686;872;1400;1416;679;871;770;678;870;1399;1417;677;769;869;1398;1418;676;868;768;1312;1311;1313;1310;1314;675;867;1309;1315;1397;1419;1308;1316;}791:{790;789;1598;788;1597;787;1596;786;1595;785;1594;784;1504;1503;1505;1593;1502;1506;1501;1507;695;783;694;696;1500;1508;1592;693;697;692;698;884;1499;1509;691;699;883;782;1591;1498;1510;690;700;882;1497;1511;689;701;781;881;1590;688;702;880;1496;1512;780;1589;687;879;1495;1513;779;}807:{806;804;803;802;1787;1797;801;1786;1798;800;1696;1695;1697;1799;1694;1698;1693;1699;799;903;902;904;1692;1700;1800;709;901;905;708;714;900;906;1691;1701;707;899;798;1801;1690;1702;706;898;1689;1703;705;797;897;1802;704;896;1688;1704;796;1781;1803;703;895;1687;1705;795;}818:{1899;}819:{817;816;1888;1887;1889;1890;815;1891;814;1892;1893;1987;813;1988;1894;812;1989;1895;1990;811;915;914;916;913;917;912;918;1896;1991;911;919;810;910;920;1992;1897;809;909;921;1993;1898;716;908;922;808;1792;1791;1793;1790;1794;1994;715;907;1789;1795;1788;1796;807;}826:{831;832;2080;2079;2081;2082;2083;833;2084;2085;834;923;924;2086;925;926;835;2087;927;836;928;2088;929;2089;837;1995;930;2090;838;}851:{850;852;849;853;854;2271;2270;855;2269;856;2268;2368;2369;2370;2371;857;2372;858;2373;2374;859;949;950;2375;951;860;952;2376;861;953;2377;954;862;2378;955;863;}936:{2284;2285;2286;2287;}940:{941;948;1037;2273;1038;1039;848;1040;2272;2288;1041;2289;1043;2290;1044;}971:{1422;1421;966;1420;965;1331;1332;}974:{969;968;1424;1423;1425;1426;1427;967;1428;1429;1430;1067;1066;1431;1065;1064;1432;1063;1433;1062;1434;}982:{977;976;1520;1519;1521;1518;1517;975;1516;1515;974;1076;1514;1075;1074;973;1073;972;971;878;970;}992:{1716;1717;1718;1719;984;1088;1616;1720;1087;1089;1617;1086;1090;1618;1085;1091;1619;1084;1092;1620;983;1721;1083;1621;982;1082;1622;1722;1081;1623;981;1723;1080;1624;980;1724;}1028:{2197;2198;1116;2107;}1029:{2101;2199;2102;1125;1124;1126;1123;1127;1122;1128;2200;2103;1121;1129;1120;1130;2104;2201;1119;1131;2105;2202;1118;1132;2106;1117;1133;2203;2291;2292;}1059:{1057;1056;1336;1335;1337;1334;1338;1333;1339;1340;1341;1342;1343;1155;1154;1156;1153;1152;}1070:{1436;1437;1166;1165;1167;1164;1438;1163;1162;1061;1439;1161;1060;1160;1159;1059;1158;1058;}1080:{1077;1627;1169;1535;1069;1168;1068;}1082:{1072;1172;1528;1527;1529;1526;1530;1525;1531;979;1171;1524;1532;1071;1523;1533;978;1170;1522;1534;1070;}1098:{1725;1726;}1117:{1015;}1118:{1208;}1139:{1144;2392;2393;2394;2395;1145;2396;1146;2397;2398;1147;1236;1237;1238;2399;1239;1148;1240;1149;1241;1242;1150;1243;1151;}1144:{2488;2487;2489;2486;2490;2485;2491;1052;1244;2484;2492;1053;1245;2483;2493;1054;1246;2482;2494;1055;1247;2481;2495;}1156:{1157;1435;}1194:{1192;1191;1190;1189;1188;1187;1186;1185;1184;1727;1183;1106;1182;1206;}1223:{1235;}1271:{1268;1267;1275;1266;1276;1265;1277;192;1264;1278;193;194;195;1263;1279;196;384;1262;1280;385;386;387;388;1261;1281;1260;1282;1283;}1299:{1293;1292;1291;1290;1289;480;1288;481;482;483;1287;}1358:{1357;1356;1355;1354;1353;104;1352;103;105;102;106;101;107;1351;100;108;99;1350;1452;98;1349;1254;}1400:{1396;1395;674;1394;673;1393;584;672;1304;1392;583;585;1303;1305;582;586;1302;1306;581;587;1301;1307;580;588;1300;1391;579;1299;578;1298;1390;1297;1389;576;1296;1388;}1418:{866;964;865;963;1322;1321;1323;864;1320;1324;962;1319;1325;1318;1326;961;1317;1327;960;1328;1329;1330;}1560:{1556;1555;1554;1553;216;1552;215;217;1655;214;218;1462;1654;213;219;1461;1653;212;220;1460;1652;1551;211;221;1459;1651;210;222;302;322;1458;1550;1650;209;1457;301;1549;1548;}1585:{597;596;1580;595;594;593;607;1489;1681;592;608;1488;1490;1680;1487;1491;1679;1486;1492;1678;1485;1493;1677;591;609;1484;1494;1676;1483;1675;590;610;1482;589;611;}1632:{27;26;25;24;1536;127;1537;126;1538;125;1539;124;1540;23;1641;123;1541;22;122;1542;1642;121;1543;21;1643;120;1544;20;1644;}1673:{615;616;1776;1684;1777;1685;}1685:{1686;1683;1682;606;605;604;603;602;1588;1587;601;1585;600;1584;1583;599;1582;1581;}1703:{894;1706;893;1707;892;1708;891;1709;890;1710;889;1607;1711;888;1606;1608;1605;1609;1604;1610;1603;1611;992;1712;887;991;993;794;990;994;1602;1612;989;995;988;996;793;1601;1613;1713;886;987;997;792;1600;1614;986;1714;885;1599;1615;791;985;1715;}1714:{1625;1079;1626;1078;}1724:{1181;1180;1179;1178;1628;1177;1629;1630;1631;1176;1175;1174;1173;}1728:{39;38;37;36;35;34;33;32;1632;1633;1634;1635;1636;31;131;1637;30;130;1638;129;1639;29;128;1640;28;}1752:{1757;1758;}1762:{1673;511;1674;510;}1771:{516;614;515;613;612;514;513;512;1672;1780;422;421;420;}1832:{136;1736;1735;1737;1734;1738;1733;1739;44;1732;135;43;1731;42;134;1730;41;1729;133;40;1728;132;}1834:{143;145;142;146;1831;141;147;1830;140;148;1829;139;1828;138;137;1925;48;1824;1924;47;46;45;1923;1922;}1844:{236;235;1837;234;1836;233;1747;1746;1750;1745;1751;232;328;1744;1752;1835;1743;1753;231;327;1742;1754;1834;1741;1755;230;326;1833;1740;1756;1932;229;325;144;1832;}1863:{1859;524;1858;523;1857;522;432;1856;431;433;521;430;434;429;435;1767;1855;428;436;520;1766;1768;1765;1769;1764;1770;427;437;1763;1771;1854;519;426;438;1762;1772;620;425;439;1761;1773;1853;518;619;424;1760;1774;618;1852;517;1759;1775;1951;423;617;1851;}1886:{713;1785;712;1784;1783;711;805;1782;710;}1899:{1900;1901;1902;1903;1008;1904;1007;1009;1006;1010;1005;1011;1905;1004;1012;1906;1003;1013;1002;1014;1907;1804;1805;1806;1001;1807;1908;1000;1808;1809;1909;999;1810;1910;998;1811;1911;}1911:{1104;1912;1103;1105;1913;1102;1914;1101;1915;1100;1916;1099;1917;1098;1918;1097;1815;1919;1096;1814;1816;1813;1817;1812;1818;1819;1200;1095;1199;1201;1198;1202;1820;1197;1203;1196;1204;1821;1094;1195;1205;1822;1194;1093;1823;1193;}1929:{55;57;54;58;53;59;52;60;1827;2019;51;61;1826;2018;50;62;1825;2017;49;63;}1964:{1963;1965;1962;1966;1961;1967;536;632;1960;1968;535;537;631;633;534;538;630;634;533;539;629;635;1959;1969;532;540;628;636;1958;1970;531;541;627;637;1957;1971;530;542;626;638;1868;1956;1972;2060;529;543;625;639;1867;1869;2059;2061;1866;1870;2058;2062;1865;1871;2057;2063;528;544;624;640;1864;1872;2056;2064;1955;1973;1863;1873;2055;2065;527;545;623;641;1862;1874;1954;1974;2054;2066;1861;1875;2053;2067;526;546;622;642;1953;1975;1860;1876;2052;2068;525;547;621;643;440;728;1952;1976;}1974:{727;729;726;730;1977;725;731;1978;724;732;1979;723;733;1980;722;734;1981;721;735;1878;1982;2070;1877;1879;2069;2071;720;736;1880;2072;1881;2073;1882;2074;1983;719;737;1883;2075;824;1884;1964;1984;2076;823;825;718;738;822;826;821;827;1885;2077;820;828;1985;717;739;819;829;1886;2078;818;830;1986;}2013:{1207;1108;1107;2003;2002;2001;}2056:{548;549;2051;550;2050;551;2049;448;552;2048;2152;447;449;2151;2153;446;450;2150;2154;445;451;2149;2155;444;452;644;2148;2156;553;2047;443;453;645;2147;2157;442;454;554;646;2046;2146;2158;455;647;2145;2159;555;2045;456;648;2144;2160;556;2044;}2088:{931;2091;932;2092;933;2093;934;2094;935;2095;1024;2096;1023;1025;2183;2185;1022;1026;2182;2186;1021;1027;2181;2187;1020;1028;1996;2180;2188;937;2097;1019;1029;1997;2179;2189;938;1018;1030;1998;2098;2178;2190;839;1017;1031;1999;2177;2191;939;2099;840;1016;1032;2000;2176;2192;940;2100;}2103:{2108;1115;2109;1114;2110;1113;2007;2111;1112;2006;2008;2005;2009;2004;2010;2196;2011;2195;1216;1111;1215;1217;1214;1218;2012;2194;2204;1213;1219;1212;1220;2013;2193;2205;1110;1211;1221;2014;2206;1210;1222;1109;2015;2207;1033;1209;1223;}2138:{2141;2142;2143;457;458;459;2131;460;461;2130;462;2231;2230;2238;2129;369;463;2229;2239;264;464;2128;2228;2240;263;265;262;266;370;261;267;2035;2227;2241;260;268;465;2127;259;269;371;2034;2226;2242;258;270;466;2126;}2160:{2261;750;2262;751;2263;659;752;2264;660;2172;}2167:{2173;847;}2172:{2276;851;936;2184;}2186:{942;943;2282;2281;2283;944;2280;2279;2278;945;2277;841;842;946;843;2275;844;2175;845;947;2274;846;1042;2174;}2203:{1224;1225;1226;1227;1228;1134;1229;1135;1230;2299;2298;2300;2297;2301;1136;2296;2302;1231;2295;2303;1232;2294;1137;2293;1233;1138;1234;1139;}2212:{2213;169;2115;2114;2113;72;168;2112;2120;}2226:{2225;272;2224;271;273;274;2223;275;2222;276;2221;277;2220;278;2219;279;2218;2322;2321;2323;280;2320;2324;2319;2325;2318;2326;2217;281;2317;176;2216;2316;175;177;174;178;282;173;179;2123;2315;172;180;2215;171;181;283;2122;2314;170;182;378;2214;}2287:{1036;1035;1045;1034;1046;1047;2383;1048;2382;2384;2381;2385;2380;2386;2379;2387;1049;2388;1140;2389;1050;1141;2390;1142;1051;2391;1143;}2355:{2354;2356;2353;2357;664;2352;2358;663;665;662;666;2351;2359;661;760;2350;2360;759;761;758;762;757;763;2349;2361;756;764;2348;2362;755;765;671;754;766;2347;2363;2451;2450;2452;2449;2453;2448;2454;753;767;2447;2455;2346;2364;2456;2265;2365;2457;2266;2458;2366;570;2267;2459;571;572;2367;}2416:{2415;2417;2418;2419;2420;2421;2422;2423;2424;383;382;381;2425;2426;}2439:{2433;2432;479;2431;2430;2429;2428;2427;}2459:{2460;2461;2462;2463;2464;2465;2466;2467;2468;2469;2470;2471;}2468:{2472;959;958;957;2473;956;2474;2475;2476;2477;2478;2479;2480;},133_134_135_136_137_167_168_169_170_171_219_220_276_277_309_310_378_379_401_402_478_479_496_497_575_592_593_671_689_690_766_767_789_790_858_859_891_892_948_949_997_998_999_1000_1001_1031_1032_1033_1034_1035_1475_1476_1477_1478_1479_1480_1481_1482_1483_1484_1485_1486_1487_1488_1489_1490_1491_1492_1493_1555_1556_1557_1603_1604_1605_1643_1644_1645_1707_1708_1709_1735_1736_1808_1809_1828_1829_1907_1908_1923_1924_1925_2003_2004_2005_2020_2021_2099_2100_2119_2120_2192_2193_2219_2220_2221_2283_2284_2285_2323_2324_2325_2371_2372_2373_2435_2436_2437_2438_2439_2440_2441_2442_2443_2444_2445_2446_2447_2448_2449_2450_2451_2452_2453_,1964-1963*0_1964-1965*0_1964-1962*0_1964-1966*0_1964-1961*0_1964-1967*0_1964-536*0_1964-632*0_1964-1960*0_1964-1968*0_1964-535*0_1964-537*0_1964-631*0_1964-633*0_1964-534*0_1964-538*0_1964-630*0_1964-634*0_1964-533*0_1964-539*0_1964-629*0_1964-635*0_1964-1959*0_1964-1969*0_1964-532*0_1964-540*0_1964-628*0_1964-636*0_1964-1958*0_1964-1970*0_1964-531*0_1964-541*0_1964-627*0_1964-637*0_1964-1957*0_1964-1971*0_1964-530*0_1964-542*0_1964-626*0_1964-638*0_1964-1868*0_1964-1956*0_1964-1972*0_1964-2060*0_1964-529*0_1964-543*0_1964-625*0_1964-639*0_1964-1867*0_1964-1869*0_1964-2059*0_1964-2061*0_1964-1866*0_1964-1870*0_1964-2058*0_1964-2062*0_1964-1865*0_1964-1871*0_1964-2057*0_1964-2063*0_1964-528*0_1964-544*0_1964-624*0_1964-640*0_1964-1864*0_1964-1872*0_1964-2056*0_1964-2064*0_1964-1955*0_1964-1973*0_1964-1863*0_1964-1873*0_1964-2055*0_1964-2065*0_1964-527*0_1964-545*0_1964-623*0_1964-641*0_1964-1862*0_1964-1874*0_1964-1954*0_1964-1974*0_1964-2054*0_1964-2066*0_1964-1861*0_1964-1875*0_1964-2053*0_1964-2067*0_1964-526*0_1964-546*0_1964-622*0_1964-642*0_1964-1953*0_1964-1975*0_1964-1860*0_1964-1876*0_1964-2052*0_1964-2068*0_1964-525*0_1964-547*0_1964-621*0_1964-643*0_1964-440*0_1964-728*0_1964-1952*0_1964-1976*0_2056-548*1_1863-1859*1_1863-524*1_2056-549*1_2056-2051*1_1863-1858*1_1863-523*1_2056-550*1_2056-2050*1_1863-1857*1_1863-522*1_2056-551*1_2056-2049*1_1863-432*1_1863-1856*1_1863-431*1_1863-433*1_1863-521*1_1863-430*1_1863-434*1_2056-448*1_2056-552*1_2056-2048*1_2056-2152*1_2056-447*1_2056-449*1_2056-2151*1_2056-2153*1_1863-429*1_1863-435*1_2056-446*1_2056-450*1_2056-2150*1_2056-2154*1_1863-1767*1_1863-1855*1_2056-445*1_2056-451*1_2056-2149*1_2056-2155*1_1863-428*1_1863-436*1_1863-520*1_1863-1766*1_1863-1768*1_1863-1765*1_1863-1769*1_2056-444*1_2056-452*1_2056-644*1_2056-2148*1_2056-2156*1_2056-553*1_2056-2047*1_1863-1764*1_1863-1770*1_1863-427*1_1863-437*1_2056-443*1_2056-453*1_2056-645*1_2056-2147*1_2056-2157*1_1863-1763*1_1863-1771*1_1863-1854*1_1863-519*1_1863-426*1_1863-438*1_1863-1762*1_1863-1772*1_2056-442*1_2056-454*1_2056-554*1_2056-646*1_2056-2046*1_2056-2146*1_2056-2158*1_1863-620*1_1863-425*1_1863-439*1_1863-1761*1_1863-1773*1_1863-1853*1_1863-518*1_2056-455*1_2056-647*1_2056-2145*1_2056-2159*1_1863-619*1_2056-555*1_2056-2045*1_1863-424*1_1863-1760*1_1863-1774*1_2056-456*1_2056-648*1_2056-2144*1_2056-2160*1_1863-618*1_1863-1852*1_1863-517*1_1863-1759*1_1863-1775*1_1863-1951*1_1863-423*1_1863-617*1_2056-556*1_2056-2044*1_1863-1851*1_1974-727*1_1974-729*1_1974-726*1_1974-730*1_1974-1977*1_1974-725*1_1974-731*1_1974-1978*1_1974-724*1_1974-732*1_1974-1979*1_1974-723*1_1974-733*1_1974-1980*1_1974-722*1_1974-734*1_1974-1981*1_1974-721*1_1974-735*1_1974-1878*1_1974-1982*1_1974-2070*1_1974-1877*1_1974-1879*1_1974-2069*1_1974-2071*1_1974-720*1_1974-736*1_1974-1880*1_1974-2072*1_1974-1881*1_1974-2073*1_1974-1882*1_1974-2074*1_1974-1983*1_1974-719*1_1974-737*1_1974-1883*1_1974-2075*1_1974-824*1_1974-1884*1_1974-1964*1_1974-1984*1_1974-2076*1_1974-823*1_1974-825*1_1974-718*1_1974-738*1_1974-822*1_1974-826*1_1974-821*1_1974-827*1_1974-1885*1_1974-2077*1_1974-820*1_1974-828*1_1974-1985*1_1974-717*1_1974-739*1_1974-819*1_1974-829*1_1974-1886*1_1974-2078*1_1974-818*1_1974-830*1_1974-1986*1_438-1950*2_438-441*2_438-1949*2_438-1948*2_438-1947*2_456-2140*2_438-1946*2_456-2139*2_438-1945*2_554-561*2_456-2138*2_438-342*2_438-341*2_438-343*2_438-340*2_438-344*2_438-1944*2_554-562*2_438-1850*2_438-339*2_438-345*2_456-2137*2_438-338*2_438-346*2_438-1849*2_438-1943*2_554-563*2_438-337*2_438-347*2_456-360*2_456-2136*2_456-359*2_456-361*2_456-358*2_456-362*2_438-336*2_438-348*2_438-1848*2_456-357*2_456-363*2_456-2237*2_438-1942*2_554-564*2_456-356*2_456-364*2_456-2236*2_456-2135*2_438-335*2_438-349*2_438-1847*2_456-355*2_456-365*2_456-2235*2_2160-2261*2_438-1941*2_554-565*2_438-334*2_438-350*2_456-354*2_456-366*2_456-2134*2_456-2234*2_2160-750*2_2160-2262*2_438-1846*2_456-353*2_456-367*2_456-2041*2_456-2233*2_2160-751*2_2160-2263*2_554-566*2_456-467*2_456-2133*2_2160-659*2_456-352*2_456-368*2_456-2040*2_456-2232*2_2160-752*2_2160-2264*2_456-468*2_456-2132*2_2160-660*2_2160-2172*2_648-649*2_648-2161*2_648-650*2_648-2162*2_648-651*2_648-2163*2_648-652*2_648-2164*2_648-653*2_648-2165*2_648-654*2_648-2166*2_648-655*2_648-2167*2_648-656*2_648-744*2_648-2168*2_648-2256*2_648-743*2_648-745*2_648-2255*2_648-2257*2_648-742*2_648-746*2_648-2254*2_648-2258*2_648-741*2_648-747*2_648-2253*2_648-2259*2_648-740*2_648-748*2_648-2252*2_648-2260*2_648-657*2_648-2169*2_648-557*2_648-749*2_648-2251*2_648-558*2_648-658*2_648-2170*2_648-2250*2_648-559*2_648-2249*2_648-2171*2_648-560*2_648-2248*2_341-1940*3_341-1845*3_341-1939*3_341-1844*3_341-1938*3_341-1843*3_341-1937*3_341-1842*3_341-245*3_341-333*3_341-244*3_341-246*3_341-243*3_341-247*3_341-242*3_341-248*3_341-1936*3_341-1841*3_341-241*3_341-249*3_341-332*3_341-240*3_341-250*3_341-1840*3_341-1935*3_341-239*3_341-251*3_341-331*3_341-351*3_341-1839*3_341-1934*3_341-238*3_341-252*3_341-330*3_341-2039*3_341-1838*3_341-2038*3_341-2042*3_341-237*3_341-253*3_341-1933*3_341-2037*3_341-2043*3_341-2036*3_341-329*3_1762-1673*2_1762-511*2_1762-1674*2_1762-510*2_424-321*2_424-1657*2_424-1749*2_424-320*2_424-1656*2_424-412*2_424-1748*2_2138-2141*3_2138-2142*3_2138-2143*3_2138-457*3_2138-458*3_2138-459*3_2138-2131*3_2138-460*3_2138-461*3_2138-2130*3_2138-462*3_2138-2231*3_2138-2230*3_2138-2238*3_2138-2129*3_2138-369*3_2138-463*3_2138-2229*3_2138-2239*3_2138-264*3_2138-464*3_2138-2128*3_2138-2228*3_2138-2240*3_2138-263*3_2138-265*3_2138-262*3_2138-266*3_2138-370*3_2138-261*3_2138-267*3_2138-2035*3_2138-2227*3_2138-2241*3_2138-260*3_2138-268*3_2138-465*3_2138-2127*3_2138-259*3_2138-269*3_2138-371*3_2138-2034*3_2138-2226*3_2138-2242*3_2138-258*3_2138-270*3_2138-466*3_2138-2126*3_826-831*2_826-832*2_826-2080*2_826-2079*2_826-2081*2_826-2082*2_826-2083*2_826-833*2_826-2084*2_826-2085*2_826-834*2_826-923*2_826-924*2_826-2086*2_826-925*2_826-926*2_826-835*2_826-2087*2_826-927*2_826-836*2_826-928*2_826-2088*2_1886-713*2_1886-1785*2_826-929*2_826-2089*2_826-837*2_1886-712*2_1886-1784*2_826-1995*2_826-930*2_826-2090*2_1886-1783*2_1886-711*2_826-838*2_1886-805*2_1886-1782*2_818-1899*2_1886-710*2_2172-2276*3_2172-851*3_2172-936*3_2172-2184*3_1844-236*4_1844-235*4_1844-1837*4_1844-234*4_1844-1836*4_1844-233*4_1844-1747*4_1844-1746*4_1844-1750*4_1844-1745*4_1844-1751*4_1844-232*4_1844-328*4_1844-1744*4_1844-1752*4_1844-1835*4_1844-1743*4_1844-1753*4_1844-231*4_1844-327*4_1844-1742*4_1844-1754*4_1844-1834*4_1844-1741*4_1844-1755*4_1844-230*4_1844-326*4_1844-1833*4_1844-1740*4_1844-1756*4_1844-1932*4_1844-229*4_1844-325*4_1844-144*4_1844-1832*4_819-817*2_819-816*2_819-1888*2_819-1887*2_819-1889*2_819-1890*2_819-815*2_819-1891*2_819-814*2_819-1892*2_819-1893*2_819-1987*2_819-813*2_819-1988*2_819-1894*2_819-812*2_819-1989*2_819-1895*2_819-1990*2_819-811*2_819-915*2_819-914*2_819-916*2_819-913*2_819-917*2_819-912*2_819-918*2_819-1896*2_819-1991*2_819-911*2_819-919*2_819-810*2_819-910*2_819-920*2_819-1992*2_819-1897*2_819-809*2_819-909*2_819-921*2_819-1993*2_819-1898*2_819-716*2_819-908*2_819-922*2_819-808*2_819-1792*2_819-1791*2_819-1793*2_819-1790*2_819-1794*2_819-1994*2_819-715*2_819-907*2_819-1789*2_819-1795*2_819-1788*2_819-1796*2_819-807*2_2088-931*3_2088-2091*3_2088-932*3_2088-2092*3_2088-933*3_2088-2093*3_2088-934*3_2088-2094*3_2088-935*3_2088-2095*3_566-573*3_2088-1024*3_2088-2096*3_2088-1023*3_2088-1025*3_2088-2183*3_2088-2185*3_2088-1022*3_2088-1026*3_2088-2182*3_2088-2186*3_2088-1021*3_2088-1027*3_2088-2181*3_2088-2187*3_566-574*3_2088-1020*3_2088-1028*3_2088-1996*3_2088-2180*3_2088-2188*3_2088-937*3_2088-2097*3_566-473*3_2088-1019*3_2088-1029*3_2088-1997*3_2088-2179*3_2088-2189*3_566-474*3_566-575*3_566-2335*3_2088-938*3_2088-1018*3_2088-1030*3_2088-1998*3_2088-2098*3_2088-2178*3_2088-2190*3_566-475*3_566-667*3_2088-839*3_2088-1017*3_2088-1031*3_2088-1999*3_2088-2177*3_2088-2191*3_566-476*3_566-668*3_566-2440*3_566-2439*3_566-2441*3_566-2334*3_566-2438*3_566-2442*3_2088-939*3_2088-2099*3_566-2437*3_566-2443*3_2088-840*3_2088-1016*3_2088-1032*3_2088-2000*3_2088-2176*3_2088-2192*3_566-477*3_566-669*3_566-2436*3_566-2444*3_566-2333*3_566-2355*3_566-2435*3_566-2445*3_2088-940*3_2088-2100*3_566-478*3_566-670*3_566-2434*3_566-2446*3_253-254*4_253-255*4_253-256*4_253-2032*4_253-2031*4_253-2033*4_253-2030*4_253-257*4_253-2029*4_253-2028*4_253-2027*4_253-2026*4_253-1931*4_253-2025*4_253-1930*4_253-157*4_253-156*4_253-158*4_253-155*4_253-159*4_253-154*4_253-160*4_253-2024*4_253-1929*4_253-153*4_253-161*4_253-152*4_253-162*4_253-1928*4_253-2023*4_253-151*4_253-163*4_253-1927*4_253-2022*4_253-150*4_253-164*4_253-1926*4_253-149*4_253-165*4_253-2021*4_253-2125*4_253-2124*4_465-2243*4_465-469*4_465-2244*4_465-470*4_465-2245*4_465-471*4_465-2246*4_465-472*4_465-2336*4_465-2247*4_465-2337*4_465-2338*4_465-2339*4_465-2332*4_465-2340*4_465-372*4_465-2331*4_465-2341*4_465-373*4_465-2330*4_465-2342*4_465-374*4_465-2329*4_465-2343*4_465-375*4_465-567*4_465-376*4_465-568*4_465-2328*4_465-2344*4_465-377*4_465-569*4_465-2327*4_465-2345*4_1673-615*3_1673-616*3_1673-1776*3_1673-1684*3_510-408*3_510-500*3_510-1568*3_1673-1777*3_510-407*3_510-1567*3_1673-1685*3_510-499*3_510-406*3_510-598*3_510-1566*3_510-1586*3_510-498*3_2226-2225*4_2226-272*4_2226-2224*4_2226-271*4_2226-273*4_2226-274*4_2226-2223*4_2226-275*4_2226-2222*4_2226-276*4_2226-2221*4_2226-277*4_2355-2354*4_2355-2356*4_2226-2220*4_2226-278*4_2355-2353*4_2355-2357*4_2226-2219*4_2186-942*4_2226-279*4_2355-664*4_2355-2352*4_2355-2358*4_2355-663*4_2355-665*4_2226-2218*4_2226-2322*4_2226-2321*4_2226-2323*4_2186-943*4_2355-662*4_2355-666*4_2226-280*4_2226-2320*4_2226-2324*4_2226-2319*4_2226-2325*4_2355-2351*4_2355-2359*4_2355-661*4_2186-2282*4_2186-2281*4_2186-2283*4_2226-2318*4_2226-2326*4_2226-2217*4_2186-944*4_2186-2280*4_1029-2101*4_2226-281*4_2186-2279*4_2226-2317*4_2355-760*4_2355-2350*4_2355-2360*4_2355-759*4_2355-761*4_1029-2199*4_2186-2278*4_1029-2102*4_2355-758*4_2355-762*4_2226-176*4_2226-2216*4_2226-2316*4_2226-175*4_2226-177*4_1029-1125*4_2186-945*4_1029-1124*4_1029-1126*4_2226-174*4_2226-178*4_2226-282*4_2186-2277*4_1029-1123*4_1029-1127*4_2355-757*4_2355-763*4_2226-173*4_2226-179*4_2355-2349*4_2355-2361*4_1029-1122*4_1029-1128*4_1029-2200*4_2226-2123*4_2226-2315*4_1029-2103*4_2226-172*4_2226-180*4_2186-841*4_2355-756*4_2355-764*4_1029-1121*4_1029-1129*4_2226-2215*4_2186-842*4_2186-946*4_2226-171*4_2226-181*4_2226-283*4_2186-843*4_2226-2122*4_2226-2314*4_1029-1120*4_1029-1130*4_1029-2104*4_2186-2275*4_1029-2201*4_2355-2348*4_2355-2362*4_2355-755*4_2355-765*4_2186-844*4_2226-170*4_2226-182*4_2226-378*4_2186-2175*4_2226-2214*4_2186-845*4_2186-947*4_1029-1119*4_1029-1131*4_2355-671*4_2186-2274*4_1029-2105*4_2355-754*4_2355-766*4_1029-2202*4_2186-846*4_2186-1042*4_2355-2347*4_2355-2363*4_2355-2451*4_2355-2450*4_2355-2452*4_1029-1118*4_1029-1132*4_2355-2449*4_2355-2453*4_2186-2174*4_2355-2448*4_2355-2454*4_2355-753*4_2355-767*4_1029-2106*4_1029-1117*4_1029-1133*4_1029-2203*4_1029-2291*4_2355-2447*4_2355-2455*4_2355-2346*4_2355-2364*4_1029-2292*4_2355-2456*4_2355-2265*4_2355-2365*4_2355-2457*4_2355-2266*4_2355-2458*4_2355-2366*4_2355-570*4_2355-2267*4_2355-2459*4_2355-571*4_2355-572*4_2355-2367*4_1929-55*5_1929-57*5_1929-54*5_1929-58*5_1929-53*5_1929-59*5_1929-52*5_1929-60*5_1929-1827*5_1929-2019*5_1929-51*5_1929-61*5_1929-1826*5_1929-2018*5_1929-50*5_1929-62*5_1929-1825*5_1929-2017*5_1929-49*5_1929-63*5_807-806*3_807-804*3_807-803*3_807-802*3_807-1787*3_807-1797*3_807-801*3_807-1786*3_807-1798*3_807-800*3_807-1696*3_807-1695*3_807-1697*3_807-1799*3_807-1694*3_807-1698*3_807-1693*3_807-1699*3_807-799*3_807-903*3_807-902*3_807-904*3_807-1692*3_807-1700*3_807-1800*3_807-709*3_807-901*3_807-905*3_807-708*3_807-714*3_807-900*3_807-906*3_807-1691*3_807-1701*3_807-707*3_807-899*3_807-798*3_807-1801*3_807-1690*3_807-1702*3_807-706*3_807-898*3_807-1689*3_807-1703*3_807-705*3_807-797*3_807-897*3_807-1802*3_807-704*3_807-896*3_807-1688*3_807-1704*3_807-796*3_807-1781*3_807-1803*3_807-703*3_807-895*3_807-1687*3_807-1705*3_807-795*3_851-850*4_851-852*4_1028-2197*4_851-849*4_851-853*4_1028-2198*4_851-854*4_2439-2433*4_851-2271*4_851-2270*4_851-855*4_2439-2432*4_2439-479*4_851-2269*4_851-856*4_851-2268*4_851-2368*4_2439-2431*4_851-2369*4_851-2370*4_851-2371*4_851-857*4_2439-2430*4_851-2372*4_1028-1116*4_1028-2107*4_851-858*4_2439-2429*4_851-2373*4_851-2374*4_851-859*4_2439-2428*4_851-949*4_851-950*4_851-2375*4_851-951*4_851-860*4_2439-2427*4_936-2284*4_851-952*4_851-2376*4_936-2285*4_851-861*4_851-953*4_936-2286*4_851-2377*4_851-954*4_936-2287*4_851-862*4_851-2378*4_851-955*4_851-863*4_276-284*5_276-2313*5_276-184*5_276-2312*5_276-285*5_276-185*5_276-2311*5_276-186*5_276-286*5_276-187*5_276-379*5_276-2310*5_276-287*5_1832-136*5_1832-1736*5_1832-1735*5_1832-1737*5_276-188*5_276-380*5_1832-1734*5_1832-1738*5_1832-1733*5_1832-1739*5_276-2309*5_276-2416*5_1832-44*5_1832-1732*5_1832-135*5_2459-2460*5_1832-43*5_1832-1731*5_1832-42*5_1832-134*5_1832-1730*5_171-2212*5_2459-2461*5_162-66*5_162-65*5_162-64*5_162-2016*5_1832-41*5_1832-1729*5_171-2211*5_1832-133*5_1832-40*5_1832-1728*5_2459-2462*5_171-2210*5_171-75*5_171-76*5_171-77*5_1832-132*5_171-78*5_171-2209*5_2459-2463*5_171-79*5_171-80*5_171-2208*5_2459-2464*5_171-81*5_171-82*5_2459-2465*5_171-83*5_2459-2466*5_2459-2467*5_2459-2468*5_2459-2469*5_2459-2470*5_2459-2471*5_2103-2108*5_2103-1115*5_2103-2109*5_2103-1114*5_2103-2110*5_2103-1113*5_2103-2007*5_2103-2111*5_2103-1112*5_2103-2006*5_2103-2008*5_2103-2005*5_2103-2009*5_2103-2004*5_2103-2010*5_2103-2196*5_2103-2011*5_2103-2195*5_2103-1216*5_2103-1111*5_2103-1215*5_2103-1217*5_2103-1214*5_2103-1218*5_2103-2012*5_2103-2194*5_2103-2204*5_2103-1213*5_2103-1219*5_2103-1212*5_2103-1220*5_2103-2013*5_2103-2193*5_2103-2205*5_2103-1110*5_2103-1211*5_2103-1221*5_2103-2014*5_2103-2206*5_2103-1210*5_2103-1222*5_2103-1109*5_2103-2015*5_2103-2207*5_2103-1033*5_2103-1209*5_2103-1223*5_2167-2173*3_1899-1900*3_1899-1901*3_1899-1902*3_1899-1903*3_1899-1008*3_1899-1904*3_1899-1007*3_1899-1009*3_1899-1006*3_1899-1010*3_2167-847*3_1899-1005*3_1899-1011*3_1899-1905*3_1899-1004*3_1899-1012*3_1899-1906*3_1899-1003*3_1899-1013*3_1899-1002*3_1899-1014*3_1899-1907*3_1899-1804*3_1899-1805*3_1899-1806*3_1899-1001*3_1899-1807*3_1899-1908*3_1899-1000*3_1899-1808*3_1899-1809*3_1899-1909*3_1899-999*3_1899-1810*3_1899-1910*3_1899-998*3_1899-1811*3_1899-1911*3_2203-1224*5_2203-1225*5_2203-1226*5_2203-1227*5_2203-1228*5_2203-1134*5_2203-1229*5_2203-1135*5_2203-1230*5_2203-2299*5_2203-2298*5_2203-2300*5_2203-2297*5_2203-2301*5_2203-1136*5_2203-2296*5_2203-2302*5_2203-1231*5_2203-2295*5_2203-2303*5_2203-1232*5_2203-2294*5_2203-1137*5_2203-2293*5_2203-1233*5_2203-1138*5_2203-1234*5_2203-1139*5_940-941*4_1703-894*4_1703-1706*4_1703-893*4_1703-1707*4_1703-892*4_1703-1708*4_1703-891*4_1703-1709*4_1703-890*4_1703-1710*4_1703-889*4_940-948*4_940-1037*4_940-2273*4_940-1038*4_940-1039*4_1703-1607*4_1703-1711*4_940-848*4_940-1040*4_940-2272*4_940-2288*4_1703-888*4_1703-1606*4_1703-1608*4_1703-1605*4_1703-1609*4_940-1041*4_1703-1604*4_1703-1610*4_1703-1603*4_1703-1611*4_940-2289*4_1703-992*4_1703-1712*4_1703-887*4_1703-991*4_1703-993*4_1703-794*4_1703-990*4_1703-994*4_1703-1602*4_1703-1612*4_1703-989*4_1703-995*4_940-1043*4_1703-988*4_1703-996*4_940-2290*4_1703-793*4_1703-1601*4_1703-1613*4_1703-1713*4_1703-886*4_1703-987*4_1703-997*4_940-1044*4_1703-792*4_1703-1600*4_1703-1614*4_1703-986*4_1703-1714*4_1703-885*4_1703-1599*4_1703-1615*4_1703-791*4_1703-985*4_1703-1715*4_1834-143*5_1834-145*5_1834-142*5_1834-146*5_1834-1831*5_1834-141*5_1834-147*5_1834-1830*5_1834-140*5_1834-148*5_1834-1829*5_1834-139*5_1834-1828*5_1834-138*5_1834-137*5_1834-1925*5_1834-48*5_1834-1824*5_1834-1924*5_1834-47*5_1834-46*5_1834-45*5_1834-1923*5_1834-1922*5_1728-39*6_1728-38*6_59-56*6_59-1920*6_59-1921*6_1728-37*6_1728-36*6_1728-35*6_1728-34*6_59-2020*6_1728-33*6_59-67*6_1728-32*6_1728-1632*6_1728-1633*6_1728-1634*6_1728-1635*6_59-68*6_1728-1636*6_1728-31*6_1728-131*6_1728-1637*6_59-69*6_1728-30*6_1728-130*6_1728-1638*6_1728-129*6_1728-1639*6_59-70*6_1728-29*6_1728-128*6_1728-1640*6_59-71*6_1728-28*6_1118-1208*5_2287-1036*5_2287-1035*5_2287-1045*5_2287-1034*5_2287-1046*5_2287-1047*5_2287-2383*5_2287-1048*5_2287-2382*5_2287-2384*5_2287-2381*5_2287-2385*5_2287-2380*5_2287-2386*5_2287-2379*5_2287-2387*5_2287-1049*5_2287-2388*5_2287-1140*5_2287-2389*5_2287-1050*5_2287-1141*5_2287-2390*5_2287-1142*5_2287-1051*5_2287-2391*5_2287-1143*5_407-1569*4_407-405*4_407-409*4_407-1570*4_407-404*4_407-410*4_407-1565*4_407-1571*4_407-403*4_407-411*4_407-1564*4_407-1572*4_1911-1104*4_1911-1912*4_407-402*4_1911-1103*4_1911-1105*4_407-1563*4_407-1573*4_1911-1913*4_1911-1102*4_407-401*4_407-413*4_407-1562*4_407-1574*4_1911-1914*4_1911-1101*4_407-400*4_407-414*4_407-1472*4_407-1471*4_407-1473*4_407-1561*4_407-1575*4_407-1470*4_407-1474*4_407-1469*4_407-1475*4_1911-1915*4_1911-1100*4_407-311*4_407-399*4_407-415*4_407-503*4_407-310*4_407-312*4_407-502*4_407-504*4_407-1468*4_407-1476*4_407-1560*4_407-1576*4_407-309*4_407-313*4_407-501*4_407-505*4_407-308*4_407-314*4_407-506*4_407-1467*4_407-1477*4_1911-1916*4_1911-1099*4_407-307*4_407-315*4_407-507*4_407-398*4_407-416*4_407-1664*4_407-1559*4_407-1577*4_407-1663*4_407-1665*4_407-1466*4_407-1478*4_407-1662*4_407-1666*4_407-306*4_407-316*4_407-508*4_407-1661*4_407-1667*4_1911-1917*4_1911-1098*4_407-1660*4_407-1668*4_407-1465*4_407-1479*4_407-305*4_407-317*4_407-397*4_407-417*4_407-497*4_407-509*4_407-1558*4_407-1578*4_407-1659*4_407-1669*4_407-304*4_407-318*4_407-496*4_407-1464*4_407-1480*4_1911-1918*4_1911-1097*4_407-1658*4_407-1670*4_407-396*4_407-418*4_407-1557*4_407-1579*4_407-303*4_407-319*4_407-495*4_407-1463*4_407-1481*4_407-1671*4_1911-1815*4_1911-1919*4_1911-1096*4_1911-1814*4_1911-1816*4_1911-1813*4_1911-1817*4_407-395*4_407-419*4_1911-1812*4_1911-1818*4_1911-1819*4_1911-1200*4_1911-1095*4_1911-1199*4_1911-1201*4_1911-1198*4_1911-1202*4_1911-1820*4_1911-1197*4_1911-1203*4_1911-1196*4_1911-1204*4_1911-1821*4_1911-1094*4_1911-1195*4_1911-1205*4_1911-1822*4_1911-1194*4_1911-1093*4_1911-1823*4_1911-1193*4_179-2308*5_179-2307*5_791-790*5_179-2306*5_179-84*5_992-1716*5_179-85*5_791-789*5_179-86*5_179-2305*5_791-1598*5_179-87*5_992-1717*5_179-88*5_179-2304*5_791-788*5_791-1597*5_179-89*5_179-189*5_992-1718*5_791-787*5_791-1596*5_179-90*5_179-190*5_179-2119*5_992-1719*5_179-2118*5_179-91*5_179-2117*5_791-786*5_791-1595*5_179-2116*5_179-167*5_179-191*5_992-984*5_992-1088*5_992-1616*5_992-1720*5_992-1087*5_992-1089*5_992-1617*5_992-1086*5_992-1090*5_992-1618*5_791-785*5_791-1594*5_992-1085*5_992-1091*5_992-1619*5_992-1084*5_992-1092*5_992-1620*5_992-983*5_992-1721*5_791-784*5_791-1504*5_992-1083*5_992-1621*5_791-1503*5_791-1505*5_791-1593*5_791-1502*5_791-1506*5_992-982*5_992-1082*5_992-1622*5_992-1722*5_791-1501*5_791-1507*5_791-695*5_791-783*5_791-694*5_791-696*5_791-1500*5_791-1508*5_791-1592*5_992-1081*5_992-1623*5_791-693*5_791-697*5_791-692*5_791-698*5_791-884*5_992-981*5_992-1723*5_791-1499*5_791-1509*5_992-1080*5_992-1624*5_791-691*5_791-699*5_791-883*5_791-782*5_791-1591*5_791-1498*5_791-1510*5_791-690*5_791-700*5_791-882*5_992-980*5_992-1724*5_791-1497*5_791-1511*5_791-689*5_791-701*5_791-781*5_791-881*5_791-1590*5_791-688*5_791-702*5_791-880*5_791-1496*5_791-1512*5_791-780*5_791-1589*5_791-687*5_791-879*5_791-1495*5_791-1513*5_791-779*5_1223-1235*6_77-74*6_77-73*6_1714-1625*5_1714-1079*5_1714-1626*5_1714-1078*5_1139-1144*6_1139-2392*6_1139-2393*6_1139-2394*6_1139-2395*6_1139-1145*6_1139-2396*6_1139-1146*6_1139-2397*6_1139-2398*6_1139-1147*6_1139-1236*6_1139-1237*6_1139-1238*6_1139-2399*6_1139-1239*6_1139-1148*6_1139-1240*6_1139-1149*6_1139-1241*6_1139-1242*6_1139-1150*6_1139-1243*6_1139-1151*6_182-183*5_1194-1192*5_1194-1191*5_182-92*5_182-2408*5_182-2407*5_182-2409*5_182-2406*5_182-2410*5_1194-1190*5_182-2405*5_182-2411*5_182-93*5_182-2404*5_182-2412*5_182-2403*5_182-2413*5_182-94*5_1194-1189*5_182-2402*5_182-2414*5_1194-1188*5_1194-1187*5_1194-1186*5_1194-1185*5_1194-1184*5_1194-1727*5_1194-1183*5_1194-1106*5_1194-1182*5_1194-1206*5_2416-2415*6_2416-2417*6_2416-2418*6_2416-2419*6_2416-2420*6_2416-2421*6_2416-2422*6_2416-2423*6_2416-2424*6_2416-383*6_2416-382*6_2416-381*6_2416-2425*6_2416-2426*6_2468-2472*6_2468-959*6_2468-958*6_2468-957*6_2468-2473*6_2468-956*6_2468-2474*6_2468-2475*6_2468-2476*6_2468-2477*6_1082-1072*6_1082-1172*6_1082-1528*6_1082-1527*6_1082-1529*6_1082-1526*6_1082-1530*6_2468-2478*6_1082-1525*6_1082-1531*6_1082-979*6_1082-1171*6_1082-1524*6_1082-1532*6_1082-1071*6_1082-1523*6_1082-1533*6_1082-978*6_1082-1170*6_2468-2479*6_1082-1522*6_1082-1534*6_1082-1070*6_2468-2480*6_2013-1207*6_2013-1108*6_2013-1107*6_2013-2003*6_2013-2002*6_2013-2001*6_1685-1686*4_1685-1683*4_1685-1682*4_1685-606*4_1685-605*4_1685-604*4_1685-603*4_1685-602*4_1685-1588*4_1685-1587*4_1685-601*4_1685-1585*4_1685-600*4_1685-1584*4_1685-1583*4_1685-599*4_1685-1582*4_1685-1581*4_165-166*5_165-2121*5_1632-27*7_1632-26*7_1632-25*7_1632-24*7_1632-1536*7_1632-127*7_1632-1537*7_1632-126*7_1632-1538*7_1632-125*7_1632-1539*7_1632-124*7_1632-1540*7_1632-23*7_1632-1641*7_1632-123*7_1632-1541*7_1632-22*7_1632-122*7_1632-1542*7_1632-1642*7_1632-121*7_1632-1543*7_1632-21*7_1632-1643*7_1632-120*7_1632-1544*7_1632-20*7_1632-1644*7_1098-1725*5_1098-1726*5_1144-2488*7_1144-2487*7_1144-2489*7_1144-2486*7_1144-2490*7_1144-2485*7_1144-2491*7_1144-1052*7_1144-1244*7_1144-2484*7_1144-2492*7_1144-1053*7_1144-1245*7_1144-2483*7_1144-2493*7_1144-1054*7_1144-1246*7_1144-2482*7_1144-2494*7_1144-1055*7_1144-1247*7_1144-2481*7_1144-2495*7_2212-2213*6_2212-169*6_2212-2115*6_2212-2114*6_2212-2113*6_2212-72*6_2212-168*6_2212-2112*6_2212-2120*6_982-977*6_982-976*6_982-1520*6_982-1519*6_982-1521*6_982-1518*6_982-1517*6_982-975*6_1724-1181*6_982-1516*6_1724-1180*6_982-1515*6_982-974*6_982-1076*6_1724-1179*6_982-1514*6_982-1075*6_982-1074*6_982-973*6_1724-1178*6_982-1073*6_982-972*6_1724-1628*6_1724-1177*6_1724-1629*6_1724-1630*6_1724-1631*6_1724-1176*6_982-971*6_982-878*6_1724-1175*6_982-970*6_1724-1174*6_1724-1173*6_1585-597*5_1585-596*5_1585-1580*5_1585-595*5_1585-594*5_1585-593*5_1585-607*5_1585-1489*5_1585-1681*5_1585-592*5_1585-608*5_1585-1488*5_1585-1490*5_1585-1680*5_1585-1487*5_1585-1491*5_1585-1679*5_1585-1486*5_1585-1492*5_1585-1678*5_310-208*5_310-300*5_310-1456*5_313-1649*5_1585-1485*5_1585-1493*5_1585-1677*5_313-223*5_313-323*5_1585-591*5_1585-609*5_310-207*5_1585-1484*5_1585-1494*5_1585-1676*5_313-224*5_313-1648*5_310-1455*5_310-299*5_313-324*5_1585-1483*5_1585-1675*5_1585-590*5_1585-610*5_310-206*5_313-225*5_313-1647*5_310-1454*5_1585-1482*5_310-298*5_1585-589*5_1585-611*5_779-778*6_779-777*6_779-776*6_779-1408*6_779-1407*6_779-1409*6_779-1406*6_779-1410*6_779-775*6_779-1405*6_779-1411*6_779-774*6_779-1404*6_779-1412*6_779-1403*6_779-1413*6_779-773*6_779-1402*6_779-1414*6_779-772*6_779-1401*6_779-1415*6_779-683*6_779-771*6_779-875*6_779-682*6_779-684*6_779-874*6_779-876*6_779-681*6_779-685*6_779-873*6_779-877*6_779-680*6_779-686*6_779-872*6_779-1400*6_779-1416*6_779-679*6_779-871*6_779-770*6_779-678*6_779-870*6_779-1399*6_779-1417*6_779-677*6_779-769*6_779-869*6_779-1398*6_779-1418*6_779-676*6_779-868*6_779-768*6_779-1312*6_779-1311*6_779-1313*6_779-1310*6_779-1314*6_779-675*6_779-867*6_779-1309*6_779-1315*6_779-1397*6_779-1419*6_779-1308*6_779-1316*6_1080-1077*6_1080-1627*6_1080-1169*6_1080-1535*6_1080-1069*6_1080-1168*6_1080-1068*6_1560-1556*5_1560-1555*5_1560-1554*5_1560-1553*5_1560-216*5_1560-1552*5_1560-215*5_1560-217*5_1560-1655*5_1560-214*5_1560-218*5_1560-1462*5_1560-1654*5_1560-213*5_1560-219*5_1560-1461*5_1560-1653*5_1560-212*5_1560-220*5_1560-1460*5_1560-1652*5_1560-1551*5_1560-211*5_1560-221*5_1560-1459*5_1560-1651*5_1560-210*5_1560-222*5_1560-302*5_1560-322*5_1560-1458*5_1560-1550*5_1560-1650*5_1560-209*5_1560-1457*5_1560-301*5_1560-1549*5_1560-1548*5_21-19*8_21-18*8_21-17*8_21-16*8_21-1440*8_21-1441*8_21-1442*8_21-1443*8_21-15*8_21-1444*8_21-14*8_21-1445*8_21-1446*8_21-13*8_21-117*8_21-116*8_21-118*8_21-115*8_21-119*8_21-114*8_21-1447*8_21-113*8_21-12*8_21-112*8_21-1448*8_21-1545*8_21-11*8_21-111*8_21-1449*8_21-1546*8_21-110*8_21-10*8_21-1450*8_21-109*8_21-1547*8_21-9*8_1070-1436*7_1070-1437*7_1070-1166*7_1070-1165*7_1070-1167*7_1070-1164*7_1070-1438*7_1070-1163*7_1070-1162*7_1070-1061*7_1418-866*7_1070-1439*7_1070-1161*7_1070-1060*7_1070-1160*7_1418-964*7_1418-865*7_1070-1159*7_1418-963*7_1418-1322*7_1418-1321*7_1418-1323*7_1070-1059*7_1418-864*7_1418-1320*7_1418-1324*7_1070-1158*7_1418-962*7_1418-1319*7_1418-1325*7_1418-1318*7_1418-1326*7_1070-1058*7_1418-961*7_1418-1317*7_1418-1327*7_1418-960*7_1418-1328*7_1418-1329*7_1418-1330*7_1117-1015*5_188-2401*6_223-1646*6_188-95*6_188-2400*6_223-226*6_223-1645*6_223-227*6_301-297*6_223-228*6_301-296*6_301-1368*6_301-1367*6_301-1369*6_301-1366*6_301-1370*6_301-1365*6_301-1371*6_301-295*6_301-1364*6_301-1372*6_301-294*6_301-1363*6_301-1373*6_301-1362*6_301-1374*6_301-205*6_301-293*6_301-204*6_301-203*6_301-202*6_301-394*6_301-1361*6_301-1375*6_301-201*6_301-393*6_301-292*6_301-200*6_301-392*6_301-1360*6_301-1376*6_301-199*6_301-291*6_301-391*6_301-1359*6_301-1377*6_301-198*6_301-390*6_301-290*6_301-1358*6_301-1378*6_301-197*6_301-389*6_301-1453*6_301-289*6_518-1778*2_518-1779*2_589-485*6_589-577*6_10-8*9_10-1344*9_10-1345*9_10-1346*9_10-7*9_10-1347*9_10-6*9_10-1348*9_10-5*9_10-4*9_10-3*9_10-2*9_10-1*9_10-0*9_10-1248*9_10-1249*9_10-1250*9_10-1251*9_10-1252*9_10-1253*9_203-1451*7_197-1259*7_197-1269*7_197-1258*7_197-1270*7_197-1257*7_197-1271*7_197-97*7_197-96*7_197-288*7_197-1256*7_197-1272*7_197-1255*7_197-1273*7_197-1274*7_1771-516*2_1771-614*2_1771-515*2_1771-613*2_1771-612*2_1771-514*2_1771-513*2_1771-512*2_1771-1672*2_1771-1780*2_1771-422*2_1771-421*2_1771-420*2_1400-1396*7_1400-1395*7_1400-674*7_1400-1394*7_1400-673*7_1400-1393*7_1400-584*7_1400-672*7_1400-1304*7_1400-1392*7_1400-583*7_1400-585*7_1400-1303*7_1400-1305*7_1400-582*7_1400-586*7_1400-1302*7_1400-1306*7_1400-581*7_1400-587*7_1400-1301*7_1400-1307*7_1400-580*7_1400-588*7_1400-1300*7_1400-1391*7_1400-579*7_1400-1299*7_1400-578*7_1400-1298*7_1400-1390*7_1400-1297*7_1400-1389*7_1400-576*7_1400-1296*7_1400-1388*7_971-1422*7_971-1421*7_971-966*7_971-1420*7_971-965*7_971-1331*7_971-1332*7_496-494*5_496-493*5_496-492*5_496-491*5_496-490*5_496-489*5_496-488*5_496-1384*5_496-1383*5_496-1385*5_496-1382*5_496-1386*5_496-1381*5_496-1387*5_496-1380*5_496-487*5_496-1379*5_496-486*5_496-484*5_1271-1268*8_1271-1267*8_1271-1275*8_1271-1266*8_1271-1276*8_1271-1265*8_1271-1277*8_1271-192*8_1271-1264*8_1271-1278*8_1271-193*8_1271-194*8_1271-195*8_1271-1263*8_1271-1279*8_1271-196*8_1271-384*8_1271-1262*8_1271-1280*8_1271-385*8_1271-386*8_1271-387*8_1271-388*8_1271-1261*8_1271-1281*8_1271-1260*8_1271-1282*8_1271-1283*8_678-1295*7_678-1294*7_1358-1357*7_1358-1356*7_1358-1355*7_1358-1354*7_1358-1353*7_1358-104*7_1358-1352*7_1358-103*7_1358-105*7_1358-102*7_1358-106*7_1358-101*7_1358-107*7_1358-1351*7_1358-100*7_1358-108*7_1358-99*7_1358-1350*7_1358-1452*7_1358-98*7_1358-1349*7_1358-1254*7_1059-1057*8_1059-1056*8_1059-1336*8_1059-1335*8_1059-1337*8_1059-1334*8_1059-1338*8_1059-1333*8_1059-1339*8_1059-1340*8_1059-1341*8_1059-1342*8_1059-1343*8_1059-1155*8_1059-1154*8_1059-1156*8_1059-1153*8_1059-1152*8_1299-1293*8_1299-1292*8_1299-1291*8_1299-1290*8_1299-1289*8_1299-480*8_1299-1288*8_1299-481*8_1299-482*8_1299-483*8_1299-1287*8_974-969*7_974-968*7_974-1424*7_974-1423*7_974-1425*7_974-1426*7_974-1427*7_974-967*7_974-1428*7_974-1429*7_974-1430*7_974-1067*7_974-1066*7_974-1431*7_974-1065*7_974-1064*7_974-1432*7_974-1063*7_974-1433*7_974-1062*7_974-1434*7_1156-1157*9_1156-1435*9_1752-1757*5_1752-1758*5_393-1284*7_393-1285*7_393-1286*7_
0,1,300,300,0,2496,134,2496,134,9186.48,5.5597,8.8806,193,2496,1200,1500,1964,25,1963_1965_1962_1966_1961_1967_536_632_1960_1968_535_537_631_633_534_538_630_634_533_539_629_635_1959_1969_532_540_628_636_1958_1970_531_541_627_637_1957_1971_530_542_626_638_1868_1956_1972_2060_529_543_625_639_1867_1869_2059_2061_1866_1870_2058_2062_1865_1871_2057_2063_528_544_624_640_1864_1872_2056_2064_1955_1973_1863_1873_2055_2065_527_545_623_641_1862_1874_1954_1974_2054_2066_1861_1875_2053_2067_526_546_622_642_1953_1975_1860_1876_2052_2068_525_547_621_643_440_728_1952_1976_2069_2070_2071_736_2072_735_737_734_738_733_739_2073_644_732_740_2074_645_731_741_2075_646_730_742_2076_2164_647_729_743_2163_2165_2162_2166_2161_2167_648_744_2160_2168_2077_1977_2159_2169_649_727_745_1978_2078_2158_2170_1979_2157_2171_650_726_746_2079_1964_1980_2156_2172_651_725_747_832_2080_1981_1982_1983_824_1984_823_825_822_826_821_827_1985_724_820_828_1986_723_819_829_1987_722_818_830_1884_1988_721_817_831_1883_1885_1882_1886_1881_1887_720_816_1880_1888_1989_1879_1889_2081_719_815_833_1878_1890_1990_2082_1877_1891_2083_718_814_834_1991_1892_2084_717_813_835_920_1992_437_436_435_548_434_1859_1858_1949_433_549_1857_432_1856_1948_550_1855_451_431_1947_452_551_1854_430_453_1946_2150_2149_2151_552_2148_2152_454_2147_2153_2146_2154_2045_455_553_2145_2155_456_2044_2144_554_2143_457_2043_555_2142_458_2042_652_653_654_655_656_2256_2255_2257_2254_2258_556_748_2253_2259_2252_2260_557_657_749_2251_2261_558_750_2250_2262_658_559_751_2249_2263_659_450_1853_449_1852_448_2048_2047_2049_2046_2050_1851_447_429_2051_1850_446_428_1849_2141_445_427_2140_336_1848_335_337_334_338_426_438_444_2139_333_339_1847_2041_2138_332_340_425_355_459_354_356_353_357_331_341_352_358_2040_2137_1758_1846_1757_1759_424_1756_1760_351_359_460_330_342_1755_1761_350_360_2136_2039_1754_1762_1845_329_343_423_349_361_461_1753_1763_1945_2135_2038_328_344_1752_1764_1844_1944_348_362_422_462_2134_1751_1765_1943_347_363_524_2037_327_345_1843_421_523_1750_1766_1942_463_326_346_522_1842_560_2248_561_2247_562_2246_563_2245_564_836_2244_565_837_2243_566_838_2242_567_839_2241_2345_568_660_2344_2346_2343_2347_2342_2348_840_2176_661_2175_2177_2341_2349_2174_2178_464_2240_465_569_466_662_2085_2173_2179_2340_2350_467_841_468_663_2180_2239_2339_2351_570_2086_469_842_664_2338_2352_2181_470_2238_571_2087_2337_2353_2182_471_665_843_931_930_932_929_933_2237_928_934_2088_2183_927_935_844_926_936_2184_2089_845_925_937_2185_2090_924_938_846_2186_923_939_2091_847_2036_2035_2034_2033_2133_257_256_258_2032_2132_255_259_254_260_2131_253_261_2031_2130_252_262_1941_1940_2129_251_263_443_2030_1939_250_264_442_2128_1938_1950_364_2029_249_265_441_1937_1951_2127_365_420_419_418_417_1767_416_520_1664_1768_519_521_1663_1665_518_1662_1666_325_517_1661_1667_324_516_1660_1668_415_1769_323_515_1659_1669_322_414_514_1658_1670_1770_321_513_1657_1671_413_1749_320_512_1656_1672_412_1748_620_619_716_618_715_617_714_1779_1778_1780_1777_1781_616_1776_1782_713_1775_1783_712_1774_1784_615_1773_1785_711_614_1786_710_1787_613_2235_2236_371_372_373_374_2187_375_160_176_2024_2216_2116_2188_276_2023_2215_159_177_376_2328_2327_2329_2326_2330_277_2189_2115_2325_2331_2324_2332_940_377_2190_941_2092_2191_2093_942_1030_1029_1031_1028_1032_2192_2094_1027_1033_1026_1034_943_2439_2095_2193_1025_1035_752_2264_2456_944_1024_1036_2096_2280_2279_2281_2194_2278_2282_2277_2283_2364_1023_1037_2276_2284_2097_945_2195_2275_2285_1022_1038_2098_2274_2286_922_946_919_921_1993_918_1994_917_1995_916_1996_915_1997_914_1998_913_1999_912_1016_1896_2000_1015_1017_1895_1897_1014_1018_1894_1898_1013_1019_1893_1899_1012_1020_1900_911_2001_1011_1021_1901_910_1010_1902_2002_1009_1903_909_2003_1008_1904_908_2004_439_709_708_707_1788_706_1789_705_1790_704_1688_1687_1689_1791_1686_1690_1685_1691_703_807_806_808_1684_1692_1792_805_809_612_804_810_1683_1693_611_803_811_702_1793_1682_1694_610_802_812_1681_1695_609_701_801_1794_608_800_1680_1696_700_1795_607_799_1679_1697_699_175_2217_174_178_2214_2218_173_179_2213_2219_172_180_2212_2220_171_181_2211_2221_170_182_2210_2222_169_183_2209_2223_80_168_184_272_2120_2208_2224_2312_79_81_271_273_2119_2121_2311_2313_78_82_270_274_2118_2122_2310_2314_77_83_269_275_2117_2123_2309_2315_76_84_268_2124_2308_2316_167_185_2225_75_85_267_2125_2307_2317_74_86_166_186_266_278_2114_2126_2226_2306_2318_73_87_279_2113_2305_2319_165_187_2227_72_88_280_2112_2304_2320_164_188_2228_366_1655_367_1654_319_1653_368_2232_2231_2233_1652_2230_2234_318_1651_1747_369_2229_317_1650_1746_370_228_316_227_229_1649_1745_226_230_225_231_2354_224_232_1648_1744_315_223_233_2355_666_1647_1743_222_234_314_2356_221_235_667_1646_1742_313_220_236_2357_1645_1741_668_312_1560_2358_669_2359_670_760_2360_671_759_761_758_762_757_763_2361_2449_756_764_2448_2450_2447_2451_2446_2452_755_765_2445_2453_2362_754_766_2444_2454_572_753_767_2363_2443_2455_573_2442_574_1799_1105_1106_2265_2441_2457_903_575_1103_1107_1798_1102_1108_2005_2365_1797_1101_1109_1913_902_2006_1100_1110_1796_2007_1099_1111_901_1914_1813_1098_1112_2008_1814_1915_1097_1113_1815_2009_2333_2334_2335_472_2336_473_378_474_379_475_380_476_381_477_382_478_2273_2428_383_479_2427_2429_2426_2430_848_2272_2425_2431_849_2424_2432_2323_850_2271_2423_2433_851_2322_2422_2434_852_2270_2421_2435_2321_853_947_2420_2436_2269_948_854_2268_949_855_950_2267_2371_2370_2372_2369_2373_856_2368_2374_951_2367_2375_2266_952_2366_2376_857_2377_953_858_2378_954_2379_859_2287_698_697_248_1936_247_246_245_1675_696_1592_1935_1591_1593_244_798_1590_1594_1772_797_1589_1595_243_1674_796_1596_695_1771_1934_242_795_1597_1673_241_694_794_1598_1698_1841_1933_793_1599_240_1840_511_693_1699_1932_792_1600_1839_510_239_509_692_1700_1931_508_1583_1582_507_1581_1580_599_71_70_189_69_190_68_191_67_2408_2407_2409_66_2406_2410_2405_2411_65_2404_2412_163_2018_2017_2019_2403_2413_64_2016_2020_162_2021_2402_2414_2022_91_283_90_92_282_284_63_161_89_93_281_285_94_286_2401_2415_95_287_62_2400_2416_2025_61_2417_2026_158_2418_1004_1003_1118_1002_2012_1119_1001_1120_2104_2013_2105_1121_2014_2106_2107_1122_2015_1916_2108_1123_1208_1930_1838_1929_1837_152_1836_1928_2028_151_153_150_154_238_149_155_1835_2027_148_156_1927_147_157_237_1834_146_1926_1096_1816_1817_1818_1095_1819_1094_1812_1820_1093_1811_1821_1092_1104_1912_1911_1810_1822_1910_1909_1091_1908_1809_1823_1907_1917_1090_1194_1193_1195_1000_1192_1196_1808_1906_1918_999_1005_1191_1197_998_1006_1190_1198_1089_1807_1905_1919_997_1007_1189_1199_996_1088_1188_1200_1720_1719_1721_1718_1722_1806_1717_1723_995_1187_1201_1716_1724_1087_1715_1725_1805_994_1186_1202_1714_1726_1086_2437_2438_2419_2440_860_861_862_863_2464_2463_2465_2462_2466_2461_2467_2460_2468_2459_2469_955_956_2458_2470_957_958_2471_959_2472_2473_2474_1701_1702_1703_600_1584_601_411_598_896_1704_410_895_897_1585_894_898_597_409_893_899_1705_1569_1586_596_408_1568_892_900_1706_1587_1567_891_407_595_1566_1707_1588_890_406_594_1604_1708_889_1603_1605_1602_1606_500_593_1601_1607_888_904_1608_1800_499_1709_1486_1485_1487_592_1484_1488_1609_1801_498_1483_1489_791_887_905_1610_1710_1802_1482_1490_497_591_1481_1491_1611_1803_790_886_906_1711_496_1480_1492_1612_1804_590_789_885_907_1479_1493_495_992_1712_589_691_1478_1494_494_690_2099_2100_2101_2102_2103_2196_1124_2197_1117_1125_2198_1116_1126_2199_1115_1127_1114_1128_2200_1129_2201_1644_1643_1642_1641_128_1640_127_129_126_130_125_131_219_1639_124_132_218_1638_123_133_217_122_134_1549_1637_1548_1550_1740_1547_1551_1739_216_1546_1552_1738_121_135_1545_1553_1737_1636_120_136_1544_1554_1736_215_1543_1555_1635_1735_119_137_214_1542_1556_1734_1634_118_138_1541_1557_1733_213_1633_606_1678_605_1677_604_1676_603_602_1579_506_1578_505_1577_504_1576_1495_688_1496_687_689_686_1497_685_1498_684_1499_683_1500_682_993_1501_588_681_587_1398_1502_1397_1399_1713_680_1396_1400_991_586_1395_1401_1394_1402_1503_990_585_679_1393_1403_584_784_1392_1404_1504_783_785_678_782_786_781_787_1391_1405_780_788_583_1505_677_779_1390_1406_582_778_1506_1575_1574_503_1573_1572_502_1571_501_1570_405_404_1565_1477_1476_1475_493_1474_492_1473_491_400_1472_399_401_398_402_490_397_403_1471_396_489_395_1382_1470_1381_1383_488_1380_1384_394_1379_1385_1378_1386_1469_393_487_1377_1387_392_1376_1388_1468_486_1375_1389_391_1467_485_1374_390_1466_139_1921_56_1920_55_57_58_59_60_1732_47_46_45_1731_44_43_1730_42_1220_1203_212_1558_211_1559_210_209_311_310_309_1457_1561_208_308_1456_1458_1455_1459_1454_1460_307_1453_1461_1562_207_306_1452_1462_676_117_116_305_1451_1463_1563_206_1507_115_675_304_1450_1464_114_1564_205_1508_1449_1465_113_303_674_1509_673_1510_672_1304_1303_1305_1302_1306_581_1301_1307_1511_580_772_1300_1308_579_771_1299_1309_880_1512_879_881_578_770_1298_1310_878_882_877_883_577_769_1297_1311_1513_876_884_576_768_1296_1312_875_1413_1514_874_1414_873_1415_1515_872_1416_1516_1417_871_1517_1207_1209_1206_1210_1205_1211_2011_1204_1212_2010_1213_1214_1215_2111_1216_2110_2109_1217_1218_1219_29_28_140_27_141_26_142_25_143_1539_1538_1540_1537_24_1536_1833_777_23_776_1408_22_1407_1409_302_1410_301_775_21_300_1411_299_774_1412_298_1373_1372_773_1371_1370_297_1369_296_1368_1367_295_1366_294_1365_389_870_869_1418_868_1313_1314_867_1315_1419_1316_54_1922_53_1923_52_1924_51_1925_204_203_202_201_200_1360_1359_1361_1358_1362_1357_1363_199_1356_1364_1355_110_198_109_111_108_112_1448_1354_107_106_197_1353_1447_105_104_196_1352_1446_103_1351_195_1445_102_1350_194_1295_1294_1293_1292_1518_1519_976_1420_1520_975_977_974_978_973_979_1421_1613_972_980_1521_971_981_1422_1614_970_982_1522_30_1831_144_1830_1832_1829_1828_1827_145_1826_1825_48_1824_49_1085_1084_1083_1082_1081_1080_1624_1623_1625_1727_1622_1626_1621_1627_1079_1183_1182_1184_1620_1628_989_1181_1185_988_1180_1619_1629_987_1179_1078_1618_1630_986_1178_1617_1631_985_1077_1177_1176_1076_1175_1075_969_1423_1523_968_1424_1524_50_41_40_1728_1729_39_38_37_36_35_193_101_293_192_1264_1263_1265_1262_1266_100_292_1261_1267_1260_1268_99_291_1259_1269_98_290_1258_1270_1349_97_289_1257_1271_1069_1068_983_1067_1426_1425_1427_984_1428_1616_1066_1429_1615_1430_967_1065_1431_1064_1432_966_1433_1063_965_1434_1062_34_33_32_1632_31_388_387_386_385_1277_1276_1278_1275_1279_384_1274_1280_1273_1281_288_1272_1282_1174_1283_1173_1284_1172_1285_484_1171_1170_1169_1535_1168_1167_1166_1165_2380_1253_1252_1348_1251_1347_1250_1346_4_3_5_1249_1345_2_6_1_7_0_8_1248_1344_9_10_11_12_20_19_1286_1287_480_1288_481_482_483_1289_1290_1291_1317_1318_1319_864_1320_865_866_1321_1322_1070_1071_1435_1072_1436_1528_1527_1529_1526_1530_1437_1525_1531_1061_1073_1532_1438_1060_1074_1533_1439_1534_1059_1163_1162_1164_1161_1160_1159_1058_1158_1057_1157_964_1156_1056_1336_1335_1337_1334_1338_963_1155_1333_1339_1332_1340_1254_1255_96_1256_18_17_16_1440_1441_1442_15_1443_1444_2202_2203_1130_2204_1131_2205_1132_2206_1133_2207_1134_1224_1135_1223_1225_1222_1226_1221_1227_2297_1136_1228_2296_2298_2295_2299_2294_2300_1229_2293_2301_1137_1230_2292_2302_1231_2291_2303_1138_1232_2290_1139_2289_1039_1233_1234_1235_1331_1330_1329_962_961_960_1328_1327_1326_1325_1154_1153_1152_1343_1342_1341_1040_2288_1041_1042_1043_1044_1045_1046_1047_2383_1048_2382_2384_2381_2385_2386_2387_1049_2388_1140_2389_1050_1141_2390_1142_1051_2391_1143_1144_2392_2393_2394_2395_1236_2396_1145_1237_2397_1146_1238_2398_1239_2399_1147_1240_1148_1323_1324_1149_1150_1151_2488_1241_2487_2489_1242_2486_2490_1243_2485_2491_1052_1244_2484_2492_1053_1245_2483_2493_1054_1246_2482_2494_1055_1247_2481_2495_2480_2475_2476_2477_2478_2479_14_13_,0_1_2_3_4_5_6_7_8_9_10_11_12_13_14_15_16_17_18_19_20_21_22_23_24_25_26_27_28_29_30_31_32_33_34_35_36_37_38_39_40_41_42_43_44_45_46_47_48_49_50_51_52_53_54_55_56_57_58_59_60_61_62_63_64_65_66_67_68_69_70_71_72_73_74_75_76_77_78_79_80_81_82_83_84_85_86_87_88_89_90_91_92_93_94_95_96_97_98_99_100_101_102_103_104_105_106_107_108_109_110_111_112_113_114_115_116_117_118_119_120_121_122_123_124_125_126_127_128_129_130_131_132_133_134_135_136_137_138_139_140_141_142_143_144_145_146_147_148_149_150_151_152_153_154_155_156_157_158_159_160_161_162_163_164_165_166_167_168_169_170_171_172_173_174_175_176_177_178_179_180_181_182_183_184_185_186_187_188_189_190_191_192_193_194_195_196_197_198_199_200_201_202_203_204_205_206_207_208_209_210_211_212_213_214_215_216_217_218_219_220_221_222_223_224_225_226_227_228_229_230_231_232_233_234_235_236_237_238_239_240_241_242_243_244_245_246_247_248_249_250_251_252_253_254_255_256_257_258_259_260_261_262_263_264_265_266_267_268_269_270_271_272_273_274_275_276_277_278_279_280_281_282_283_284_285_286_287_288_289_290_291_292_293_294_295_296_297_298_299_300_301_302_303_304_305_306_307_308_309_310_311_312_313_314_315_316_317_318_319_320_321_322_323_324_325_326_327_328_329_330_331_332_333_334_335_336_337_338_339_340_341_342_343_344_345_346_347_348_349_350_351_352_353_354_355_356_357_358_359_360_361_362_363_364_365_366_367_368_369_370_371_372_373_374_375_376_377_378_379_380_381_382_383_384_385_386_387_388_389_390_391_392_393_394_395_396_397_398_399_400_401_402_403_404_405_406_407_408_409_410_411_412_413_414_415_416_417_418_419_420_421_422_423_424_425_426_427_428_429_430_431_432_433_434_435_436_437_438_439_440_441_442_443_444_445_446_447_448_449_450_451_452_453_454_455_456_457_458_459_460_461_462_463_464_465_466_467_468_469_470_471_472_473_474_475_476_477_478_479_480_481_482_483_484_485_486_487_488_489_490_491_492_493_494_495_496_497_498_499_500_501_502_503_504_505_506_507_508_509_510_511_512_513_514_515_516_517_518_519_520_521_522_523_524_525_526_527_528_529_530_531_532_533_534_535_536_537_538_539_540_541_542_543_544_545_546_547_548_549_550_551_552_553_554_555_556_557_558_559_560_561_562_563_564_565_566_567_568_569_570_571_572_573_574_575_576_577_578_579_580_581_582_583_584_585_586_587_588_589_590_591_592_593_594_595_596_597_598_599_600_601_602_603_604_605_606_607_608_609_610_611_612_613_614_615_616_617_618_619_620_621_622_623_624_625_626_627_628_629_630_631_632_633_634_635_636_637_638_639_640_641_642_643_644_645_646_647_648_649_650_651_652_653_654_655_656_657_658_659_660_661_662_663_664_665_666_667_668_669_670_671_672_673_674_675_676_677_678_679_680_681_682_683_684_685_686_687_688_689_690_691_692_693_694_695_696_697_698_699_700_701_702_703_704_705_706_707_708_709_710_711_712_713_714_715_716_717_718_719_720_721_722_723_724_725_726_727_728_729_730_731_732_733_734_735_736_737_738_739_740_741_742_743_744_745_746_747_748_749_750_751_752_753_754_755_756_757_758_759_760_761_762_763_764_765_766_767_768_769_770_771_772_773_774_775_776_777_778_779_780_781_782_783_784_785_786_787_788_789_790_791_792_793_794_795_796_797_798_799_800_801_802_803_804_805_806_807_808_809_810_811_812_813_814_815_816_817_818_819_820_821_822_823_824_825_826_827_828_829_830_831_832_833_834_835_836_837_838_839_840_841_842_843_844_845_846_847_848_849_850_851_852_853_854_855_856_857_858_859_860_861_862_863_864_865_866_867_868_869_870_871_872_873_874_875_876_877_878_879_880_881_882_883_884_885_886_887_888_889_890_891_892_893_894_895_896_897_898_899_900_901_902_903_904_905_906_907_908_909_910_911_912_913_914_915_916_917_918_919_920_921_922_923_924_925_926_927_928_929_930_931_932_933_934_935_936_937_938_939_940_941_942_943_944_945_946_947_948_949_950_951_952_953_954_955_956_957_958_959_960_961_962_963_964_965_966_967_968_969_970_971_972_973_974_975_976_977_978_979_980_981_982_983_984_985_986_987_988_989_990_991_992_993_994_995_996_997_998_999_1000_1001_1002_1003_1004_1005_1006_1007_1008_1009_1010_1011_1012_1013_1014_1015_1016_1017_1018_1019_1020_1021_1022_1023_1024_1025_1026_1027_1028_1029_1030_1031_1032_1033_1034_1035_1036_1037_1038_1039_1040_1041_1042_1043_1044_1045_1046_1047_1048_1049_1050_1051_1052_1053_1054_1055_1056_1057_1058_1059_1060_1061_1062_1063_1064_1065_1066_1067_1068_1069_1070_1071_1072_1073_1074_1075_1076_1077_1078_1079_1080_1081_1082_1083_1084_1085_1086_1087_1088_1089_1090_1091_1092_1093_1094_1095_1096_1097_1098_1099_1100_1101_1102_1103_1104_1105_1106_1107_1108_1109_1110_1111_1112_1113_1114_1115_1116_1117_1118_1119_1120_1121_1122_1123_1124_1125_1126_1127_1128_1129_1130_1131_1132_1133_1134_1135_1136_1137_1138_1139_1140_1141_1142_1143_1144_1145_1146_1147_1148_1149_1150_1151_1152_1153_1154_1155_1156_1157_1158_1159_1160_1161_1162_1163_1164_1165_1166_1167_1168_1169_1170_1171_1172_1173_1174_1175_1176_1177_1178_1179_1180_1181_1182_1183_1184_1185_1186_1187_1188_1189_1190_1191_1192_1193_1194_1195_1196_1197_1198_1199_1200_1201_1202_1203_1204_1205_1206_1207_1208_1209_1210_1211_1212_1213_1214_1215_1216_1217_1218_1219_1220_1221_1222_1223_1224_1225_1226_1227_1228_1229_1230_1231_1232_1233_1234_1235_1236_1237_1238_1239_1240_1241_1242_1243_1244_1245_1246_1247_1248_1249_1250_1251_1252_1253_1254_1255_1256_1257_1258_1259_1260_1261_1262_1263_1264_1265_1266_1267_1268_1269_1270_1271_1272_1273_1274_1275_1276_1277_1278_1279_1280_1281_1282_1283_1284_1285_1286_1287_1288_1289_1290_1291_1292_1293_1294_1295_1296_1297_1298_1299_1300_1301_1302_1303_1304_1305_1306_1307_1308_1309_1310_1311_1312_1313_1314_1315_1316_1317_1318_1319_1320_1321_1322_1323_1324_1325_1326_1327_1328_1329_1330_1331_1332_1333_1334_1335_1336_1337_1338_1339_1340_1341_1342_1343_1344_1345_1346_1347_1348_1349_1350_1351_1352_1353_1354_1355_1356_1357_1358_1359_1360_1361_1362_1363_1364_1365_1366_1367_1368_1369_1370_1371_1372_1373_1374_1375_1376_1377_1378_1379_1380_1381_1382_1383_1384_1385_1386_1387_1388_1389_1390_1391_1392_1393_1394_1395_1396_1397_1398_1399_1400_1401_1402_1403_1404_1405_1406_1407_1408_1409_1410_1411_1412_1413_1414_1415_1416_1417_1418_1419_1420_1421_1422_1423_1424_1425_1426_1427_1428_1429_1430_1431_1432_1433_1434_1435_1436_1437_1438_1439_1440_1441_1442_1443_1444_1445_1446_1447_1448_1449_1450_1451_1452_1453_1454_1455_1456_1457_1458_1459_1460_1461_1462_1463_1464_1465_1466_1467_1468_1469_1470_1471_1472_1473_1474_1475_1476_1477_1478_1479_1480_1481_1482_1483_1484_1485_1486_1487_1488_1489_1490_1491_1492_1493_1494_1495_1496_1497_1498_1499_1500_1501_1502_1503_1504_1505_1506_1507_1508_1509_1510_1511_1512_1513_1514_1515_1516_1517_1518_1519_1520_1521_1522_1523_1524_1525_1526_1527_1528_1529_1530_1531_1532_1533_1534_1535_1536_1537_1538_1539_1540_1541_1542_1543_1544_1545_1546_1547_1548_1549_1550_1551_1552_1553_1554_1555_1556_1557_1558_1559_1560_1561_1562_1563_1564_1565_1566_1567_1568_1569_1570_1571_1572_1573_1574_1575_1576_1577_1578_1579_1580_1581_1582_1583_1584_1585_1586_1587_1588_1589_1590_1591_1592_1593_1594_1595_1596_1597_1598_1599_1600_1601_1602_1603_1604_1605_1606_1607_1608_1609_1610_1611_1612_1613_1614_1615_1616_1617_1618_1619_1620_1621_1622_1623_1624_1625_1626_1627_1628_1629_1630_1631_1632_1633_1634_1635_1636_1637_1638_1639_1640_1641_1642_1643_1644_1645_1646_1647_1648_1649_1650_1651_1652_1653_1654_1655_1656_1657_1658_1659_1660_1661_1662_1663_1664_1665_1666_1667_1668_1669_1670_1671_1672_1673_1674_1675_1676_1677_1678_1679_1680_1681_1682_1683_1684_1685_1686_1687_1688_1689_1690_1691_1692_1693_1694_1695_1696_1697_1698_1699_1700_1701_1702_1703_1704_1705_1706_1707_1708_1709_1710_1711_1712_1713_1714_1715_1716_1717_1718_1719_1720_1721_1722_1723_1724_1725_1726_1727_1728_1729_1730_1731_1732_1733_1734_1735_1736_1737_1738_1739_1740_1741_1742_1743_1744_1745_1746_1747_1748_1749_1750_1751_1752_1753_1754_1755_1756_1757_1758_1759_1760_1761_1762_1763_1764_1765_1766_1767_1768_1769_1770_1771_1772_1773_1774_1775_1776_1777_1778_1779_1780_1781_1782_1783_1784_1785_1786_1787_1788_1789_1790_1791_1792_1793_1794_1795_1796_1797_1798_1799_1800_1801_1802_1803_1804_1805_1806_1807_1808_1809_1810_1811_1812_1813_1814_1815_1816_1817_1818_1819_1820_1821_1822_1823_1824_1825_1826_1827_1828_1829_1830_1831_1832_1833_1834_1835_1836_1837_1838_1839_1840_1841_1842_1843_1844_1845_1846_1847_1848_1849_1850_1851_1852_1853_1854_1855_1856_1857_1858_1859_1860_1861_1862_1863_1864_1865_1866_1867_1868_1869_1870_1871_1872_1873_1874_1875_1876_1877_1878_1879_1880_1881_1882_1883_1884_1885_1886_1887_1888_1889_1890_1891_1892_1893_1894_1895_1896_1897_1898_1899_1900_1901_1902_1903_1904_1905_1906_1907_1908_1909_1910_1911_1912_1913_1914_1915_1916_1917_1918_1919_1920_1921_1922_1923_1924_1925_1926_1927_1928_1929_1930_1931_1932_1933_1934_1935_1936_1937_1938_1939_1940_1941_1942_1943_1944_1945_1946_1947_1948_1949_1950_1951_1952_1953_1954_1955_1956_1957_1958_1959_1960_1961_1962_1963_1964_1965_1966_1967_1968_1969_1970_1971_1972_1973_1974_1975_1976_1977_1978_1979_1980_1981_1982_1983_1984_1985_1986_1987_1988_1989_1990_1991_1992_1993_1994_1995_1996_1997_1998_1999_2000_2001_2002_2003_2004_2005_2006_2007_2008_2009_2010_2011_2012_2013_2014_2015_2016_2017_2018_2019_2020_2021_2022_2023_2024_2025_2026_2027_2028_2029_2030_2031_2032_2033_2034_2035_2036_2037_2038_2039_2040_2041_2042_2043_2044_2045_2046_2047_2048_2049_2050_2051_2052_2053_2054_2055_2056_2057_2058_2059_2060_2061_2062_2063_2064_2065_2066_2067_2068_2069_2070_2071_2072_2073_2074_2075_2076_2077_2078_2079_2080_2081_2082_2083_2084_2085_2086_2087_2088_2089_2090_2091_2092_2093_2094_2095_2096_2097_2098_2099_2100_2101_2102_2103_2104_2105_2106_2107_2108_2109_2110_2111_2112_2113_2114_2115_2116_2117_2118_2119_2120_2121_2122_2123_2124_2125_2126_2127_2128_2129_2130_2131_2132_2133_2134_2135_2136_2137_2138_2139_2140_2141_2142_2143_2144_2145_2146_2147_2148_2149_2150_2151_2152_2153_2154_2155_2156_2157_2158_2159_2160_2161_2162_2163_2164_2165_2166_2167_2168_2169_2170_2171_2172_2173_2174_2175_2176_2177_2178_2179_2180_2181_2182_2183_2184_2185_2186_2187_2188_2189_2190_2191_2192_2193_2194_2195_2196_2197_2198_2199_2200_2201_2202_2203_2204_2205_2206_2207_2208_2209_2210_2211_2212_2213_2214_2215_2216_2217_2218_2219_2220_2221_2222_2223_2224_2225_2226_2227_2228_2229_2230_2231_2232_2233_2234_2235_2236_2237_2238_2239_2240_2241_2242_2243_2244_2245_2246_2247_2248_2249_2250_2251_2252_2253_2254_2255_2256_2257_2258_2259_2260_2261_2262_2263_2264_2265_2266_2267_2268_2269_2270_2271_2272_2273_2274_2275_2276_2277_2278_2279_2280_2281_2282_2283_2284_2285_2286_2287_2288_2289_2290_2291_2292_2293_2294_2295_2296_2297_2298_2299_2300_2301_2302_2303_2304_2305_2306_2307_2308_2309_2310_2311_2312_2313_2314_2315_2316_2317_2318_2319_2320_2321_2322_2323_2324_2325_2326_2327_2328_2329_2330_2331_2332_2333_2334_2335_2336_2337_2338_2339_2340_2341_2342_2343_2344_2345_2346_2347_2348_2349_2350_2351_2352_2353_2354_2355_2356_2357_2358_2359_2360_2361_2362_2363_2364_2365_2366_2367_2368_2369_2370_2371_2372_2373_2374_2375_2376_2377_2378_2379_2380_2381_2382_2383_2384_2385_2386_2387_2388_2389_2390_2391_2392_2393_2394_2395_2396_2397_2398_2399_2400_2401_2402_2403_2404_2405_2406_2407_2408_2409_2410_2411_2412_2413_2414_2415_2416_2417_2418_2419_2420_2421_2422_2423_2424_2425_2426_2427_2428_2429_2430_2431_2432_2433_2434_2435_2436_2437_2438_2439_2440_2441_2442_2443_2444_2445_2446_2447_2448_2449_2450_2451_2452_2453_2454_2455_2456_2457_2458_2459_2460_2461_2462_2463_2464_2465_2466_2467_2468_2469_2470_2471_2472_2473_2474_2475_2476_2477_2478_2479_2480_2481_2482_2483_2484_2485_2486_2487_2488_2489_2490_2491_2492_2493_2494_2495_,2:{1254;1255;96;1256;}16:{14;13;}20:{18;17;16;1440;1441;1442;15;1443;1444;}31:{20;19;}42:{34;33;32;1632;31;}47:{50;41;40;1728;1729;39;38;37;36;35;}100:{1253;1252;1348;1251;1347;1250;1346;4;3;5;1249;1345;2;6;1;7;0;8;1248;1344;9;10;11;12;}152:{1921;56;1920;55;57;58;59;60;}187:{189;190;191;2408;2407;2409;2406;2410;2405;2411;2404;2412;2403;2413;2402;2414;91;283;90;92;282;284;89;93;281;285;94;286;2401;2415;95;287;2400;2416;2417;2418;}201:{193;101;293;192;1264;1263;1265;1262;1266;100;292;1261;1267;1260;1268;99;291;1259;1269;98;290;1258;1270;1349;97;289;1257;1271;}206:{204;203;202;201;200;1360;1359;1361;1358;1362;1357;1363;199;1356;1364;1355;110;198;109;111;108;112;1448;1354;107;106;197;1353;1447;105;104;196;1352;1446;103;1351;195;1445;102;1350;194;}324:{1655;1654;319;1653;1652;318;1651;1747;317;1650;1746;228;316;227;229;1649;1745;226;230;225;231;224;232;1648;1744;315;223;233;1647;1743;222;234;314;221;235;1646;1742;313;220;236;1645;1741;312;1560;}353:{2036;2035;2034;2033;2133;257;256;258;2032;2132;255;259;254;260;2131;253;261;2031;2130;252;262;1941;1940;2129;251;263;443;2030;1939;250;264;442;2128;1938;1950;364;2029;249;265;441;1937;1951;2127;365;}364:{366;367;368;2232;2231;2233;2230;2234;369;2229;370;}365:{2235;2236;371;372;373;374;375;276;376;2328;2327;2329;2326;2330;277;2325;2331;2324;2332;377;}451:{450;449;448;2048;2047;2049;2046;2050;447;2051;446;2141;445;2140;444;2139;2041;2138;355;459;354;356;353;357;352;358;2040;2137;351;359;460;350;360;2136;2039;349;361;461;2135;2038;348;362;462;2134;347;363;2037;463;}508:{1575;1574;503;1573;1572;502;1571;501;1570;405;404;1565;}611:{1675;1772;1674;1771;1673;511;510;509;508;1583;1582;507;1581;1580;599;}647:{652;653;654;655;656;2256;2255;2257;2254;2258;556;748;2253;2259;2252;2260;557;657;749;2251;2261;558;750;2250;2262;658;559;751;2249;2263;659;}672:{1295;1294;1293;1292;}704:{698;697;696;1592;1591;1593;798;1590;1594;797;1589;1595;796;1596;695;795;1597;694;794;1598;1698;793;1599;693;1699;792;1600;692;1700;}711:{709;708;707;1788;706;1789;705;1790;704;1688;1687;1689;1791;1686;1690;1685;1691;703;807;806;808;1684;1692;1792;805;809;612;804;810;1683;1693;611;803;811;702;1793;1682;1694;610;802;812;1681;1695;609;701;801;1794;608;800;1680;1696;700;1795;607;799;1679;1697;699;}779:{777;776;1408;1407;1409;1410;775;1411;774;1412;773;870;869;1418;868;1313;1314;867;1315;1419;1316;}835:{836;837;838;839;840;2176;2175;2177;2174;2178;2085;2173;2179;841;2180;2086;842;2181;2087;2182;843;931;930;932;929;933;928;934;2088;2183;927;935;844;926;936;2184;2089;845;925;937;2185;2090;924;938;846;2186;923;939;2091;847;}856:{2380;}858:{860;861;862;863;2464;2463;2465;2462;2466;2461;2467;2460;2468;2459;2469;955;956;2458;2470;957;958;2471;959;2472;2473;2474;}880:{969;1423;1523;968;1424;1524;}920:{919;921;1993;918;1994;917;1995;916;1996;915;1997;914;1998;913;1999;912;1016;1896;2000;1015;1017;1895;1897;1014;1018;1894;1898;1013;1019;1893;1899;1012;1020;1900;911;2001;1011;1021;1901;910;1010;1902;2002;1009;1903;909;2003;1008;1904;908;2004;}934:{2187;2188;2189;940;2190;941;2092;2191;2093;942;1030;1029;1031;1028;1032;2192;2094;1027;1033;1026;1034;943;2095;2193;1025;1035;944;1024;1036;2096;2280;2279;2281;2194;2278;2282;2277;2283;1023;1037;2276;2284;2097;945;2195;2275;2285;1022;1038;2098;2274;2286;922;946;}1009:{1105;1106;1103;1107;1102;1108;2005;1101;1109;1913;2006;1100;1110;2007;1099;1111;1914;1813;1098;1112;2008;1814;1915;1097;1113;1815;2009;}1013:{1004;1003;1002;1001;}1025:{2099;2100;2101;2102;2103;2196;1124;2197;1117;1125;2198;1116;1126;2199;1115;1127;1114;1128;2200;1129;2201;}1058:{1331;1330;1329;962;961;960;1328;1327;1326;1325;}1067:{1070;1071;1435;1072;1436;1528;1527;1529;1526;1530;1437;1525;1531;1061;1073;1532;1438;1060;1074;1533;1439;1534;1059;1163;1162;1164;1161;1160;1159;1058;1158;1057;1157;964;1156;1056;1336;1335;1337;1334;1338;963;1155;1333;1339;1332;1340;}1087:{1085;1084;1083;1082;1081;1080;1624;1623;1625;1727;1622;1626;1621;1627;1079;1183;1182;1184;1620;1628;989;1181;1185;988;1180;1619;1629;987;1179;1078;1618;1630;986;1178;1617;1631;985;1077;1177;1176;1076;1175;1075;}1098:{1096;1816;1817;1818;1095;1819;1094;1812;1820;1093;1811;1821;1092;1104;1912;1911;1810;1822;1910;1909;1091;1908;1809;1823;1907;1917;1090;1194;1193;1195;1000;1192;1196;1808;1906;1918;999;1005;1191;1197;998;1006;1190;1198;1089;1807;1905;1919;997;1007;1189;1199;996;1088;1188;1200;1720;1719;1721;1718;1722;1806;1717;1723;995;1187;1201;1716;1724;1087;1715;1725;1805;994;1186;1202;1714;1726;1086;}1115:{1203;}1116:{1220;}1162:{1154;1153;1152;1343;1342;1341;}1279:{1286;1287;480;1288;481;482;483;1289;1290;1291;}1310:{1317;1318;1319;864;1320;865;866;1321;1322;}1320:{1323;1324;}1373:{388;387;386;385;1277;1276;1278;1275;1279;384;1274;1280;1273;1281;288;1272;1282;1283;1284;1285;484;}1400:{676;675;674;673;672;1304;1303;1305;1302;1306;581;1301;1307;580;772;1300;1308;579;771;1299;1309;578;770;1298;1310;577;769;1297;1311;576;768;1296;1312;}1469:{302;301;300;299;298;1373;1372;1371;1370;297;1369;296;1368;1367;295;1366;294;1365;389;}1478:{1477;1476;1475;493;1474;492;1473;491;400;1472;399;401;398;402;490;397;403;1471;396;489;395;1382;1470;1381;1383;488;1380;1384;394;1379;1385;1378;1386;1469;393;487;1377;1387;392;1376;1388;1468;486;1375;1389;391;1467;485;1374;390;1466;}1494:{1495;688;1496;687;689;686;1497;685;1498;684;1499;683;1500;682;1501;588;681;587;1398;1502;1397;1399;680;1396;1400;586;1395;1401;1394;1402;1503;585;679;1393;1403;584;784;1392;1404;1504;783;785;678;782;786;781;787;1391;1405;780;788;583;1505;677;779;1390;1406;582;778;1506;}1505:{1507;1508;1509;1510;1511;880;1512;879;881;878;882;877;883;1513;876;884;875;1413;1514;874;1414;873;1415;1515;872;1416;1516;1417;871;1517;}1510:{1518;1519;976;1420;1520;975;977;974;978;973;979;1421;1613;972;980;1521;971;981;1422;1614;970;982;1522;}1522:{1069;1068;983;1067;1426;1425;1427;984;1428;1616;1066;1429;1615;1430;967;1065;1431;1064;1432;966;1433;1063;965;1434;1062;}1553:{212;1558;211;1559;210;209;311;310;309;1457;1561;208;308;1456;1458;1455;1459;1454;1460;307;1453;1461;1562;207;306;1452;1462;117;116;305;1451;1463;1563;206;115;304;1450;1464;114;1564;205;1449;1465;113;303;}1582:{600;1584;601;598;1585;597;1586;596;1587;595;1588;594;500;593;499;1486;1485;1487;592;1484;1488;498;1483;1489;1482;1490;497;591;1481;1491;496;1480;1492;590;1479;1493;495;589;691;1478;1494;494;690;}1629:{1174;1173;1172;1171;1170;1169;1535;1168;1167;1166;1165;}1633:{30;}1635:{29;28;27;26;25;1539;1538;1540;1537;24;1536;23;22;21;}1645:{1644;1643;1642;1641;128;1640;127;129;126;130;125;131;219;1639;124;132;218;1638;123;133;217;122;134;1549;1637;1548;1550;1740;1547;1551;1739;216;1546;1552;1738;121;135;1545;1553;1737;1636;120;136;1544;1554;1736;215;1543;1555;1635;1735;119;137;214;1542;1556;1734;1634;118;138;1541;1557;1733;213;1633;}1670:{411;410;409;1569;408;1568;1567;407;1566;406;}1680:{606;1678;605;1677;604;1676;603;602;1579;506;1578;505;1577;504;1576;}1700:{1701;1702;1703;896;1704;895;897;894;898;893;899;1705;892;900;1706;891;1707;890;1604;1708;889;1603;1605;1602;1606;1601;1607;888;904;1608;1800;1709;1609;1801;791;887;905;1610;1710;1802;1611;1803;790;886;906;1711;1612;1804;789;885;907;992;1712;}1734:{140;141;142;143;1833;}1735:{1831;144;1830;1832;1829;1828;1827;145;1826;1825;48;1824;49;}1760:{420;419;418;417;1767;416;520;1664;1768;519;521;1663;1665;518;1662;1666;325;517;1661;1667;324;516;1660;1668;415;1769;323;515;1659;1669;322;414;514;1658;1670;1770;321;513;1657;1671;413;1749;320;512;1656;1672;412;1748;}1802:{993;1713;991;990;}1834:{139;1732;47;46;45;1731;44;43;1730;42;}1854:{1853;1852;1851;429;1850;428;1849;427;336;1848;335;337;334;338;426;438;333;339;1847;332;340;425;331;341;1758;1846;1757;1759;424;1756;1760;330;342;1755;1761;1754;1762;1845;329;343;423;1753;1763;1945;328;344;1752;1764;1844;1944;422;1751;1765;1943;524;327;345;1843;421;523;1750;1766;1942;326;346;522;1842;}1875:{620;619;716;618;715;617;714;1779;1778;1780;1777;1781;616;1776;1782;713;1775;1783;712;1774;1784;615;1773;1785;711;614;1786;710;1787;613;}1900:{1799;903;1798;1797;902;1796;901;}1920:{54;1922;53;1923;52;1924;51;1925;}1938:{1930;1838;1929;1837;152;1836;1928;2028;151;153;150;154;238;149;155;1835;2027;148;156;1927;147;157;237;1834;146;1926;}1943:{248;1936;247;246;245;1935;244;243;1934;242;241;1841;1933;240;1840;1932;1839;239;1931;}1952:{439;}1958:{437;436;435;434;1859;1858;1949;433;1857;432;1856;1948;1855;431;1947;1854;430;1946;}1964:{1963;1965;1962;1966;1961;1967;536;632;1960;1968;535;537;631;633;534;538;630;634;533;539;629;635;1959;1969;532;540;628;636;1958;1970;531;541;627;637;1957;1971;530;542;626;638;1868;1956;1972;2060;529;543;625;639;1867;1869;2059;2061;1866;1870;2058;2062;1865;1871;2057;2063;528;544;624;640;1864;1872;2056;2064;1955;1973;1863;1873;2055;2065;527;545;623;641;1862;1874;1954;1974;2054;2066;1861;1875;2053;2067;526;546;622;642;1953;1975;1860;1876;2052;2068;525;547;621;643;440;728;1952;1976;}1980:{1981;1982;1983;824;1984;823;825;822;826;821;827;1985;724;820;828;1986;723;819;829;1987;722;818;830;1884;1988;721;817;831;1883;1885;1882;1886;1881;1887;720;816;1880;1888;1989;1879;1889;2081;719;815;833;1878;1890;1990;2082;1877;1891;2083;718;814;834;1991;1892;2084;717;813;835;920;1992;}2004:{1118;2012;1119;1120;2104;2013;2105;1121;2014;2106;2107;1122;2015;1916;2108;1123;1208;}2015:{1207;1209;1206;1210;1205;1211;2011;1204;1212;2010;1213;1214;1215;2111;1216;2110;2109;1217;1218;1219;}2054:{548;549;550;451;452;551;453;2150;2149;2151;552;2148;2152;454;2147;2153;2146;2154;2045;455;553;2145;2155;456;2044;2144;554;2143;457;2043;555;2142;458;2042;}2068:{2069;2070;2071;736;2072;735;737;734;738;733;739;2073;644;732;740;2074;645;731;741;2075;646;730;742;2076;2164;647;729;743;2163;2165;2162;2166;2161;2167;648;744;2160;2168;2077;1977;2159;2169;649;727;745;1978;2078;2158;2170;1979;2157;2171;650;726;746;2079;1964;1980;2156;2172;651;725;747;832;2080;}2114:{71;70;69;68;67;66;65;163;2018;2017;2019;64;2016;2020;162;2021;2022;63;161;62;2025;61;2026;158;}2127:{160;176;2024;2216;2116;2023;2215;159;177;2115;}2201:{2202;2203;1130;2204;1131;2205;1132;2206;1133;2207;1134;1224;1135;1223;1225;1222;1226;1221;1227;2297;1136;1228;2296;2298;2295;2299;2294;2300;1229;2293;2301;1137;1230;2292;2302;1231;2291;2303;1138;1232;2290;1139;2289;1039;1233;}2206:{1234;1235;}2216:{175;2217;174;178;2214;2218;173;179;2213;2219;172;180;2212;2220;171;181;2211;2221;170;182;2210;2222;169;183;2209;2223;80;168;184;272;2120;2208;2224;2312;79;81;271;273;2119;2121;2311;2313;78;82;270;274;2118;2122;2310;2314;77;83;269;275;2117;2123;2309;2315;76;84;268;2124;2308;2316;167;185;2225;75;85;267;2125;2307;2317;74;86;166;186;266;278;2114;2126;2226;2306;2318;73;87;279;2113;2305;2319;165;187;2227;72;88;280;2112;2304;2320;164;188;2228;}2249:{560;2248;561;2247;562;2246;563;2245;564;2244;565;2243;566;2242;567;2241;2345;568;660;2344;2346;2343;2347;2342;2348;661;2341;2349;464;2240;465;569;466;662;2340;2350;467;468;663;2239;2339;2351;570;469;664;2338;2352;470;2238;571;2337;2353;471;665;2237;}2275:{2273;848;2272;849;850;2271;851;852;2270;853;947;2269;948;854;2268;949;855;950;2267;2371;2370;2372;2369;2373;856;2368;2374;951;2367;2375;2266;952;2366;2376;857;2377;953;858;2378;954;2379;859;2287;}2287:{1040;2288;1041;1042;1043;1044;1045;1046;1047;2383;1048;2382;2384;2381;2385;2386;2387;1049;2388;1140;2389;1050;1141;2390;1142;1051;2391;1143;}2296:{1144;2392;2393;2394;2395;1236;2396;1145;1237;2397;1146;1238;2398;1239;2399;1147;1240;1148;}2332:{2333;2334;2335;472;2336;473;378;474;379;475;380;476;381;477;382;478;2428;383;479;2427;2429;2426;2430;2425;2431;2424;2432;2323;2423;2433;2322;2422;2434;2421;2435;2321;2420;2436;}2351:{2439;}2352:{752;2264;2456;2364;}2353:{2354;2355;666;2356;667;2357;668;2358;669;2359;670;760;2360;671;759;761;758;762;757;763;2361;2449;756;764;2448;2450;2447;2451;2446;2452;755;765;2445;2453;2362;754;766;2444;2454;572;753;767;2363;2443;2455;573;2442;574;2265;2441;2457;575;2365;}2392:{1149;1150;1151;2488;1241;2487;2489;1242;2486;2490;1243;2485;2491;1052;1244;2484;2492;1053;1245;2483;2493;1054;1246;2482;2494;1055;1247;2481;2495;2480;}2424:{2419;}2436:{2437;2438;2440;}2474:{2475;2476;2477;2478;2479;},133_134_135_136_137_167_168_169_170_171_219_220_276_277_309_310_378_379_401_402_478_479_496_497_575_592_593_671_689_690_766_767_789_790_858_859_891_892_948_949_997_998_999_1000_1001_1031_1032_1033_1034_1035_1475_1476_1477_1478_1479_1480_1481_1482_1483_1484_1485_1486_1487_1488_1489_1490_1491_1492_1493_1555_1556_1557_1603_1604_1605_1643_1644_1645_1707_1708_1709_1735_1736_1808_1809_1828_1829_1907_1908_1923_1924_1925_2003_2004_2005_2020_2021_2099_2100_2119_2120_2192_2193_2219_2220_2221_2283_2284_2285_2323_2324_2325_2371_2372_2373_2435_2436_2437_2438_2439_2440_2441_2442_2443_2444_2445_2446_2447_2448_2449_2450_2451_2452_2453_,1964-1963*0_1964-1965*0_1964-1962*0_1964-1966*0_1964-1961*0_1964-1967*0_1964-536*0_1964-632*0_1964-1960*0_1964-1968*0_1964-535*0_1964-537*0_1964-631*0_1964-633*0_1964-534*0_1964-538*0_1964-630*0_1964-634*0_1964-533*0_1964-539*0_1964-629*0_1964-635*0_1964-1959*0_1964-1969*0_1964-532*0_1964-540*0_1964-628*0_1964-636*0_1964-1958*0_1964-1970*0_1964-531*0_1964-541*0_1964-627*0_1964-637*0_1964-1957*0_1964-1971*0_1964-530*0_1964-542*0_1964-626*0_1964-638*0_1964-1868*0_1964-1956*0_1964-1972*0_1964-2060*0_1964-529*0_1964-543*0_1964-625*0_1964-639*0_1964-1867*0_1964-1869*0_1964-2059*0_1964-2061*0_1964-1866*0_1964-1870*0_1964-2058*0_1964-2062*0_1964-1865*0_1964-1871*0_1964-2057*0_1964-2063*0_1964-528*0_1964-544*0_1964-624*0_1964-640*0_1964-1864*0_1964-1872*0_1964-2056*0_1964-2064*0_1964-1955*0_1964-1973*0_1964-1863*0_1964-1873*0_1964-2055*0_1964-2065*0_1964-527*0_1964-545*0_1964-623*0_1964-641*0_1964-1862*0_1964-1874*0_1964-1954*0_1964-1974*0_1964-2054*0_1964-2066*0_1964-1861*0_1964-1875*0_1964-2053*0_1964-2067*0_1964-526*0_1964-546*0_1964-622*0_1964-642*0_1964-1953*0_1964-1975*0_1964-1860*0_1964-1876*0_1964-2052*0_1964-2068*0_1964-525*0_1964-547*0_1964-621*0_1964-643*0_1964-440*0_1964-728*0_1964-1952*0_1964-1976*0_2068-2069*1_2068-2070*1_2068-2071*1_2068-736*1_2068-2072*1_2068-735*1_2068-737*1_2068-734*1_2068-738*1_2068-733*1_2068-739*1_2068-2073*1_2068-644*1_2068-732*1_2068-740*1_2068-2074*1_2068-645*1_2068-731*1_2068-741*1_2068-2075*1_2068-646*1_2068-730*1_2068-742*1_2068-2076*1_2068-2164*1_2068-647*1_2068-729*1_2068-743*1_2068-2163*1_2068-2165*1_2068-2162*1_2068-2166*1_2068-2161*1_2068-2167*1_2068-648*1_2068-744*1_2068-2160*1_2068-2168*1_2068-2077*1_2068-1977*1_2068-2159*1_2068-2169*1_2068-649*1_2068-727*1_2068-745*1_2068-1978*1_2068-2078*1_2068-2158*1_2068-2170*1_2068-1979*1_2068-2157*1_2068-2171*1_2068-650*1_2068-726*1_2068-746*1_2068-2079*1_2068-1964*1_2068-1980*1_2068-2156*1_2068-2172*1_2068-651*1_2068-725*1_2068-747*1_2068-832*1_2068-2080*1_1980-1981*2_1980-1982*2_1980-1983*2_1980-824*2_1980-1984*2_1980-823*2_1980-825*2_1980-822*2_1980-826*2_1980-821*2_1980-827*2_1980-1985*2_1980-724*2_1980-820*2_1980-828*2_1980-1986*2_1980-723*2_1980-819*2_1980-829*2_1980-1987*2_1980-722*2_1980-818*2_1980-830*2_1980-1884*2_1980-1988*2_1980-721*2_1980-817*2_1980-831*2_1980-1883*2_1980-1885*2_1980-1882*2_1980-1886*2_1980-1881*2_1980-1887*2_1980-720*2_1980-816*2_1980-1880*2_1980-1888*2_1980-1989*2_1980-1879*2_1980-1889*2_1980-2081*2_1980-719*2_1980-815*2_1980-833*2_1980-1878*2_1980-1890*2_1980-1990*2_1980-2082*2_1980-1877*2_1980-1891*2_1980-2083*2_1980-718*2_1980-814*2_1980-834*2_1980-1991*2_1980-1892*2_1980-2084*2_1980-717*2_1980-813*2_1980-835*2_1980-920*2_1980-1992*2_1958-437*1_1958-436*1_1958-435*1_2054-548*1_1958-434*1_1958-1859*1_1958-1858*1_1958-1949*1_1958-433*1_2054-549*1_1958-1857*1_1958-432*1_1958-1856*1_1958-1948*1_2054-550*1_1958-1855*1_2054-451*1_1958-431*1_1958-1947*1_2054-452*1_2054-551*1_1958-1854*1_1958-430*1_2054-453*1_1958-1946*1_2054-2150*1_2054-2149*1_2054-2151*1_2054-552*1_2054-2148*1_2054-2152*1_2054-454*1_2054-2147*1_2054-2153*1_2054-2146*1_2054-2154*1_2054-2045*1_2054-455*1_2054-553*1_2054-2145*1_2054-2155*1_2054-456*1_2054-2044*1_2054-2144*1_2054-554*1_2054-2143*1_2054-457*1_2054-2043*1_2054-555*1_2054-2142*1_2054-458*1_2054-2042*1_647-652*2_647-653*2_647-654*2_647-655*2_647-656*2_647-2256*2_647-2255*2_647-2257*2_647-2254*2_647-2258*2_647-556*2_647-748*2_647-2253*2_647-2259*2_647-2252*2_647-2260*2_647-557*2_647-657*2_647-749*2_647-2251*2_647-2261*2_647-558*2_647-750*2_647-2250*2_647-2262*2_647-658*2_647-559*2_647-751*2_647-2249*2_647-2263*2_647-659*2_451-450*2_1854-1853*2_451-449*2_1854-1852*2_451-448*2_451-2048*2_451-2047*2_451-2049*2_451-2046*2_451-2050*2_1854-1851*2_451-447*2_1854-429*2_451-2051*2_1854-1850*2_451-446*2_1854-428*2_1854-1849*2_451-2141*2_451-445*2_1854-427*2_451-2140*2_1854-336*2_1854-1848*2_1854-335*2_1854-337*2_1854-334*2_1854-338*2_1854-426*2_1854-438*2_451-444*2_451-2139*2_1854-333*2_1854-339*2_1854-1847*2_451-2041*2_451-2138*2_1854-332*2_1854-340*2_1854-425*2_451-355*2_451-459*2_451-354*2_451-356*2_451-353*2_451-357*2_1854-331*2_1854-341*2_451-352*2_451-358*2_451-2040*2_451-2137*2_1854-1758*2_1854-1846*2_1854-1757*2_1854-1759*2_1854-424*2_1854-1756*2_1854-1760*2_451-351*2_451-359*2_451-460*2_1854-330*2_1854-342*2_1854-1755*2_1854-1761*2_451-350*2_451-360*2_451-2136*2_451-2039*2_1854-1754*2_1854-1762*2_1854-1845*2_1854-329*2_1854-343*2_1854-423*2_451-349*2_451-361*2_451-461*2_1854-1753*2_1854-1763*2_1854-1945*2_451-2135*2_451-2038*2_1854-328*2_1854-344*2_1854-1752*2_1854-1764*2_1854-1844*2_1854-1944*2_451-348*2_451-362*2_1854-422*2_451-462*2_451-2134*2_1854-1751*2_1854-1765*2_1854-1943*2_451-347*2_451-363*2_1854-524*2_451-2037*2_1854-327*2_1854-345*2_1854-1843*2_1854-421*2_1854-523*2_1854-1750*2_1854-1766*2_1854-1942*2_451-463*2_1854-326*2_1854-346*2_1854-522*2_1854-1842*2_2249-560*3_2249-2248*3_2249-561*3_2249-2247*3_2249-562*3_2249-2246*3_2249-563*3_2249-2245*3_2249-564*3_835-836*3_2249-2244*3_2249-565*3_835-837*3_2249-2243*3_2249-566*3_835-838*3_2249-2242*3_2249-567*3_835-839*3_2249-2241*3_2249-2345*3_2249-568*3_2249-660*3_2249-2344*3_2249-2346*3_2249-2343*3_2249-2347*3_2249-2342*3_2249-2348*3_835-840*3_835-2176*3_2249-661*3_835-2175*3_835-2177*3_2249-2341*3_2249-2349*3_835-2174*3_835-2178*3_2249-464*3_2249-2240*3_2249-465*3_2249-569*3_2249-466*3_2249-662*3_835-2085*3_835-2173*3_835-2179*3_2249-2340*3_2249-2350*3_2249-467*3_835-841*3_2249-468*3_2249-663*3_835-2180*3_2249-2239*3_2249-2339*3_2249-2351*3_2249-570*3_835-2086*3_2249-469*3_835-842*3_2249-664*3_2249-2338*3_2249-2352*3_835-2181*3_2249-470*3_2249-2238*3_2249-571*3_835-2087*3_2249-2337*3_2249-2353*3_835-2182*3_2249-471*3_2249-665*3_835-843*3_835-931*3_835-930*3_835-932*3_835-929*3_835-933*3_2249-2237*3_835-928*3_835-934*3_835-2088*3_835-2183*3_835-927*3_835-935*3_835-844*3_835-926*3_835-936*3_835-2184*3_835-2089*3_835-845*3_835-925*3_835-937*3_835-2185*3_835-2090*3_835-924*3_835-938*3_835-846*3_835-2186*3_835-923*3_835-939*3_835-2091*3_835-847*3_353-2036*3_353-2035*3_353-2034*3_353-2033*3_353-2133*3_353-257*3_353-256*3_353-258*3_353-2032*3_353-2132*3_353-255*3_353-259*3_353-254*3_353-260*3_353-2131*3_353-253*3_353-261*3_353-2031*3_353-2130*3_353-252*3_353-262*3_353-1941*3_353-1940*3_353-2129*3_353-251*3_353-263*3_353-443*3_353-2030*3_353-1939*3_353-250*3_353-264*3_353-442*3_353-2128*3_353-1938*3_353-1950*3_353-364*3_353-2029*3_353-249*3_353-265*3_353-441*3_353-1937*3_353-1951*3_353-2127*3_353-365*3_1760-420*3_1760-419*3_1760-418*3_1760-417*3_1760-1767*3_1760-416*3_1760-520*3_1760-1664*3_1760-1768*3_1760-519*3_1760-521*3_1760-1663*3_1760-1665*3_1760-518*3_1760-1662*3_1760-1666*3_1760-325*3_1760-517*3_1760-1661*3_1760-1667*3_1760-324*3_1760-516*3_1760-1660*3_1760-1668*3_1760-415*3_1760-1769*3_1760-323*3_1760-515*3_1760-1659*3_1760-1669*3_1760-322*3_1760-414*3_1760-514*3_1760-1658*3_1760-1670*3_1760-1770*3_1760-321*3_1760-513*3_1760-1657*3_1760-1671*3_1760-413*3_1760-1749*3_1760-320*3_1760-512*3_1760-1656*3_1760-1672*3_1760-412*3_1760-1748*3_1875-620*1_1875-619*1_1875-716*1_1875-618*1_1875-715*1_1875-617*1_1875-714*1_1875-1779*1_1875-1778*1_1875-1780*1_1875-1777*1_1875-1781*1_1875-616*1_1875-1776*1_1875-1782*1_1875-713*1_1875-1775*1_1875-1783*1_1875-712*1_1875-1774*1_1875-1784*1_1875-615*1_1875-1773*1_1875-1785*1_1875-711*1_1875-614*1_1875-1786*1_1875-710*1_1875-1787*1_1875-613*1_365-2235*4_365-2236*4_365-371*4_365-372*4_365-373*4_365-374*4_934-2187*4_365-375*4_2127-160*4_2127-176*4_2127-2024*4_2127-2216*4_2127-2116*4_934-2188*4_365-276*4_2127-2023*4_2127-2215*4_2127-159*4_2127-177*4_365-376*4_365-2328*4_365-2327*4_365-2329*4_365-2326*4_365-2330*4_365-277*4_934-2189*4_2127-2115*4_365-2325*4_365-2331*4_365-2324*4_365-2332*4_934-940*4_365-377*4_934-2190*4_934-941*4_934-2092*4_934-2191*4_934-2093*4_934-942*4_934-1030*4_934-1029*4_934-1031*4_934-1028*4_934-1032*4_934-2192*4_934-2094*4_934-1027*4_934-1033*4_934-1026*4_934-1034*4_934-943*4_2351-2439*4_934-2095*4_934-2193*4_934-1025*4_934-1035*4_2352-752*4_2352-2264*4_2352-2456*4_934-944*4_934-1024*4_934-1036*4_934-2096*4_934-2280*4_934-2279*4_934-2281*4_934-2194*4_934-2278*4_934-2282*4_934-2277*4_934-2283*4_2352-2364*4_934-1023*4_934-1037*4_934-2276*4_934-2284*4_934-2097*4_934-945*4_934-2195*4_934-2275*4_934-2285*4_934-1022*4_934-1038*4_934-2098*4_934-2274*4_934-2286*4_934-922*4_934-946*4_920-919*3_920-921*3_920-1993*3_920-918*3_920-1994*3_920-917*3_920-1995*3_920-916*3_920-1996*3_920-915*3_920-1997*3_920-914*3_920-1998*3_920-913*3_920-1999*3_920-912*3_920-1016*3_920-1896*3_920-2000*3_920-1015*3_920-1017*3_920-1895*3_920-1897*3_920-1014*3_920-1018*3_920-1894*3_920-1898*3_920-1013*3_920-1019*3_920-1893*3_920-1899*3_920-1012*3_920-1020*3_920-1900*3_920-911*3_920-2001*3_920-1011*3_920-1021*3_920-1901*3_920-910*3_920-1010*3_920-1902*3_920-2002*3_920-1009*3_920-1903*3_920-909*3_920-2003*3_920-1008*3_920-1904*3_920-908*3_920-2004*3_1952-439*1_711-709*2_711-708*2_711-707*2_711-1788*2_711-706*2_711-1789*2_711-705*2_711-1790*2_711-704*2_711-1688*2_711-1687*2_711-1689*2_711-1791*2_711-1686*2_711-1690*2_711-1685*2_711-1691*2_711-703*2_711-807*2_711-806*2_711-808*2_711-1684*2_711-1692*2_711-1792*2_711-805*2_711-809*2_711-612*2_711-804*2_711-810*2_711-1683*2_711-1693*2_711-611*2_711-803*2_711-811*2_711-702*2_711-1793*2_711-1682*2_711-1694*2_711-610*2_711-802*2_711-812*2_711-1681*2_711-1695*2_711-609*2_711-701*2_711-801*2_711-1794*2_711-608*2_711-800*2_711-1680*2_711-1696*2_711-700*2_711-1795*2_711-607*2_711-799*2_711-1679*2_711-1697*2_711-699*2_2216-175*5_2216-2217*5_2216-174*5_2216-178*5_2216-2214*5_2216-2218*5_2216-173*5_2216-179*5_2216-2213*5_2216-2219*5_2216-172*5_2216-180*5_2216-2212*5_2216-2220*5_2216-171*5_2216-181*5_2216-2211*5_2216-2221*5_2216-170*5_2216-182*5_2216-2210*5_2216-2222*5_2216-169*5_2216-183*5_2216-2209*5_2216-2223*5_2216-80*5_2216-168*5_2216-184*5_2216-272*5_2216-2120*5_2216-2208*5_2216-2224*5_2216-2312*5_2216-79*5_2216-81*5_2216-271*5_2216-273*5_2216-2119*5_2216-2121*5_2216-2311*5_2216-2313*5_2216-78*5_2216-82*5_2216-270*5_2216-274*5_2216-2118*5_2216-2122*5_2216-2310*5_2216-2314*5_2216-77*5_2216-83*5_2216-269*5_2216-275*5_2216-2117*5_2216-2123*5_2216-2309*5_2216-2315*5_2216-76*5_2216-84*5_2216-268*5_2216-2124*5_2216-2308*5_2216-2316*5_2216-167*5_2216-185*5_2216-2225*5_2216-75*5_2216-85*5_2216-267*5_2216-2125*5_2216-2307*5_2216-2317*5_2216-74*5_2216-86*5_2216-166*5_2216-186*5_2216-266*5_2216-278*5_2216-2114*5_2216-2126*5_2216-2226*5_2216-2306*5_2216-2318*5_2216-73*5_2216-87*5_2216-279*5_2216-2113*5_2216-2305*5_2216-2319*5_2216-165*5_2216-187*5_2216-2227*5_2216-72*5_2216-88*5_2216-280*5_2216-2112*5_2216-2304*5_2216-2320*5_2216-164*5_2216-188*5_2216-2228*5_364-366*4_324-1655*4_364-367*4_324-1654*4_324-319*4_324-1653*4_364-368*4_364-2232*4_364-2231*4_364-2233*4_324-1652*4_364-2230*4_364-2234*4_324-318*4_324-1651*4_324-1747*4_364-369*4_364-2229*4_324-317*4_324-1650*4_324-1746*4_364-370*4_324-228*4_324-316*4_324-227*4_324-229*4_324-1649*4_324-1745*4_324-226*4_324-230*4_324-225*4_324-231*4_2353-2354*4_324-224*4_324-232*4_324-1648*4_324-1744*4_324-315*4_324-223*4_324-233*4_2353-2355*4_2353-666*4_324-1647*4_324-1743*4_324-222*4_324-234*4_324-314*4_2353-2356*4_324-221*4_324-235*4_2353-667*4_324-1646*4_324-1742*4_324-313*4_324-220*4_324-236*4_2353-2357*4_324-1645*4_324-1741*4_2353-668*4_324-312*4_324-1560*4_2353-2358*4_2353-669*4_2353-2359*4_2353-670*4_2353-760*4_2353-2360*4_2353-671*4_2353-759*4_2353-761*4_2353-758*4_2353-762*4_2353-757*4_2353-763*4_2353-2361*4_2353-2449*4_2353-756*4_2353-764*4_2353-2448*4_2353-2450*4_2353-2447*4_2353-2451*4_2353-2446*4_2353-2452*4_2353-755*4_2353-765*4_2353-2445*4_2353-2453*4_2353-2362*4_2353-754*4_2353-766*4_2353-2444*4_2353-2454*4_2353-572*4_2353-753*4_2353-767*4_2353-2363*4_2353-2443*4_2353-2455*4_2353-573*4_2353-2442*4_2353-574*4_1900-1799*4_1009-1105*4_1009-1106*4_2353-2265*4_2353-2441*4_2353-2457*4_1900-903*4_2353-575*4_1009-1103*4_1009-1107*4_1900-1798*4_1009-1102*4_1009-1108*4_1009-2005*4_2353-2365*4_1900-1797*4_1009-1101*4_1009-1109*4_1009-1913*4_1900-902*4_1009-2006*4_1009-1100*4_1009-1110*4_1900-1796*4_1009-2007*4_1009-1099*4_1009-1111*4_1900-901*4_1009-1914*4_1009-1813*4_1009-1098*4_1009-1112*4_1009-2008*4_1009-1814*4_1009-1915*4_1009-1097*4_1009-1113*4_1009-1815*4_1009-2009*4_2332-2333*5_2332-2334*5_2332-2335*5_2332-472*5_2332-2336*5_2332-473*5_2332-378*5_2332-474*5_2332-379*5_2332-475*5_2332-380*5_2332-476*5_2332-381*5_2332-477*5_2332-382*5_2332-478*5_2275-2273*5_2332-2428*5_2332-383*5_2332-479*5_2332-2427*5_2332-2429*5_2332-2426*5_2332-2430*5_2275-848*5_2275-2272*5_2332-2425*5_2332-2431*5_2275-849*5_2332-2424*5_2332-2432*5_2332-2323*5_2275-850*5_2275-2271*5_2332-2423*5_2332-2433*5_2275-851*5_2332-2322*5_2332-2422*5_2332-2434*5_2275-852*5_2275-2270*5_2332-2421*5_2332-2435*5_2332-2321*5_2275-853*5_2275-947*5_2332-2420*5_2332-2436*5_2275-2269*5_2275-948*5_2275-854*5_2275-2268*5_2275-949*5_2275-855*5_2275-950*5_2275-2267*5_2275-2371*5_2275-2370*5_2275-2372*5_2275-2369*5_2275-2373*5_2275-856*5_2275-2368*5_2275-2374*5_2275-951*5_2275-2367*5_2275-2375*5_2275-2266*5_2275-952*5_2275-2366*5_2275-2376*5_2275-857*5_2275-2377*5_2275-953*5_2275-858*5_2275-2378*5_2275-954*5_2275-2379*5_2275-859*5_2275-2287*5_704-698*3_704-697*3_1943-248*3_1943-1936*3_1943-247*3_1943-246*3_1943-245*3_611-1675*3_704-696*3_704-1592*3_1943-1935*3_704-1591*3_704-1593*3_1943-244*3_704-798*3_704-1590*3_704-1594*3_611-1772*3_704-797*3_704-1589*3_704-1595*3_1943-243*3_611-1674*3_704-796*3_704-1596*3_704-695*3_611-1771*3_1943-1934*3_1943-242*3_704-795*3_704-1597*3_611-1673*3_1943-241*3_704-694*3_704-794*3_704-1598*3_704-1698*3_1943-1841*3_1943-1933*3_704-793*3_704-1599*3_1943-240*3_1943-1840*3_611-511*3_704-693*3_704-1699*3_1943-1932*3_704-792*3_704-1600*3_1943-1839*3_611-510*3_1943-239*3_611-509*3_704-692*3_704-1700*3_1943-1931*3_611-508*3_611-1583*3_611-1582*3_611-507*3_611-1581*3_611-1580*3_611-599*3_2114-71*6_2114-70*6_187-189*6_2114-69*6_187-190*6_2114-68*6_187-191*6_2114-67*6_187-2408*6_187-2407*6_187-2409*6_2114-66*6_187-2406*6_187-2410*6_187-2405*6_187-2411*6_2114-65*6_187-2404*6_187-2412*6_2114-163*6_2114-2018*6_2114-2017*6_2114-2019*6_187-2403*6_187-2413*6_2114-64*6_2114-2016*6_2114-2020*6_2114-162*6_2114-2021*6_187-2402*6_187-2414*6_2114-2022*6_187-91*6_187-283*6_187-90*6_187-92*6_187-282*6_187-284*6_2114-63*6_2114-161*6_187-89*6_187-93*6_187-281*6_187-285*6_187-94*6_187-286*6_187-2401*6_187-2415*6_187-95*6_187-287*6_2114-62*6_187-2400*6_187-2416*6_2114-2025*6_2114-61*6_187-2417*6_2114-2026*6_2114-158*6_187-2418*6_1013-1004*4_1013-1003*4_2004-1118*4_1013-1002*4_2004-2012*4_2004-1119*4_1013-1001*4_2004-1120*4_2004-2104*4_2004-2013*4_2004-2105*4_2004-1121*4_2004-2014*4_2004-2106*4_2004-2107*4_2004-1122*4_2004-2015*4_2004-1916*4_2004-2108*4_2004-1123*4_2004-1208*4_1938-1930*4_1938-1838*4_1938-1929*4_1938-1837*4_1938-152*4_1938-1836*4_1938-1928*4_1938-2028*4_1938-151*4_1938-153*4_1938-150*4_1938-154*4_1938-238*4_1938-149*4_1938-155*4_1938-1835*4_1938-2027*4_1938-148*4_1938-156*4_1938-1927*4_1938-147*4_1938-157*4_1938-237*4_1938-1834*4_1938-146*4_1938-1926*4_1098-1096*5_1098-1816*5_1098-1817*5_1098-1818*5_1098-1095*5_1098-1819*5_1098-1094*5_1098-1812*5_1098-1820*5_1098-1093*5_1098-1811*5_1098-1821*5_1098-1092*5_1098-1104*5_1098-1912*5_1098-1911*5_1098-1810*5_1098-1822*5_1098-1910*5_1098-1909*5_1098-1091*5_1098-1908*5_1098-1809*5_1098-1823*5_1098-1907*5_1098-1917*5_1098-1090*5_1098-1194*5_1098-1193*5_1098-1195*5_1098-1000*5_1098-1192*5_1098-1196*5_1098-1808*5_1098-1906*5_1098-1918*5_1098-999*5_1098-1005*5_1098-1191*5_1098-1197*5_1098-998*5_1098-1006*5_1098-1190*5_1098-1198*5_1098-1089*5_1098-1807*5_1098-1905*5_1098-1919*5_1098-997*5_1098-1007*5_1098-1189*5_1098-1199*5_1098-996*5_1098-1088*5_1098-1188*5_1098-1200*5_1098-1720*5_1098-1719*5_1098-1721*5_1098-1718*5_1098-1722*5_1098-1806*5_1098-1717*5_1098-1723*5_1098-995*5_1098-1187*5_1098-1201*5_1098-1716*5_1098-1724*5_1098-1087*5_1098-1715*5_1098-1725*5_1098-1805*5_1098-994*5_1098-1186*5_1098-1202*5_1098-1714*5_1098-1726*5_1098-1086*5_2436-2437*6_2436-2438*6_2424-2419*6_2436-2440*6_858-860*6_858-861*6_858-862*6_858-863*6_858-2464*6_858-2463*6_858-2465*6_858-2462*6_858-2466*6_858-2461*6_858-2467*6_858-2460*6_858-2468*6_858-2459*6_858-2469*6_858-955*6_858-956*6_858-2458*6_858-2470*6_858-957*6_858-958*6_858-2471*6_858-959*6_858-2472*6_858-2473*6_858-2474*6_1700-1701*4_1700-1702*4_1700-1703*4_1582-600*4_1582-1584*4_1582-601*4_1670-411*4_1582-598*4_1700-896*4_1700-1704*4_1670-410*4_1700-895*4_1700-897*4_1582-1585*4_1700-894*4_1700-898*4_1582-597*4_1670-409*4_1700-893*4_1700-899*4_1700-1705*4_1670-1569*4_1582-1586*4_1582-596*4_1670-408*4_1670-1568*4_1700-892*4_1700-900*4_1700-1706*4_1582-1587*4_1670-1567*4_1700-891*4_1670-407*4_1582-595*4_1670-1566*4_1700-1707*4_1582-1588*4_1700-890*4_1670-406*4_1582-594*4_1700-1604*4_1700-1708*4_1700-889*4_1700-1603*4_1700-1605*4_1700-1602*4_1700-1606*4_1582-500*4_1582-593*4_1700-1601*4_1700-1607*4_1700-888*4_1700-904*4_1700-1608*4_1700-1800*4_1582-499*4_1700-1709*4_1582-1486*4_1582-1485*4_1582-1487*4_1582-592*4_1582-1484*4_1582-1488*4_1700-1609*4_1700-1801*4_1582-498*4_1582-1483*4_1582-1489*4_1700-791*4_1700-887*4_1700-905*4_1700-1610*4_1700-1710*4_1700-1802*4_1582-1482*4_1582-1490*4_1582-497*4_1582-591*4_1582-1481*4_1582-1491*4_1700-1611*4_1700-1803*4_1700-790*4_1700-886*4_1700-906*4_1700-1711*4_1582-496*4_1582-1480*4_1582-1492*4_1700-1612*4_1700-1804*4_1582-590*4_1700-789*4_1700-885*4_1700-907*4_1582-1479*4_1582-1493*4_1582-495*4_1700-992*4_1700-1712*4_1582-589*4_1582-691*4_1582-1478*4_1582-1494*4_1582-494*4_1582-690*4_1025-2099*5_1025-2100*5_1025-2101*5_1025-2102*5_1025-2103*5_1025-2196*5_1025-1124*5_1025-2197*5_1025-1117*5_1025-1125*5_1025-2198*5_1025-1116*5_1025-1126*5_1025-2199*5_1025-1115*5_1025-1127*5_1025-1114*5_1025-1128*5_1025-2200*5_1025-1129*5_1025-2201*5_1645-1644*5_1645-1643*5_1645-1642*5_1645-1641*5_1645-128*5_1645-1640*5_1645-127*5_1645-129*5_1645-126*5_1645-130*5_1645-125*5_1645-131*5_1645-219*5_1645-1639*5_1645-124*5_1645-132*5_1645-218*5_1645-1638*5_1645-123*5_1645-133*5_1645-217*5_1645-122*5_1645-134*5_1645-1549*5_1645-1637*5_1645-1548*5_1645-1550*5_1645-1740*5_1645-1547*5_1645-1551*5_1645-1739*5_1645-216*5_1645-1546*5_1645-1552*5_1645-1738*5_1645-121*5_1645-135*5_1645-1545*5_1645-1553*5_1645-1737*5_1645-1636*5_1645-120*5_1645-136*5_1645-1544*5_1645-1554*5_1645-1736*5_1645-215*5_1645-1543*5_1645-1555*5_1645-1635*5_1645-1735*5_1645-119*5_1645-137*5_1645-214*5_1645-1542*5_1645-1556*5_1645-1734*5_1645-1634*5_1645-118*5_1645-138*5_1645-1541*5_1645-1557*5_1645-1733*5_1645-213*5_1645-1633*5_1680-606*3_1680-1678*3_1680-605*3_1680-1677*3_1680-604*3_1680-1676*3_1680-603*3_1680-602*3_1680-1579*3_1680-506*3_1680-1578*3_1680-505*3_1680-1577*3_1680-504*3_1680-1576*3_1494-1495*5_1494-688*5_1494-1496*5_1494-687*5_1494-689*5_1494-686*5_1494-1497*5_1494-685*5_1494-1498*5_1494-684*5_1494-1499*5_1494-683*5_1494-1500*5_1494-682*5_1802-993*5_1494-1501*5_1494-588*5_1494-681*5_1494-587*5_1494-1398*5_1494-1502*5_1494-1397*5_1494-1399*5_1802-1713*5_1494-680*5_1494-1396*5_1494-1400*5_1802-991*5_1494-586*5_1494-1395*5_1494-1401*5_1494-1394*5_1494-1402*5_1494-1503*5_1802-990*5_1494-585*5_1494-679*5_1494-1393*5_1494-1403*5_1494-584*5_1494-784*5_1494-1392*5_1494-1404*5_1494-1504*5_1494-783*5_1494-785*5_1494-678*5_1494-782*5_1494-786*5_1494-781*5_1494-787*5_1494-1391*5_1494-1405*5_1494-780*5_1494-788*5_1494-583*5_1494-1505*5_1494-677*5_1494-779*5_1494-1390*5_1494-1406*5_1494-582*5_1494-778*5_1494-1506*5_508-1575*4_508-1574*4_508-503*4_508-1573*4_508-1572*4_508-502*4_508-1571*4_508-501*4_508-1570*4_508-405*4_508-404*4_508-1565*4_1478-1477*5_1478-1476*5_1478-1475*5_1478-493*5_1478-1474*5_1478-492*5_1478-1473*5_1478-491*5_1478-400*5_1478-1472*5_1478-399*5_1478-401*5_1478-398*5_1478-402*5_1478-490*5_1478-397*5_1478-403*5_1478-1471*5_1478-396*5_1478-489*5_1478-395*5_1478-1382*5_1478-1470*5_1478-1381*5_1478-1383*5_1478-488*5_1478-1380*5_1478-1384*5_1478-394*5_1478-1379*5_1478-1385*5_1478-1378*5_1478-1386*5_1478-1469*5_1478-393*5_1478-487*5_1478-1377*5_1478-1387*5_1478-392*5_1478-1376*5_1478-1388*5_1478-1468*5_1478-486*5_1478-1375*5_1478-1389*5_1478-391*5_1478-1467*5_1478-485*5_1478-1374*5_1478-390*5_1478-1466*5_1834-139*5_152-1921*5_152-56*5_152-1920*5_152-55*5_152-57*5_152-58*5_152-59*5_152-60*5_1834-1732*5_1834-47*5_1834-46*5_1834-45*5_1834-1731*5_1834-44*5_1834-43*5_1834-1730*5_1834-42*5_1116-1220*6_1115-1203*6_1553-212*6_1553-1558*6_1553-211*6_1553-1559*6_1553-210*6_1553-209*6_1553-311*6_1553-310*6_1553-309*6_1553-1457*6_1553-1561*6_1553-208*6_1553-308*6_1553-1456*6_1553-1458*6_1553-1455*6_1553-1459*6_1553-1454*6_1553-1460*6_1553-307*6_1553-1453*6_1553-1461*6_1553-1562*6_1553-207*6_1553-306*6_1553-1452*6_1553-1462*6_1400-676*6_1553-117*6_1553-116*6_1553-305*6_1553-1451*6_1553-1463*6_1553-1563*6_1553-206*6_1505-1507*6_1553-115*6_1400-675*6_1553-304*6_1553-1450*6_1553-1464*6_1553-114*6_1553-1564*6_1553-205*6_1505-1508*6_1553-1449*6_1553-1465*6_1553-113*6_1553-303*6_1400-674*6_1505-1509*6_1400-673*6_1505-1510*6_1400-672*6_1400-1304*6_1400-1303*6_1400-1305*6_1400-1302*6_1400-1306*6_1400-581*6_1400-1301*6_1400-1307*6_1505-1511*6_1400-580*6_1400-772*6_1400-1300*6_1400-1308*6_1400-579*6_1400-771*6_1400-1299*6_1400-1309*6_1505-880*6_1505-1512*6_1505-879*6_1505-881*6_1400-578*6_1400-770*6_1400-1298*6_1400-1310*6_1505-878*6_1505-882*6_1505-877*6_1505-883*6_1400-577*6_1400-769*6_1400-1297*6_1400-1311*6_1505-1513*6_1505-876*6_1505-884*6_1400-576*6_1400-768*6_1400-1296*6_1400-1312*6_1505-875*6_1505-1413*6_1505-1514*6_1505-874*6_1505-1414*6_1505-873*6_1505-1415*6_1505-1515*6_1505-872*6_1505-1416*6_1505-1516*6_1505-1417*6_1505-871*6_1505-1517*6_2015-1207*5_2015-1209*5_2015-1206*5_2015-1210*5_2015-1205*5_2015-1211*5_2015-2011*5_2015-1204*5_2015-1212*5_2015-2010*5_2015-1213*5_2015-1214*5_2015-1215*5_2015-2111*5_2015-1216*5_2015-2110*5_2015-2109*5_2015-1217*5_2015-1218*5_2015-1219*5_1635-29*6_1635-28*6_1734-140*6_1635-27*6_1734-141*6_1635-26*6_1734-142*6_1635-25*6_1734-143*6_1635-1539*6_1635-1538*6_1635-1540*6_1635-1537*6_1635-24*6_1635-1536*6_1734-1833*6_779-777*6_1635-23*6_779-776*6_779-1408*6_1635-22*6_779-1407*6_779-1409*6_1469-302*6_779-1410*6_1469-301*6_779-775*6_1635-21*6_1469-300*6_779-1411*6_1469-299*6_779-774*6_779-1412*6_1469-298*6_1469-1373*6_1469-1372*6_779-773*6_1469-1371*6_1469-1370*6_1469-297*6_1469-1369*6_1469-296*6_1469-1368*6_1469-1367*6_1469-295*6_1469-1366*6_1469-294*6_1469-1365*6_1469-389*6_779-870*6_779-869*6_779-1418*6_779-868*6_779-1313*6_779-1314*6_779-867*6_779-1315*6_779-1419*6_779-1316*6_1920-54*6_1920-1922*6_1920-53*6_1920-1923*6_1920-52*6_1920-1924*6_1920-51*6_1920-1925*6_206-204*7_206-203*7_206-202*7_206-201*7_206-200*7_206-1360*7_206-1359*7_206-1361*7_206-1358*7_206-1362*7_206-1357*7_206-1363*7_206-199*7_206-1356*7_206-1364*7_206-1355*7_206-110*7_206-198*7_206-109*7_206-111*7_206-108*7_206-112*7_206-1448*7_206-1354*7_206-107*7_206-106*7_206-197*7_206-1353*7_206-1447*7_206-105*7_206-104*7_206-196*7_206-1352*7_206-1446*7_206-103*7_206-1351*7_206-195*7_206-1445*7_206-102*7_206-1350*7_206-194*7_672-1295*7_672-1294*7_672-1293*7_672-1292*7_1510-1518*7_1510-1519*7_1510-976*7_1510-1420*7_1510-1520*7_1510-975*7_1510-977*7_1510-974*7_1510-978*7_1510-973*7_1510-979*7_1510-1421*7_1510-1613*7_1510-972*7_1510-980*7_1510-1521*7_1510-971*7_1510-981*7_1510-1422*7_1510-1614*7_1510-970*7_1510-982*7_1510-1522*7_1633-30*6_1735-1831*6_1735-144*6_1735-1830*6_1735-1832*6_1735-1829*6_1735-1828*6_1735-1827*6_1735-145*6_1735-1826*6_1735-1825*6_1735-48*6_1735-1824*6_1735-49*6_1087-1085*6_1087-1084*6_1087-1083*6_1087-1082*6_1087-1081*6_1087-1080*6_1087-1624*6_1087-1623*6_1087-1625*6_1087-1727*6_1087-1622*6_1087-1626*6_1087-1621*6_1087-1627*6_1087-1079*6_1087-1183*6_1087-1182*6_1087-1184*6_1087-1620*6_1087-1628*6_1087-989*6_1087-1181*6_1087-1185*6_1087-988*6_1087-1180*6_1087-1619*6_1087-1629*6_1087-987*6_1087-1179*6_1087-1078*6_1087-1618*6_1087-1630*6_1087-986*6_1087-1178*6_1087-1617*6_1087-1631*6_1087-985*6_1087-1077*6_1087-1177*6_1087-1176*6_1087-1076*6_1087-1175*6_1087-1075*6_880-969*7_880-1423*7_880-1523*7_880-968*7_880-1424*7_880-1524*7_47-50*6_47-41*6_47-40*6_47-1728*6_47-1729*6_47-39*6_47-38*6_47-37*6_47-36*6_47-35*6_201-193*8_201-101*8_201-293*8_201-192*8_201-1264*8_201-1263*8_201-1265*8_201-1262*8_201-1266*8_201-100*8_201-292*8_201-1261*8_201-1267*8_201-1260*8_201-1268*8_201-99*8_201-291*8_201-1259*8_201-1269*8_201-98*8_201-290*8_201-1258*8_201-1270*8_201-1349*8_201-97*8_201-289*8_201-1257*8_201-1271*8_1522-1069*8_1522-1068*8_1522-983*8_1522-1067*8_1522-1426*8_1522-1425*8_1522-1427*8_1522-984*8_1522-1428*8_1522-1616*8_1522-1066*8_1522-1429*8_1522-1615*8_1522-1430*8_1522-967*8_1522-1065*8_1522-1431*8_1522-1064*8_1522-1432*8_1522-966*8_1522-1433*8_1522-1063*8_1522-965*8_1522-1434*8_1522-1062*8_42-34*6_42-33*6_42-32*6_42-1632*6_42-31*6_1373-388*7_1373-387*7_1373-386*7_1373-385*7_1373-1277*7_1373-1276*7_1373-1278*7_1373-1275*7_1373-1279*7_1373-384*7_1373-1274*7_1373-1280*7_1373-1273*7_1373-1281*7_1373-288*7_1373-1272*7_1373-1282*7_1629-1174*7_1373-1283*7_1629-1173*7_1373-1284*7_1629-1172*7_1373-1285*7_1373-484*7_1629-1171*7_1629-1170*7_1629-1169*7_1629-1535*7_1629-1168*7_1629-1167*7_1629-1166*7_1629-1165*7_856-2380*6_100-1253*9_100-1252*9_100-1348*9_100-1251*9_100-1347*9_100-1250*9_100-1346*9_100-4*9_100-3*9_100-5*9_100-1249*9_100-1345*9_100-2*9_100-6*9_100-1*9_100-7*9_100-0*9_100-8*9_100-1248*9_100-1344*9_100-9*9_100-10*9_100-11*9_100-12*9_31-20*7_31-19*7_1279-1286*8_1279-1287*8_1279-480*8_1279-1288*8_1279-481*8_1279-482*8_1279-483*8_1279-1289*8_1279-1290*8_1279-1291*8_1310-1317*7_1310-1318*7_1310-1319*7_1310-864*7_1310-1320*7_1310-865*7_1310-866*7_1310-1321*7_1310-1322*7_1067-1070*9_1067-1071*9_1067-1435*9_1067-1072*9_1067-1436*9_1067-1528*9_1067-1527*9_1067-1529*9_1067-1526*9_1067-1530*9_1067-1437*9_1067-1525*9_1067-1531*9_1067-1061*9_1067-1073*9_1067-1532*9_1067-1438*9_1067-1060*9_1067-1074*9_1067-1533*9_1067-1439*9_1067-1534*9_1067-1059*9_1067-1163*9_1067-1162*9_1067-1164*9_1067-1161*9_1067-1160*9_1067-1159*9_1067-1058*9_1067-1158*9_1067-1057*9_1067-1157*9_1067-964*9_1067-1156*9_1067-1056*9_1067-1336*9_1067-1335*9_1067-1337*9_1067-1334*9_1067-1338*9_1067-963*9_1067-1155*9_1067-1333*9_1067-1339*9_1067-1332*9_1067-1340*9_2-1254*10_2-1255*10_2-96*10_2-1256*10_20-18*8_20-17*8_20-16*8_20-1440*8_20-1441*8_20-1442*8_20-15*8_20-1443*8_20-1444*8_2201-2202*6_2201-2203*6_2201-1130*6_2201-2204*6_2201-1131*6_2201-2205*6_2201-1132*6_2201-2206*6_2201-1133*6_2201-2207*6_2201-1134*6_2201-1224*6_2201-1135*6_2201-1223*6_2201-1225*6_2201-1222*6_2201-1226*6_2201-1221*6_2201-1227*6_2201-2297*6_2201-1136*6_2201-1228*6_2201-2296*6_2201-2298*6_2201-2295*6_2201-2299*6_2201-2294*6_2201-2300*6_2201-1229*6_2201-2293*6_2201-2301*6_2201-1137*6_2201-1230*6_2201-2292*6_2201-2302*6_2201-1231*6_2201-2291*6_2201-2303*6_2201-1138*6_2201-1232*6_2201-2290*6_2201-1139*6_2201-2289*6_2201-1039*6_2201-1233*6_2206-1234*7_2206-1235*7_1058-1331*10_1058-1330*10_1058-1329*10_1058-962*10_1058-961*10_1058-960*10_1058-1328*10_1058-1327*10_1058-1326*10_1058-1325*10_1162-1154*10_1162-1153*10_1162-1152*10_1162-1343*10_1162-1342*10_1162-1341*10_2287-1040*6_2287-2288*6_2287-1041*6_2287-1042*6_2287-1043*6_2287-1044*6_2287-1045*6_2287-1046*6_2287-1047*6_2287-2383*6_2287-1048*6_2287-2382*6_2287-2384*6_2287-2381*6_2287-2385*6_2287-2386*6_2287-2387*6_2287-1049*6_2287-2388*6_2287-1140*6_2287-2389*6_2287-1050*6_2287-1141*6_2287-2390*6_2287-1142*6_2287-1051*6_2287-2391*6_2287-1143*6_2296-1144*7_2296-2392*7_2296-2393*7_2296-2394*7_2296-2395*7_2296-1236*7_2296-2396*7_2296-1145*7_2296-1237*7_2296-2397*7_2296-1146*7_2296-1238*7_2296-2398*7_2296-1239*7_2296-2399*7_2296-1147*7_2296-1240*7_2296-1148*7_1320-1323*8_1320-1324*8_2392-1149*8_2392-1150*8_2392-1151*8_2392-2488*8_2392-1241*8_2392-2487*8_2392-2489*8_2392-1242*8_2392-2486*8_2392-2490*8_2392-1243*8_2392-2485*8_2392-2491*8_2392-1052*8_2392-1244*8_2392-2484*8_2392-2492*8_2392-1053*8_2392-1245*8_2392-2483*8_2392-2493*8_2392-1054*8_2392-1246*8_2392-2482*8_2392-2494*8_2392-1055*8_2392-1247*8_2392-2481*8_2392-2495*8_2392-2480*8_2474-2475*7_2474-2476*7_2474-2477*7_2474-2478*7_2474-2479*7_16-14*9_16-13*9_
