"id","Scenario","Actual Range","Protocol","Buildings","Total nodes","Nodes on circ","Total coverage","Coverage on circ","Alert received mean time","Hops","Slots","Messages sent","Messages received", "Starting x", "Starting y","Starting node", "Vehicle distance", "Received node ids", "Node ids", "Transmission map", "Received on circ nodes", "Transmission vector"
0,1,500,300,0,2112,151,2112,151,-896.728,3.19205,2.91391,1162,2112,1325,1100,1545,25,568_1544_1546_567_569_1543_1547_566_570_1542_1548_565_571_1541_1549_564_572_1540_1550_563_573_1539_1551_562_574_656_1538_1552_561_575_655_657_654_658_653_659_1457_1537_1553_1633_560_576_652_660_1456_1458_1632_1634_1455_1459_1631_1635_1454_1460_1630_1636_651_661_1453_1461_1629_1637_480_1536_1554_479_481_559_577_478_482_650_662_1452_1462_1628_1638_477_483_476_484_649_663_1451_1463_1535_1555_1627_1639_558_578_475_485_648_664_1450_1464_1626_1640_474_486_1534_1556_557_579_1449_1465_1625_1641_473_487_647_665_1533_1557_472_488_556_580_1448_1466_1624_1642_646_666_471_489_1447_1467_1623_1643_1532_1558_555_581_645_667_470_490_1446_1468_1622_1644_644_668_1531_1559_554_582_469_491_1445_1469_1621_1645_643_669_468_492_744_1530_1560_553_583_743_745_742_746_1444_1470_1620_1646_741_747_740_748_642_670_467_493_739_749_1369_1529_1561_1721_552_584_1368_1370_1720_1722_1367_1371_1443_1471_1619_1647_1719_1723_738_750_1366_1372_1718_1724_1365_1373_1717_1725_641_671_737_751_466_494_1364_1374_1716_1726_392_736_752_1442_1472_1528_1562_1618_1648_391_393_551_585_1363_1375_1715_1727_390_394_389_395_388_396_640_672_1362_1376_1714_1728_465_495_735_753_387_397_1361_1377_1441_1473_1617_1649_1713_1729_1527_1563_386_398_550_586_734_754_464_496_1360_1378_1712_1730_385_399_639_673_733_755_384_400_1440_1474_1616_1650_1359_1379_1711_1731_1526_1564_549_587_732_756_383_401_463_497_638_674_1358_1380_1710_1732_1439_1475_1615_1651_382_402_731_757_1357_1381_1525_1565_1709_1733_1476_1477_1478_1386_1479_1387_824_1388_1480_823_825_822_826_821_827_1389_820_828_542_1481_725_819_829_1390_1566_818_830_1482_1391_1567_724_817_831_816_832_1392_1568_1483_723_815_833_1393_1569_1484_722_814_834_1394_1570_813_835_1485_721_1395_1571_812_836_1294_1486_1293_1295_720_1292_1296_1396_1572_1291_1297_811_837_1290_1298_1289_1299_1397_1487_1573_1300_1652_719_810_838_1301_1653_1302_1398_1574_1654_912_1488_631_809_839_911_913_718_910_914_909_915_1303_1655_908_916_907_917_1339_1425_1515_1399_1575_808_840_1304_1656_630_906_918_1489_717_905_919_1305_1657_1338_1514_904_920_1400_1576_807_841_208_1424_207_209_281_311_206_210_629_205_211_1306_1490_1658_1257_1609_204_212_203_213_1337_1513_280_312_1256_1608_202_214_1423_201_215_1255_1607_200_216_1336_1512_279_313_1254_1422_1606_1356_462_1355_461_1354_1734_460_379_1353_378_377_1735_376_1352_730_459_375_759_758_760_1736_761_1351_729_374_458_762_763_1737_373_1350_1385_728_1384_764_457_1819_1383_372_548_1820_1382_765_1738_1349_1821_727_456_1272_371_547_1271_1273_1270_1274_766_1269_1275_1822_1739_1268_1276_1348_308_370_546_767_726_1823_455_1267_1277_307_1266_1278_369_545_1347_768_1740_1824_306_1265_1279_454_1825_769_368_544_1264_1280_305_1346_1741_1605_453_1263_1281_1826_770_508_367_543_1345_1742_1262_1282_1827_1604_1519_771_292_452_291_293_290_366_509_289_1261_1283_288_1344_686_1828_1743_1518_287_1603_772_1260_1284_365_451_541_286_510_1829_1517_285_1343_687_847_846_848_1744_773_845_849_1259_1602_844_850_284_364_540_450_843_851_1830_1516_1692_511_852_283_1258_1342_688_774_1904_1745_1903_1905_853_421_1902_1906_363_539_1601_1907_282_449_854_1908_1831_1691_512_1888_1909_1887_1889_1886_1890_1341_775_855_422_1885_1891_689_1746_1910_362_538_1884_1892_224_1600_223_225_856_1832_222_226_1690_1911_448_1184_1883_1893_221_227_513_220_228_776_1912_423_903_921_1882_857_219_229_690_1747_1401_1577_1599_1689_1833_1913_1881_218_230_1491_902_922_858_424_514_1880_777_217_231_1914_901_923_691_859_1402_1578_232_1688_1879_1307_1659_1598_1492_900_924_425_233_806_515_1878_1308_1660_1511_1687_1403_1579_234_899_925_1597_1877_1309_1493_1661_426_602_331_235_1781_516_1876_1510_1686_332_236_1428_1596_1780_427_603_1875_333_517_278_188_130_277_131_187_1501_276_132_1500_102_186_275_133_309_101_1499_185_274_1237_134_310_100_1498_1595_1162_1161_1163_184_1160_1164_1236_33_273_34_35_135_1159_1165_1594_99_36_1158_1166_37_1497_1593_1157_1167_38_1235_272_1156_1168_183_136_1592_98_39_1155_1169_40_1496_1591_1154_1170_1234_97_271_41_137_182_1590_1610_1153_1171_20_42_19_1589_1611_1233_96_1152_1172_138_314_18_270_43_181_17_1588_1612_1151_1173_44_16_1232_95_139_315_269_1150_1174_1587_1613_45_805_716_804_1310_898_715_803_1311_897_896_1312_714_802_895_1313_713_801_894_1212_1404_1211_1213_1210_1214_1314_893_1209_1215_712_800_1208_1216_1207_1217_892_1315_1405_1206_1218_711_799_1205_1219_891_1204_1220_1316_1406_1203_1221_710_798_890_1317_1202_1222_1407_889_709_797_1201_1223_1318_1494_624_888_992_1200_1224_1817_1818_682_683_380_684_381_685_537_301_300_1436_536_1192_1191_1193_1899_1190_1194_1898_1900_1901_1189_1195_1188_1196_1187_1197_1186_1198_535_601_1783_330_1782_334_1874_1779_335_1873_1426_1421_1427_1420_1662_1419_1429_842_1663_1418_1430_928_1664_927_929_1335_1417_1431_926_930_1334_931_1333_1665_119_199_295_118_120_294_296_1332_1340_1416_1432_932_117_121_297_116_122_298_1331_1666_933_115_123_299_198_1415_1433_1330_114_124_1509_934_1667_1748_1508_1329_1749_113_125_197_1414_1434_1750_1507_935_112_126_302_1328_1751_1668_1506_196_1413_1435_936_1752_111_127_303_1327_1505_1669_1753_195_937_110_128_304_1412_1504_1520_1326_1754_1503_1521_1670_109_129_938_194_1325_1411_1437_1755_1502_1522_108_1671_1580_1756_939_1324_193_1410_1438_1523_107_1581_1757_940_1016_1323_1015_1017_1014_1018_192_1248_1524_1247_1249_1409_1013_1019_1246_1250_106_1245_1251_1012_1020_1582_1758_1244_1252_1322_941_1011_1021_1243_1253_31_191_30_32_1408_1010_1022_29_105_1583_1759_1242_28_27_1009_1023_1241_1321_942_26_1008_1024_104_190_1240_25_24_1320_1239_943_1007_1025_23_103_189_1238_1006_1026_1839_22_944_1840_1005_1027_1841_21_1842_1004_1028_945_1843_1844_1003_1029_946_1845_1002_1030_1846_947_1001_1031_1495_1847_778_779_692_780_693_781_1915_694_782_1916_1996_681_695_783_1995_1997_1994_1998_1993_1999_680_696_784_1816_1992_2000_1917_1815_1991_2001_679_697_785_1814_1918_1990_2002_1813_1989_2003_678_698_786_1897_1919_1812_1988_2004_677_699_787_600_864_1896_1920_599_863_865_1811_1987_2005_598_862_866_597_861_867_596_604_676_700_788_860_868_1810_1986_2006_595_605_869_1895_1921_594_606_870_675_701_789_1809_1985_2007_593_607_871_1894_1922_592_608_872_1808_1984_2008_702_790_591_609_873_1923_1807_1983_2009_703_791_590_610_874_1924_2084_2083_2085_1806_1982_2010_2082_2086_589_611_875_2081_2087_2080_2088_2079_2089_588_612_876_1805_1925_1981_2011_2078_2090_2077_2091_613_877_1804_1980_2012_2076_2092_1926_2075_2093_614_878_1803_1979_2013_2074_2094_1927_615_879_2073_2095_1802_1978_2014_952_1928_2072_2096_1148_1062_1147_1182_1061_1146_1092_1183_1060_1093_1145_1059_447_446_445_1094_444_8_1058_1144_7_9_6_10_1185_443_5_11_4_12_442_1095_3_13_1057_441_2_14_1_15_440_1096_0_1056_1097_140_141_142_1586_143_1585_48_144_1584_1680_47_49_1679_46_50_1678_51_1677_52_1676_53_1675_54_1674_55_1673_56_1672_57_58_59_60_61_62_1764_1763_63_1762_1761_64_1760_65_66_1834_1835_1836_1837_1838_336_1872_1871_1870_329_337_1869_328_338_1784_1868_1785_1786_1787_1867_327_339_1788_1866_326_340_1865_245_325_341_244_246_243_247_248_1864_249_342_250_1863_251_343_1862_252_428_344_1960_1959_1961_1958_1962_253_429_1861_1957_1963_1956_1964_345_254_430_1955_1965_1860_1954_1966_255_431_346_1953_1967_1859_256_432_1952_1968_347_1951_1969_1858_257_433_1950_1970_348_258_434_1857_1949_1971_157_349_158_159_259_435_160_1856_1948_1972_161_162_260_350_436_1947_1973_163_1855_164_1946_1974_165_261_437_351_1854_166_518_1945_1975_262_438_167_519_2048_2047_2049_2046_2050_1853_2045_2051_168_520_1944_1976_2044_2052_2043_2053_263_439_2042_2054_169_521_708_707_706_705_704_1120_623_625_1119_1121_622_626_1118_1122_621_627_1117_1123_620_628_796_1116_1124_1199_619_795_1115_1125_618_794_1114_1126_617_793_1113_1127_616_632_792_1112_1128_1288_633_1111_1129_1287_981_634_1110_1130_1286_635_1109_1131_1285_980_636_1108_1132_979_1107_1133_978_534_1106_1134_533_532_884_977_531_883_1105_1135_530_882_529_881_1230_1229_1231_976_528_880_1104_1136_975_1103_1137_974_1102_1138_973_948_949_950_951_953_1929_954_1930_955_1931_956_1932_957_958_1933_959_1934_2015_1032_1033_1034_1035_960_1036_2016_1037_1935_1038_2017_1681_1682_1683_145_1684_1685_146_147_498_499_500_501_1545_1708_502_1707_1706_1705_404_403_405_406_407_408_1704_409_1796_410_411_1703_1795_412_413_1614_1702_1794_414_1793_415_1701_416_1792_993_1149_94_93_92_91_90_89_1181_1180_1179_1178_1177_361_360_1176_637_359_1175_358_357_1099_1098_1100_1101_356_355_354_1091_1090_353_1089_352_1088_1087_2061_2060_2059_2058_2057_2056_2055_1693_1694_1695_320_1696_319_321_318_322_317_323_1697_316_324_1698_1699_1700_1789_1790_1791_417_418_419_420_887_886_885_1225_961_962_2018_963_2019_964_2020_965_2021_1040_1039_1041_966_1042_2022_1043_1044_1045_967_2023_1046_1047_2103_1048_2104_1049_2105_1050_2106_1051_2107_1052_2108_503_1801_504_1800_1799_505_506_507_1086_1085_1084_1083_1082_1081_264_1080_265_266_267_268_1079_1078_1077_1076_1075_1074_1063_88_1064_1065_1066_1067_1068_1069_180_1070_179_178_1071_177_1000_999_998_2068_2067_2066_2065_1977_525_524_526_523_527_522_2064_2063_2062_237_238_239_1777_240_1776_1778_1775_1774_1773_241_1772_148_1771_242_149_1770_150_1769_151_152_1768_153_1767_154_1766_155_1765_156_176_1072_1073_1852_1851_1850_1943_1942_1849_1941_72_1848_1940_71_73_70_74_170_69_75_1939_68_76_67_77_171_1938_78_1937_172_79_80_1936_173_81_82_174_83_175_84_2034_2033_2035_2032_2031_85_2030_2029_2028_86_2027_2026_87_2025_2024_997_996_1228_972_971_970_969_1141_1140_1142_1139_1143_968_2041_2040_2039_2038_2037_2036_991_990_994_989_995_988_987_986_985_1319_984_983_982_1227_1226_1053_1054_1055_2071_2070_2069_2102_2101_2100_2099_2109_2098_2110_2097_2111_1797_1798_,0_1_2_3_4_5_6_7_8_9_10_11_12_13_14_15_16_17_18_19_20_21_22_23_24_25_26_27_28_29_30_31_32_33_34_35_36_37_38_39_40_41_42_43_44_45_46_47_48_49_50_51_52_53_54_55_56_57_58_59_60_61_62_63_64_65_66_67_68_69_70_71_72_73_74_75_76_77_78_79_80_81_82_83_84_85_86_87_88_89_90_91_92_93_94_95_96_97_98_99_100_101_102_103_104_105_106_107_108_109_110_111_112_113_114_115_116_117_118_119_120_121_122_123_124_125_126_127_128_129_130_131_132_133_134_135_136_137_138_139_140_141_142_143_144_145_146_147_148_149_150_151_152_153_154_155_156_157_158_159_160_161_162_163_164_165_166_167_168_169_170_171_172_173_174_175_176_177_178_179_180_181_182_183_184_185_186_187_188_189_190_191_192_193_194_195_196_197_198_199_200_201_202_203_204_205_206_207_208_209_210_211_212_213_214_215_216_217_218_219_220_221_222_223_224_225_226_227_228_229_230_231_232_233_234_235_236_237_238_239_240_241_242_243_244_245_246_247_248_249_250_251_252_253_254_255_256_257_258_259_260_261_262_263_264_265_266_267_268_269_270_271_272_273_274_275_276_277_278_279_280_281_282_283_284_285_286_287_288_289_290_291_292_293_294_295_296_297_298_299_300_301_302_303_304_305_306_307_308_309_310_311_312_313_314_315_316_317_318_319_320_321_322_323_324_325_326_327_328_329_330_331_332_333_334_335_336_337_338_339_340_341_342_343_344_345_346_347_348_349_350_351_352_353_354_355_356_357_358_359_360_361_362_363_364_365_366_367_368_369_370_371_372_373_374_375_376_377_378_379_380_381_382_383_384_385_386_387_388_389_390_391_392_393_394_395_396_397_398_399_400_401_402_403_404_405_406_407_408_409_410_411_412_413_414_415_416_417_418_419_420_421_422_423_424_425_426_427_428_429_430_431_432_433_434_435_436_437_438_439_440_441_442_443_444_445_446_447_448_449_450_451_452_453_454_455_456_457_458_459_460_461_462_463_464_465_466_467_468_469_470_471_472_473_474_475_476_477_478_479_480_481_482_483_484_485_486_487_488_489_490_491_492_493_494_495_496_497_498_499_500_501_502_503_504_505_506_507_508_509_510_511_512_513_514_515_516_517_518_519_520_521_522_523_524_525_526_527_528_529_530_531_532_533_534_535_536_537_538_539_540_541_542_543_544_545_546_547_548_549_550_551_552_553_554_555_556_557_558_559_560_561_562_563_564_565_566_567_568_569_570_571_572_573_574_575_576_577_578_579_580_581_582_583_584_585_586_587_588_589_590_591_592_593_594_595_596_597_598_599_600_601_602_603_604_605_606_607_608_609_610_611_612_613_614_615_616_617_618_619_620_621_622_623_624_625_626_627_628_629_630_631_632_633_634_635_636_637_638_639_640_641_642_643_644_645_646_647_648_649_650_651_652_653_654_655_656_657_658_659_660_661_662_663_664_665_666_667_668_669_670_671_672_673_674_675_676_677_678_679_680_681_682_683_684_685_686_687_688_689_690_691_692_693_694_695_696_697_698_699_700_701_702_703_704_705_706_707_708_709_710_711_712_713_714_715_716_717_718_719_720_721_722_723_724_725_726_727_728_729_730_731_732_733_734_735_736_737_738_739_740_741_742_743_744_745_746_747_748_749_750_751_752_753_754_755_756_757_758_759_760_761_762_763_764_765_766_767_768_769_770_771_772_773_774_775_776_777_778_779_780_781_782_783_784_785_786_787_788_789_790_791_792_793_794_795_796_797_798_799_800_801_802_803_804_805_806_807_808_809_810_811_812_813_814_815_816_817_818_819_820_821_822_823_824_825_826_827_828_829_830_831_832_833_834_835_836_837_838_839_840_841_842_843_844_845_846_847_848_849_850_851_852_853_854_855_856_857_858_859_860_861_862_863_864_865_866_867_868_869_870_871_872_873_874_875_876_877_878_879_880_881_882_883_884_885_886_887_888_889_890_891_892_893_894_895_896_897_898_899_900_901_902_903_904_905_906_907_908_909_910_911_912_913_914_915_916_917_918_919_920_921_922_923_924_925_926_927_928_929_930_931_932_933_934_935_936_937_938_939_940_941_942_943_944_945_946_947_948_949_950_951_952_953_954_955_956_957_958_959_960_961_962_963_964_965_966_967_968_969_970_971_972_973_974_975_976_977_978_979_980_981_982_983_984_985_986_987_988_989_990_991_992_993_994_995_996_997_998_999_1000_1001_1002_1003_1004_1005_1006_1007_1008_1009_1010_1011_1012_1013_1014_1015_1016_1017_1018_1019_1020_1021_1022_1023_1024_1025_1026_1027_1028_1029_1030_1031_1032_1033_1034_1035_1036_1037_1038_1039_1040_1041_1042_1043_1044_1045_1046_1047_1048_1049_1050_1051_1052_1053_1054_1055_1056_1057_1058_1059_1060_1061_1062_1063_1064_1065_1066_1067_1068_1069_1070_1071_1072_1073_1074_1075_1076_1077_1078_1079_1080_1081_1082_1083_1084_1085_1086_1087_1088_1089_1090_1091_1092_1093_1094_1095_1096_1097_1098_1099_1100_1101_1102_1103_1104_1105_1106_1107_1108_1109_1110_1111_1112_1113_1114_1115_1116_1117_1118_1119_1120_1121_1122_1123_1124_1125_1126_1127_1128_1129_1130_1131_1132_1133_1134_1135_1136_1137_1138_1139_1140_1141_1142_1143_1144_1145_1146_1147_1148_1149_1150_1151_1152_1153_1154_1155_1156_1157_1158_1159_1160_1161_1162_1163_1164_1165_1166_1167_1168_1169_1170_1171_1172_1173_1174_1175_1176_1177_1178_1179_1180_1181_1182_1183_1184_1185_1186_1187_1188_1189_1190_1191_1192_1193_1194_1195_1196_1197_1198_1199_1200_1201_1202_1203_1204_1205_1206_1207_1208_1209_1210_1211_1212_1213_1214_1215_1216_1217_1218_1219_1220_1221_1222_1223_1224_1225_1226_1227_1228_1229_1230_1231_1232_1233_1234_1235_1236_1237_1238_1239_1240_1241_1242_1243_1244_1245_1246_1247_1248_1249_1250_1251_1252_1253_1254_1255_1256_1257_1258_1259_1260_1261_1262_1263_1264_1265_1266_1267_1268_1269_1270_1271_1272_1273_1274_1275_1276_1277_1278_1279_1280_1281_1282_1283_1284_1285_1286_1287_1288_1289_1290_1291_1292_1293_1294_1295_1296_1297_1298_1299_1300_1301_1302_1303_1304_1305_1306_1307_1308_1309_1310_1311_1312_1313_1314_1315_1316_1317_1318_1319_1320_1321_1322_1323_1324_1325_1326_1327_1328_1329_1330_1331_1332_1333_1334_1335_1336_1337_1338_1339_1340_1341_1342_1343_1344_1345_1346_1347_1348_1349_1350_1351_1352_1353_1354_1355_1356_1357_1358_1359_1360_1361_1362_1363_1364_1365_1366_1367_1368_1369_1370_1371_1372_1373_1374_1375_1376_1377_1378_1379_1380_1381_1382_1383_1384_1385_1386_1387_1388_1389_1390_1391_1392_1393_1394_1395_1396_1397_1398_1399_1400_1401_1402_1403_1404_1405_1406_1407_1408_1409_1410_1411_1412_1413_1414_1415_1416_1417_1418_1419_1420_1421_1422_1423_1424_1425_1426_1427_1428_1429_1430_1431_1432_1433_1434_1435_1436_1437_1438_1439_1440_1441_1442_1443_1444_1445_1446_1447_1448_1449_1450_1451_1452_1453_1454_1455_1456_1457_1458_1459_1460_1461_1462_1463_1464_1465_1466_1467_1468_1469_1470_1471_1472_1473_1474_1475_1476_1477_1478_1479_1480_1481_1482_1483_1484_1485_1486_1487_1488_1489_1490_1491_1492_1493_1494_1495_1496_1497_1498_1499_1500_1501_1502_1503_1504_1505_1506_1507_1508_1509_1510_1511_1512_1513_1514_1515_1516_1517_1518_1519_1520_1521_1522_1523_1524_1525_1526_1527_1528_1529_1530_1531_1532_1533_1534_1535_1536_1537_1538_1539_1540_1541_1542_1543_1544_1545_1546_1547_1548_1549_1550_1551_1552_1553_1554_1555_1556_1557_1558_1559_1560_1561_1562_1563_1564_1565_1566_1567_1568_1569_1570_1571_1572_1573_1574_1575_1576_1577_1578_1579_1580_1581_1582_1583_1584_1585_1586_1587_1588_1589_1590_1591_1592_1593_1594_1595_1596_1597_1598_1599_1600_1601_1602_1603_1604_1605_1606_1607_1608_1609_1610_1611_1612_1613_1614_1615_1616_1617_1618_1619_1620_1621_1622_1623_1624_1625_1626_1627_1628_1629_1630_1631_1632_1633_1634_1635_1636_1637_1638_1639_1640_1641_1642_1643_1644_1645_1646_1647_1648_1649_1650_1651_1652_1653_1654_1655_1656_1657_1658_1659_1660_1661_1662_1663_1664_1665_1666_1667_1668_1669_1670_1671_1672_1673_1674_1675_1676_1677_1678_1679_1680_1681_1682_1683_1684_1685_1686_1687_1688_1689_1690_1691_1692_1693_1694_1695_1696_1697_1698_1699_1700_1701_1702_1703_1704_1705_1706_1707_1708_1709_1710_1711_1712_1713_1714_1715_1716_1717_1718_1719_1720_1721_1722_1723_1724_1725_1726_1727_1728_1729_1730_1731_1732_1733_1734_1735_1736_1737_1738_1739_1740_1741_1742_1743_1744_1745_1746_1747_1748_1749_1750_1751_1752_1753_1754_1755_1756_1757_1758_1759_1760_1761_1762_1763_1764_1765_1766_1767_1768_1769_1770_1771_1772_1773_1774_1775_1776_1777_1778_1779_1780_1781_1782_1783_1784_1785_1786_1787_1788_1789_1790_1791_1792_1793_1794_1795_1796_1797_1798_1799_1800_1801_1802_1803_1804_1805_1806_1807_1808_1809_1810_1811_1812_1813_1814_1815_1816_1817_1818_1819_1820_1821_1822_1823_1824_1825_1826_1827_1828_1829_1830_1831_1832_1833_1834_1835_1836_1837_1838_1839_1840_1841_1842_1843_1844_1845_1846_1847_1848_1849_1850_1851_1852_1853_1854_1855_1856_1857_1858_1859_1860_1861_1862_1863_1864_1865_1866_1867_1868_1869_1870_1871_1872_1873_1874_1875_1876_1877_1878_1879_1880_1881_1882_1883_1884_1885_1886_1887_1888_1889_1890_1891_1892_1893_1894_1895_1896_1897_1898_1899_1900_1901_1902_1903_1904_1905_1906_1907_1908_1909_1910_1911_1912_1913_1914_1915_1916_1917_1918_1919_1920_1921_1922_1923_1924_1925_1926_1927_1928_1929_1930_1931_1932_1933_1934_1935_1936_1937_1938_1939_1940_1941_1942_1943_1944_1945_1946_1947_1948_1949_1950_1951_1952_1953_1954_1955_1956_1957_1958_1959_1960_1961_1962_1963_1964_1965_1966_1967_1968_1969_1970_1971_1972_1973_1974_1975_1976_1977_1978_1979_1980_1981_1982_1983_1984_1985_1986_1987_1988_1989_1990_1991_1992_1993_1994_1995_1996_1997_1998_1999_2000_2001_2002_2003_2004_2005_2006_2007_2008_2009_2010_2011_2012_2013_2014_2015_2016_2017_2018_2019_2020_2021_2022_2023_2024_2025_2026_2027_2028_2029_2030_2031_2032_2033_2034_2035_2036_2037_2038_2039_2040_2041_2042_2043_2044_2045_2046_2047_2048_2049_2050_2051_2052_2053_2054_2055_2056_2057_2058_2059_2060_2061_2062_2063_2064_2065_2066_2067_2068_2069_2070_2071_2072_2073_2074_2075_2076_2077_2078_2079_2080_2081_2082_2083_2084_2085_2086_2087_2088_2089_2090_2091_2092_2093_2094_2095_2096_2097_2098_2099_2100_2101_2102_2103_2104_2105_2106_2107_2108_2109_2110_2111_,10:{1063;88;1064;1065;1066;1067;1068;1069;180;1070;179;178;1071;177;}19:{1149;94;93;92;91;90;89;}136:{140;141;142;1586;143;1585;48;144;1584;1680;47;49;1679;46;50;1678;51;1677;52;1676;53;1675;54;1674;55;1673;56;1672;57;58;59;60;61;62;1764;1763;63;1762;1761;64;1760;65;66;}207:{1426;1421;1427;1420;1419;1429;1418;1430;1335;1417;1431;1334;1333;119;199;295;118;120;294;296;1332;1340;1416;1432;117;121;297;116;122;298;1331;115;123;299;198;1415;1433;1330;114;124;1509;1508;1329;113;125;197;1414;1434;1507;112;126;302;1328;1506;196;1413;1435;111;127;303;1327;1505;195;110;128;304;1412;1504;1520;1326;1503;1521;109;129;194;1325;1411;1437;1502;1522;108;1324;193;1410;1438;1523;107;1323;192;1248;1524;1247;1249;1409;1246;1250;106;1245;1251;1244;1252;1322;1243;1253;31;191;30;32;1408;29;105;1242;28;27;1241;1321;26;104;190;1240;25;24;1320;1239;23;103;189;1238;22;21;}209:{130;131;1501;132;1500;133;309;1499;134;310;1498;1595;33;34;35;135;1594;36;37;1497;1593;38;136;1592;39;40;1496;1591;41;137;1590;1610;42;1589;1611;138;314;43;1588;1612;44;139;315;1587;1613;45;}273:{1182;1092;1183;1093;447;446;445;1094;444;1185;443;442;1095;441;440;1096;1097;}333:{336;1872;1871;1870;329;337;1869;328;338;1784;1868;1785;1786;1787;1867;327;339;1788;1866;326;340;1865;245;325;341;244;246;243;247;248;1864;249;342;250;1863;251;343;1862;252;428;344;1960;1959;1961;1958;1962;253;429;1861;1957;1963;1956;1964;345;254;430;1955;1965;1860;1954;1966;255;431;346;1953;1967;1859;256;432;1952;1968;347;1951;1969;1858;257;433;1950;1970;348;258;434;1857;1949;1971;157;349;158;159;259;435;160;1856;1948;1972;161;162;260;350;436;1947;1973;163;1855;164;1946;1974;165;261;437;351;1854;166;518;1945;1975;262;438;167;519;2048;2047;2049;2046;2050;1853;2045;2051;168;520;1944;1976;2044;2052;2043;2053;263;439;2042;2054;169;521;}400:{308;307;306;305;1605;1604;1519;1518;1603;1517;1602;1516;1692;1601;1691;224;1600;223;225;222;226;1690;221;227;220;228;219;229;1599;1689;218;230;217;231;232;1688;1598;233;1511;1687;234;1597;235;1781;1510;1686;236;1428;1596;1780;}468:{1356;462;1355;461;1354;460;379;1353;378;377;376;1352;459;375;1351;374;458;373;1350;457;372;548;1349;456;1272;371;547;1271;1273;1270;1274;1269;1275;1268;1276;1348;370;546;455;1267;1277;1266;1278;369;545;1347;1265;1279;454;368;544;1264;1280;1346;453;1263;1281;367;543;1345;1262;1282;292;452;291;293;290;366;289;1261;1283;288;1344;287;1260;1284;365;451;541;286;285;1343;1259;284;364;540;450;283;1258;1342;363;539;282;449;1341;362;538;448;1184;}488:{301;300;1436;}497:{508;509;510;511;421;512;1888;1887;1889;1886;1890;422;1885;1891;1884;1892;1883;1893;513;423;1882;1881;424;514;1880;1879;425;515;1878;1877;426;602;331;516;1876;332;427;603;1875;333;517;}555:{380;381;537;536;1192;1191;1193;1190;1194;1189;1195;1188;1196;1187;1197;1186;1198;535;}562:{542;}578:{503;1801;504;1800;1799;505;506;507;}580:{498;499;500;501;1545;1708;502;1707;1706;1705;404;403;405;406;407;408;1704;409;1796;410;411;1703;1795;412;413;1614;1702;1794;414;1793;415;1701;416;1792;}671:{1734;1735;759;758;760;1736;761;762;763;1737;764;1819;1820;765;1738;1821;766;1822;1739;767;1823;768;1740;1824;1825;769;1741;1826;770;1742;1827;771;686;1828;1743;772;1829;687;847;846;848;1744;773;845;849;844;850;843;851;1830;852;688;774;1904;1745;1903;1905;853;1902;1906;1907;854;1908;1831;1909;775;855;689;1746;1910;856;1832;1911;776;1912;857;690;1747;1833;1913;858;777;1914;691;859;}686:{1798;}701:{2068;2067;2066;2065;1977;525;524;526;523;527;522;2064;2063;2062;}966:{2102;2101;2100;2099;2109;2098;2110;2097;2111;}1037:{1053;1054;1055;}1062:{176;1072;1073;}1092:{1086;1085;1084;1083;1082;1081;264;1080;265;266;267;268;1079;1078;1077;1076;1075;1074;}1161:{1148;1062;1147;1061;1146;1060;1145;1059;8;1058;1144;7;9;6;10;5;11;4;12;3;13;1057;2;14;1;15;0;1056;}1205:{887;886;885;1225;}1208:{708;707;706;705;704;1120;623;625;1119;1121;622;626;1118;1122;621;627;1117;1123;620;628;796;1116;1124;1199;619;795;1115;1125;618;794;1114;1126;617;793;1113;1127;616;632;792;1112;1128;1288;633;1111;1129;1287;634;1110;1130;1286;635;1109;1131;1285;636;1108;1132;1107;1133;534;1106;1134;533;532;884;531;883;1105;1135;530;882;529;881;528;880;1104;1136;1103;1137;1102;1138;}1229:{1228;972;971;970;969;1141;1140;1142;1139;1143;968;}1275:{1181;1180;1179;1178;1177;361;360;1176;637;359;1175;358;357;1099;1098;1100;1101;356;355;354;1091;1090;353;1089;352;1088;1087;}1338:{278;188;277;187;276;102;186;275;101;185;274;1237;100;1162;1161;1163;184;1160;1164;1236;273;1159;1165;99;1158;1166;1157;1167;1235;272;1156;1168;183;98;1155;1169;1154;1170;1234;97;271;182;1153;1171;20;19;1233;96;1152;1172;18;270;181;17;1151;1173;16;1232;95;269;1150;1174;}1388:{805;716;804;1310;898;715;803;1311;897;896;1312;714;802;895;1313;713;801;894;1212;1404;1211;1213;1210;1214;1314;893;1209;1215;712;800;1208;1216;1207;1217;892;1315;1405;1206;1218;711;799;1205;1219;891;1204;1220;1316;1406;1203;1221;710;798;890;1317;1202;1222;1407;889;709;797;1201;1223;1318;1494;624;888;992;1200;1224;}1403:{991;990;994;989;995;988;987;986;985;1319;984;983;982;1227;1226;}1406:{981;980;979;978;977;1230;1229;1231;976;975;974;973;}1442:{1339;1425;1515;1338;1514;208;1424;207;209;281;311;206;210;205;211;1257;1609;204;212;203;213;1337;1513;280;312;1256;1608;202;214;1423;201;215;1255;1607;200;216;1336;1512;279;313;1254;1422;1606;}1470:{1476;1477;1478;1386;1479;1387;824;1388;1480;823;825;822;826;821;827;1389;820;828;1481;725;819;829;1390;1566;818;830;1482;1391;1567;724;817;831;816;832;1392;1568;1483;723;815;833;1393;1569;1484;722;814;834;1394;1570;813;835;1485;721;1395;1571;812;836;1294;1486;1293;1295;720;1292;1296;1396;1572;1291;1297;811;837;1290;1298;1289;1299;1397;1487;1573;1300;1652;719;810;838;1301;1653;1302;1398;1574;1654;912;1488;631;809;839;911;913;718;910;914;909;915;1303;1655;908;916;907;917;1399;1575;808;840;1304;1656;630;906;918;1489;717;905;919;1305;1657;904;920;1400;1576;807;841;629;1306;1490;1658;}1473:{730;729;1385;728;1384;1383;1382;727;726;903;921;1401;1577;1491;902;922;901;923;1402;1578;1307;1659;1492;900;924;806;1308;1660;1403;1579;899;925;1309;1493;1661;}1490:{997;996;}1492:{1000;999;998;}1501:{1681;1682;1683;145;1684;1685;146;147;}1545:{568;1544;1546;567;569;1543;1547;566;570;1542;1548;565;571;1541;1549;564;572;1540;1550;563;573;1539;1551;562;574;656;1538;1552;561;575;655;657;654;658;653;659;1457;1537;1553;1633;560;576;652;660;1456;1458;1632;1634;1455;1459;1631;1635;1454;1460;1630;1636;651;661;1453;1461;1629;1637;480;1536;1554;479;481;559;577;478;482;650;662;1452;1462;1628;1638;477;483;476;484;649;663;1451;1463;1535;1555;1627;1639;558;578;475;485;648;664;1450;1464;1626;1640;474;486;1534;1556;557;579;1449;1465;1625;1641;473;487;647;665;1533;1557;472;488;556;580;1448;1466;1624;1642;646;666;471;489;1447;1467;1623;1643;1532;1558;555;581;645;667;470;490;1446;1468;1622;1644;644;668;1531;1559;554;582;469;491;1445;1469;1621;1645;643;669;468;492;744;1530;1560;553;583;743;745;742;746;1444;1470;1620;1646;741;747;740;748;642;670;467;493;739;749;1369;1529;1561;1721;552;584;1368;1370;1720;1722;1367;1371;1443;1471;1619;1647;1719;1723;738;750;1366;1372;1718;1724;1365;1373;1717;1725;641;671;737;751;466;494;1364;1374;1716;1726;392;736;752;1442;1472;1528;1562;1618;1648;391;393;551;585;1363;1375;1715;1727;390;394;389;395;388;396;640;672;1362;1376;1714;1728;465;495;735;753;387;397;1361;1377;1441;1473;1617;1649;1713;1729;1527;1563;386;398;550;586;734;754;464;496;1360;1378;1712;1730;385;399;639;673;733;755;384;400;1440;1474;1616;1650;1359;1379;1711;1731;1526;1564;549;587;732;756;383;401;463;497;638;674;1358;1380;1710;1732;1439;1475;1615;1651;382;402;731;757;1357;1381;1525;1565;1709;1733;}1571:{993;}1609:{1797;}1650:{1834;1835;1836;1837;1838;}1659:{1662;842;1663;928;1664;927;929;926;930;931;1665;932;1666;933;934;1667;1748;1749;1750;935;1751;1668;936;1752;1669;1753;937;1754;1670;938;1755;1671;1580;1756;939;1581;1757;940;1016;1015;1017;1014;1018;1013;1019;1012;1020;1582;1758;941;1011;1021;1010;1022;1583;1759;1009;1023;942;1008;1024;943;1007;1025;1006;1026;1839;944;1840;1005;1027;1841;1842;1004;1028;945;1843;1844;1003;1029;946;1845;1002;1030;1846;947;1001;1031;1495;1847;}1689:{237;238;239;1777;240;1776;1778;1775;1774;1773;241;1772;148;1771;242;149;1770;150;1769;151;152;1768;153;1767;154;1766;155;1765;156;}1692:{1693;1694;1695;320;1696;319;321;318;322;317;323;1697;316;324;1698;1699;1700;1789;1790;1791;417;418;419;420;}1709:{1783;330;1782;334;1874;1779;335;1873;}1723:{1817;1818;682;683;684;685;1899;1898;1900;1901;601;}1829:{948;949;950;951;953;1929;954;1930;955;1931;956;1932;957;958;1933;959;1934;2015;1032;1033;1034;1035;960;1036;2016;1037;1935;1038;2017;}1858:{1852;1851;1850;1943;1942;1849;1941;72;1848;1940;71;73;70;74;170;69;75;1939;68;76;67;77;171;1938;78;1937;172;79;80;1936;173;81;82;174;83;175;84;2034;2033;2035;2032;2031;85;2030;2029;2028;86;2027;2026;87;2025;2024;}1908:{778;779;692;780;693;781;1915;694;782;1916;1996;681;695;783;1995;1997;1994;1998;1993;1999;680;696;784;1816;1992;2000;1917;1815;1991;2001;679;697;785;1814;1918;1990;2002;1813;1989;2003;678;698;786;1897;1919;1812;1988;2004;677;699;787;600;864;1896;1920;599;863;865;1811;1987;2005;598;862;866;597;861;867;596;604;676;700;788;860;868;1810;1986;2006;595;605;869;1895;1921;594;606;870;675;701;789;1809;1985;2007;593;607;871;1894;1922;592;608;872;1808;1984;2008;702;790;591;609;873;1923;1807;1983;2009;703;791;590;610;874;1924;2084;2083;2085;1806;1982;2010;2082;2086;589;611;875;2081;2087;2080;2088;2079;2089;588;612;876;1805;1925;1981;2011;2078;2090;2077;2091;613;877;1804;1980;2012;2076;2092;1926;2075;2093;614;878;1803;1979;2013;2074;2094;1927;615;879;2073;2095;1802;1978;2014;952;1928;2072;2096;}1920:{961;962;2018;963;2019;964;2020;965;2021;1040;1039;1041;966;1042;2022;1043;1044;1045;967;2023;1046;1047;2103;1048;2104;1049;2105;1050;2106;1051;2107;1052;2108;}1959:{2041;2040;2039;2038;2037;2036;}1985:{2061;2060;2059;2058;2057;2056;2055;}2074:{2071;2070;2069;},128_192_193_194_195_237_238_239_240_272_273_274_334_335_336_355_356_428_429_440_441_442_518_519_520_528_529_607_608_616_617_695_696_706_707_708_780_781_782_799_800_864_865_894_895_896_944_945_946_996_997_998_999_1000_1001_1002_1003_1004_1005_1006_1007_1008_1009_1010_1011_1012_1013_1014_1015_1016_1017_1018_1019_1020_1096_1097_1098_1099_1100_1101_1102_1103_1104_1105_1106_1107_1108_1109_1110_1111_1112_1113_1114_1168_1169_1170_1216_1217_1218_1248_1249_1250_1312_1313_1314_1332_1333_1405_1406_1417_1418_1504_1505_1506_1593_1594_1684_1685_1757_1758_1776_1777_1778_1840_1841_1842_1872_1873_1874_1920_1921_1922_1976_1977_1978_1979_1980_1981_1982_1983_1984_1985_1986_1987_1988_1989_1990_1991_1992_1993_1994_,1545-568*0_1545-1544*0_1545-1546*0_1545-567*0_1545-569*0_1545-1543*0_1545-1547*0_1545-566*0_1545-570*0_1545-1542*0_1545-1548*0_1545-565*0_1545-571*0_1545-1541*0_1545-1549*0_1545-564*0_1545-572*0_1545-1540*0_1545-1550*0_1545-563*0_1545-573*0_1545-1539*0_1545-1551*0_1545-562*0_1545-574*0_1545-656*0_1545-1538*0_1545-1552*0_1545-561*0_1545-575*0_1545-655*0_1545-657*0_1545-654*0_1545-658*0_1545-653*0_1545-659*0_1545-1457*0_1545-1537*0_1545-1553*0_1545-1633*0_1545-560*0_1545-576*0_1545-652*0_1545-660*0_1545-1456*0_1545-1458*0_1545-1632*0_1545-1634*0_1545-1455*0_1545-1459*0_1545-1631*0_1545-1635*0_1545-1454*0_1545-1460*0_1545-1630*0_1545-1636*0_1545-651*0_1545-661*0_1545-1453*0_1545-1461*0_1545-1629*0_1545-1637*0_1545-480*0_1545-1536*0_1545-1554*0_1545-479*0_1545-481*0_1545-559*0_1545-577*0_1545-478*0_1545-482*0_1545-650*0_1545-662*0_1545-1452*0_1545-1462*0_1545-1628*0_1545-1638*0_1545-477*0_1545-483*0_1545-476*0_1545-484*0_1545-649*0_1545-663*0_1545-1451*0_1545-1463*0_1545-1535*0_1545-1555*0_1545-1627*0_1545-1639*0_1545-558*0_1545-578*0_1545-475*0_1545-485*0_1545-648*0_1545-664*0_1545-1450*0_1545-1464*0_1545-1626*0_1545-1640*0_1545-474*0_1545-486*0_1545-1534*0_1545-1556*0_1545-557*0_1545-579*0_1545-1449*0_1545-1465*0_1545-1625*0_1545-1641*0_1545-473*0_1545-487*0_1545-647*0_1545-665*0_1545-1533*0_1545-1557*0_1545-472*0_1545-488*0_1545-556*0_1545-580*0_1545-1448*0_1545-1466*0_1545-1624*0_1545-1642*0_1545-646*0_1545-666*0_1545-471*0_1545-489*0_1545-1447*0_1545-1467*0_1545-1623*0_1545-1643*0_1545-1532*0_1545-1558*0_1545-555*0_1545-581*0_1545-645*0_1545-667*0_1545-470*0_1545-490*0_1545-1446*0_1545-1468*0_1545-1622*0_1545-1644*0_1545-644*0_1545-668*0_1545-1531*0_1545-1559*0_1545-554*0_1545-582*0_1545-469*0_1545-491*0_1545-1445*0_1545-1469*0_1545-1621*0_1545-1645*0_1545-643*0_1545-669*0_1545-468*0_1545-492*0_1545-744*0_1545-1530*0_1545-1560*0_1545-553*0_1545-583*0_1545-743*0_1545-745*0_1545-742*0_1545-746*0_1545-1444*0_1545-1470*0_1545-1620*0_1545-1646*0_1545-741*0_1545-747*0_1545-740*0_1545-748*0_1545-642*0_1545-670*0_1545-467*0_1545-493*0_1545-739*0_1545-749*0_1545-1369*0_1545-1529*0_1545-1561*0_1545-1721*0_1545-552*0_1545-584*0_1545-1368*0_1545-1370*0_1545-1720*0_1545-1722*0_1545-1367*0_1545-1371*0_1545-1443*0_1545-1471*0_1545-1619*0_1545-1647*0_1545-1719*0_1545-1723*0_1545-738*0_1545-750*0_1545-1366*0_1545-1372*0_1545-1718*0_1545-1724*0_1545-1365*0_1545-1373*0_1545-1717*0_1545-1725*0_1545-641*0_1545-671*0_1545-737*0_1545-751*0_1545-466*0_1545-494*0_1545-1364*0_1545-1374*0_1545-1716*0_1545-1726*0_1545-392*0_1545-736*0_1545-752*0_1545-1442*0_1545-1472*0_1545-1528*0_1545-1562*0_1545-1618*0_1545-1648*0_1545-391*0_1545-393*0_1545-551*0_1545-585*0_1545-1363*0_1545-1375*0_1545-1715*0_1545-1727*0_1545-390*0_1545-394*0_1545-389*0_1545-395*0_1545-388*0_1545-396*0_1545-640*0_1545-672*0_1545-1362*0_1545-1376*0_1545-1714*0_1545-1728*0_1545-465*0_1545-495*0_1545-735*0_1545-753*0_1545-387*0_1545-397*0_1545-1361*0_1545-1377*0_1545-1441*0_1545-1473*0_1545-1617*0_1545-1649*0_1545-1713*0_1545-1729*0_1545-1527*0_1545-1563*0_1545-386*0_1545-398*0_1545-550*0_1545-586*0_1545-734*0_1545-754*0_1545-464*0_1545-496*0_1545-1360*0_1545-1378*0_1545-1712*0_1545-1730*0_1545-385*0_1545-399*0_1545-639*0_1545-673*0_1545-733*0_1545-755*0_1545-384*0_1545-400*0_1545-1440*0_1545-1474*0_1545-1616*0_1545-1650*0_1545-1359*0_1545-1379*0_1545-1711*0_1545-1731*0_1545-1526*0_1545-1564*0_1545-549*0_1545-587*0_1545-732*0_1545-756*0_1545-383*0_1545-401*0_1545-463*0_1545-497*0_1545-638*0_1545-674*0_1545-1358*0_1545-1380*0_1545-1710*0_1545-1732*0_1545-1439*0_1545-1475*0_1545-1615*0_1545-1651*0_1545-382*0_1545-402*0_1545-731*0_1545-757*0_1545-1357*0_1545-1381*0_1545-1525*0_1545-1565*0_1545-1709*0_1545-1733*0_1470-1476*1_1470-1477*1_1470-1478*1_1470-1386*1_1470-1479*1_1470-1387*1_1470-824*1_1470-1388*1_1470-1480*1_1470-823*1_1470-825*1_1470-822*1_1470-826*1_1470-821*1_1470-827*1_1470-1389*1_1470-820*1_1470-828*1_562-542*1_1470-1481*1_1470-725*1_1470-819*1_1470-829*1_1470-1390*1_1470-1566*1_1470-818*1_1470-830*1_1470-1482*1_1470-1391*1_1470-1567*1_1470-724*1_1470-817*1_1470-831*1_1470-816*1_1470-832*1_1470-1392*1_1470-1568*1_1470-1483*1_1470-723*1_1470-815*1_1470-833*1_1470-1393*1_1470-1569*1_1470-1484*1_1470-722*1_1470-814*1_1470-834*1_1470-1394*1_1470-1570*1_1470-813*1_1470-835*1_1470-1485*1_1470-721*1_1470-1395*1_1470-1571*1_1470-812*1_1470-836*1_1470-1294*1_1470-1486*1_1470-1293*1_1470-1295*1_1470-720*1_1470-1292*1_1470-1296*1_1470-1396*1_1470-1572*1_1470-1291*1_1470-1297*1_1470-811*1_1470-837*1_1470-1290*1_1470-1298*1_1470-1289*1_1470-1299*1_1470-1397*1_1470-1487*1_1470-1573*1_1470-1300*1_1470-1652*1_1470-719*1_1470-810*1_1470-838*1_1470-1301*1_1470-1653*1_1470-1302*1_1470-1398*1_1470-1574*1_1470-1654*1_1470-912*1_1470-1488*1_1470-631*1_1470-809*1_1470-839*1_1470-911*1_1470-913*1_1470-718*1_1470-910*1_1470-914*1_1470-909*1_1470-915*1_1470-1303*1_1470-1655*1_1470-908*1_1470-916*1_1470-907*1_1470-917*1_1442-1339*1_1442-1425*1_1442-1515*1_1470-1399*1_1470-1575*1_1470-808*1_1470-840*1_1470-1304*1_1470-1656*1_1470-630*1_1470-906*1_1470-918*1_1470-1489*1_1470-717*1_1470-905*1_1470-919*1_1470-1305*1_1470-1657*1_1442-1338*1_1442-1514*1_1470-904*1_1470-920*1_1470-1400*1_1470-1576*1_1470-807*1_1470-841*1_1442-208*1_1442-1424*1_1442-207*1_1442-209*1_1442-281*1_1442-311*1_1442-206*1_1442-210*1_1470-629*1_1442-205*1_1442-211*1_1470-1306*1_1470-1490*1_1470-1658*1_1442-1257*1_1442-1609*1_1442-204*1_1442-212*1_1442-203*1_1442-213*1_1442-1337*1_1442-1513*1_1442-280*1_1442-312*1_1442-1256*1_1442-1608*1_1442-202*1_1442-214*1_1442-1423*1_1442-201*1_1442-215*1_1442-1255*1_1442-1607*1_1442-200*1_1442-216*1_1442-1336*1_1442-1512*1_1442-279*1_1442-313*1_1442-1254*1_1442-1422*1_1442-1606*1_468-1356*1_468-462*1_468-1355*1_468-461*1_468-1354*1_671-1734*1_468-460*1_468-379*1_468-1353*1_468-378*1_468-377*1_671-1735*1_468-376*1_468-1352*1_1473-730*1_468-459*1_468-375*1_671-759*1_671-758*1_671-760*1_671-1736*1_671-761*1_468-1351*1_1473-729*1_468-374*1_468-458*1_671-762*1_671-763*1_671-1737*1_468-373*1_468-1350*1_1473-1385*1_1473-728*1_1473-1384*1_671-764*1_468-457*1_671-1819*1_1473-1383*1_468-372*1_468-548*1_671-1820*1_1473-1382*1_671-765*1_671-1738*1_468-1349*1_671-1821*1_1473-727*1_468-456*1_468-1272*1_468-371*1_468-547*1_468-1271*1_468-1273*1_468-1270*1_468-1274*1_671-766*1_468-1269*1_468-1275*1_671-1822*1_671-1739*1_468-1268*1_468-1276*1_468-1348*1_400-308*1_468-370*1_468-546*1_671-767*1_1473-726*1_671-1823*1_468-455*1_468-1267*1_468-1277*1_400-307*1_468-1266*1_468-1278*1_468-369*1_468-545*1_468-1347*1_671-768*1_671-1740*1_671-1824*1_400-306*1_468-1265*1_468-1279*1_468-454*1_671-1825*1_671-769*1_468-368*1_468-544*1_468-1264*1_468-1280*1_400-305*1_468-1346*1_671-1741*1_400-1605*1_468-453*1_468-1263*1_468-1281*1_671-1826*1_671-770*1_497-508*1_468-367*1_468-543*1_468-1345*1_671-1742*1_468-1262*1_468-1282*1_671-1827*1_400-1604*1_400-1519*1_671-771*1_468-292*1_468-452*1_468-291*1_468-293*1_468-290*1_468-366*1_497-509*1_468-289*1_468-1261*1_468-1283*1_468-288*1_468-1344*1_671-686*1_671-1828*1_671-1743*1_400-1518*1_468-287*1_400-1603*1_671-772*1_468-1260*1_468-1284*1_468-365*1_468-451*1_468-541*1_468-286*1_497-510*1_671-1829*1_400-1517*1_468-285*1_468-1343*1_671-687*1_671-847*1_671-846*1_671-848*1_671-1744*1_671-773*1_671-845*1_671-849*1_468-1259*1_400-1602*1_671-844*1_671-850*1_468-284*1_468-364*1_468-540*1_468-450*1_671-843*1_671-851*1_671-1830*1_400-1516*1_400-1692*1_497-511*1_671-852*1_468-283*1_468-1258*1_468-1342*1_671-688*1_671-774*1_671-1904*1_671-1745*1_671-1903*1_671-1905*1_671-853*1_497-421*1_671-1902*1_671-1906*1_468-363*1_468-539*1_400-1601*1_671-1907*1_468-282*1_468-449*1_671-854*1_671-1908*1_671-1831*1_400-1691*1_497-512*1_497-1888*1_671-1909*1_497-1887*1_497-1889*1_497-1886*1_497-1890*1_468-1341*1_671-775*1_671-855*1_497-422*1_497-1885*1_497-1891*1_671-689*1_671-1746*1_671-1910*1_468-362*1_468-538*1_497-1884*1_497-1892*1_400-224*1_400-1600*1_400-223*1_400-225*1_671-856*1_671-1832*1_400-222*1_400-226*1_400-1690*1_671-1911*1_468-448*1_468-1184*1_497-1883*1_497-1893*1_400-221*1_400-227*1_497-513*1_400-220*1_400-228*1_671-776*1_671-1912*1_497-423*1_1473-903*1_1473-921*1_497-1882*1_671-857*1_400-219*1_400-229*1_671-690*1_671-1747*1_1473-1401*1_1473-1577*1_400-1599*1_400-1689*1_671-1833*1_671-1913*1_497-1881*1_400-218*1_400-230*1_1473-1491*1_1473-902*1_1473-922*1_671-858*1_497-424*1_497-514*1_497-1880*1_671-777*1_400-217*1_400-231*1_671-1914*1_1473-901*1_1473-923*1_671-691*1_671-859*1_1473-1402*1_1473-1578*1_400-232*1_400-1688*1_497-1879*1_1473-1307*1_1473-1659*1_400-1598*1_1473-1492*1_1473-900*1_1473-924*1_497-425*1_400-233*1_1473-806*1_497-515*1_497-1878*1_1473-1308*1_1473-1660*1_400-1511*1_400-1687*1_1473-1403*1_1473-1579*1_400-234*1_1473-899*1_1473-925*1_400-1597*1_497-1877*1_1473-1309*1_1473-1493*1_1473-1661*1_497-426*1_497-602*1_497-331*1_400-235*1_400-1781*1_497-516*1_497-1876*1_400-1510*1_400-1686*1_497-332*1_400-236*1_400-1428*1_400-1596*1_400-1780*1_497-427*1_497-603*1_497-1875*1_497-333*1_497-517*1_1338-278*2_1338-188*2_209-130*2_1338-277*2_209-131*2_1338-187*2_209-1501*2_1338-276*2_209-132*2_209-1500*2_1338-102*2_1338-186*2_1338-275*2_209-133*2_209-309*2_1338-101*2_209-1499*2_1338-185*2_1338-274*2_1338-1237*2_209-134*2_209-310*2_1338-100*2_209-1498*2_209-1595*2_1338-1162*2_1338-1161*2_1338-1163*2_1338-184*2_1338-1160*2_1338-1164*2_1338-1236*2_209-33*2_1338-273*2_209-34*2_209-35*2_209-135*2_1338-1159*2_1338-1165*2_209-1594*2_1338-99*2_209-36*2_1338-1158*2_1338-1166*2_209-37*2_209-1497*2_209-1593*2_1338-1157*2_1338-1167*2_209-38*2_1338-1235*2_1338-272*2_1338-1156*2_1338-1168*2_1338-183*2_209-136*2_209-1592*2_1338-98*2_209-39*2_1338-1155*2_1338-1169*2_209-40*2_209-1496*2_209-1591*2_1338-1154*2_1338-1170*2_1338-1234*2_1338-97*2_1338-271*2_209-41*2_209-137*2_1338-182*2_209-1590*2_209-1610*2_1338-1153*2_1338-1171*2_1338-20*2_209-42*2_1338-19*2_209-1589*2_209-1611*2_1338-1233*2_1338-96*2_1338-1152*2_1338-1172*2_209-138*2_209-314*2_1338-18*2_1338-270*2_209-43*2_1338-181*2_1338-17*2_209-1588*2_209-1612*2_1338-1151*2_1338-1173*2_209-44*2_1338-16*2_1338-1232*2_1338-95*2_209-139*2_209-315*2_1338-269*2_1338-1150*2_1338-1174*2_209-1587*2_209-1613*2_209-45*2_1388-805*2_1388-716*2_1388-804*2_1388-1310*2_1388-898*2_1388-715*2_1388-803*2_1388-1311*2_1388-897*2_1388-896*2_1388-1312*2_1388-714*2_1388-802*2_1388-895*2_1388-1313*2_1388-713*2_1388-801*2_1388-894*2_1388-1212*2_1388-1404*2_1388-1211*2_1388-1213*2_1388-1210*2_1388-1214*2_1388-1314*2_1388-893*2_1388-1209*2_1388-1215*2_1388-712*2_1388-800*2_1388-1208*2_1388-1216*2_1388-1207*2_1388-1217*2_1388-892*2_1388-1315*2_1388-1405*2_1388-1206*2_1388-1218*2_1388-711*2_1388-799*2_1388-1205*2_1388-1219*2_1388-891*2_1388-1204*2_1388-1220*2_1388-1316*2_1388-1406*2_1388-1203*2_1388-1221*2_1388-710*2_1388-798*2_1388-890*2_1388-1317*2_1388-1202*2_1388-1222*2_1388-1407*2_1388-889*2_1388-709*2_1388-797*2_1388-1201*2_1388-1223*2_1388-1318*2_1388-1494*2_1388-624*2_1388-888*2_1388-992*2_1388-1200*2_1388-1224*2_1723-1817*1_1723-1818*1_1723-682*1_1723-683*1_555-380*1_1723-684*1_555-381*1_1723-685*1_555-537*1_488-301*1_488-300*1_488-1436*1_555-536*1_555-1192*1_555-1191*1_555-1193*1_1723-1899*1_555-1190*1_555-1194*1_1723-1898*1_1723-1900*1_1723-1901*1_555-1189*1_555-1195*1_555-1188*1_555-1196*1_555-1187*1_555-1197*1_555-1186*1_555-1198*1_555-535*1_1723-601*1_1709-1783*1_1709-330*1_1709-1782*1_1709-334*1_1709-1874*1_1709-1779*1_1709-335*1_1709-1873*1_207-1426*2_207-1421*2_207-1427*2_207-1420*2_1659-1662*2_207-1419*2_207-1429*2_1659-842*2_1659-1663*2_207-1418*2_207-1430*2_1659-928*2_1659-1664*2_1659-927*2_1659-929*2_207-1335*2_207-1417*2_207-1431*2_1659-926*2_1659-930*2_207-1334*2_1659-931*2_207-1333*2_1659-1665*2_207-119*2_207-199*2_207-295*2_207-118*2_207-120*2_207-294*2_207-296*2_207-1332*2_207-1340*2_207-1416*2_207-1432*2_1659-932*2_207-117*2_207-121*2_207-297*2_207-116*2_207-122*2_207-298*2_207-1331*2_1659-1666*2_1659-933*2_207-115*2_207-123*2_207-299*2_207-198*2_207-1415*2_207-1433*2_207-1330*2_207-114*2_207-124*2_207-1509*2_1659-934*2_1659-1667*2_1659-1748*2_207-1508*2_207-1329*2_1659-1749*2_207-113*2_207-125*2_207-197*2_207-1414*2_207-1434*2_1659-1750*2_207-1507*2_1659-935*2_207-112*2_207-126*2_207-302*2_207-1328*2_1659-1751*2_1659-1668*2_207-1506*2_207-196*2_207-1413*2_207-1435*2_1659-936*2_1659-1752*2_207-111*2_207-127*2_207-303*2_207-1327*2_207-1505*2_1659-1669*2_1659-1753*2_207-195*2_1659-937*2_207-110*2_207-128*2_207-304*2_207-1412*2_207-1504*2_207-1520*2_207-1326*2_1659-1754*2_207-1503*2_207-1521*2_1659-1670*2_207-109*2_207-129*2_1659-938*2_207-194*2_207-1325*2_207-1411*2_207-1437*2_1659-1755*2_207-1502*2_207-1522*2_207-108*2_1659-1671*2_1659-1580*2_1659-1756*2_1659-939*2_207-1324*2_207-193*2_207-1410*2_207-1438*2_207-1523*2_207-107*2_1659-1581*2_1659-1757*2_1659-940*2_1659-1016*2_207-1323*2_1659-1015*2_1659-1017*2_1659-1014*2_1659-1018*2_207-192*2_207-1248*2_207-1524*2_207-1247*2_207-1249*2_207-1409*2_1659-1013*2_1659-1019*2_207-1246*2_207-1250*2_207-106*2_207-1245*2_207-1251*2_1659-1012*2_1659-1020*2_1659-1582*2_1659-1758*2_207-1244*2_207-1252*2_207-1322*2_1659-941*2_1659-1011*2_1659-1021*2_207-1243*2_207-1253*2_207-31*2_207-191*2_207-30*2_207-32*2_207-1408*2_1659-1010*2_1659-1022*2_207-29*2_207-105*2_1659-1583*2_1659-1759*2_207-1242*2_207-28*2_207-27*2_1659-1009*2_1659-1023*2_207-1241*2_207-1321*2_1659-942*2_207-26*2_1659-1008*2_1659-1024*2_207-104*2_207-190*2_207-1240*2_207-25*2_207-24*2_207-1320*2_207-1239*2_1659-943*2_1659-1007*2_1659-1025*2_207-23*2_207-103*2_207-189*2_207-1238*2_1659-1006*2_1659-1026*2_1659-1839*2_207-22*2_1659-944*2_1659-1840*2_1659-1005*2_1659-1027*2_1659-1841*2_207-21*2_1659-1842*2_1659-1004*2_1659-1028*2_1659-945*2_1659-1843*2_1659-1844*2_1659-1003*2_1659-1029*2_1659-946*2_1659-1845*2_1659-1002*2_1659-1030*2_1659-1846*2_1659-947*2_1659-1001*2_1659-1031*2_1659-1495*2_1659-1847*2_1908-778*2_1908-779*2_1908-692*2_1908-780*2_1908-693*2_1908-781*2_1908-1915*2_1908-694*2_1908-782*2_1908-1916*2_1908-1996*2_1908-681*2_1908-695*2_1908-783*2_1908-1995*2_1908-1997*2_1908-1994*2_1908-1998*2_1908-1993*2_1908-1999*2_1908-680*2_1908-696*2_1908-784*2_1908-1816*2_1908-1992*2_1908-2000*2_1908-1917*2_1908-1815*2_1908-1991*2_1908-2001*2_1908-679*2_1908-697*2_1908-785*2_1908-1814*2_1908-1918*2_1908-1990*2_1908-2002*2_1908-1813*2_1908-1989*2_1908-2003*2_1908-678*2_1908-698*2_1908-786*2_1908-1897*2_1908-1919*2_1908-1812*2_1908-1988*2_1908-2004*2_1908-677*2_1908-699*2_1908-787*2_1908-600*2_1908-864*2_1908-1896*2_1908-1920*2_1908-599*2_1908-863*2_1908-865*2_1908-1811*2_1908-1987*2_1908-2005*2_1908-598*2_1908-862*2_1908-866*2_1908-597*2_1908-861*2_1908-867*2_1908-596*2_1908-604*2_1908-676*2_1908-700*2_1908-788*2_1908-860*2_1908-868*2_1908-1810*2_1908-1986*2_1908-2006*2_1908-595*2_1908-605*2_1908-869*2_1908-1895*2_1908-1921*2_1908-594*2_1908-606*2_1908-870*2_1908-675*2_1908-701*2_1908-789*2_1908-1809*2_1908-1985*2_1908-2007*2_1908-593*2_1908-607*2_1908-871*2_1908-1894*2_1908-1922*2_1908-592*2_1908-608*2_1908-872*2_1908-1808*2_1908-1984*2_1908-2008*2_1908-702*2_1908-790*2_1908-591*2_1908-609*2_1908-873*2_1908-1923*2_1908-1807*2_1908-1983*2_1908-2009*2_1908-703*2_1908-791*2_1908-590*2_1908-610*2_1908-874*2_1908-1924*2_1908-2084*2_1908-2083*2_1908-2085*2_1908-1806*2_1908-1982*2_1908-2010*2_1908-2082*2_1908-2086*2_1908-589*2_1908-611*2_1908-875*2_1908-2081*2_1908-2087*2_1908-2080*2_1908-2088*2_1908-2079*2_1908-2089*2_1908-588*2_1908-612*2_1908-876*2_1908-1805*2_1908-1925*2_1908-1981*2_1908-2011*2_1908-2078*2_1908-2090*2_1908-2077*2_1908-2091*2_1908-613*2_1908-877*2_1908-1804*2_1908-1980*2_1908-2012*2_1908-2076*2_1908-2092*2_1908-1926*2_1908-2075*2_1908-2093*2_1908-614*2_1908-878*2_1908-1803*2_1908-1979*2_1908-2013*2_1908-2074*2_1908-2094*2_1908-1927*2_1908-615*2_1908-879*2_1908-2073*2_1908-2095*2_1908-1802*2_1908-1978*2_1908-2014*2_1908-952*2_1908-1928*2_1908-2072*2_1908-2096*2_1161-1148*3_1161-1062*3_1161-1147*3_273-1182*3_1161-1061*3_1161-1146*3_273-1092*3_273-1183*3_1161-1060*3_273-1093*3_1161-1145*3_1161-1059*3_273-447*3_273-446*3_273-445*3_273-1094*3_273-444*3_1161-8*3_1161-1058*3_1161-1144*3_1161-7*3_1161-9*3_1161-6*3_1161-10*3_273-1185*3_273-443*3_1161-5*3_1161-11*3_1161-4*3_1161-12*3_273-442*3_273-1095*3_1161-3*3_1161-13*3_1161-1057*3_273-441*3_1161-2*3_1161-14*3_1161-1*3_1161-15*3_273-440*3_273-1096*3_1161-0*3_1161-1056*3_273-1097*3_136-140*3_136-141*3_136-142*3_136-1586*3_136-143*3_136-1585*3_136-48*3_136-144*3_136-1584*3_136-1680*3_136-47*3_136-49*3_136-1679*3_136-46*3_136-50*3_136-1678*3_136-51*3_136-1677*3_136-52*3_136-1676*3_136-53*3_136-1675*3_136-54*3_136-1674*3_136-55*3_136-1673*3_136-56*3_136-1672*3_136-57*3_136-58*3_136-59*3_136-60*3_136-61*3_136-62*3_136-1764*3_136-1763*3_136-63*3_136-1762*3_136-1761*3_136-64*3_136-1760*3_136-65*3_136-66*3_1650-1834*2_1650-1835*2_1650-1836*2_1650-1837*2_1650-1838*2_333-336*2_333-1872*2_333-1871*2_333-1870*2_333-329*2_333-337*2_333-1869*2_333-328*2_333-338*2_333-1784*2_333-1868*2_333-1785*2_333-1786*2_333-1787*2_333-1867*2_333-327*2_333-339*2_333-1788*2_333-1866*2_333-326*2_333-340*2_333-1865*2_333-245*2_333-325*2_333-341*2_333-244*2_333-246*2_333-243*2_333-247*2_333-248*2_333-1864*2_333-249*2_333-342*2_333-250*2_333-1863*2_333-251*2_333-343*2_333-1862*2_333-252*2_333-428*2_333-344*2_333-1960*2_333-1959*2_333-1961*2_333-1958*2_333-1962*2_333-253*2_333-429*2_333-1861*2_333-1957*2_333-1963*2_333-1956*2_333-1964*2_333-345*2_333-254*2_333-430*2_333-1955*2_333-1965*2_333-1860*2_333-1954*2_333-1966*2_333-255*2_333-431*2_333-346*2_333-1953*2_333-1967*2_333-1859*2_333-256*2_333-432*2_333-1952*2_333-1968*2_333-347*2_333-1951*2_333-1969*2_333-1858*2_333-257*2_333-433*2_333-1950*2_333-1970*2_333-348*2_333-258*2_333-434*2_333-1857*2_333-1949*2_333-1971*2_333-157*2_333-349*2_333-158*2_333-159*2_333-259*2_333-435*2_333-160*2_333-1856*2_333-1948*2_333-1972*2_333-161*2_333-162*2_333-260*2_333-350*2_333-436*2_333-1947*2_333-1973*2_333-163*2_333-1855*2_333-164*2_333-1946*2_333-1974*2_333-165*2_333-261*2_333-437*2_333-351*2_333-1854*2_333-166*2_333-518*2_333-1945*2_333-1975*2_333-262*2_333-438*2_333-167*2_333-519*2_333-2048*2_333-2047*2_333-2049*2_333-2046*2_333-2050*2_333-1853*2_333-2045*2_333-2051*2_333-168*2_333-520*2_333-1944*2_333-1976*2_333-2044*2_333-2052*2_333-2043*2_333-2053*2_333-263*2_333-439*2_333-2042*2_333-2054*2_333-169*2_333-521*2_1208-708*3_1208-707*3_1208-706*3_1208-705*3_1208-704*3_1208-1120*3_1208-623*3_1208-625*3_1208-1119*3_1208-1121*3_1208-622*3_1208-626*3_1208-1118*3_1208-1122*3_1208-621*3_1208-627*3_1208-1117*3_1208-1123*3_1208-620*3_1208-628*3_1208-796*3_1208-1116*3_1208-1124*3_1208-1199*3_1208-619*3_1208-795*3_1208-1115*3_1208-1125*3_1208-618*3_1208-794*3_1208-1114*3_1208-1126*3_1208-617*3_1208-793*3_1208-1113*3_1208-1127*3_1208-616*3_1208-632*3_1208-792*3_1208-1112*3_1208-1128*3_1208-1288*3_1208-633*3_1208-1111*3_1208-1129*3_1208-1287*3_1406-981*3_1208-634*3_1208-1110*3_1208-1130*3_1208-1286*3_1208-635*3_1208-1109*3_1208-1131*3_1208-1285*3_1406-980*3_1208-636*3_1208-1108*3_1208-1132*3_1406-979*3_1208-1107*3_1208-1133*3_1406-978*3_1208-534*3_1208-1106*3_1208-1134*3_1208-533*3_1208-532*3_1208-884*3_1406-977*3_1208-531*3_1208-883*3_1208-1105*3_1208-1135*3_1208-530*3_1208-882*3_1208-529*3_1208-881*3_1406-1230*3_1406-1229*3_1406-1231*3_1406-976*3_1208-528*3_1208-880*3_1208-1104*3_1208-1136*3_1406-975*3_1208-1103*3_1208-1137*3_1406-974*3_1208-1102*3_1208-1138*3_1406-973*3_1829-948*2_1829-949*2_1829-950*2_1829-951*2_1829-953*2_1829-1929*2_1829-954*2_1829-1930*2_1829-955*2_1829-1931*2_1829-956*2_1829-1932*2_1829-957*2_1829-958*2_1829-1933*2_1829-959*2_1829-1934*2_1829-2015*2_1829-1032*2_1829-1033*2_1829-1034*2_1829-1035*2_1829-960*2_1829-1036*2_1829-2016*2_1829-1037*2_1829-1935*2_1829-1038*2_1829-2017*2_1501-1681*3_1501-1682*3_1501-1683*3_1501-145*3_1501-1684*3_1501-1685*3_1501-146*3_1501-147*3_580-498*2_580-499*2_580-500*2_580-501*2_580-1545*2_580-1708*2_580-502*2_580-1707*2_580-1706*2_580-1705*2_580-404*2_580-403*2_580-405*2_580-406*2_580-407*2_580-408*2_580-1704*2_580-409*2_580-1796*2_580-410*2_580-411*2_580-1703*2_580-1795*2_580-412*2_580-413*2_580-1614*2_580-1702*2_580-1794*2_580-414*2_580-1793*2_580-415*2_580-1701*2_580-416*2_580-1792*2_1571-993*3_19-1149*3_19-94*3_19-93*3_19-92*3_19-91*3_19-90*3_19-89*3_1275-1181*2_1275-1180*2_1275-1179*2_1275-1178*2_1275-1177*2_1275-361*2_1275-360*2_1275-1176*2_1275-637*2_1275-359*2_1275-1175*2_1275-358*2_1275-357*2_1275-1099*2_1275-1098*2_1275-1100*2_1275-1101*2_1275-356*2_1275-355*2_1275-354*2_1275-1091*2_1275-1090*2_1275-353*2_1275-1089*2_1275-352*2_1275-1088*2_1275-1087*2_1985-2061*3_1985-2060*3_1985-2059*3_1985-2058*3_1985-2057*3_1985-2056*3_1985-2055*3_1692-1693*2_1692-1694*2_1692-1695*2_1692-320*2_1692-1696*2_1692-319*2_1692-321*2_1692-318*2_1692-322*2_1692-317*2_1692-323*2_1692-1697*2_1692-316*2_1692-324*2_1692-1698*2_1692-1699*2_1692-1700*2_1692-1789*2_1692-1790*2_1692-1791*2_1692-417*2_1692-418*2_1692-419*2_1692-420*2_1205-887*3_1205-886*3_1205-885*3_1205-1225*3_1920-961*3_1920-962*3_1920-2018*3_1920-963*3_1920-2019*3_1920-964*3_1920-2020*3_1920-965*3_1920-2021*3_1920-1040*3_1920-1039*3_1920-1041*3_1920-966*3_1920-1042*3_1920-2022*3_1920-1043*3_1920-1044*3_1920-1045*3_1920-967*3_1920-2023*3_1920-1046*3_1920-1047*3_1920-2103*3_1920-1048*3_1920-2104*3_1920-1049*3_1920-2105*3_1920-1050*3_1920-2106*3_1920-1051*3_1920-2107*3_1920-1052*3_1920-2108*3_578-503*2_578-1801*2_578-504*2_578-1800*2_578-1799*2_578-505*2_578-506*2_578-507*2_1092-1086*4_1092-1085*4_1092-1084*4_1092-1083*4_1092-1082*4_1092-1081*4_1092-264*4_1092-1080*4_1092-265*4_1092-266*4_1092-267*4_1092-268*4_1092-1079*4_1092-1078*4_1092-1077*4_1092-1076*4_1092-1075*4_1092-1074*4_10-1063*4_10-88*4_10-1064*4_10-1065*4_10-1066*4_10-1067*4_10-1068*4_10-1069*4_10-180*4_10-1070*4_10-179*4_10-178*4_10-1071*4_10-177*4_1492-1000*3_1492-999*3_1492-998*3_701-2068*3_701-2067*3_701-2066*3_701-2065*3_701-1977*3_701-525*3_701-524*3_701-526*3_701-523*3_701-527*3_701-522*3_701-2064*3_701-2063*3_701-2062*3_1689-237*2_1689-238*2_1689-239*2_1689-1777*2_1689-240*2_1689-1776*2_1689-1778*2_1689-1775*2_1689-1774*2_1689-1773*2_1689-241*2_1689-1772*2_1689-148*2_1689-1771*2_1689-242*2_1689-149*2_1689-1770*2_1689-150*2_1689-1769*2_1689-151*2_1689-152*2_1689-1768*2_1689-153*2_1689-1767*2_1689-154*2_1689-1766*2_1689-155*2_1689-1765*2_1689-156*2_1062-176*4_1062-1072*4_1062-1073*4_1858-1852*3_1858-1851*3_1858-1850*3_1858-1943*3_1858-1942*3_1858-1849*3_1858-1941*3_1858-72*3_1858-1848*3_1858-1940*3_1858-71*3_1858-73*3_1858-70*3_1858-74*3_1858-170*3_1858-69*3_1858-75*3_1858-1939*3_1858-68*3_1858-76*3_1858-67*3_1858-77*3_1858-171*3_1858-1938*3_1858-78*3_1858-1937*3_1858-172*3_1858-79*3_1858-80*3_1858-1936*3_1858-173*3_1858-81*3_1858-82*3_1858-174*3_1858-83*3_1858-175*3_1858-84*3_1858-2034*3_1858-2033*3_1858-2035*3_1858-2032*3_1858-2031*3_1858-85*3_1858-2030*3_1858-2029*3_1858-2028*3_1858-86*3_1858-2027*3_1858-2026*3_1858-87*3_1858-2025*3_1858-2024*3_1490-997*3_1490-996*3_1229-1228*4_1229-972*4_1229-971*4_1229-970*4_1229-969*4_1229-1141*4_1229-1140*4_1229-1142*4_1229-1139*4_1229-1143*4_1229-968*4_1959-2041*3_1959-2040*3_1959-2039*3_1959-2038*3_1959-2037*3_1959-2036*3_1403-991*3_1403-990*3_1403-994*3_1403-989*3_1403-995*3_1403-988*3_1403-987*3_1403-986*3_1403-985*3_1403-1319*3_1403-984*3_1403-983*3_1403-982*3_1403-1227*3_1403-1226*3_1037-1053*4_1037-1054*4_1037-1055*4_2074-2071*3_2074-2070*3_2074-2069*3_966-2102*4_966-2101*4_966-2100*4_966-2099*4_966-2109*4_966-2098*4_966-2110*4_966-2097*4_966-2111*4_1609-1797*3_686-1798*2_
