"id","Scenario","Actual Range","Protocol","Buildings","Total nodes","Nodes on circ","Total coverage","Coverage on circ","Alert received mean time","Hops","Slots","Messages sent","Messages received", "Starting x", "Starting y","Starting node", "Vehicle distance", "Received node ids", "Node ids", "Transmission map", "Received on circ nodes", "Transmission vector"
0,1,100,500,0,1776,49,932,38,454281,18.1316,454.211,209,932,212.68,2511.09,488,25,487_489_506_490_486_507_492_485_493_457_498_497_499_459_496_495_494_500_488_501_484_483_508_509_481_510_511_482_512_514_515_516_517_456_455_460_461_530_503_529_504_528_505_454_453_451_518_422_519_421_420_419_450_449_448_445_452_564_563_562_561_554_555_533_532_556_534_531_559_536_537_876_875_560_406_407_405_408_404_403_401_397_400_409_399_398_396_364_565_377_392_376_390_393_395_566_874_878_873_879_872_880_871_365_366_363_367_362_375_368_374_361_370_360_389_394_432_433_431_388_444_434_430_443_429_442_373_384_372_387_378_567_379_383_381_594_568_359_382_593_371_595_385_592_357_353_386_571_570_572_163_587_441_350_162_349_354_440_870_428_427_426_352_348_351_346_356_165_166_345_355_161_588_160_589_159_590_439_164_436_437_438_156_157_155_596_154_575_586_150_576_151_167_573_168_574_579_344_170_585_149_584_152_604_603_583_597_148_600_582_581_601_146_577_650_153_578_599_598_869_868_813_867_802_741_752_753_846_857_865_824_754_835_864_791_649_606_135_144_134_145_743_137_142_138_207_141_206_208_143_139_140_205_209_605_133_131_132_130_129_651_652_128_653_127_171_343_340_172_339_742_744_745_747_735_746_724_757_524_243_768_513_655_196_197_124_654_607_198_210_211_199_212_173_174_219_218_203_217_175_242_502_241_240_329_491_535_239_680_480_328_669_238_333_176_216_177_751_338_750_337_341_749_334_646_469_635_458_657_624_447_237_342_220_222_221_223_292_267_235_234_330_233_232_231_246_322_244_226_266_227_265_228_264_288_289_290_229_261_327_332_326_331_230_255_200_282_281_253_252_323_254_251_325_250_248_249_245_295_296_297_307_298_299_748_435_180_191_236_169_202_225_213_1184_1079_1078_305_841_304_1180_845_1179_842_1178_303_843_256_263_257_259_260_262_268_270_271_279_848_849_283_847_850_853_284_278_852_272_285_851_286_214_215_178_300_306_301_1176_1175_1181_1182_1130_1174_1183_1129_1163_1131_1164_1132_1128_705_1165_1134_1185_1167_1135_287_273_274_277_276_308_275_1061_1060_1059_1125_1058_1124_1126_1062_1123_844_1076_1075_1057_1120_1168_1140_309_294_310_293_1139_1121_1161_1138_1160_1087_1137_1089_1127_1159_1090_1056_1136_1162_1158_1091_1157_1156_1092_1147_1148_1146_1149_1145_1152_1142_1141_1143_1171_1173_1172_1170_1169_1492_1194_1491_1150_1490_1487_1489_1151_1486_1485_1094_1484_1478_1479_1476_1480_1475_1481_1472_1482_311_312_314_1471_315_316_1193_1192_1187_317_318_698_1196_699_697_1197_319_700_320_1198_1200_321_1191_1201_701_1202_1203_703_1470_1494_1474_1473_1495_1469_1563_1468_1496_1562_1497_1561_1465_1498_1560_1223_704_1220_1205_1500_1501_1502_1505_1551_1504_1204_1206_1219_1218_1207_1217_1759_1216_1215_1240_1214_1503_1527_1528_1506_1526_1507_1508_1531_1523_1213_1208_696_1211_1212_1209_1224_695_1225_1239_694_1238_1226_693_692_1525_1530_1524_1529_1520_1522_1519_1509_1518_1556_1582_1581_1553_1467_1552_1557_1558_1511_1559_1517_1512_1541_1542_1513_1227_1236_1237_1228_1235_1234_1229_1230_1516_1515_1544_1514_1545_1535_1550_1232_1231_1241_1575_1242_1243_1549_1533_1548_1547_1534_1546_1446_1445_1564_1442_1447_1565_1441_1448_1567_1449_1245_1246_1428_690_1260_1259_1258_1261_1257_1262_1763_1761_1536_1269_1268_1270_1267_1568_1569_1570_1571_1572_1265_1601_1264_1286_1773_1263_1285_1627_1766_1772_1284_1271_1626_1427_1429_1426_1247_1580_1272_1273_1283_1282_1256_1274_1281_1254_1275_1280_1253_1602_1625_1624_1628_1623_1629_1622_1613_1693_1630_1279_1276_1278_1604_1603_1605_1606_1287_1252_1573_1574_1576_1607_1608_1609_1248_1249_1250_1631_1633_1537_1538_1539_1540_999_888_1634_1635_1636_1292_1291_1290_1692_1691_1620_1690_1619_1611_1612_840_839_1600_1289_1294_838_1295_1293_1296_1297_1578_1579_1251_1637_1638_1689_1687_1686_1430_1431_1303_1302_1301_1639_1640_1641_1642_1644_1645_1433_1425_1434_1424_1435_1423_1646_1650_1649_1651_1652_1653_1648_1422_1420_1655_856_1396_1411_855_854_829_830_1398_1395_1409_1394_1397_1400_1585_1393_1392_1586_1401_1391_1386_1385_1587_1384_1387_1404_1383_1382_1403_1389_1418_1402_1381_1417_1380_1379_1390_831_832_1589_1590_1591_1594_1374_1373_1375_1378_1376_1595_1592_1309_1308_1593_1341_1307_1335_1336_1306_1362_1334_1596_1597_1361_1305_1325_1324_1323_1326_1327_1329_1328_1318_1330_1317_1319_1331_1598_1372_1371_1337_1338_1360_1370_1359_1343_1342_1339_1363_1340_1364_1365_1367_1368_1369_1320_1316_1356_1354_1353_1352_1357_1351_1358_1350_1349_,0_1_2_3_4_5_6_7_8_9_10_11_12_13_14_15_16_17_18_19_20_21_22_23_24_25_26_27_28_29_30_31_32_33_34_35_36_37_38_39_40_41_42_43_44_45_46_47_48_49_50_51_52_53_54_55_56_57_58_59_60_61_62_63_64_65_66_67_68_69_70_71_72_73_74_75_76_77_78_79_80_81_82_83_84_85_86_87_88_89_90_91_92_93_94_95_96_97_98_99_100_101_102_103_104_105_106_107_108_109_110_111_112_113_114_115_116_117_118_119_120_121_122_123_124_125_126_127_128_129_130_131_132_133_134_135_136_137_138_139_140_141_142_143_144_145_146_147_148_149_150_151_152_153_154_155_156_157_158_159_160_161_162_163_164_165_166_167_168_169_170_171_172_173_174_175_176_177_178_179_180_181_182_183_184_185_186_187_188_189_190_191_192_193_194_195_196_197_198_199_200_201_202_203_204_205_206_207_208_209_210_211_212_213_214_215_216_217_218_219_220_221_222_223_224_225_226_227_228_229_230_231_232_233_234_235_236_237_238_239_240_241_242_243_244_245_246_247_248_249_250_251_252_253_254_255_256_257_258_259_260_261_262_263_264_265_266_267_268_269_270_271_272_273_274_275_276_277_278_279_280_281_282_283_284_285_286_287_288_289_290_291_292_293_294_295_296_297_298_299_300_301_302_303_304_305_306_307_308_309_310_311_312_313_314_315_316_317_318_319_320_321_322_323_324_325_326_327_328_329_330_331_332_333_334_335_336_337_338_339_340_341_342_343_344_345_346_347_348_349_350_351_352_353_354_355_356_357_358_359_360_361_362_363_364_365_366_367_368_369_370_371_372_373_374_375_376_377_378_379_380_381_382_383_384_385_386_387_388_389_390_391_392_393_394_395_396_397_398_399_400_401_402_403_404_405_406_407_408_409_410_411_412_413_414_415_416_417_418_419_420_421_422_423_424_425_426_427_428_429_430_431_432_433_434_435_436_437_438_439_440_441_442_443_444_445_446_447_448_449_450_451_452_453_454_455_456_457_458_459_460_461_462_463_464_465_466_467_468_469_470_471_472_473_474_475_476_477_478_479_480_481_482_483_484_485_486_487_488_489_490_491_492_493_494_495_496_497_498_499_500_501_502_503_504_505_506_507_508_509_510_511_512_513_514_515_516_517_518_519_520_521_522_523_524_525_526_527_528_529_530_531_532_533_534_535_536_537_538_539_540_541_542_543_544_545_546_547_548_549_550_551_552_553_554_555_556_557_558_559_560_561_562_563_564_565_566_567_568_569_570_571_572_573_574_575_576_577_578_579_580_581_582_583_584_585_586_587_588_589_590_591_592_593_594_595_596_597_598_599_600_601_602_603_604_605_606_607_608_609_610_611_612_613_614_615_616_617_618_619_620_621_622_623_624_625_626_627_628_629_630_631_632_633_634_635_636_637_638_639_640_641_642_643_644_645_646_647_648_649_650_651_652_653_654_655_656_657_658_659_660_661_662_663_664_665_666_667_668_669_670_671_672_673_674_675_676_677_678_679_680_681_682_683_684_685_686_687_688_689_690_691_692_693_694_695_696_697_698_699_700_701_702_703_704_705_706_707_708_709_710_711_712_713_714_715_716_717_718_719_720_721_722_723_724_725_726_727_728_729_730_731_732_733_734_735_736_737_738_739_740_741_742_743_744_745_746_747_748_749_750_751_752_753_754_755_756_757_758_759_760_761_762_763_764_765_766_767_768_769_770_771_772_773_774_775_776_777_778_779_780_781_782_783_784_785_786_787_788_789_790_791_792_793_794_795_796_797_798_799_800_801_802_803_804_805_806_807_808_809_810_811_812_813_814_815_816_817_818_819_820_821_822_823_824_825_826_827_828_829_830_831_832_833_834_835_836_837_838_839_840_841_842_843_844_845_846_847_848_849_850_851_852_853_854_855_856_857_858_859_860_861_862_863_864_865_866_867_868_869_870_871_872_873_874_875_876_877_878_879_880_881_882_883_884_885_886_887_888_889_890_891_892_893_894_895_896_897_898_899_900_901_902_903_904_905_906_907_908_909_910_911_912_913_914_915_916_917_918_919_920_921_922_923_924_925_926_927_928_929_930_931_932_933_934_935_936_937_938_939_940_941_942_943_944_945_946_947_948_949_950_951_952_953_954_955_956_957_958_959_960_961_962_963_964_965_966_967_968_969_970_971_972_973_974_975_976_977_978_979_980_981_982_983_984_985_986_987_988_989_990_991_992_993_994_995_996_997_998_999_1000_1001_1002_1003_1004_1005_1006_1007_1008_1009_1010_1011_1012_1013_1014_1015_1016_1017_1018_1019_1020_1021_1022_1023_1024_1025_1026_1027_1028_1029_1030_1031_1032_1033_1034_1035_1036_1037_1038_1039_1040_1041_1042_1043_1044_1045_1046_1047_1048_1049_1050_1051_1052_1053_1054_1055_1056_1057_1058_1059_1060_1061_1062_1063_1064_1065_1066_1067_1068_1069_1070_1071_1072_1073_1074_1075_1076_1077_1078_1079_1080_1081_1082_1083_1084_1085_1086_1087_1088_1089_1090_1091_1092_1093_1094_1095_1096_1097_1098_1099_1100_1101_1102_1103_1104_1105_1106_1107_1108_1109_1110_1111_1112_1113_1114_1115_1116_1117_1118_1119_1120_1121_1122_1123_1124_1125_1126_1127_1128_1129_1130_1131_1132_1133_1134_1135_1136_1137_1138_1139_1140_1141_1142_1143_1144_1145_1146_1147_1148_1149_1150_1151_1152_1153_1154_1155_1156_1157_1158_1159_1160_1161_1162_1163_1164_1165_1166_1167_1168_1169_1170_1171_1172_1173_1174_1175_1176_1177_1178_1179_1180_1181_1182_1183_1184_1185_1186_1187_1188_1189_1190_1191_1192_1193_1194_1195_1196_1197_1198_1199_1200_1201_1202_1203_1204_1205_1206_1207_1208_1209_1210_1211_1212_1213_1214_1215_1216_1217_1218_1219_1220_1221_1222_1223_1224_1225_1226_1227_1228_1229_1230_1231_1232_1233_1234_1235_1236_1237_1238_1239_1240_1241_1242_1243_1244_1245_1246_1247_1248_1249_1250_1251_1252_1253_1254_1255_1256_1257_1258_1259_1260_1261_1262_1263_1264_1265_1266_1267_1268_1269_1270_1271_1272_1273_1274_1275_1276_1277_1278_1279_1280_1281_1282_1283_1284_1285_1286_1287_1288_1289_1290_1291_1292_1293_1294_1295_1296_1297_1298_1299_1300_1301_1302_1303_1304_1305_1306_1307_1308_1309_1310_1311_1312_1313_1314_1315_1316_1317_1318_1319_1320_1321_1322_1323_1324_1325_1326_1327_1328_1329_1330_1331_1332_1333_1334_1335_1336_1337_1338_1339_1340_1341_1342_1343_1344_1345_1346_1347_1348_1349_1350_1351_1352_1353_1354_1355_1356_1357_1358_1359_1360_1361_1362_1363_1364_1365_1366_1367_1368_1369_1370_1371_1372_1373_1374_1375_1376_1377_1378_1379_1380_1381_1382_1383_1384_1385_1386_1387_1388_1389_1390_1391_1392_1393_1394_1395_1396_1397_1398_1399_1400_1401_1402_1403_1404_1405_1406_1407_1408_1409_1410_1411_1412_1413_1414_1415_1416_1417_1418_1419_1420_1421_1422_1423_1424_1425_1426_1427_1428_1429_1430_1431_1432_1433_1434_1435_1436_1437_1438_1439_1440_1441_1442_1443_1444_1445_1446_1447_1448_1449_1450_1451_1452_1453_1454_1455_1456_1457_1458_1459_1460_1461_1462_1463_1464_1465_1466_1467_1468_1469_1470_1471_1472_1473_1474_1475_1476_1477_1478_1479_1480_1481_1482_1483_1484_1485_1486_1487_1488_1489_1490_1491_1492_1493_1494_1495_1496_1497_1498_1499_1500_1501_1502_1503_1504_1505_1506_1507_1508_1509_1510_1511_1512_1513_1514_1515_1516_1517_1518_1519_1520_1521_1522_1523_1524_1525_1526_1527_1528_1529_1530_1531_1532_1533_1534_1535_1536_1537_1538_1539_1540_1541_1542_1543_1544_1545_1546_1547_1548_1549_1550_1551_1552_1553_1554_1555_1556_1557_1558_1559_1560_1561_1562_1563_1564_1565_1566_1567_1568_1569_1570_1571_1572_1573_1574_1575_1576_1577_1578_1579_1580_1581_1582_1583_1584_1585_1586_1587_1588_1589_1590_1591_1592_1593_1594_1595_1596_1597_1598_1599_1600_1601_1602_1603_1604_1605_1606_1607_1608_1609_1610_1611_1612_1613_1614_1615_1616_1617_1618_1619_1620_1621_1622_1623_1624_1625_1626_1627_1628_1629_1630_1631_1632_1633_1634_1635_1636_1637_1638_1639_1640_1641_1642_1643_1644_1645_1646_1647_1648_1649_1650_1651_1652_1653_1654_1655_1656_1657_1658_1659_1660_1661_1662_1663_1664_1665_1666_1667_1668_1669_1670_1671_1672_1673_1674_1675_1676_1677_1678_1679_1680_1681_1682_1683_1684_1685_1686_1687_1688_1689_1690_1691_1692_1693_1694_1695_1696_1697_1698_1699_1700_1701_1702_1703_1704_1705_1706_1707_1708_1709_1710_1711_1712_1713_1714_1715_1716_1717_1718_1719_1720_1721_1722_1723_1724_1725_1726_1727_1728_1729_1730_1731_1732_1733_1734_1735_1736_1737_1738_1739_1740_1741_1742_1743_1744_1745_1746_1747_1748_1749_1750_1751_1752_1753_1754_1755_1756_1757_1758_1759_1760_1761_1762_1763_1764_1765_1766_1767_1768_1769_1770_1771_1772_1773_1774_1775_,128:{655;196;197;124;654;}130:{128;653;127;}145:{605;133;131;132;130;129;651;652;}150:{585;149;584;152;604;603;}159:{157;155;596;154;575;586;150;576;151;}162:{161;588;160;589;159;590;439;164;}166:{167;573;168;574;579;344;}167:{170;}170:{171;343;340;172;339;}172:{173;174;219;218;203;217;175;}176:{215;178;}196:{198;210;211;199;212;}210:{214;}219:{176;216;177;}225:{213;1184;1079;1078;}231:{253;252;323;254;251;325;250;}237:{235;234;330;233;232;231;246;322;244;}243:{242;502;241;240;329;491;535;239;680;480;328;669;238;333;}261:{257;259;260;262;268;270;271;279;848;}267:{226;266;227;265;228;264;288;289;290;229;261;}281:{849;283;847;850;853;284;278;852;272;285;851;}286:{287;273;274;277;276;308;275;}288:{282;281;}295:{296;297;307;298;299;}299:{300;306;301;}308:{309;294;310;293;}310:{311;312;314;}314:{315;316;}316:{317;318;698;1196;699;697;1197;319;700;320;}323:{248;249;245;295;}328:{327;332;326;331;230;255;}332:{256;263;}339:{751;338;750;337;341;749;334;}341:{342;220;222;221;223;292;267;}349:{352;348;351;346;356;165;166;345;355;}364:{365;366;363;367;362;375;368;374;361;370;360;}376:{373;384;372;387;}384:{378;567;379;383;381;594;568;359;382;593;371;595;385;592;357;353;386;}392:{389;394;432;433;431;388;444;434;430;443;429;442;}399:{565;377;392;376;390;393;395;566;}404:{401;397;400;409;399;398;396;364;}429:{428;427;426;}434:{436;437;438;}438:{156;}447:{435;180;191;236;169;202;225;}451:{450;449;448;445;}453:{452;564;563;}455:{454;453;}457:{456;455;460;461;}480:{646;469;635;458;657;624;447;237;}486:{484;483;508;509;481;}488:{487;489;506;490;486;507;492;485;493;457;498;497;499;459;}497:{496;495;494;500;488;501;}501:{530;503;529;504;528;505;}505:{422;519;421;420;419;}509:{510;511;482;512;}512:{514;515;516;517;}515:{518;}530:{451;}531:{876;875;}554:{555;533;532;556;534;531;559;536;537;}559:{560;406;407;405;408;404;403;}564:{562;561;554;}579:{578;599;598;}584:{583;597;148;600;582;581;601;146;577;650;}594:{571;570;572;163;587;441;350;162;349;354;440;}596:{153;}598:{137;142;138;207;141;206;208;143;139;140;205;209;}601:{649;606;135;144;134;145;}649:{607;}653:{200;}692:{690;1260;1259;1258;1261;1257;1262;1763;1761;}696:{693;692;}735:{724;757;524;243;768;513;}743:{742;744;745;747;735;746;}747:{748;}829:{831;832;}845:{844;1076;1075;}847:{286;}855:{829;830;}869:{743;}870:{869;868;813;867;802;741;752;753;846;857;865;824;754;835;864;791;}873:{870;}875:{874;878;873;879;872;880;871;}1058:{1057;1120;}1123:{1139;1121;1161;1138;1160;1087;1137;1089;1127;1159;1090;1056;1136;}1142:{1141;1143;1171;1173;1172;1170;1169;1492;1194;1491;}1148:{1150;1490;1487;1489;1151;1486;1485;1094;}1157:{1147;1148;1146;1149;1145;1152;1142;}1161:{1162;1158;1091;1157;1156;1092;}1163:{1168;1140;}1170:{1193;1192;1187;}1174:{1163;1131;1164;1132;1128;705;1165;1134;1185;1167;1135;}1178:{1176;1175;1181;1182;1130;1174;1183;1129;}1183:{1061;1060;1059;1125;1058;1124;1126;1062;1123;}1184:{305;841;304;1180;845;1179;842;1178;303;843;}1196:{1198;1200;321;1191;}1198:{1201;701;1202;1203;703;}1201:{1223;704;1220;1205;}1205:{1204;1206;1219;1218;1207;1217;1759;1216;1215;1240;1214;}1214:{1213;1208;696;1211;1212;1209;1224;695;1225;1239;694;1238;1226;}1226:{1227;1236;1237;1228;1235;1234;1229;1230;}1231:{1242;1243;}1234:{1232;1231;1241;1575;}1242:{1245;1246;1428;}1247:{1248;1249;1250;}1250:{1292;1291;1290;}1258:{1269;1268;1270;1267;}1267:{1265;1601;1264;1286;1773;1263;1285;1627;1766;1772;1284;1271;1626;}1271:{1272;1273;1283;1282;1256;1274;1281;1254;1275;}1272:{1280;1253;1602;}1276:{1251;}1280:{1279;1276;1278;1604;1603;1605;1606;1287;1252;}1297:{1303;1302;1301;}1307:{1305;1325;1324;}1318:{1320;1316;}1320:{1356;1354;1353;}1324:{1323;1326;1327;1329;1328;1318;1330;1317;1319;1331;}1327:{1337;1338;}1351:{1350;1349;}1353:{1352;1357;1351;1358;}1360:{1343;1342;1339;1363;1340;1364;}1363:{1365;1367;1368;}1365:{1369;}1380:{1374;1373;1375;1378;1376;}1383:{1380;1379;1390;}1385:{1383;1382;1403;1389;1418;1402;1381;1417;}1390:{1598;1372;1371;}1392:{1385;1587;1384;1387;1404;}1395:{1585;1393;1392;1586;1401;1391;1386;}1396:{1398;1395;1409;1394;1397;1400;}1422:{1396;1411;}1424:{1422;1420;}1428:{1427;1429;1426;1247;1580;}1431:{1433;1425;1434;1424;1435;1423;}1471:{1470;1494;1474;1473;1495;1469;1563;1468;1496;1562;}1476:{1471;}1478:{1479;1476;1480;1475;1481;1472;1482;}1486:{1484;1478;}1494:{1497;1561;1465;1498;1560;}1497:{1500;1501;1502;1505;1551;1504;}1504:{1503;1527;1528;1506;1526;1507;1508;1531;1523;}1517:{1516;1515;1544;1514;1545;1535;1550;}1522:{1511;1559;1517;1512;1541;1542;1513;}1531:{1525;1530;1524;1529;1520;1522;1519;1509;1518;}1536:{1537;1538;1539;1540;999;888;}1549:{1536;}1550:{1549;1533;1548;1547;1534;1546;}1556:{1552;1557;1558;}1560:{1556;1582;1581;1553;1467;}1565:{1568;1569;}1569:{1570;1571;1572;}1572:{1573;1574;1576;}1574:{1578;1579;}1578:{1430;1431;}1581:{1446;1445;1564;1442;1447;1565;1441;1448;1567;1449;}1587:{1589;1590;1591;1594;}1592:{1596;1597;1361;}1594:{1595;1592;1309;1308;1593;1341;1307;1335;1336;1306;1362;1334;}1597:{1360;1370;1359;}1600:{1293;1296;1297;}1606:{1607;1608;1609;}1609:{1611;1612;840;839;1600;1289;1294;838;1295;}1626:{1625;1624;1628;1623;1629;1622;1613;1693;1630;}1629:{1631;1633;}1631:{1634;1635;1636;}1635:{1637;1638;}1638:{1639;1640;1641;}1641:{1642;1644;1645;}1644:{1646;1650;1649;1651;1652;1653;1648;}1652:{1655;856;}1655:{855;854;}1690:{1689;1687;1686;}1693:{1692;1691;1620;1690;1619;},133_134_135_137_138_141_142_143_144_145_175_200_206_207_208_209_271_278_279_281_282_288_297_298_299_300_301_306_605_606_649_650_848_1059_1060_1175_1176_1183_,488-487*0_488-489*0_488-506*0_488-490*0_488-486*0_488-507*0_488-492*0_488-485*0_488-493*0_488-457*0_488-498*0_488-497*0_488-499*0_488-459*0_497-496*1_497-495*1_497-494*1_497-500*1_497-488*1_497-501*1_486-484*1_486-483*1_486-508*1_486-509*1_486-481*1_509-510*2_509-511*2_509-482*2_509-512*2_512-514*3_512-515*3_512-516*3_512-517*3_457-456*1_457-455*1_457-460*1_457-461*1_501-530*2_501-503*2_501-529*2_501-504*2_501-528*2_501-505*2_455-454*2_455-453*2_530-451*3_515-518*4_505-422*3_505-519*3_505-421*3_505-420*3_505-419*3_451-450*4_451-449*4_451-448*4_451-445*4_453-452*3_453-564*3_453-563*3_564-562*4_564-561*4_564-554*4_554-555*5_554-533*5_554-532*5_554-556*5_554-534*5_554-531*5_554-559*5_554-536*5_554-537*5_531-876*6_531-875*6_559-560*6_559-406*6_559-407*6_559-405*6_559-408*6_559-404*6_559-403*6_404-401*7_404-397*7_404-400*7_404-409*7_404-399*7_404-398*7_404-396*7_404-364*7_399-565*8_399-377*8_399-392*8_399-376*8_399-390*8_399-393*8_399-395*8_399-566*8_875-874*7_875-878*7_875-873*7_875-879*7_875-872*7_875-880*7_875-871*7_364-365*8_364-366*8_364-363*8_364-367*8_364-362*8_364-375*8_364-368*8_364-374*8_364-361*8_364-370*8_364-360*8_392-389*9_392-394*9_392-432*9_392-433*9_392-431*9_392-388*9_392-444*9_392-434*9_392-430*9_392-443*9_392-429*9_392-442*9_376-373*9_376-384*9_376-372*9_376-387*9_384-378*10_384-567*10_384-379*10_384-383*10_384-381*10_384-594*10_384-568*10_384-359*10_384-382*10_384-593*10_384-371*10_384-595*10_384-385*10_384-592*10_384-357*10_384-353*10_384-386*10_594-571*11_594-570*11_594-572*11_594-163*11_594-587*11_594-441*11_594-350*11_594-162*11_594-349*11_594-354*11_594-440*11_873-870*8_429-428*10_429-427*10_429-426*10_349-352*12_349-348*12_349-351*12_349-346*12_349-356*12_349-165*12_349-166*12_349-345*12_349-355*12_162-161*12_162-588*12_162-160*12_162-589*12_162-159*12_162-590*12_162-439*12_162-164*12_434-436*10_434-437*10_434-438*10_438-156*11_159-157*13_159-155*13_159-596*13_159-154*13_159-575*13_159-586*13_159-150*13_159-576*13_159-151*13_166-167*13_166-573*13_166-168*13_166-574*13_166-579*13_166-344*13_167-170*14_150-585*14_150-149*14_150-584*14_150-152*14_150-604*14_150-603*14_584-583*15_584-597*15_584-148*15_584-600*15_584-582*15_584-581*15_584-601*15_584-146*15_584-577*15_584-650*15_596-153*14_579-578*14_579-599*14_579-598*14_870-869*9_870-868*9_870-813*9_870-867*9_870-802*9_870-741*9_870-752*9_870-753*9_870-846*9_870-857*9_870-865*9_870-824*9_870-754*9_870-835*9_870-864*9_870-791*9_601-649*16_601-606*16_601-135*16_601-144*16_601-134*16_601-145*16_869-743*10_598-137*15_598-142*15_598-138*15_598-207*15_598-141*15_598-206*15_598-208*15_598-143*15_598-139*15_598-140*15_598-205*15_598-209*15_145-605*17_145-133*17_145-131*17_145-132*17_145-130*17_145-129*17_145-651*17_145-652*17_130-128*18_130-653*18_130-127*18_170-171*15_170-343*15_170-340*15_170-172*15_170-339*15_743-742*11_743-744*11_743-745*11_743-747*11_743-735*11_743-746*11_735-724*12_735-757*12_735-524*12_735-243*12_735-768*12_735-513*12_128-655*19_128-196*19_128-197*19_128-124*19_128-654*19_649-607*17_196-198*20_196-210*20_196-211*20_196-199*20_196-212*20_172-173*16_172-174*16_172-219*16_172-218*16_172-203*16_172-217*16_172-175*16_243-242*13_243-502*13_243-241*13_243-240*13_243-329*13_243-491*13_243-535*13_243-239*13_243-680*13_243-480*13_243-328*13_243-669*13_243-238*13_243-333*13_219-176*17_219-216*17_219-177*17_339-751*16_339-338*16_339-750*16_339-337*16_339-341*16_339-749*16_339-334*16_480-646*14_480-469*14_480-635*14_480-458*14_480-657*14_480-624*14_480-447*14_480-237*14_341-342*17_341-220*17_341-222*17_341-221*17_341-223*17_341-292*17_341-267*17_237-235*15_237-234*15_237-330*15_237-233*15_237-232*15_237-231*15_237-246*15_237-322*15_237-244*15_267-226*18_267-266*18_267-227*18_267-265*18_267-228*18_267-264*18_267-288*18_267-289*18_267-290*18_267-229*18_267-261*18_328-327*14_328-332*14_328-326*14_328-331*14_328-230*14_328-255*14_653-200*19_288-282*19_288-281*19_231-253*16_231-252*16_231-323*16_231-254*16_231-251*16_231-325*16_231-250*16_323-248*17_323-249*17_323-245*17_323-295*17_295-296*18_295-297*18_295-307*18_295-298*18_295-299*18_747-748*12_447-435*15_447-180*15_447-191*15_447-236*15_447-169*15_447-202*15_447-225*15_225-213*16_225-1184*16_225-1079*16_225-1078*16_1184-305*17_1184-841*17_1184-304*17_1184-1180*17_1184-845*17_1184-1179*17_1184-842*17_1184-1178*17_1184-303*17_1184-843*17_332-256*15_332-263*15_261-257*19_261-259*19_261-260*19_261-262*19_261-268*19_261-270*19_261-271*19_261-279*19_261-848*19_281-849*20_281-283*20_281-847*20_281-850*20_281-853*20_281-284*20_281-278*20_281-852*20_281-272*20_281-285*20_281-851*20_847-286*21_210-214*21_176-215*18_176-178*18_299-300*19_299-306*19_299-301*19_1178-1176*18_1178-1175*18_1178-1181*18_1178-1182*18_1178-1130*18_1178-1174*18_1178-1183*18_1178-1129*18_1174-1163*19_1174-1131*19_1174-1164*19_1174-1132*19_1174-1128*19_1174-705*19_1174-1165*19_1174-1134*19_1174-1185*19_1174-1167*19_1174-1135*19_286-287*22_286-273*22_286-274*22_286-277*22_286-276*22_286-308*22_286-275*22_1183-1061*19_1183-1060*19_1183-1059*19_1183-1125*19_1183-1058*19_1183-1124*19_1183-1126*19_1183-1062*19_1183-1123*19_845-844*18_845-1076*18_845-1075*18_1058-1057*20_1058-1120*20_1163-1168*20_1163-1140*20_308-309*23_308-294*23_308-310*23_308-293*23_1123-1139*20_1123-1121*20_1123-1161*20_1123-1138*20_1123-1160*20_1123-1087*20_1123-1137*20_1123-1089*20_1123-1127*20_1123-1159*20_1123-1090*20_1123-1056*20_1123-1136*20_1161-1162*21_1161-1158*21_1161-1091*21_1161-1157*21_1161-1156*21_1161-1092*21_1157-1147*22_1157-1148*22_1157-1146*22_1157-1149*22_1157-1145*22_1157-1152*22_1157-1142*22_1142-1141*23_1142-1143*23_1142-1171*23_1142-1173*23_1142-1172*23_1142-1170*23_1142-1169*23_1142-1492*23_1142-1194*23_1142-1491*23_1148-1150*23_1148-1490*23_1148-1487*23_1148-1489*23_1148-1151*23_1148-1486*23_1148-1485*23_1148-1094*23_1486-1484*24_1486-1478*24_1478-1479*25_1478-1476*25_1478-1480*25_1478-1475*25_1478-1481*25_1478-1472*25_1478-1482*25_310-311*24_310-312*24_310-314*24_1476-1471*26_314-315*25_314-316*25_1170-1193*24_1170-1192*24_1170-1187*24_316-317*26_316-318*26_316-698*26_316-1196*26_316-699*26_316-697*26_316-1197*26_316-319*26_316-700*26_316-320*26_1196-1198*27_1196-1200*27_1196-321*27_1196-1191*27_1198-1201*28_1198-701*28_1198-1202*28_1198-1203*28_1198-703*28_1471-1470*27_1471-1494*27_1471-1474*27_1471-1473*27_1471-1495*27_1471-1469*27_1471-1563*27_1471-1468*27_1471-1496*27_1471-1562*27_1494-1497*28_1494-1561*28_1494-1465*28_1494-1498*28_1494-1560*28_1201-1223*29_1201-704*29_1201-1220*29_1201-1205*29_1497-1500*29_1497-1501*29_1497-1502*29_1497-1505*29_1497-1551*29_1497-1504*29_1205-1204*30_1205-1206*30_1205-1219*30_1205-1218*30_1205-1207*30_1205-1217*30_1205-1759*30_1205-1216*30_1205-1215*30_1205-1240*30_1205-1214*30_1504-1503*30_1504-1527*30_1504-1528*30_1504-1506*30_1504-1526*30_1504-1507*30_1504-1508*30_1504-1531*30_1504-1523*30_1214-1213*31_1214-1208*31_1214-696*31_1214-1211*31_1214-1212*31_1214-1209*31_1214-1224*31_1214-695*31_1214-1225*31_1214-1239*31_1214-694*31_1214-1238*31_1214-1226*31_696-693*32_696-692*32_1531-1525*31_1531-1530*31_1531-1524*31_1531-1529*31_1531-1520*31_1531-1522*31_1531-1519*31_1531-1509*31_1531-1518*31_1560-1556*29_1560-1582*29_1560-1581*29_1560-1553*29_1560-1467*29_1556-1552*30_1556-1557*30_1556-1558*30_1522-1511*32_1522-1559*32_1522-1517*32_1522-1512*32_1522-1541*32_1522-1542*32_1522-1513*32_1226-1227*32_1226-1236*32_1226-1237*32_1226-1228*32_1226-1235*32_1226-1234*32_1226-1229*32_1226-1230*32_1517-1516*33_1517-1515*33_1517-1544*33_1517-1514*33_1517-1545*33_1517-1535*33_1517-1550*33_1234-1232*33_1234-1231*33_1234-1241*33_1234-1575*33_1231-1242*34_1231-1243*34_1550-1549*34_1550-1533*34_1550-1548*34_1550-1547*34_1550-1534*34_1550-1546*34_1581-1446*30_1581-1445*30_1581-1564*30_1581-1442*30_1581-1447*30_1581-1565*30_1581-1441*30_1581-1448*30_1581-1567*30_1581-1449*30_1242-1245*35_1242-1246*35_1242-1428*35_692-690*33_692-1260*33_692-1259*33_692-1258*33_692-1261*33_692-1257*33_692-1262*33_692-1763*33_692-1761*33_1549-1536*35_1258-1269*34_1258-1268*34_1258-1270*34_1258-1267*34_1565-1568*31_1565-1569*31_1569-1570*32_1569-1571*32_1569-1572*32_1267-1265*35_1267-1601*35_1267-1264*35_1267-1286*35_1267-1773*35_1267-1263*35_1267-1285*35_1267-1627*35_1267-1766*35_1267-1772*35_1267-1284*35_1267-1271*35_1267-1626*35_1428-1427*36_1428-1429*36_1428-1426*36_1428-1247*36_1428-1580*36_1271-1272*36_1271-1273*36_1271-1283*36_1271-1282*36_1271-1256*36_1271-1274*36_1271-1281*36_1271-1254*36_1271-1275*36_1272-1280*37_1272-1253*37_1272-1602*37_1626-1625*36_1626-1624*36_1626-1628*36_1626-1623*36_1626-1629*36_1626-1622*36_1626-1613*36_1626-1693*36_1626-1630*36_1280-1279*38_1280-1276*38_1280-1278*38_1280-1604*38_1280-1603*38_1280-1605*38_1280-1606*38_1280-1287*38_1280-1252*38_1572-1573*33_1572-1574*33_1572-1576*33_1606-1607*39_1606-1608*39_1606-1609*39_1247-1248*37_1247-1249*37_1247-1250*37_1629-1631*37_1629-1633*37_1536-1537*36_1536-1538*36_1536-1539*36_1536-1540*36_1536-999*36_1536-888*36_1631-1634*38_1631-1635*38_1631-1636*38_1250-1292*38_1250-1291*38_1250-1290*38_1693-1692*37_1693-1691*37_1693-1620*37_1693-1690*37_1693-1619*37_1609-1611*40_1609-1612*40_1609-840*40_1609-839*40_1609-1600*40_1609-1289*40_1609-1294*40_1609-838*40_1609-1295*40_1600-1293*41_1600-1296*41_1600-1297*41_1574-1578*34_1574-1579*34_1276-1251*39_1635-1637*39_1635-1638*39_1690-1689*38_1690-1687*38_1690-1686*38_1578-1430*35_1578-1431*35_1297-1303*42_1297-1302*42_1297-1301*42_1638-1639*40_1638-1640*40_1638-1641*40_1641-1642*41_1641-1644*41_1641-1645*41_1431-1433*36_1431-1425*36_1431-1434*36_1431-1424*36_1431-1435*36_1431-1423*36_1644-1646*42_1644-1650*42_1644-1649*42_1644-1651*42_1644-1652*42_1644-1653*42_1644-1648*42_1424-1422*37_1424-1420*37_1652-1655*43_1652-856*43_1422-1396*38_1422-1411*38_1655-855*44_1655-854*44_855-829*45_855-830*45_1396-1398*39_1396-1395*39_1396-1409*39_1396-1394*39_1396-1397*39_1396-1400*39_1395-1585*40_1395-1393*40_1395-1392*40_1395-1586*40_1395-1401*40_1395-1391*40_1395-1386*40_1392-1385*41_1392-1587*41_1392-1384*41_1392-1387*41_1392-1404*41_1385-1383*42_1385-1382*42_1385-1403*42_1385-1389*42_1385-1418*42_1385-1402*42_1385-1381*42_1385-1417*42_1383-1380*43_1383-1379*43_1383-1390*43_829-831*46_829-832*46_1587-1589*42_1587-1590*42_1587-1591*42_1587-1594*42_1380-1374*44_1380-1373*44_1380-1375*44_1380-1378*44_1380-1376*44_1594-1595*43_1594-1592*43_1594-1309*43_1594-1308*43_1594-1593*43_1594-1341*43_1594-1307*43_1594-1335*43_1594-1336*43_1594-1306*43_1594-1362*43_1594-1334*43_1592-1596*44_1592-1597*44_1592-1361*44_1307-1305*44_1307-1325*44_1307-1324*44_1324-1323*45_1324-1326*45_1324-1327*45_1324-1329*45_1324-1328*45_1324-1318*45_1324-1330*45_1324-1317*45_1324-1319*45_1324-1331*45_1390-1598*44_1390-1372*44_1390-1371*44_1327-1337*46_1327-1338*46_1597-1360*45_1597-1370*45_1597-1359*45_1360-1343*46_1360-1342*46_1360-1339*46_1360-1363*46_1360-1340*46_1360-1364*46_1363-1365*47_1363-1367*47_1363-1368*47_1365-1369*48_1318-1320*46_1318-1316*46_1320-1356*47_1320-1354*47_1320-1353*47_1353-1352*48_1353-1357*48_1353-1351*48_1353-1358*48_1351-1350*49_1351-1349*49_
