"id","Scenario","Actual Range","Protocol","Buildings","Total nodes","Nodes on circ","Total coverage","Coverage on circ","Alert received mean time","Hops","Slots","Messages sent","Messages received", "Starting x", "Starting y","Starting node", "Vehicle distance", "Received node ids", "Node ids", "Transmission map", "Received on circ nodes", "Transmission vector"
0,1,300,500,0,600,3,600,3,3.62232e+06,72,3068,344,600,0,100,0,25,1_2_3_4_5_6_7_8_9_10_11_0_12_13_14_15_16_17_18_19_20_21_22_23_24_25_26_27_28_29_30_31_32_33_34_35_36_37_38_39_40_41_42_43_44_45_46_47_48_49_50_51_52_53_54_55_56_57_58_59_61_60_62_63_64_65_66_67_68_69_70_71_72_73_74_75_76_77_78_79_80_81_82_83_84_85_86_87_88_89_90_91_92_93_94_95_96_97_98_99_100_101_102_103_104_105_106_107_108_109_110_111_112_113_114_115_116_117_118_119_120_121_122_123_124_125_126_127_128_129_130_131_132_133_134_135_136_137_138_139_140_141_142_143_144_145_146_147_148_149_150_151_152_153_154_155_156_157_158_159_160_161_162_163_164_165_166_167_168_169_170_171_172_173_174_175_176_177_178_179_180_181_182_183_184_185_186_187_188_189_190_191_192_193_194_195_196_197_198_199_200_201_202_203_204_205_206_207_208_209_210_211_212_213_214_215_216_217_218_219_220_221_222_223_224_225_226_227_228_229_230_232_231_233_234_235_236_237_238_239_240_241_242_243_244_245_246_247_248_249_250_251_252_253_254_255_256_257_258_259_260_261_262_263_264_265_266_267_268_269_270_271_272_273_274_275_276_277_278_279_280_281_282_283_284_285_286_287_288_289_290_291_292_293_294_295_296_297_298_299_300_301_302_303_304_305_306_307_308_309_310_311_312_313_314_315_316_317_318_319_320_321_322_323_324_325_326_327_328_329_330_331_332_333_334_335_336_337_338_339_340_341_342_343_344_345_346_347_348_349_350_351_352_353_354_355_356_357_358_359_360_361_362_363_364_365_366_367_368_369_370_371_372_373_374_375_376_377_378_379_380_381_382_383_384_385_386_387_388_389_390_391_392_393_394_395_396_397_398_399_400_401_402_403_404_405_406_407_408_409_410_411_412_413_414_415_416_417_418_419_420_421_422_423_424_425_426_427_428_429_430_431_432_433_434_435_436_437_438_439_440_441_442_443_444_445_446_447_448_449_450_451_452_453_454_455_456_457_458_459_460_461_462_463_464_465_466_467_468_469_470_471_472_473_474_475_476_477_478_479_480_481_482_483_484_485_486_487_488_489_490_491_492_493_494_495_496_497_498_499_500_501_502_503_504_505_506_507_508_509_510_511_512_513_514_515_516_517_518_519_520_521_522_523_524_525_526_527_528_529_530_531_532_533_534_535_536_537_538_539_540_541_542_543_544_545_546_547_548_549_550_551_552_553_554_555_556_557_558_559_560_561_562_563_564_565_566_567_568_569_570_571_572_573_574_575_576_577_578_579_580_581_582_583_584_585_586_587_589_588_590_591_592_593_594_595_596_597_598_599_,0_1_2_3_4_5_6_7_8_9_10_11_12_13_14_15_16_17_18_19_20_21_22_23_24_25_26_27_28_29_30_31_32_33_34_35_36_37_38_39_40_41_42_43_44_45_46_47_48_49_50_51_52_53_54_55_56_57_58_59_60_61_62_63_64_65_66_67_68_69_70_71_72_73_74_75_76_77_78_79_80_81_82_83_84_85_86_87_88_89_90_91_92_93_94_95_96_97_98_99_100_101_102_103_104_105_106_107_108_109_110_111_112_113_114_115_116_117_118_119_120_121_122_123_124_125_126_127_128_129_130_131_132_133_134_135_136_137_138_139_140_141_142_143_144_145_146_147_148_149_150_151_152_153_154_155_156_157_158_159_160_161_162_163_164_165_166_167_168_169_170_171_172_173_174_175_176_177_178_179_180_181_182_183_184_185_186_187_188_189_190_191_192_193_194_195_196_197_198_199_200_201_202_203_204_205_206_207_208_209_210_211_212_213_214_215_216_217_218_219_220_221_222_223_224_225_226_227_228_229_230_231_232_233_234_235_236_237_238_239_240_241_242_243_244_245_246_247_248_249_250_251_252_253_254_255_256_257_258_259_260_261_262_263_264_265_266_267_268_269_270_271_272_273_274_275_276_277_278_279_280_281_282_283_284_285_286_287_288_289_290_291_292_293_294_295_296_297_298_299_300_301_302_303_304_305_306_307_308_309_310_311_312_313_314_315_316_317_318_319_320_321_322_323_324_325_326_327_328_329_330_331_332_333_334_335_336_337_338_339_340_341_342_343_344_345_346_347_348_349_350_351_352_353_354_355_356_357_358_359_360_361_362_363_364_365_366_367_368_369_370_371_372_373_374_375_376_377_378_379_380_381_382_383_384_385_386_387_388_389_390_391_392_393_394_395_396_397_398_399_400_401_402_403_404_405_406_407_408_409_410_411_412_413_414_415_416_417_418_419_420_421_422_423_424_425_426_427_428_429_430_431_432_433_434_435_436_437_438_439_440_441_442_443_444_445_446_447_448_449_450_451_452_453_454_455_456_457_458_459_460_461_462_463_464_465_466_467_468_469_470_471_472_473_474_475_476_477_478_479_480_481_482_483_484_485_486_487_488_489_490_491_492_493_494_495_496_497_498_499_500_501_502_503_504_505_506_507_508_509_510_511_512_513_514_515_516_517_518_519_520_521_522_523_524_525_526_527_528_529_530_531_532_533_534_535_536_537_538_539_540_541_542_543_544_545_546_547_548_549_550_551_552_553_554_555_556_557_558_559_560_561_562_563_564_565_566_567_568_569_570_571_572_573_574_575_576_577_578_579_580_581_582_583_584_585_586_587_588_589_590_591_592_593_594_595_596_597_598_599_,0:{1;2;3;4;5;6;7;8;9;10;11;}1:{0;12;13;}7:{14;15;16;17;18;}9:{19;20;}15:{21;22;23;24;25;26;}23:{27;28;29;30;31;32;33;34;35;}27:{36;37;38;}31:{39;40;41;42;}33:{43;44;45;}41:{46;47;48;49;50;51;52;53;}49:{54;55;56;57;58;59;61;}51:{60;62;}59:{63;64;65;66;67;68;69;70;}60:{71;72;}66:{73;74;75;76;77;78;}71:{79;80;81;82;}74:{83;84;85;86;}77:{87;88;89;}82:{90;91;92;93;94;}89:{95;96;97;98;99;100;}91:{101;102;}92:{103;}102:{104;105;106;107;108;109;110;111;112;113;}109:{114;115;116;117;118;119;120;121;}113:{122;123;124;}117:{125;126;127;128;}122:{129;130;131;132;133;}123:{134;}132:{135;136;137;138;139;140;141;142;143;144;}140:{145;146;147;148;149;150;151;152;}143:{153;154;155;}153:{156;157;158;159;160;161;162;163;164;165;}156:{166;167;168;}161:{169;170;171;172;}166:{173;174;175;176;177;}171:{178;179;180;181;182;183;}177:{184;185;186;187;188;189;}181:{190;191;192;}187:{193;194;195;196;197;198;}190:{199;200;201;202;}196:{203;204;205;206;207;208;}201:{209;210;211;212;}209:{213;214;215;216;217;218;219;220;}220:{221;222;223;224;225;226;227;228;229;230;232;}229:{231;233;234;235;236;237;238;239;240;241;}237:{242;243;244;245;246;247;248;}240:{249;250;251;}246:{252;253;254;255;256;257;}254:{258;259;260;261;262;263;264;265;}258:{266;267;268;269;}264:{270;271;272;273;274;275;276;}268:{277;278;279;280;}272:{281;282;283;}279:{284;285;286;287;288;289;290;}290:{291;292;293;294;295;296;297;298;299;300;301;}294:{302;303;304;305;306;}306:{307;308;309;310;311;312;313;314;315;316;317;}315:{318;319;320;321;322;323;324;325;326;}325:{327;328;329;330;331;332;333;334;335;336;}326:{337;}332:{338;339;340;341;342;343;}336:{344;345;346;347;}341:{348;349;350;351;352;}347:{353;354;355;356;357;358;359;}350:{360;361;}352:{362;363;}355:{364;365;366;}358:{368;369;370;}360:{371;372;}362:{367;}371:{373;374;375;376;377;378;379;380;381;382;}378:{383;384;385;386;387;388;389;390;}381:{391;392;}383:{393;394;}392:{395;396;397;398;399;400;401;402;403;404;}402:{405;406;407;408;409;410;411;412;413;414;}406:{415;416;417;418;}409:{419;420;}414:{421;422;423;424;425;426;}423:{427;428;429;430;431;432;433;434;435;}426:{436;437;}434:{438;439;440;441;442;443;444;445;}436:{446;447;}437:{448;449;}438:{450;}450:{451;452;453;454;455;456;457;458;459;460;461;462;}453:{463;464;}455:{465;466;467;}467:{468;469;470;471;472;473;474;475;476;477;478;479;}471:{480;481;482;}476:{483;484;485;486;487;}484:{488;489;490;491;492;493;494;495;}489:{496;497;498;499;500;501;}501:{502;503;504;505;506;507;508;509;510;511;512;}503:{513;514;}514:{515;516;517;518;519;520;521;522;523;524;525;}521:{526;527;528;529;530;531;532;}523:{533;534;}529:{535;536;537;538;539;540;541;}539:{542;543;544;545;546;547;548;549;550;551;}551:{552;553;554;555;556;557;558;559;560;561;562;}559:{563;564;565;566;567;568;569;570;}561:{571;}565:{572;573;574;575;}567:{576;577;578;}577:{579;580;581;582;583;584;585;586;587;589;}585:{588;590;591;592;593;594;595;596;597;}589:{598;599;},559_560_561_,0-1*0_0-2*0_0-3*0_0-4*0_0-5*0_0-6*0_0-7*0_0-8*0_0-9*0_0-10*0_0-11*0_1-0*1_1-12*1_1-13*1_7-14*1_7-15*1_7-16*1_7-17*1_7-18*1_9-19*1_9-20*1_15-21*2_15-22*2_15-23*2_15-24*2_15-25*2_15-26*2_23-27*3_23-28*3_23-29*3_23-30*3_23-31*3_23-32*3_23-33*3_23-34*3_23-35*3_27-36*4_27-37*4_27-38*4_31-39*6_31-40*6_31-41*6_31-42*6_33-43*6_33-44*6_33-45*6_41-46*7_41-47*7_41-48*7_41-49*7_41-50*7_41-51*7_41-52*7_41-53*7_49-54*8_49-55*8_49-56*8_49-57*8_49-58*8_49-59*8_49-61*8_51-60*8_51-62*8_59-63*9_59-64*9_59-65*9_59-66*9_59-67*9_59-68*9_59-69*9_59-70*9_60-71*10_60-72*10_66-73*11_66-74*11_66-75*11_66-76*11_66-77*11_66-78*11_71-79*11_71-80*11_71-81*11_71-82*11_74-83*12_74-84*12_74-85*12_74-86*12_77-87*12_77-88*12_77-89*12_82-90*12_82-91*12_82-92*12_82-93*12_82-94*12_89-95*14_89-96*14_89-97*14_89-98*14_89-99*14_89-100*14_91-101*13_91-102*13_92-103*13_102-104*14_102-105*14_102-106*14_102-107*14_102-108*14_102-109*14_102-110*14_102-111*14_102-112*14_102-113*14_109-114*16_109-115*16_109-116*16_109-117*16_109-118*16_109-119*16_109-120*16_109-121*16_113-122*15_113-123*15_113-124*15_117-125*17_117-126*17_117-127*17_117-128*17_122-129*18_122-130*18_122-131*18_122-132*18_122-133*18_123-134*19_132-135*19_132-136*19_132-137*19_132-138*19_132-139*19_132-140*19_132-141*19_132-142*19_132-143*19_132-144*19_140-145*21_140-146*21_140-147*21_140-148*21_140-149*21_140-150*21_140-151*21_140-152*21_143-153*20_143-154*20_143-155*20_153-156*21_153-157*21_153-158*21_153-159*21_153-160*21_153-161*21_153-162*21_153-163*21_153-164*21_153-165*21_156-166*22_156-167*22_156-168*22_161-169*23_161-170*23_161-171*23_161-172*23_166-173*23_166-174*23_166-175*23_166-176*23_166-177*23_171-178*24_171-179*24_171-180*24_171-181*24_171-182*24_171-183*24_177-184*24_177-185*24_177-186*24_177-187*24_177-188*24_177-189*24_181-190*25_181-191*25_181-192*25_187-193*25_187-194*25_187-195*25_187-196*25_187-197*25_187-198*25_190-199*26_190-200*26_190-201*26_190-202*26_196-203*26_196-204*26_196-205*26_196-206*26_196-207*26_196-208*26_201-209*28_201-210*28_201-211*28_201-212*28_209-213*29_209-214*29_209-215*29_209-216*29_209-217*29_209-218*29_209-219*29_209-220*29_220-221*30_220-222*30_220-223*30_220-224*30_220-225*30_220-226*30_220-227*30_220-228*30_220-229*30_220-230*30_220-232*30_229-231*31_229-233*31_229-234*31_229-235*31_229-236*31_229-237*31_229-238*31_229-239*31_229-240*31_229-241*31_237-242*32_237-243*32_237-244*32_237-245*32_237-246*32_237-247*32_237-248*32_240-249*32_240-250*32_240-251*32_246-252*33_246-253*33_246-254*33_246-255*33_246-256*33_246-257*33_254-258*34_254-259*34_254-260*34_254-261*34_254-262*34_254-263*34_254-264*34_254-265*34_258-266*35_258-267*35_258-268*35_258-269*35_264-270*35_264-271*35_264-272*35_264-273*35_264-274*35_264-275*35_264-276*35_268-277*36_268-278*36_268-279*36_268-280*36_272-281*36_272-282*36_272-283*36_279-284*37_279-285*37_279-286*37_279-287*37_279-288*37_279-289*37_279-290*37_290-291*38_290-292*38_290-293*38_290-294*38_290-295*38_290-296*38_290-297*38_290-298*38_290-299*38_290-300*38_290-301*38_294-302*39_294-303*39_294-304*39_294-305*39_294-306*39_306-307*40_306-308*40_306-309*40_306-310*40_306-311*40_306-312*40_306-313*40_306-314*40_306-315*40_306-316*40_306-317*40_315-318*41_315-319*41_315-320*41_315-321*41_315-322*41_315-323*41_315-324*41_315-325*41_315-326*41_325-327*42_325-328*42_325-329*42_325-330*42_325-331*42_325-332*42_325-333*42_325-334*42_325-335*42_325-336*42_326-337*42_332-338*43_332-339*43_332-340*43_332-341*43_332-342*43_332-343*43_336-344*43_336-345*43_336-346*43_336-347*43_341-348*44_341-349*44_341-350*44_341-351*44_341-352*44_347-353*44_347-354*44_347-355*44_347-356*44_347-357*44_347-358*44_347-359*44_350-360*46_350-361*46_352-362*45_352-363*45_355-364*46_355-365*46_355-366*46_362-367*47_358-368*47_358-369*47_358-370*47_360-371*47_360-372*47_371-373*48_371-374*48_371-375*48_371-376*48_371-377*48_371-378*48_371-379*48_371-380*48_371-381*48_371-382*48_378-383*49_378-384*49_378-385*49_378-386*49_378-387*49_378-388*49_378-389*49_378-390*49_381-391*49_381-392*49_383-393*50_383-394*50_392-395*51_392-396*51_392-397*51_392-398*51_392-399*51_392-400*51_392-401*51_392-402*51_392-403*51_392-404*51_402-405*52_402-406*52_402-407*52_402-408*52_402-409*52_402-410*52_402-411*52_402-412*52_402-413*52_402-414*52_406-415*53_406-416*53_406-417*53_406-418*53_409-419*54_409-420*54_414-421*53_414-422*53_414-423*53_414-424*53_414-425*53_414-426*53_423-427*55_423-428*55_423-429*55_423-430*55_423-431*55_423-432*55_423-433*55_423-434*55_423-435*55_426-436*54_426-437*54_434-438*56_434-439*56_434-440*56_434-441*56_434-442*56_434-443*56_434-444*56_434-445*56_436-446*55_436-447*55_437-448*55_437-449*55_438-450*57_450-451*58_450-452*58_450-453*58_450-454*58_450-455*58_450-456*58_450-457*58_450-458*58_450-459*58_450-460*58_450-461*58_450-462*58_453-463*59_453-464*59_455-465*59_455-466*59_455-467*59_467-468*60_467-469*60_467-470*60_467-471*60_467-472*60_467-473*60_467-474*60_467-475*60_467-476*60_467-477*60_467-478*60_467-479*60_471-480*61_471-481*61_471-482*61_476-483*62_476-484*62_476-485*62_476-486*62_476-487*62_484-488*63_484-489*63_484-490*63_484-491*63_484-492*63_484-493*63_484-494*63_484-495*63_489-496*64_489-497*64_489-498*64_489-499*64_489-500*64_489-501*64_501-502*65_501-503*65_501-504*65_501-505*65_501-506*65_501-507*65_501-508*65_501-509*65_501-510*65_501-511*65_501-512*65_503-513*66_503-514*66_514-515*67_514-516*67_514-517*67_514-518*67_514-519*67_514-520*67_514-521*67_514-522*67_514-523*67_514-524*67_514-525*67_521-526*68_521-527*68_521-528*68_521-529*68_521-530*68_521-531*68_521-532*68_523-533*68_523-534*68_529-535*69_529-536*69_529-537*69_529-538*69_529-539*69_529-540*69_529-541*69_539-542*70_539-543*70_539-544*70_539-545*70_539-546*70_539-547*70_539-548*70_539-549*70_539-550*70_539-551*70_551-552*71_551-553*71_551-554*71_551-555*71_551-556*71_551-557*71_551-558*71_551-559*71_551-560*71_551-561*71_551-562*71_559-563*72_559-564*72_559-565*72_559-566*72_559-567*72_559-568*72_559-569*72_559-570*72_561-571*73_565-572*74_565-573*74_565-574*74_565-575*74_567-576*73_567-577*73_567-578*73_577-579*74_577-580*74_577-581*74_577-582*74_577-583*74_577-584*74_577-585*74_577-586*74_577-587*74_577-589*74_585-588*75_585-590*75_585-591*75_585-592*75_585-593*75_585-594*75_585-595*75_585-596*75_585-597*75_589-598*75_589-599*75_
