"id","Scenario","Actual Range","Protocol","Buildings","Total nodes","Nodes on circ","Total coverage","Coverage on circ","Alert received mean time","Hops","Slots","Messages sent","Messages received", "Starting x", "Starting y","Starting node", "Vehicle distance", "Received node ids", "Node ids", "Transmission map", "Received on circ nodes", "Transmission vector"
0,1,500,0,0,600,3,600,3,875042,38,872,49,600,0,100,0,25,1_2_3_4_5_6_7_8_9_10_11_12_13_14_15_16_17_18_19_21_0_20_22_23_24_25_26_27_28_29_30_31_32_33_34_35_36_37_38_39_40_41_42_43_44_45_46_47_48_49_50_51_52_53_54_55_56_57_58_59_60_61_62_63_64_65_66_67_68_69_70_71_72_73_74_75_76_77_78_79_80_81_82_83_84_85_86_87_88_89_90_91_92_93_94_95_96_97_98_99_100_101_102_103_104_105_106_107_108_109_110_111_112_113_114_115_116_117_118_119_120_121_122_123_124_125_126_127_128_129_130_131_132_133_134_135_136_137_138_139_140_141_142_143_144_145_146_147_148_149_150_151_152_153_154_155_156_157_158_159_160_161_162_163_164_165_166_167_168_169_170_171_172_173_174_175_176_177_178_179_180_181_182_183_184_185_186_187_188_189_190_191_192_193_194_195_196_197_198_199_200_201_202_203_204_205_206_207_208_209_210_211_212_213_214_215_216_217_218_219_220_221_222_223_224_225_226_227_228_229_230_231_232_233_234_235_236_237_238_239_240_241_242_243_244_245_246_247_248_249_250_251_252_253_254_255_256_257_258_259_260_261_262_263_264_265_266_267_268_269_270_271_272_273_274_275_276_277_278_279_280_282_281_283_284_285_286_287_288_289_290_291_292_293_294_295_296_297_298_299_300_301_302_303_304_305_306_307_308_309_310_311_312_313_314_315_316_317_318_319_320_321_322_323_324_325_326_327_328_329_330_331_332_333_334_335_336_337_338_339_340_341_342_343_344_345_346_349_347_348_350_351_352_353_354_355_356_357_358_359_361_362_360_363_364_365_366_367_368_369_370_371_372_373_374_375_376_377_378_379_380_381_382_383_384_385_387_386_388_389_390_391_392_393_394_395_396_397_398_399_400_401_402_403_404_405_406_407_408_409_410_411_412_413_414_415_416_417_418_419_420_421_422_423_424_425_426_427_428_429_430_431_432_433_434_435_436_437_438_439_440_441_442_443_444_445_446_447_448_449_450_451_452_453_454_455_456_457_458_459_460_461_462_463_464_465_466_467_468_469_470_471_472_473_474_475_476_477_478_479_480_481_482_483_484_485_486_487_488_489_490_491_492_493_494_495_496_497_498_499_500_501_502_503_504_505_506_507_508_509_510_511_513_512_514_515_516_517_518_519_520_521_522_523_524_525_526_527_528_529_530_531_532_533_534_535_536_537_538_539_540_541_542_544_545_543_546_547_548_549_550_551_552_553_554_555_556_557_558_559_560_561_562_563_564_565_566_567_568_569_570_571_572_573_574_575_576_577_578_579_580_581_582_583_585_584_586_587_588_589_590_591_592_593_594_595_596_597_598_599_,0_1_2_3_4_5_6_7_8_9_10_11_12_13_14_15_16_17_18_19_20_21_22_23_24_25_26_27_28_29_30_31_32_33_34_35_36_37_38_39_40_41_42_43_44_45_46_47_48_49_50_51_52_53_54_55_56_57_58_59_60_61_62_63_64_65_66_67_68_69_70_71_72_73_74_75_76_77_78_79_80_81_82_83_84_85_86_87_88_89_90_91_92_93_94_95_96_97_98_99_100_101_102_103_104_105_106_107_108_109_110_111_112_113_114_115_116_117_118_119_120_121_122_123_124_125_126_127_128_129_130_131_132_133_134_135_136_137_138_139_140_141_142_143_144_145_146_147_148_149_150_151_152_153_154_155_156_157_158_159_160_161_162_163_164_165_166_167_168_169_170_171_172_173_174_175_176_177_178_179_180_181_182_183_184_185_186_187_188_189_190_191_192_193_194_195_196_197_198_199_200_201_202_203_204_205_206_207_208_209_210_211_212_213_214_215_216_217_218_219_220_221_222_223_224_225_226_227_228_229_230_231_232_233_234_235_236_237_238_239_240_241_242_243_244_245_246_247_248_249_250_251_252_253_254_255_256_257_258_259_260_261_262_263_264_265_266_267_268_269_270_271_272_273_274_275_276_277_278_279_280_281_282_283_284_285_286_287_288_289_290_291_292_293_294_295_296_297_298_299_300_301_302_303_304_305_306_307_308_309_310_311_312_313_314_315_316_317_318_319_320_321_322_323_324_325_326_327_328_329_330_331_332_333_334_335_336_337_338_339_340_341_342_343_344_345_346_347_348_349_350_351_352_353_354_355_356_357_358_359_360_361_362_363_364_365_366_367_368_369_370_371_372_373_374_375_376_377_378_379_380_381_382_383_384_385_386_387_388_389_390_391_392_393_394_395_396_397_398_399_400_401_402_403_404_405_406_407_408_409_410_411_412_413_414_415_416_417_418_419_420_421_422_423_424_425_426_427_428_429_430_431_432_433_434_435_436_437_438_439_440_441_442_443_444_445_446_447_448_449_450_451_452_453_454_455_456_457_458_459_460_461_462_463_464_465_466_467_468_469_470_471_472_473_474_475_476_477_478_479_480_481_482_483_484_485_486_487_488_489_490_491_492_493_494_495_496_497_498_499_500_501_502_503_504_505_506_507_508_509_510_511_512_513_514_515_516_517_518_519_520_521_522_523_524_525_526_527_528_529_530_531_532_533_534_535_536_537_538_539_540_541_542_543_544_545_546_547_548_549_550_551_552_553_554_555_556_557_558_559_560_561_562_563_564_565_566_567_568_569_570_571_572_573_574_575_576_577_578_579_580_581_582_583_584_585_586_587_588_589_590_591_592_593_594_595_596_597_598_599_,0:{1;2;3;4;5;6;7;8;9;10;11;12;13;14;15;16;17;18;19;21;}1:{0;20;}21:{22;23;24;25;26;27;28;29;30;31;32;33;34;35;36;37;38;39;40;}40:{41;42;43;44;45;46;47;48;49;50;51;52;53;54;55;56;57;58;}57:{59;60;61;62;63;64;65;66;67;68;69;70;71;72;73;74;75;76;77;}66:{78;79;80;81;82;83;84;85;}82:{86;87;88;89;90;91;92;93;94;95;96;97;98;99;100;}96:{101;102;103;104;105;106;107;108;109;110;111;112;113;114;115;116;}104:{117;118;119;120;121;122;123;}123:{124;125;126;127;128;129;130;131;132;133;134;135;136;137;138;139;140;141;142;143;}143:{144;145;146;147;148;149;150;151;152;153;154;155;156;157;158;159;160;161;162;}149:{163;164;165;166;167;}165:{168;169;170;171;172;173;174;175;176;177;178;179;180;181;182;183;184;}183:{185;186;187;188;189;190;191;192;193;194;195;196;197;198;199;200;201;202;}202:{203;204;205;206;207;208;209;210;211;212;213;214;215;216;217;218;219;220;}211:{221;222;223;224;225;226;227;228;229;230;}228:{231;232;233;234;235;236;237;238;239;240;241;242;243;244;245;246;}246:{247;248;249;250;251;252;253;254;255;256;257;258;259;260;261;262;263;264;265;}262:{266;267;268;269;270;271;272;273;274;275;276;277;278;279;280;282;}282:{281;283;284;285;286;287;288;289;290;291;292;293;294;295;296;297;298;299;300;301;}299:{302;303;304;305;306;307;308;309;310;311;312;313;314;315;316;317;318;319;}319:{320;321;322;323;324;325;326;327;328;329;330;331;332;333;334;335;336;337;338;}329:{339;340;341;342;343;344;345;346;349;}342:{347;348;350;351;352;353;354;355;356;357;358;359;361;362;}361:{360;363;364;365;366;367;368;369;370;371;372;373;374;375;376;377;378;379;380;381;}367:{382;383;384;385;387;}387:{386;388;389;390;391;392;393;394;395;396;397;398;399;400;401;402;403;404;405;406;407;}399:{408;409;410;411;412;413;414;415;416;417;418;}417:{419;420;421;422;423;424;425;426;427;428;429;430;431;432;433;434;435;436;}423:{437;438;439;440;441;}428:{442;443;444;445;446;}437:{447;448;449;450;451;452;453;454;455;456;}451:{457;458;459;460;461;462;463;464;465;466;467;468;469;470;471;}458:{472;473;474;475;476;}475:{477;478;479;480;481;482;483;484;485;486;487;488;489;490;491;492;493;494;}493:{495;496;497;498;499;500;501;502;503;504;505;506;507;508;509;510;511;513;}509:{512;514;515;516;517;518;519;520;521;522;523;524;525;526;527;528;529;}525:{530;531;532;533;534;535;536;537;538;539;540;541;542;544;545;}539:{543;546;547;548;549;550;551;552;553;554;555;556;557;558;}554:{559;560;561;562;563;564;565;566;567;568;569;570;571;572;573;}557:{574;575;576;}566:{577;578;579;580;581;582;583;585;}581:{584;586;587;588;589;590;591;592;593;594;595;596;597;598;}594:{599;},559_560_561_,0-1*0_0-2*0_0-3*0_0-4*0_0-5*0_0-6*0_0-7*0_0-8*0_0-9*0_0-10*0_0-11*0_0-12*0_0-13*0_0-14*0_0-15*0_0-16*0_0-17*0_0-18*0_0-19*0_0-21*0_1-0*1_1-20*1_21-22*1_21-23*1_21-24*1_21-25*1_21-26*1_21-27*1_21-28*1_21-29*1_21-30*1_21-31*1_21-32*1_21-33*1_21-34*1_21-35*1_21-36*1_21-37*1_21-38*1_21-39*1_21-40*1_40-41*2_40-42*2_40-43*2_40-44*2_40-45*2_40-46*2_40-47*2_40-48*2_40-49*2_40-50*2_40-51*2_40-52*2_40-53*2_40-54*2_40-55*2_40-56*2_40-57*2_40-58*2_57-59*3_57-60*3_57-61*3_57-62*3_57-63*3_57-64*3_57-65*3_57-66*3_57-67*3_57-68*3_57-69*3_57-70*3_57-71*3_57-72*3_57-73*3_57-74*3_57-75*3_57-76*3_57-77*3_66-78*4_66-79*4_66-80*4_66-81*4_66-82*4_66-83*4_66-84*4_66-85*4_82-86*5_82-87*5_82-88*5_82-89*5_82-90*5_82-91*5_82-92*5_82-93*5_82-94*5_82-95*5_82-96*5_82-97*5_82-98*5_82-99*5_82-100*5_96-101*6_96-102*6_96-103*6_96-104*6_96-105*6_96-106*6_96-107*6_96-108*6_96-109*6_96-110*6_96-111*6_96-112*6_96-113*6_96-114*6_96-115*6_96-116*6_104-117*7_104-118*7_104-119*7_104-120*7_104-121*7_104-122*7_104-123*7_123-124*8_123-125*8_123-126*8_123-127*8_123-128*8_123-129*8_123-130*8_123-131*8_123-132*8_123-133*8_123-134*8_123-135*8_123-136*8_123-137*8_123-138*8_123-139*8_123-140*8_123-141*8_123-142*8_123-143*8_143-144*9_143-145*9_143-146*9_143-147*9_143-148*9_143-149*9_143-150*9_143-151*9_143-152*9_143-153*9_143-154*9_143-155*9_143-156*9_143-157*9_143-158*9_143-159*9_143-160*9_143-161*9_143-162*9_149-163*10_149-164*10_149-165*10_149-166*10_149-167*10_165-168*11_165-169*11_165-170*11_165-171*11_165-172*11_165-173*11_165-174*11_165-175*11_165-176*11_165-177*11_165-178*11_165-179*11_165-180*11_165-181*11_165-182*11_165-183*11_165-184*11_183-185*12_183-186*12_183-187*12_183-188*12_183-189*12_183-190*12_183-191*12_183-192*12_183-193*12_183-194*12_183-195*12_183-196*12_183-197*12_183-198*12_183-199*12_183-200*12_183-201*12_183-202*12_202-203*13_202-204*13_202-205*13_202-206*13_202-207*13_202-208*13_202-209*13_202-210*13_202-211*13_202-212*13_202-213*13_202-214*13_202-215*13_202-216*13_202-217*13_202-218*13_202-219*13_202-220*13_211-221*14_211-222*14_211-223*14_211-224*14_211-225*14_211-226*14_211-227*14_211-228*14_211-229*14_211-230*14_228-231*15_228-232*15_228-233*15_228-234*15_228-235*15_228-236*15_228-237*15_228-238*15_228-239*15_228-240*15_228-241*15_228-242*15_228-243*15_228-244*15_228-245*15_228-246*15_246-247*16_246-248*16_246-249*16_246-250*16_246-251*16_246-252*16_246-253*16_246-254*16_246-255*16_246-256*16_246-257*16_246-258*16_246-259*16_246-260*16_246-261*16_246-262*16_246-263*16_246-264*16_246-265*16_262-266*17_262-267*17_262-268*17_262-269*17_262-270*17_262-271*17_262-272*17_262-273*17_262-274*17_262-275*17_262-276*17_262-277*17_262-278*17_262-279*17_262-280*17_262-282*17_282-281*18_282-283*18_282-284*18_282-285*18_282-286*18_282-287*18_282-288*18_282-289*18_282-290*18_282-291*18_282-292*18_282-293*18_282-294*18_282-295*18_282-296*18_282-297*18_282-298*18_282-299*18_282-300*18_282-301*18_299-302*19_299-303*19_299-304*19_299-305*19_299-306*19_299-307*19_299-308*19_299-309*19_299-310*19_299-311*19_299-312*19_299-313*19_299-314*19_299-315*19_299-316*19_299-317*19_299-318*19_299-319*19_319-320*20_319-321*20_319-322*20_319-323*20_319-324*20_319-325*20_319-326*20_319-327*20_319-328*20_319-329*20_319-330*20_319-331*20_319-332*20_319-333*20_319-334*20_319-335*20_319-336*20_319-337*20_319-338*20_329-339*21_329-340*21_329-341*21_329-342*21_329-343*21_329-344*21_329-345*21_329-346*21_329-349*21_342-347*22_342-348*22_342-350*22_342-351*22_342-352*22_342-353*22_342-354*22_342-355*22_342-356*22_342-357*22_342-358*22_342-359*22_342-361*22_342-362*22_361-360*23_361-363*23_361-364*23_361-365*23_361-366*23_361-367*23_361-368*23_361-369*23_361-370*23_361-371*23_361-372*23_361-373*23_361-374*23_361-375*23_361-376*23_361-377*23_361-378*23_361-379*23_361-380*23_361-381*23_367-382*24_367-383*24_367-384*24_367-385*24_367-387*24_387-386*25_387-388*25_387-389*25_387-390*25_387-391*25_387-392*25_387-393*25_387-394*25_387-395*25_387-396*25_387-397*25_387-398*25_387-399*25_387-400*25_387-401*25_387-402*25_387-403*25_387-404*25_387-405*25_387-406*25_387-407*25_399-408*26_399-409*26_399-410*26_399-411*26_399-412*26_399-413*26_399-414*26_399-415*26_399-416*26_399-417*26_399-418*26_417-419*27_417-420*27_417-421*27_417-422*27_417-423*27_417-424*27_417-425*27_417-426*27_417-427*27_417-428*27_417-429*27_417-430*27_417-431*27_417-432*27_417-433*27_417-434*27_417-435*27_417-436*27_423-437*28_423-438*28_423-439*28_423-440*28_423-441*28_428-442*28_428-443*28_428-444*28_428-445*28_428-446*28_437-447*29_437-448*29_437-449*29_437-450*29_437-451*29_437-452*29_437-453*29_437-454*29_437-455*29_437-456*29_451-457*30_451-458*30_451-459*30_451-460*30_451-461*30_451-462*30_451-463*30_451-464*30_451-465*30_451-466*30_451-467*30_451-468*30_451-469*30_451-470*30_451-471*30_458-472*31_458-473*31_458-474*31_458-475*31_458-476*31_475-477*32_475-478*32_475-479*32_475-480*32_475-481*32_475-482*32_475-483*32_475-484*32_475-485*32_475-486*32_475-487*32_475-488*32_475-489*32_475-490*32_475-491*32_475-492*32_475-493*32_475-494*32_493-495*33_493-496*33_493-497*33_493-498*33_493-499*33_493-500*33_493-501*33_493-502*33_493-503*33_493-504*33_493-505*33_493-506*33_493-507*33_493-508*33_493-509*33_493-510*33_493-511*33_493-513*33_509-512*34_509-514*34_509-515*34_509-516*34_509-517*34_509-518*34_509-519*34_509-520*34_509-521*34_509-522*34_509-523*34_509-524*34_509-525*34_509-526*34_509-527*34_509-528*34_509-529*34_525-530*35_525-531*35_525-532*35_525-533*35_525-534*35_525-535*35_525-536*35_525-537*35_525-538*35_525-539*35_525-540*35_525-541*35_525-542*35_525-544*35_525-545*35_539-543*36_539-546*36_539-547*36_539-548*36_539-549*36_539-550*36_539-551*36_539-552*36_539-553*36_539-554*36_539-555*36_539-556*36_539-557*36_539-558*36_554-559*37_554-560*37_554-561*37_554-562*37_554-563*37_554-564*37_554-565*37_554-566*37_554-567*37_554-568*37_554-569*37_554-570*37_554-571*37_554-572*37_554-573*37_557-574*37_557-575*37_557-576*37_566-577*38_566-578*38_566-579*38_566-580*38_566-581*38_566-582*38_566-583*38_566-585*38_581-584*39_581-586*39_581-587*39_581-588*39_581-589*39_581-590*39_581-591*39_581-592*39_581-593*39_581-594*39_581-595*39_581-596*39_581-597*39_581-598*39_594-599*40_
0,1,500,0,0,600,3,600,3,875042,38,872,49,600,0,100,0,25,1_2_3_4_5_6_7_8_9_10_11_12_13_14_15_16_17_18_19_21_0_20_22_23_24_25_26_27_28_29_30_31_32_33_34_35_36_37_38_39_40_41_42_43_44_45_46_47_48_49_50_51_52_53_54_55_56_57_58_59_60_61_62_63_64_65_66_67_68_69_70_71_72_73_74_75_76_77_78_79_80_81_82_83_84_85_86_87_88_89_90_91_92_93_94_95_96_97_98_99_100_101_102_103_104_105_106_107_108_109_110_111_112_113_114_115_116_117_118_119_120_121_122_123_124_125_126_127_128_129_130_131_132_133_134_135_136_137_138_139_140_141_142_143_144_145_146_147_148_149_150_151_152_153_154_155_156_157_158_159_160_161_162_163_164_165_166_167_168_169_170_171_172_173_174_175_176_177_178_179_180_181_182_183_184_185_186_187_188_189_190_191_192_193_194_195_196_197_198_199_200_201_202_203_204_205_206_207_208_209_210_211_212_213_214_215_216_217_218_219_220_221_222_223_224_225_226_227_228_229_230_231_232_233_234_235_236_237_238_239_240_241_242_243_244_245_246_247_248_249_250_251_252_253_254_255_256_257_258_259_260_261_262_263_264_265_266_267_268_269_270_271_272_273_274_275_276_277_278_279_280_282_281_283_284_285_286_287_288_289_290_291_292_293_294_295_296_297_298_299_300_301_302_303_304_305_306_307_308_309_310_311_312_313_314_315_316_317_318_319_320_321_322_323_324_325_326_327_328_329_330_331_332_333_334_335_336_337_338_339_340_341_342_343_344_345_346_349_347_348_350_351_352_353_354_355_356_357_358_359_361_362_360_363_364_365_366_367_368_369_370_371_372_373_374_375_376_377_378_379_380_381_382_383_384_385_387_386_388_389_390_391_392_393_394_395_396_397_398_399_400_401_402_403_404_405_406_407_408_409_410_411_412_413_414_415_416_417_418_419_420_421_422_423_424_425_426_427_428_429_430_431_432_433_434_435_436_437_438_439_440_441_442_443_444_445_446_447_448_449_450_451_452_453_454_455_456_457_458_459_460_461_462_463_464_465_466_467_468_469_470_471_472_473_474_475_476_477_478_479_480_481_482_483_484_485_486_487_488_489_490_491_492_493_494_495_496_497_498_499_500_501_502_503_504_505_506_507_508_509_510_511_513_512_514_515_516_517_518_519_520_521_522_523_524_525_526_527_528_529_530_531_532_533_534_535_536_537_538_539_540_541_542_544_545_543_546_547_548_549_550_551_552_553_554_555_556_557_558_559_560_561_562_563_564_565_566_567_568_569_570_571_572_573_574_575_576_577_578_579_580_581_582_583_585_584_586_587_588_589_590_591_592_593_594_595_596_597_598_599_,0_1_2_3_4_5_6_7_8_9_10_11_12_13_14_15_16_17_18_19_20_21_22_23_24_25_26_27_28_29_30_31_32_33_34_35_36_37_38_39_40_41_42_43_44_45_46_47_48_49_50_51_52_53_54_55_56_57_58_59_60_61_62_63_64_65_66_67_68_69_70_71_72_73_74_75_76_77_78_79_80_81_82_83_84_85_86_87_88_89_90_91_92_93_94_95_96_97_98_99_100_101_102_103_104_105_106_107_108_109_110_111_112_113_114_115_116_117_118_119_120_121_122_123_124_125_126_127_128_129_130_131_132_133_134_135_136_137_138_139_140_141_142_143_144_145_146_147_148_149_150_151_152_153_154_155_156_157_158_159_160_161_162_163_164_165_166_167_168_169_170_171_172_173_174_175_176_177_178_179_180_181_182_183_184_185_186_187_188_189_190_191_192_193_194_195_196_197_198_199_200_201_202_203_204_205_206_207_208_209_210_211_212_213_214_215_216_217_218_219_220_221_222_223_224_225_226_227_228_229_230_231_232_233_234_235_236_237_238_239_240_241_242_243_244_245_246_247_248_249_250_251_252_253_254_255_256_257_258_259_260_261_262_263_264_265_266_267_268_269_270_271_272_273_274_275_276_277_278_279_280_281_282_283_284_285_286_287_288_289_290_291_292_293_294_295_296_297_298_299_300_301_302_303_304_305_306_307_308_309_310_311_312_313_314_315_316_317_318_319_320_321_322_323_324_325_326_327_328_329_330_331_332_333_334_335_336_337_338_339_340_341_342_343_344_345_346_347_348_349_350_351_352_353_354_355_356_357_358_359_360_361_362_363_364_365_366_367_368_369_370_371_372_373_374_375_376_377_378_379_380_381_382_383_384_385_386_387_388_389_390_391_392_393_394_395_396_397_398_399_400_401_402_403_404_405_406_407_408_409_410_411_412_413_414_415_416_417_418_419_420_421_422_423_424_425_426_427_428_429_430_431_432_433_434_435_436_437_438_439_440_441_442_443_444_445_446_447_448_449_450_451_452_453_454_455_456_457_458_459_460_461_462_463_464_465_466_467_468_469_470_471_472_473_474_475_476_477_478_479_480_481_482_483_484_485_486_487_488_489_490_491_492_493_494_495_496_497_498_499_500_501_502_503_504_505_506_507_508_509_510_511_512_513_514_515_516_517_518_519_520_521_522_523_524_525_526_527_528_529_530_531_532_533_534_535_536_537_538_539_540_541_542_543_544_545_546_547_548_549_550_551_552_553_554_555_556_557_558_559_560_561_562_563_564_565_566_567_568_569_570_571_572_573_574_575_576_577_578_579_580_581_582_583_584_585_586_587_588_589_590_591_592_593_594_595_596_597_598_599_,0:{1;2;3;4;5;6;7;8;9;10;11;12;13;14;15;16;17;18;19;21;}1:{0;20;}21:{22;23;24;25;26;27;28;29;30;31;32;33;34;35;36;37;38;39;40;}40:{41;42;43;44;45;46;47;48;49;50;51;52;53;54;55;56;57;58;}57:{59;60;61;62;63;64;65;66;67;68;69;70;71;72;73;74;75;76;77;}66:{78;79;80;81;82;83;84;85;}82:{86;87;88;89;90;91;92;93;94;95;96;97;98;99;100;}96:{101;102;103;104;105;106;107;108;109;110;111;112;113;114;115;116;}104:{117;118;119;120;121;122;123;}123:{124;125;126;127;128;129;130;131;132;133;134;135;136;137;138;139;140;141;142;143;}143:{144;145;146;147;148;149;150;151;152;153;154;155;156;157;158;159;160;161;162;}149:{163;164;165;166;167;}165:{168;169;170;171;172;173;174;175;176;177;178;179;180;181;182;183;184;}183:{185;186;187;188;189;190;191;192;193;194;195;196;197;198;199;200;201;202;}202:{203;204;205;206;207;208;209;210;211;212;213;214;215;216;217;218;219;220;}211:{221;222;223;224;225;226;227;228;229;230;}228:{231;232;233;234;235;236;237;238;239;240;241;242;243;244;245;246;}246:{247;248;249;250;251;252;253;254;255;256;257;258;259;260;261;262;263;264;265;}262:{266;267;268;269;270;271;272;273;274;275;276;277;278;279;280;282;}282:{281;283;284;285;286;287;288;289;290;291;292;293;294;295;296;297;298;299;300;301;}299:{302;303;304;305;306;307;308;309;310;311;312;313;314;315;316;317;318;319;}319:{320;321;322;323;324;325;326;327;328;329;330;331;332;333;334;335;336;337;338;}329:{339;340;341;342;343;344;345;346;349;}342:{347;348;350;351;352;353;354;355;356;357;358;359;361;362;}361:{360;363;364;365;366;367;368;369;370;371;372;373;374;375;376;377;378;379;380;381;}367:{382;383;384;385;387;}387:{386;388;389;390;391;392;393;394;395;396;397;398;399;400;401;402;403;404;405;406;407;}399:{408;409;410;411;412;413;414;415;416;417;418;}417:{419;420;421;422;423;424;425;426;427;428;429;430;431;432;433;434;435;436;}423:{437;438;439;440;441;}428:{442;443;444;445;446;}437:{447;448;449;450;451;452;453;454;455;456;}451:{457;458;459;460;461;462;463;464;465;466;467;468;469;470;471;}458:{472;473;474;475;476;}475:{477;478;479;480;481;482;483;484;485;486;487;488;489;490;491;492;493;494;}493:{495;496;497;498;499;500;501;502;503;504;505;506;507;508;509;510;511;513;}509:{512;514;515;516;517;518;519;520;521;522;523;524;525;526;527;528;529;}525:{530;531;532;533;534;535;536;537;538;539;540;541;542;544;545;}539:{543;546;547;548;549;550;551;552;553;554;555;556;557;558;}554:{559;560;561;562;563;564;565;566;567;568;569;570;571;572;573;}557:{574;575;576;}566:{577;578;579;580;581;582;583;585;}581:{584;586;587;588;589;590;591;592;593;594;595;596;597;598;}594:{599;},559_560_561_,0-1*0_0-2*0_0-3*0_0-4*0_0-5*0_0-6*0_0-7*0_0-8*0_0-9*0_0-10*0_0-11*0_0-12*0_0-13*0_0-14*0_0-15*0_0-16*0_0-17*0_0-18*0_0-19*0_0-21*0_1-0*1_1-20*1_21-22*1_21-23*1_21-24*1_21-25*1_21-26*1_21-27*1_21-28*1_21-29*1_21-30*1_21-31*1_21-32*1_21-33*1_21-34*1_21-35*1_21-36*1_21-37*1_21-38*1_21-39*1_21-40*1_40-41*2_40-42*2_40-43*2_40-44*2_40-45*2_40-46*2_40-47*2_40-48*2_40-49*2_40-50*2_40-51*2_40-52*2_40-53*2_40-54*2_40-55*2_40-56*2_40-57*2_40-58*2_57-59*3_57-60*3_57-61*3_57-62*3_57-63*3_57-64*3_57-65*3_57-66*3_57-67*3_57-68*3_57-69*3_57-70*3_57-71*3_57-72*3_57-73*3_57-74*3_57-75*3_57-76*3_57-77*3_66-78*4_66-79*4_66-80*4_66-81*4_66-82*4_66-83*4_66-84*4_66-85*4_82-86*5_82-87*5_82-88*5_82-89*5_82-90*5_82-91*5_82-92*5_82-93*5_82-94*5_82-95*5_82-96*5_82-97*5_82-98*5_82-99*5_82-100*5_96-101*6_96-102*6_96-103*6_96-104*6_96-105*6_96-106*6_96-107*6_96-108*6_96-109*6_96-110*6_96-111*6_96-112*6_96-113*6_96-114*6_96-115*6_96-116*6_104-117*7_104-118*7_104-119*7_104-120*7_104-121*7_104-122*7_104-123*7_123-124*8_123-125*8_123-126*8_123-127*8_123-128*8_123-129*8_123-130*8_123-131*8_123-132*8_123-133*8_123-134*8_123-135*8_123-136*8_123-137*8_123-138*8_123-139*8_123-140*8_123-141*8_123-142*8_123-143*8_143-144*9_143-145*9_143-146*9_143-147*9_143-148*9_143-149*9_143-150*9_143-151*9_143-152*9_143-153*9_143-154*9_143-155*9_143-156*9_143-157*9_143-158*9_143-159*9_143-160*9_143-161*9_143-162*9_149-163*10_149-164*10_149-165*10_149-166*10_149-167*10_165-168*11_165-169*11_165-170*11_165-171*11_165-172*11_165-173*11_165-174*11_165-175*11_165-176*11_165-177*11_165-178*11_165-179*11_165-180*11_165-181*11_165-182*11_165-183*11_165-184*11_183-185*12_183-186*12_183-187*12_183-188*12_183-189*12_183-190*12_183-191*12_183-192*12_183-193*12_183-194*12_183-195*12_183-196*12_183-197*12_183-198*12_183-199*12_183-200*12_183-201*12_183-202*12_202-203*13_202-204*13_202-205*13_202-206*13_202-207*13_202-208*13_202-209*13_202-210*13_202-211*13_202-212*13_202-213*13_202-214*13_202-215*13_202-216*13_202-217*13_202-218*13_202-219*13_202-220*13_211-221*14_211-222*14_211-223*14_211-224*14_211-225*14_211-226*14_211-227*14_211-228*14_211-229*14_211-230*14_228-231*15_228-232*15_228-233*15_228-234*15_228-235*15_228-236*15_228-237*15_228-238*15_228-239*15_228-240*15_228-241*15_228-242*15_228-243*15_228-244*15_228-245*15_228-246*15_246-247*16_246-248*16_246-249*16_246-250*16_246-251*16_246-252*16_246-253*16_246-254*16_246-255*16_246-256*16_246-257*16_246-258*16_246-259*16_246-260*16_246-261*16_246-262*16_246-263*16_246-264*16_246-265*16_262-266*17_262-267*17_262-268*17_262-269*17_262-270*17_262-271*17_262-272*17_262-273*17_262-274*17_262-275*17_262-276*17_262-277*17_262-278*17_262-279*17_262-280*17_262-282*17_282-281*18_282-283*18_282-284*18_282-285*18_282-286*18_282-287*18_282-288*18_282-289*18_282-290*18_282-291*18_282-292*18_282-293*18_282-294*18_282-295*18_282-296*18_282-297*18_282-298*18_282-299*18_282-300*18_282-301*18_299-302*19_299-303*19_299-304*19_299-305*19_299-306*19_299-307*19_299-308*19_299-309*19_299-310*19_299-311*19_299-312*19_299-313*19_299-314*19_299-315*19_299-316*19_299-317*19_299-318*19_299-319*19_319-320*20_319-321*20_319-322*20_319-323*20_319-324*20_319-325*20_319-326*20_319-327*20_319-328*20_319-329*20_319-330*20_319-331*20_319-332*20_319-333*20_319-334*20_319-335*20_319-336*20_319-337*20_319-338*20_329-339*21_329-340*21_329-341*21_329-342*21_329-343*21_329-344*21_329-345*21_329-346*21_329-349*21_342-347*22_342-348*22_342-350*22_342-351*22_342-352*22_342-353*22_342-354*22_342-355*22_342-356*22_342-357*22_342-358*22_342-359*22_342-361*22_342-362*22_361-360*23_361-363*23_361-364*23_361-365*23_361-366*23_361-367*23_361-368*23_361-369*23_361-370*23_361-371*23_361-372*23_361-373*23_361-374*23_361-375*23_361-376*23_361-377*23_361-378*23_361-379*23_361-380*23_361-381*23_367-382*24_367-383*24_367-384*24_367-385*24_367-387*24_387-386*25_387-388*25_387-389*25_387-390*25_387-391*25_387-392*25_387-393*25_387-394*25_387-395*25_387-396*25_387-397*25_387-398*25_387-399*25_387-400*25_387-401*25_387-402*25_387-403*25_387-404*25_387-405*25_387-406*25_387-407*25_399-408*26_399-409*26_399-410*26_399-411*26_399-412*26_399-413*26_399-414*26_399-415*26_399-416*26_399-417*26_399-418*26_417-419*27_417-420*27_417-421*27_417-422*27_417-423*27_417-424*27_417-425*27_417-426*27_417-427*27_417-428*27_417-429*27_417-430*27_417-431*27_417-432*27_417-433*27_417-434*27_417-435*27_417-436*27_423-437*28_423-438*28_423-439*28_423-440*28_423-441*28_428-442*28_428-443*28_428-444*28_428-445*28_428-446*28_437-447*29_437-448*29_437-449*29_437-450*29_437-451*29_437-452*29_437-453*29_437-454*29_437-455*29_437-456*29_451-457*30_451-458*30_451-459*30_451-460*30_451-461*30_451-462*30_451-463*30_451-464*30_451-465*30_451-466*30_451-467*30_451-468*30_451-469*30_451-470*30_451-471*30_458-472*31_458-473*31_458-474*31_458-475*31_458-476*31_475-477*32_475-478*32_475-479*32_475-480*32_475-481*32_475-482*32_475-483*32_475-484*32_475-485*32_475-486*32_475-487*32_475-488*32_475-489*32_475-490*32_475-491*32_475-492*32_475-493*32_475-494*32_493-495*33_493-496*33_493-497*33_493-498*33_493-499*33_493-500*33_493-501*33_493-502*33_493-503*33_493-504*33_493-505*33_493-506*33_493-507*33_493-508*33_493-509*33_493-510*33_493-511*33_493-513*33_509-512*34_509-514*34_509-515*34_509-516*34_509-517*34_509-518*34_509-519*34_509-520*34_509-521*34_509-522*34_509-523*34_509-524*34_509-525*34_509-526*34_509-527*34_509-528*34_509-529*34_525-530*35_525-531*35_525-532*35_525-533*35_525-534*35_525-535*35_525-536*35_525-537*35_525-538*35_525-539*35_525-540*35_525-541*35_525-542*35_525-544*35_525-545*35_539-543*36_539-546*36_539-547*36_539-548*36_539-549*36_539-550*36_539-551*36_539-552*36_539-553*36_539-554*36_539-555*36_539-556*36_539-557*36_539-558*36_554-559*37_554-560*37_554-561*37_554-562*37_554-563*37_554-564*37_554-565*37_554-566*37_554-567*37_554-568*37_554-569*37_554-570*37_554-571*37_554-572*37_554-573*37_557-574*37_557-575*37_557-576*37_566-577*38_566-578*38_566-579*38_566-580*38_566-581*38_566-582*38_566-583*38_566-585*38_581-584*39_581-586*39_581-587*39_581-588*39_581-589*39_581-590*39_581-591*39_581-592*39_581-593*39_581-594*39_581-595*39_581-596*39_581-597*39_581-598*39_594-599*40_
0,1,500,0,0,600,3,600,3,875042,38,872,49,600,0,100,0,25,1_2_3_4_5_6_7_8_9_10_11_12_13_14_15_16_17_18_19_21_0_20_22_23_24_25_26_27_28_29_30_31_32_33_34_35_36_37_38_39_40_41_42_43_44_45_46_47_48_49_50_51_52_53_54_55_56_57_58_59_60_61_62_63_64_65_66_67_68_69_70_71_72_73_74_75_76_77_78_79_80_81_82_83_84_85_86_87_88_89_90_91_92_93_94_95_96_97_98_99_100_101_102_103_104_105_106_107_108_109_110_111_112_113_114_115_116_117_118_119_120_121_122_123_124_125_126_127_128_129_130_131_132_133_134_135_136_137_138_139_140_141_142_143_144_145_146_147_148_149_150_151_152_153_154_155_156_157_158_159_160_161_162_163_164_165_166_167_168_169_170_171_172_173_174_175_176_177_178_179_180_181_182_183_184_185_186_187_188_189_190_191_192_193_194_195_196_197_198_199_200_201_202_203_204_205_206_207_208_209_210_211_212_213_214_215_216_217_218_219_220_221_222_223_224_225_226_227_228_229_230_231_232_233_234_235_236_237_238_239_240_241_242_243_244_245_246_247_248_249_250_251_252_253_254_255_256_257_258_259_260_261_262_263_264_265_266_267_268_269_270_271_272_273_274_275_276_277_278_279_280_282_281_283_284_285_286_287_288_289_290_291_292_293_294_295_296_297_298_299_300_301_302_303_304_305_306_307_308_309_310_311_312_313_314_315_316_317_318_319_320_321_322_323_324_325_326_327_328_329_330_331_332_333_334_335_336_337_338_339_340_341_342_343_344_345_346_349_347_348_350_351_352_353_354_355_356_357_358_359_361_362_360_363_364_365_366_367_368_369_370_371_372_373_374_375_376_377_378_379_380_381_382_383_384_385_387_386_388_389_390_391_392_393_394_395_396_397_398_399_400_401_402_403_404_405_406_407_408_409_410_411_412_413_414_415_416_417_418_419_420_421_422_423_424_425_426_427_428_429_430_431_432_433_434_435_436_437_438_439_440_441_442_443_444_445_446_447_448_449_450_451_452_453_454_455_456_457_458_459_460_461_462_463_464_465_466_467_468_469_470_471_472_473_474_475_476_477_478_479_480_481_482_483_484_485_486_487_488_489_490_491_492_493_494_495_496_497_498_499_500_501_502_503_504_505_506_507_508_509_510_511_513_512_514_515_516_517_518_519_520_521_522_523_524_525_526_527_528_529_530_531_532_533_534_535_536_537_538_539_540_541_542_544_545_543_546_547_548_549_550_551_552_553_554_555_556_557_558_559_560_561_562_563_564_565_566_567_568_569_570_571_572_573_574_575_576_577_578_579_580_581_582_583_585_584_586_587_588_589_590_591_592_593_594_595_596_597_598_599_,0_1_2_3_4_5_6_7_8_9_10_11_12_13_14_15_16_17_18_19_20_21_22_23_24_25_26_27_28_29_30_31_32_33_34_35_36_37_38_39_40_41_42_43_44_45_46_47_48_49_50_51_52_53_54_55_56_57_58_59_60_61_62_63_64_65_66_67_68_69_70_71_72_73_74_75_76_77_78_79_80_81_82_83_84_85_86_87_88_89_90_91_92_93_94_95_96_97_98_99_100_101_102_103_104_105_106_107_108_109_110_111_112_113_114_115_116_117_118_119_120_121_122_123_124_125_126_127_128_129_130_131_132_133_134_135_136_137_138_139_140_141_142_143_144_145_146_147_148_149_150_151_152_153_154_155_156_157_158_159_160_161_162_163_164_165_166_167_168_169_170_171_172_173_174_175_176_177_178_179_180_181_182_183_184_185_186_187_188_189_190_191_192_193_194_195_196_197_198_199_200_201_202_203_204_205_206_207_208_209_210_211_212_213_214_215_216_217_218_219_220_221_222_223_224_225_226_227_228_229_230_231_232_233_234_235_236_237_238_239_240_241_242_243_244_245_246_247_248_249_250_251_252_253_254_255_256_257_258_259_260_261_262_263_264_265_266_267_268_269_270_271_272_273_274_275_276_277_278_279_280_281_282_283_284_285_286_287_288_289_290_291_292_293_294_295_296_297_298_299_300_301_302_303_304_305_306_307_308_309_310_311_312_313_314_315_316_317_318_319_320_321_322_323_324_325_326_327_328_329_330_331_332_333_334_335_336_337_338_339_340_341_342_343_344_345_346_347_348_349_350_351_352_353_354_355_356_357_358_359_360_361_362_363_364_365_366_367_368_369_370_371_372_373_374_375_376_377_378_379_380_381_382_383_384_385_386_387_388_389_390_391_392_393_394_395_396_397_398_399_400_401_402_403_404_405_406_407_408_409_410_411_412_413_414_415_416_417_418_419_420_421_422_423_424_425_426_427_428_429_430_431_432_433_434_435_436_437_438_439_440_441_442_443_444_445_446_447_448_449_450_451_452_453_454_455_456_457_458_459_460_461_462_463_464_465_466_467_468_469_470_471_472_473_474_475_476_477_478_479_480_481_482_483_484_485_486_487_488_489_490_491_492_493_494_495_496_497_498_499_500_501_502_503_504_505_506_507_508_509_510_511_512_513_514_515_516_517_518_519_520_521_522_523_524_525_526_527_528_529_530_531_532_533_534_535_536_537_538_539_540_541_542_543_544_545_546_547_548_549_550_551_552_553_554_555_556_557_558_559_560_561_562_563_564_565_566_567_568_569_570_571_572_573_574_575_576_577_578_579_580_581_582_583_584_585_586_587_588_589_590_591_592_593_594_595_596_597_598_599_,0:{1;2;3;4;5;6;7;8;9;10;11;12;13;14;15;16;17;18;19;21;}1:{0;20;}21:{22;23;24;25;26;27;28;29;30;31;32;33;34;35;36;37;38;39;40;}40:{41;42;43;44;45;46;47;48;49;50;51;52;53;54;55;56;57;58;}57:{59;60;61;62;63;64;65;66;67;68;69;70;71;72;73;74;75;76;77;}66:{78;79;80;81;82;83;84;85;}82:{86;87;88;89;90;91;92;93;94;95;96;97;98;99;100;}96:{101;102;103;104;105;106;107;108;109;110;111;112;113;114;115;116;}104:{117;118;119;120;121;122;123;}123:{124;125;126;127;128;129;130;131;132;133;134;135;136;137;138;139;140;141;142;143;}143:{144;145;146;147;148;149;150;151;152;153;154;155;156;157;158;159;160;161;162;}149:{163;164;165;166;167;}165:{168;169;170;171;172;173;174;175;176;177;178;179;180;181;182;183;184;}183:{185;186;187;188;189;190;191;192;193;194;195;196;197;198;199;200;201;202;}202:{203;204;205;206;207;208;209;210;211;212;213;214;215;216;217;218;219;220;}211:{221;222;223;224;225;226;227;228;229;230;}228:{231;232;233;234;235;236;237;238;239;240;241;242;243;244;245;246;}246:{247;248;249;250;251;252;253;254;255;256;257;258;259;260;261;262;263;264;265;}262:{266;267;268;269;270;271;272;273;274;275;276;277;278;279;280;282;}282:{281;283;284;285;286;287;288;289;290;291;292;293;294;295;296;297;298;299;300;301;}299:{302;303;304;305;306;307;308;309;310;311;312;313;314;315;316;317;318;319;}319:{320;321;322;323;324;325;326;327;328;329;330;331;332;333;334;335;336;337;338;}329:{339;340;341;342;343;344;345;346;349;}342:{347;348;350;351;352;353;354;355;356;357;358;359;361;362;}361:{360;363;364;365;366;367;368;369;370;371;372;373;374;375;376;377;378;379;380;381;}367:{382;383;384;385;387;}387:{386;388;389;390;391;392;393;394;395;396;397;398;399;400;401;402;403;404;405;406;407;}399:{408;409;410;411;412;413;414;415;416;417;418;}417:{419;420;421;422;423;424;425;426;427;428;429;430;431;432;433;434;435;436;}423:{437;438;439;440;441;}428:{442;443;444;445;446;}437:{447;448;449;450;451;452;453;454;455;456;}451:{457;458;459;460;461;462;463;464;465;466;467;468;469;470;471;}458:{472;473;474;475;476;}475:{477;478;479;480;481;482;483;484;485;486;487;488;489;490;491;492;493;494;}493:{495;496;497;498;499;500;501;502;503;504;505;506;507;508;509;510;511;513;}509:{512;514;515;516;517;518;519;520;521;522;523;524;525;526;527;528;529;}525:{530;531;532;533;534;535;536;537;538;539;540;541;542;544;545;}539:{543;546;547;548;549;550;551;552;553;554;555;556;557;558;}554:{559;560;561;562;563;564;565;566;567;568;569;570;571;572;573;}557:{574;575;576;}566:{577;578;579;580;581;582;583;585;}581:{584;586;587;588;589;590;591;592;593;594;595;596;597;598;}594:{599;},559_560_561_,0-1*0_0-2*0_0-3*0_0-4*0_0-5*0_0-6*0_0-7*0_0-8*0_0-9*0_0-10*0_0-11*0_0-12*0_0-13*0_0-14*0_0-15*0_0-16*0_0-17*0_0-18*0_0-19*0_0-21*0_1-0*1_1-20*1_21-22*1_21-23*1_21-24*1_21-25*1_21-26*1_21-27*1_21-28*1_21-29*1_21-30*1_21-31*1_21-32*1_21-33*1_21-34*1_21-35*1_21-36*1_21-37*1_21-38*1_21-39*1_21-40*1_40-41*2_40-42*2_40-43*2_40-44*2_40-45*2_40-46*2_40-47*2_40-48*2_40-49*2_40-50*2_40-51*2_40-52*2_40-53*2_40-54*2_40-55*2_40-56*2_40-57*2_40-58*2_57-59*3_57-60*3_57-61*3_57-62*3_57-63*3_57-64*3_57-65*3_57-66*3_57-67*3_57-68*3_57-69*3_57-70*3_57-71*3_57-72*3_57-73*3_57-74*3_57-75*3_57-76*3_57-77*3_66-78*4_66-79*4_66-80*4_66-81*4_66-82*4_66-83*4_66-84*4_66-85*4_82-86*5_82-87*5_82-88*5_82-89*5_82-90*5_82-91*5_82-92*5_82-93*5_82-94*5_82-95*5_82-96*5_82-97*5_82-98*5_82-99*5_82-100*5_96-101*6_96-102*6_96-103*6_96-104*6_96-105*6_96-106*6_96-107*6_96-108*6_96-109*6_96-110*6_96-111*6_96-112*6_96-113*6_96-114*6_96-115*6_96-116*6_104-117*7_104-118*7_104-119*7_104-120*7_104-121*7_104-122*7_104-123*7_123-124*8_123-125*8_123-126*8_123-127*8_123-128*8_123-129*8_123-130*8_123-131*8_123-132*8_123-133*8_123-134*8_123-135*8_123-136*8_123-137*8_123-138*8_123-139*8_123-140*8_123-141*8_123-142*8_123-143*8_143-144*9_143-145*9_143-146*9_143-147*9_143-148*9_143-149*9_143-150*9_143-151*9_143-152*9_143-153*9_143-154*9_143-155*9_143-156*9_143-157*9_143-158*9_143-159*9_143-160*9_143-161*9_143-162*9_149-163*10_149-164*10_149-165*10_149-166*10_149-167*10_165-168*11_165-169*11_165-170*11_165-171*11_165-172*11_165-173*11_165-174*11_165-175*11_165-176*11_165-177*11_165-178*11_165-179*11_165-180*11_165-181*11_165-182*11_165-183*11_165-184*11_183-185*12_183-186*12_183-187*12_183-188*12_183-189*12_183-190*12_183-191*12_183-192*12_183-193*12_183-194*12_183-195*12_183-196*12_183-197*12_183-198*12_183-199*12_183-200*12_183-201*12_183-202*12_202-203*13_202-204*13_202-205*13_202-206*13_202-207*13_202-208*13_202-209*13_202-210*13_202-211*13_202-212*13_202-213*13_202-214*13_202-215*13_202-216*13_202-217*13_202-218*13_202-219*13_202-220*13_211-221*14_211-222*14_211-223*14_211-224*14_211-225*14_211-226*14_211-227*14_211-228*14_211-229*14_211-230*14_228-231*15_228-232*15_228-233*15_228-234*15_228-235*15_228-236*15_228-237*15_228-238*15_228-239*15_228-240*15_228-241*15_228-242*15_228-243*15_228-244*15_228-245*15_228-246*15_246-247*16_246-248*16_246-249*16_246-250*16_246-251*16_246-252*16_246-253*16_246-254*16_246-255*16_246-256*16_246-257*16_246-258*16_246-259*16_246-260*16_246-261*16_246-262*16_246-263*16_246-264*16_246-265*16_262-266*17_262-267*17_262-268*17_262-269*17_262-270*17_262-271*17_262-272*17_262-273*17_262-274*17_262-275*17_262-276*17_262-277*17_262-278*17_262-279*17_262-280*17_262-282*17_282-281*18_282-283*18_282-284*18_282-285*18_282-286*18_282-287*18_282-288*18_282-289*18_282-290*18_282-291*18_282-292*18_282-293*18_282-294*18_282-295*18_282-296*18_282-297*18_282-298*18_282-299*18_282-300*18_282-301*18_299-302*19_299-303*19_299-304*19_299-305*19_299-306*19_299-307*19_299-308*19_299-309*19_299-310*19_299-311*19_299-312*19_299-313*19_299-314*19_299-315*19_299-316*19_299-317*19_299-318*19_299-319*19_319-320*20_319-321*20_319-322*20_319-323*20_319-324*20_319-325*20_319-326*20_319-327*20_319-328*20_319-329*20_319-330*20_319-331*20_319-332*20_319-333*20_319-334*20_319-335*20_319-336*20_319-337*20_319-338*20_329-339*21_329-340*21_329-341*21_329-342*21_329-343*21_329-344*21_329-345*21_329-346*21_329-349*21_342-347*22_342-348*22_342-350*22_342-351*22_342-352*22_342-353*22_342-354*22_342-355*22_342-356*22_342-357*22_342-358*22_342-359*22_342-361*22_342-362*22_361-360*23_361-363*23_361-364*23_361-365*23_361-366*23_361-367*23_361-368*23_361-369*23_361-370*23_361-371*23_361-372*23_361-373*23_361-374*23_361-375*23_361-376*23_361-377*23_361-378*23_361-379*23_361-380*23_361-381*23_367-382*24_367-383*24_367-384*24_367-385*24_367-387*24_387-386*25_387-388*25_387-389*25_387-390*25_387-391*25_387-392*25_387-393*25_387-394*25_387-395*25_387-396*25_387-397*25_387-398*25_387-399*25_387-400*25_387-401*25_387-402*25_387-403*25_387-404*25_387-405*25_387-406*25_387-407*25_399-408*26_399-409*26_399-410*26_399-411*26_399-412*26_399-413*26_399-414*26_399-415*26_399-416*26_399-417*26_399-418*26_417-419*27_417-420*27_417-421*27_417-422*27_417-423*27_417-424*27_417-425*27_417-426*27_417-427*27_417-428*27_417-429*27_417-430*27_417-431*27_417-432*27_417-433*27_417-434*27_417-435*27_417-436*27_423-437*28_423-438*28_423-439*28_423-440*28_423-441*28_428-442*28_428-443*28_428-444*28_428-445*28_428-446*28_437-447*29_437-448*29_437-449*29_437-450*29_437-451*29_437-452*29_437-453*29_437-454*29_437-455*29_437-456*29_451-457*30_451-458*30_451-459*30_451-460*30_451-461*30_451-462*30_451-463*30_451-464*30_451-465*30_451-466*30_451-467*30_451-468*30_451-469*30_451-470*30_451-471*30_458-472*31_458-473*31_458-474*31_458-475*31_458-476*31_475-477*32_475-478*32_475-479*32_475-480*32_475-481*32_475-482*32_475-483*32_475-484*32_475-485*32_475-486*32_475-487*32_475-488*32_475-489*32_475-490*32_475-491*32_475-492*32_475-493*32_475-494*32_493-495*33_493-496*33_493-497*33_493-498*33_493-499*33_493-500*33_493-501*33_493-502*33_493-503*33_493-504*33_493-505*33_493-506*33_493-507*33_493-508*33_493-509*33_493-510*33_493-511*33_493-513*33_509-512*34_509-514*34_509-515*34_509-516*34_509-517*34_509-518*34_509-519*34_509-520*34_509-521*34_509-522*34_509-523*34_509-524*34_509-525*34_509-526*34_509-527*34_509-528*34_509-529*34_525-530*35_525-531*35_525-532*35_525-533*35_525-534*35_525-535*35_525-536*35_525-537*35_525-538*35_525-539*35_525-540*35_525-541*35_525-542*35_525-544*35_525-545*35_539-543*36_539-546*36_539-547*36_539-548*36_539-549*36_539-550*36_539-551*36_539-552*36_539-553*36_539-554*36_539-555*36_539-556*36_539-557*36_539-558*36_554-559*37_554-560*37_554-561*37_554-562*37_554-563*37_554-564*37_554-565*37_554-566*37_554-567*37_554-568*37_554-569*37_554-570*37_554-571*37_554-572*37_554-573*37_557-574*37_557-575*37_557-576*37_566-577*38_566-578*38_566-579*38_566-580*38_566-581*38_566-582*38_566-583*38_566-585*38_581-584*39_581-586*39_581-587*39_581-588*39_581-589*39_581-590*39_581-591*39_581-592*39_581-593*39_581-594*39_581-595*39_581-596*39_581-597*39_581-598*39_594-599*40_
