"id","Scenario","Actual Range","Protocol","Buildings","Total nodes","Nodes on circ","Total coverage","Coverage on circ","Alert received mean time","Hops","Slots","Messages sent","Messages received", "Starting x", "Starting y","Starting node", "Vehicle distance", "Received node ids", "Node ids", "Transmission map", "Received on circ nodes", "Transmission vector"
0,1,100,0,0,1776,81,1639,81,184568,19.1235,154.605,1132,1639,1452.67,2198.01,1737,25,1774_1738_1736_4_1775_1739_1735_5_1740_1741_6_1734_7_186_185_8_187_184_9_1737_183_188_182_1742_686_1717_1733_1744_1716_1718_1731_1715_1719_179_181_178_177_215_176_214_175_212_1730_1720_1729_189_190_99_192_98_97_1714_1713_211_210_198_199_197_100_193_10_74_11_73_200_654_201_205_140_653_139_206_141_138_204_207_137_142_203_652_196_208_143_671_670_96_683_72_684_12_13_71_685_15_195_75_194_86_16_1728_1727_1722_1745_1726_1723_1746_1724_1748_70_94_68_76_95_67_77_93_174_667_101_666_665_1725_1767_1768_1616_1615_1617_1769_1614_1770_1618_209_133_598_130_145_146_599_129_131_148_605_134_66_65_85_87_78_88_64_92_84_79_62_61_651_1613_1771_1619_1772_1620_1773_1264_128_127_132_144_606_1622_1263_1265_1766_1262_1267_17_18_83_1711_135_649_650_607_601_600_1712_1709_664_663_90_662_81_82_63_38_597_19_20_60_1747_1749_1750_583_1764_1763_584_149_89_673_674_603_585_604_150_586_37_35_59_34_55_56_57_578_579_581_582_577_574_117_103_104_116_112_219_218_173_217_115_118_105_119_151_154_576_152_157_164_590_155_156_33_54_32_53_31_659_120_1601_1268_1627_1286_1269_1261_1626_1270_648_672_647_675_596_575_159_589_160_588_161_162_153_658_660_609_661_610_611_1762_1761_1260_1760_690_1752_1753_692_1755_106_30_51_29_52_39_50_28_40_27_26_573_24_46_23_21_22_679_1707_41_42_43_45_1751_167_168_166_170_165_121_126_122_612_123_656_124_655_439_645_644_111_108_109_107_110_1259_172_216_171_220_1756_1757_1271_1272_1284_1285_1283_1273_1257_1282_1256_1258_1281_1625_44_48_676_49_678_677_1758_1623_1693_1624_1692_1691_1690_693_694_1759_1219_1220_704_1218_1217_681_682_1706_1705_1708_1274_1254_1280_1275_1253_1279_1602_1276_1278_1287_1605_1604_1606_1603_1251_1607_1608_1252_695_348_346_351_572_349_587_352_571_345_592_163_1628_1629_334_221_292_342_337_341_608_614_616_615_642_1609_1611_1612_1289_1223_1204_1205_703_1203_1206_1216_440_438_441_437_385_386_436_387_382_388_434_617_641_618_640_619_639_620_638_1202_1207_350_353_570_357_595_356_354_593_568_344_621_637_622_623_625_389_383_381_567_374_379_1215_1240_1208_1214_1239_696_1213_1224_390_392_433_565_594_432_431_566_1630_393_398_394_395_396_399_444_443_397_409_400_430_401_442_378_372_359_384_360_371_373_355_361_370_429_428_427_426_338_339_222_751_223_425_410_1631_1633_1634_864_403_404_411_405_412_1201_414_423_362_1689_1687_1686_1200_1290_1294_1295_1291_368_367_363_375_1293_1600_1292_840_1635_1636_626_627_631_628_632_630_643_629_633_415_416_340_750_343_839_838_1211_1212_1209_1225_366_376_365_1704_1703_837_1238_1296_1297_836_834_1637_1638_1639_1678_364_377_408_1226_1237_1236_1227_1235_445_448_1682_1303_1302_865_857_867_846_741_869_868_835_870_290_289_833_832_831_1228_1234_1229_636_634_1250_1249_1248_407_1232_406_560_559_556_1231_1230_813_824_802_752_871_743_753_791_754_780_555_1241_1575_1242_1574_1243_1702_1701_1681_1683_1700_1680_1684_1698_1679_1675_1685_1674_749_701_700_1198_830_829_755_768_756_757_746_758_761_742_1676_759_760_554_561_533_562_532_563_883_733_882_884_771_569_885_854_855_886_769_770_767_580_766_1661_1660_1673_1672_687_1662_1659_688_1697_1658_1671_1245_1246_1429_1640_1641_1642_1428_1427_1247_1426_765_764_591_734_267_226_1657_546_558_689_1670_1663_1669_1656_1197_697_698_699_1196_1644_1645_1580_1579_1425_1430_1578_1431_449_450_451_1647_1664_1667_1694_1668_1695_1576_1573_1572_1571_317_1301_1298_1646_1650_1651_1649_1652_1653_1648_1655_288_266_227_748_747_1696_1424_534_531_536_318_319_320_316_321_763_736_762_91_102_737_80_738_125_265_228_264_262_229_1300_1304_1315_1311_1312_1570_1569_602_1433_1423_1322_1313_1316_1314_1568_739_715_714_890_740_716_712_891_892_711_717_69_47_1422_1420_36_907_25_906_908_745_1317_369_58_358_413_14_424_347_3_402_336_1765_794_909_1754_324_114_856_553_552_881_910_905_564_452_453_880_879_878_551_876_893_729_728_894_727_548_547_887_726_872_873_874_875_904_550_549_543_544_542_545_541_537_538_539_1567_732_731_730_725_454_455_793_792_1743_313_391_744_456_490_506_492_723_722_721_720_895_719_912_540_1565_315_380_280_136_269_302_291_1564_1447_1446_1445_1448_1581_1442_1582_1441_1191_1195_1190_1460_1189_263_261_256_257_260_230_1318_507_489_488_457_487_459_486_1732_790_1721_913_914_1710_775_774_776_1699_896_897_903_1461_1187_493_499_498_485_497_495_496_494_500_501_530_255_331_332_259_268_326_254_327_898_466_899_465_467_901_735_464_463_526_462_529_528_773_915_916_772_917_1688_918_784_786_1677_270_282_484_483_508_482_509_481_510_479_511_785_919_787_1323_1319_1324_1320_1462_1463_468_253_252_231_251_232_325_323_250_1434_920_1666_1040_1654_921_1039_1038_789_328_330_329_240_239_333_241_238_478_477_476_470_718_902_471_527_472_525_523_473_788_1643_1331_1356_1330_1354_1329_1353_461_522_460_521_1632_1086_1037_1621_923_924_1036_1610_1085_925_1599_1084_1557_512_514_515_233_234_244_1352_1357_1351_1358_1350_1435_1436_1437_474_516_517_518_1047_1035_1588_1048_1034_822_1577_1049_1032_821_926_1050_1566_927_242_237_243_235_502_491_513_928_820_929_1555_819_1556_1560_1553_724_503_1349_1464_520_475_524_535_680_669_480_657_646_1552_1551_1506_1507_1508_1505_1558_1509_1511_1449_271_930_504_505_1440_1583_246_245_248_295_249_296_322_624_635_613_691_1559_1512_1513_1523_1584_297_307_298_306_299_702_469_713_447_1504_818_1543_1106_817_931_1532_932_1105_816_795_1521_934_796_1104_1503_1502_1527_1501_1528_1526_1500_1498_1525_1186_1192_1193_1185_1165_1167_1194_1522_1514_1515_1517_1519_281_279_1438_1439_1516_1518_1541_1520_1524_1542_202_300_1348_1347_301_1164_1168_1163_1169_1131_1174_1134_1140_1328_1327_1326_1325_1334_147_158_247_258_169_191_1459_1457_1456_519_422_435_236_225_458_180_1510_815_814_1499_812_797_1488_935_1477_810_936_1466_811_1170_1171_1172_1141_1142_1173_1143_1135_1531_1530_937_1529_1175_777_1533_1535_1073_1074_1080_1072_1544_938_939_940_1346_1345_1550_1549_1545_1546_1492_1145_1491_1146_1490_1147_1148_1156_1149_1157_1158_1489_1150_1486_1159_1152_213_1184_305_705_1132_1128_1136_1129_1127_1137_1130_1126_1138_1547_1548_1176_1178_303_304_1179_1487_1485_1484_1151_1478_1476_1479_1475_1180_1181_1182_1534_999_941_942_1472_1471_1474_1470_1494_1473_1469_1480_1160_1162_1091_1161_1090_1092_1089_1139_1121_1123_1087_1120_1093_845_841_1125_1124_1059_1183_1458_1465_1454_1467_1453_1468_1452_943_945_950_888_1540_1536_1537_1539_1538_844_1061_1060_1153_1154_1094_1116_1095_1108_1117_1071_1070_1079_1078_1481_1482_1057_1056_1058_1115_1114_1054_706_1113_946_1030_949_948_1483_1031_947_994_1062_421_420_419_1063_809_1118_808_1119_807_803_1096_1493_806_805_801_804_1097_843_842_1076_1075_1107_1098_1109_1100_800_1112_1069_799_1101_798_1102_1103_825_1399_1388_827_707_826_781_995_996_951_962_997_1053_1052_708_1051_709_961_960_1026_959_1027_958_1028_957_710_823_1455_1444_1432_783_1068_782_1067_1065_778_1410_1421_828_1013_1014_1012_1377_1018_1019_1338_1337_1340_1029_963_964_956_965_981_980_1020_1002_1021_1064_1081_1082_1563_1562_1561_967_970_968_982_1023_1024_1015_1016_1025_1355_1009_1366_1010_1495_1496_1001_998_1003_1004_1083_1005_1006_1017_1007_1008_992_988_993_991_977_1339_1336_1361_1360_1335_1362_1341_1342_1359_1309_1343_1595_1497_1363_1000_955_944_1344_966_1177_1188_933_971_972_973_984_983_985_974_969_986_1364_979_975_976_978_1365_1370_1367_1371_1368_1372_1369_952_922_953_954_989_990_418_417_1133_1144_1122_1155_1166_1111_987_1099_900_1199_1210_1088_,0_1_2_3_4_5_6_7_8_9_10_11_12_13_14_15_16_17_18_19_20_21_22_23_24_25_26_27_28_29_30_31_32_33_34_35_36_37_38_39_40_41_42_43_44_45_46_47_48_49_50_51_52_53_54_55_56_57_58_59_60_61_62_63_64_65_66_67_68_69_70_71_72_73_74_75_76_77_78_79_80_81_82_83_84_85_86_87_88_89_90_91_92_93_94_95_96_97_98_99_100_101_102_103_104_105_106_107_108_109_110_111_112_113_114_115_116_117_118_119_120_121_122_123_124_125_126_127_128_129_130_131_132_133_134_135_136_137_138_139_140_141_142_143_144_145_146_147_148_149_150_151_152_153_154_155_156_157_158_159_160_161_162_163_164_165_166_167_168_169_170_171_172_173_174_175_176_177_178_179_180_181_182_183_184_185_186_187_188_189_190_191_192_193_194_195_196_197_198_199_200_201_202_203_204_205_206_207_208_209_210_211_212_213_214_215_216_217_218_219_220_221_222_223_224_225_226_227_228_229_230_231_232_233_234_235_236_237_238_239_240_241_242_243_244_245_246_247_248_249_250_251_252_253_254_255_256_257_258_259_260_261_262_263_264_265_266_267_268_269_270_271_272_273_274_275_276_277_278_279_280_281_282_283_284_285_286_287_288_289_290_291_292_293_294_295_296_297_298_299_300_301_302_303_304_305_306_307_308_309_310_311_312_313_314_315_316_317_318_319_320_321_322_323_324_325_326_327_328_329_330_331_332_333_334_335_336_337_338_339_340_341_342_343_344_345_346_347_348_349_350_351_352_353_354_355_356_357_358_359_360_361_362_363_364_365_366_367_368_369_370_371_372_373_374_375_376_377_378_379_380_381_382_383_384_385_386_387_388_389_390_391_392_393_394_395_396_397_398_399_400_401_402_403_404_405_406_407_408_409_410_411_412_413_414_415_416_417_418_419_420_421_422_423_424_425_426_427_428_429_430_431_432_433_434_435_436_437_438_439_440_441_442_443_444_445_446_447_448_449_450_451_452_453_454_455_456_457_458_459_460_461_462_463_464_465_466_467_468_469_470_471_472_473_474_475_476_477_478_479_480_481_482_483_484_485_486_487_488_489_490_491_492_493_494_495_496_497_498_499_500_501_502_503_504_505_506_507_508_509_510_511_512_513_514_515_516_517_518_519_520_521_522_523_524_525_526_527_528_529_530_531_532_533_534_535_536_537_538_539_540_541_542_543_544_545_546_547_548_549_550_551_552_553_554_555_556_557_558_559_560_561_562_563_564_565_566_567_568_569_570_571_572_573_574_575_576_577_578_579_580_581_582_583_584_585_586_587_588_589_590_591_592_593_594_595_596_597_598_599_600_601_602_603_604_605_606_607_608_609_610_611_612_613_614_615_616_617_618_619_620_621_622_623_624_625_626_627_628_629_630_631_632_633_634_635_636_637_638_639_640_641_642_643_644_645_646_647_648_649_650_651_652_653_654_655_656_657_658_659_660_661_662_663_664_665_666_667_668_669_670_671_672_673_674_675_676_677_678_679_680_681_682_683_684_685_686_687_688_689_690_691_692_693_694_695_696_697_698_699_700_701_702_703_704_705_706_707_708_709_710_711_712_713_714_715_716_717_718_719_720_721_722_723_724_725_726_727_728_729_730_731_732_733_734_735_736_737_738_739_740_741_742_743_744_745_746_747_748_749_750_751_752_753_754_755_756_757_758_759_760_761_762_763_764_765_766_767_768_769_770_771_772_773_774_775_776_777_778_779_780_781_782_783_784_785_786_787_788_789_790_791_792_793_794_795_796_797_798_799_800_801_802_803_804_805_806_807_808_809_810_811_812_813_814_815_816_817_818_819_820_821_822_823_824_825_826_827_828_829_830_831_832_833_834_835_836_837_838_839_840_841_842_843_844_845_846_847_848_849_850_851_852_853_854_855_856_857_858_859_860_861_862_863_864_865_866_867_868_869_870_871_872_873_874_875_876_877_878_879_880_881_882_883_884_885_886_887_888_889_890_891_892_893_894_895_896_897_898_899_900_901_902_903_904_905_906_907_908_909_910_911_912_913_914_915_916_917_918_919_920_921_922_923_924_925_926_927_928_929_930_931_932_933_934_935_936_937_938_939_940_941_942_943_944_945_946_947_948_949_950_951_952_953_954_955_956_957_958_959_960_961_962_963_964_965_966_967_968_969_970_971_972_973_974_975_976_977_978_979_980_981_982_983_984_985_986_987_988_989_990_991_992_993_994_995_996_997_998_999_1000_1001_1002_1003_1004_1005_1006_1007_1008_1009_1010_1011_1012_1013_1014_1015_1016_1017_1018_1019_1020_1021_1022_1023_1024_1025_1026_1027_1028_1029_1030_1031_1032_1033_1034_1035_1036_1037_1038_1039_1040_1041_1042_1043_1044_1045_1046_1047_1048_1049_1050_1051_1052_1053_1054_1055_1056_1057_1058_1059_1060_1061_1062_1063_1064_1065_1066_1067_1068_1069_1070_1071_1072_1073_1074_1075_1076_1077_1078_1079_1080_1081_1082_1083_1084_1085_1086_1087_1088_1089_1090_1091_1092_1093_1094_1095_1096_1097_1098_1099_1100_1101_1102_1103_1104_1105_1106_1107_1108_1109_1110_1111_1112_1113_1114_1115_1116_1117_1118_1119_1120_1121_1122_1123_1124_1125_1126_1127_1128_1129_1130_1131_1132_1133_1134_1135_1136_1137_1138_1139_1140_1141_1142_1143_1144_1145_1146_1147_1148_1149_1150_1151_1152_1153_1154_1155_1156_1157_1158_1159_1160_1161_1162_1163_1164_1165_1166_1167_1168_1169_1170_1171_1172_1173_1174_1175_1176_1177_1178_1179_1180_1181_1182_1183_1184_1185_1186_1187_1188_1189_1190_1191_1192_1193_1194_1195_1196_1197_1198_1199_1200_1201_1202_1203_1204_1205_1206_1207_1208_1209_1210_1211_1212_1213_1214_1215_1216_1217_1218_1219_1220_1221_1222_1223_1224_1225_1226_1227_1228_1229_1230_1231_1232_1233_1234_1235_1236_1237_1238_1239_1240_1241_1242_1243_1244_1245_1246_1247_1248_1249_1250_1251_1252_1253_1254_1255_1256_1257_1258_1259_1260_1261_1262_1263_1264_1265_1266_1267_1268_1269_1270_1271_1272_1273_1274_1275_1276_1277_1278_1279_1280_1281_1282_1283_1284_1285_1286_1287_1288_1289_1290_1291_1292_1293_1294_1295_1296_1297_1298_1299_1300_1301_1302_1303_1304_1305_1306_1307_1308_1309_1310_1311_1312_1313_1314_1315_1316_1317_1318_1319_1320_1321_1322_1323_1324_1325_1326_1327_1328_1329_1330_1331_1332_1333_1334_1335_1336_1337_1338_1339_1340_1341_1342_1343_1344_1345_1346_1347_1348_1349_1350_1351_1352_1353_1354_1355_1356_1357_1358_1359_1360_1361_1362_1363_1364_1365_1366_1367_1368_1369_1370_1371_1372_1373_1374_1375_1376_1377_1378_1379_1380_1381_1382_1383_1384_1385_1386_1387_1388_1389_1390_1391_1392_1393_1394_1395_1396_1397_1398_1399_1400_1401_1402_1403_1404_1405_1406_1407_1408_1409_1410_1411_1412_1413_1414_1415_1416_1417_1418_1419_1420_1421_1422_1423_1424_1425_1426_1427_1428_1429_1430_1431_1432_1433_1434_1435_1436_1437_1438_1439_1440_1441_1442_1443_1444_1445_1446_1447_1448_1449_1450_1451_1452_1453_1454_1455_1456_1457_1458_1459_1460_1461_1462_1463_1464_1465_1466_1467_1468_1469_1470_1471_1472_1473_1474_1475_1476_1477_1478_1479_1480_1481_1482_1483_1484_1485_1486_1487_1488_1489_1490_1491_1492_1493_1494_1495_1496_1497_1498_1499_1500_1501_1502_1503_1504_1505_1506_1507_1508_1509_1510_1511_1512_1513_1514_1515_1516_1517_1518_1519_1520_1521_1522_1523_1524_1525_1526_1527_1528_1529_1530_1531_1532_1533_1534_1535_1536_1537_1538_1539_1540_1541_1542_1543_1544_1545_1546_1547_1548_1549_1550_1551_1552_1553_1554_1555_1556_1557_1558_1559_1560_1561_1562_1563_1564_1565_1566_1567_1568_1569_1570_1571_1572_1573_1574_1575_1576_1577_1578_1579_1580_1581_1582_1583_1584_1585_1586_1587_1588_1589_1590_1591_1592_1593_1594_1595_1596_1597_1598_1599_1600_1601_1602_1603_1604_1605_1606_1607_1608_1609_1610_1611_1612_1613_1614_1615_1616_1617_1618_1619_1620_1621_1622_1623_1624_1625_1626_1627_1628_1629_1630_1631_1632_1633_1634_1635_1636_1637_1638_1639_1640_1641_1642_1643_1644_1645_1646_1647_1648_1649_1650_1651_1652_1653_1654_1655_1656_1657_1658_1659_1660_1661_1662_1663_1664_1665_1666_1667_1668_1669_1670_1671_1672_1673_1674_1675_1676_1677_1678_1679_1680_1681_1682_1683_1684_1685_1686_1687_1688_1689_1690_1691_1692_1693_1694_1695_1696_1697_1698_1699_1700_1701_1702_1703_1704_1705_1706_1707_1708_1709_1710_1711_1712_1713_1714_1715_1716_1717_1718_1719_1720_1721_1722_1723_1724_1725_1726_1727_1728_1729_1730_1731_1732_1733_1734_1735_1736_1737_1738_1739_1740_1741_1742_1743_1744_1745_1746_1747_1748_1749_1750_1751_1752_1753_1754_1755_1756_1757_1758_1759_1760_1761_1762_1763_1764_1765_1766_1767_1768_1769_1770_1771_1772_1773_1774_1775_,3:{912;}5:{7;}6:{186;185;8;187;184;9;1737;}8:{10;74;11;73;}15:{17;18;83;1711;}18:{19;20;}20:{21;22;679;1707;}28:{24;46;23;}31:{30;51;29;52;39;50;28;40;27;26;}35:{33;54;32;53;31;}38:{37;35;59;34;55;56;57;}40:{41;42;43;45;}42:{44;48;676;49;678;677;}47:{369;58;358;413;14;424;347;3;402;336;1765;794;909;1754;}55:{648;672;647;675;}64:{60;}69:{324;114;}72:{70;94;68;76;95;67;77;93;}73:{683;72;684;12;13;71;685;15;195;75;194;86;16;}76:{66;65;85;87;78;88;64;92;84;79;62;61;}85:{81;82;63;38;}88:{89;673;674;}100:{667;101;666;665;}101:{117;103;104;116;112;}102:{380;280;136;269;302;291;}104:{106;}115:{659;120;}117:{115;118;105;119;}120:{121;126;122;612;123;656;124;655;}137:{209;133;598;130;145;146;599;129;131;148;605;134;}143:{583;}145:{597;}146:{584;149;}155:{596;575;159;589;160;588;}156:{439;}157:{161;162;}166:{348;346;351;572;349;587;352;571;345;592;163;}175:{219;218;173;217;}178:{177;215;176;214;175;212;}182:{179;181;178;}185:{183;188;182;}187:{189;190;99;192;98;97;}188:{100;193;}189:{671;670;96;}198:{651;}199:{200;654;201;205;140;653;139;206;141;138;204;207;137;142;203;652;196;208;143;}200:{174;}202:{435;236;225;458;180;}208:{606;}212:{211;210;198;199;197;}217:{334;221;292;342;337;341;}219:{172;216;171;220;}222:{288;266;227;}223:{267;226;}225:{213;1184;305;}227:{263;261;256;257;260;230;}229:{255;331;332;259;268;326;254;327;}231:{233;234;244;}235:{202;}237:{246;}238:{237;}239:{243;235;502;491;513;}241:{242;}244:{245;248;295;249;296;322;}246:{191;}254:{253;252;231;251;232;325;323;250;}258:{1073;1074;1080;1072;}261:{281;279;}262:{270;282;}263:{271;}267:{265;228;264;262;229;}296:{297;307;298;306;299;}299:{300;}300:{1175;}305:{845;841;}306:{301;}320:{1191;1195;1190;1460;1189;}321:{1461;1187;}327:{328;330;329;240;239;333;241;238;}329:{724;}337:{338;339;222;751;223;}338:{340;750;343;}342:{290;289;}343:{749;}347:{793;792;1743;313;391;}352:{350;353;570;357;595;356;354;593;568;344;}357:{864;}361:{364;377;}367:{408;}370:{366;376;365;}371:{368;367;363;375;}377:{407;}379:{362;}386:{389;383;381;567;374;379;}388:{390;392;433;565;}397:{403;404;411;405;412;}406:{555;}408:{406;560;559;556;}410:{414;423;}411:{415;416;}416:{445;448;}420:{418;417;}434:{432;431;566;}439:{440;438;441;437;385;386;436;387;382;388;434;}442:{429;428;427;426;}444:{425;410;}445:{449;450;451;}453:{454;455;}454:{456;490;506;492;}468:{470;718;902;471;527;472;525;523;473;}479:{478;477;476;}485:{484;483;508;482;509;481;510;479;511;}489:{493;499;498;485;}496:{503;}498:{497;495;496;494;500;501;530;}499:{529;528;}501:{504;505;}505:{421;420;419;}506:{507;489;488;457;487;459;486;}511:{512;514;515;}513:{524;535;680;669;480;657;646;}514:{516;517;518;}517:{519;422;}523:{520;475;}526:{461;522;460;521;}527:{474;}536:{537;538;539;}542:{540;}545:{732;731;730;725;}552:{550;549;543;544;542;545;541;}555:{534;531;536;}556:{554;561;533;562;532;563;}563:{564;452;453;}565:{393;398;394;395;396;399;444;443;397;409;400;430;401;442;}568:{378;372;359;384;360;371;373;355;361;370;}572:{594;}574:{167;168;166;170;165;}577:{573;}585:{151;154;576;152;157;164;590;155;156;}599:{578;579;581;582;577;574;}600:{603;585;604;150;586;}603:{153;}606:{135;649;650;607;601;600;}625:{626;627;631;628;632;630;643;629;633;}633:{636;634;}638:{621;637;622;623;625;}642:{617;641;618;640;619;639;620;638;}647:{645;644;111;}652:{128;127;132;144;}657:{702;469;713;447;}659:{658;660;609;661;610;611;}661:{608;614;616;615;642;}663:{108;109;107;110;}666:{664;663;90;662;}679:{681;682;1706;1705;1708;}680:{624;635;613;691;}686:{1730;1720;1729;}690:{693;694;}692:{695;}702:{147;158;247;258;169;}703:{701;700;1198;}706:{710;}711:{904;}719:{468;}721:{464;463;526;462;}726:{723;722;721;720;895;719;}737:{739;715;714;890;740;716;712;891;892;711;717;69;47;}738:{36;907;25;906;908;}744:{735;}747:{744;}748:{745;}749:{748;747;}758:{883;733;882;884;771;569;885;}761:{546;558;}765:{763;736;762;91;102;737;80;738;125;}767:{765;764;591;734;}771:{602;}774:{777;}780:{759;760;}791:{755;768;756;757;746;758;761;742;}800:{799;1101;798;1102;1103;825;}804:{826;}805:{823;1455;1444;}812:{938;939;940;}819:{818;1543;1106;817;931;1532;932;1105;816;795;1521;934;796;1104;}825:{1432;}827:{1377;1018;1019;}829:{854;855;}831:{830;829;}834:{833;832;831;}838:{836;834;}841:{1069;}845:{843;842;1076;1075;}864:{865;857;867;846;741;869;868;835;870;}868:{813;824;802;752;871;743;753;791;754;780;}871:{872;873;874;875;}881:{880;879;878;551;876;}882:{553;552;881;}885:{886;769;770;767;580;766;}892:{893;729;728;894;727;548;547;887;726;}894:{896;897;903;}896:{898;466;899;465;467;901;}908:{910;905;}919:{920;1666;1040;1654;921;1039;1038;789;}927:{930;}933:{900;}934:{937;}938:{941;942;}941:{943;945;950;}942:{946;1030;949;948;}944:{1199;1210;}945:{1031;947;994;}949:{995;996;951;962;997;}952:{953;954;989;990;}959:{963;964;956;965;981;980;}962:{961;960;1026;959;1027;958;1028;957;}964:{967;970;968;982;}970:{971;972;973;984;983;985;974;969;986;}982:{979;975;976;978;}989:{1133;1144;1122;1155;}990:{1166;1111;}992:{952;}999:{888;1540;1536;1537;1539;1538;}1000:{922;}1002:{998;1003;1004;}1004:{1005;1006;1017;1007;1008;992;988;993;991;977;}1010:{1000;955;944;1344;966;1177;1188;933;}1012:{1001;}1014:{1020;1002;1021;}1021:{1023;1024;1015;1016;1025;1355;1009;1366;1010;}1027:{1029;}1034:{928;820;929;1555;819;}1039:{1632;1086;1037;1621;923;924;1036;1610;1085;925;1599;1084;}1054:{708;1051;709;}1057:{707;}1060:{1062;}1061:{1063;}1062:{1064;1081;1082;}1069:{783;1068;782;1067;1065;778;}1073:{1071;1070;1079;1078;}1074:{781;}1081:{1083;}1087:{1057;1056;1058;1115;1114;1054;706;1113;}1095:{1107;1098;1109;1100;800;1112;}1113:{1053;1052;}1117:{809;1118;808;1119;807;803;1096;1493;806;805;801;804;1097;}1119:{1410;1421;828;}1126:{1125;1124;1059;1183;}1133:{1088;}1134:{705;1132;1128;1136;1129;1127;1137;1130;1126;1138;}1144:{987;1099;}1147:{1148;1156;1149;1157;1158;1489;1150;1486;1159;1152;}1152:{1153;1154;1094;1116;1095;1108;1117;}1159:{1160;1162;1091;1161;1090;1092;1089;1139;1121;1123;1087;1120;1093;}1173:{1492;1145;1491;1146;1490;1147;}1174:{1176;1178;}1175:{303;304;1179;}1178:{1180;1181;1182;}1180:{844;1061;}1181:{1060;}1185:{1164;1168;1163;1169;1131;1174;1134;1140;}1187:{1186;1192;1193;1185;1165;1167;1194;}1194:{1170;1171;1172;1141;1142;1173;1143;1135;}1196:{318;319;320;316;321;}1197:{315;}1198:{317;}1200:{1197;697;698;699;1196;}1203:{1200;}1204:{1202;1207;}1206:{1215;1240;1208;1214;1239;696;1213;1224;}1207:{1238;}1214:{1211;1212;1209;1225;}1220:{1201;}1224:{1226;1237;1236;1227;1235;}1226:{1228;1234;1229;}1232:{1241;1575;1242;1574;1243;}1235:{1231;1230;}1236:{1232;}1242:{1245;1246;1429;}1256:{1252;}1264:{1263;1265;1766;1262;1267;}1265:{1601;1268;1627;1286;1269;1261;1626;1270;}1270:{1271;1272;1284;1285;1283;1273;1257;1282;1256;1258;1281;}1272:{1274;1254;1280;1275;1253;1279;1602;}1279:{1276;1278;1287;1605;1604;1606;1603;1251;1607;1608;}1287:{1290;1294;1295;1291;}1289:{1293;1600;1292;840;}1292:{1250;1249;1248;}1297:{1303;1302;}1298:{1300;1304;1315;1311;1312;}1303:{1301;1298;}1312:{1317;}1315:{1322;1313;1316;1314;}1316:{1318;}1317:{1323;1319;1324;1320;}1320:{1331;1356;1330;1354;1329;1353;}1328:{1338;1337;1340;}1329:{1328;1327;1326;1325;1334;}1338:{1339;1336;1361;1360;1335;1362;1341;1342;1359;1309;1343;1595;}1342:{1363;}1343:{1364;}1348:{1346;1345;}1350:{1348;1347;}1351:{1349;}1353:{1352;1357;1351;1358;1350;}1364:{1365;1370;1367;1371;1368;1372;1369;}1423:{1422;1420;}1425:{1424;}1426:{1580;1579;1425;1430;1578;1431;}1429:{1428;1427;1247;1426;}1430:{1434;}1432:{1013;1014;1012;}1434:{1435;1436;1437;}1437:{1438;1439;}1441:{1440;1583;}1442:{1557;}1446:{1449;}1457:{1458;1465;1454;1467;1453;1468;1452;}1460:{1462;1463;}1461:{1464;}1463:{1459;1457;1456;}1467:{1563;1562;1561;}1475:{1472;1471;1474;1470;1494;1473;1469;}1478:{1481;1482;}1480:{1483;}1483:{1399;1388;827;}1485:{1480;}1486:{1487;1485;1484;1151;1478;1476;1479;1475;}1496:{1497;}1505:{1503;1502;1527;1501;1528;1526;1500;1498;1525;}1511:{1524;1542;}1512:{1516;1518;1541;1520;}1514:{1544;}1521:{1510;815;814;1499;812;797;1488;935;1477;810;936;1466;811;}1523:{1529;}1524:{1533;1535;}1527:{1531;1530;}1533:{1534;999;}1542:{1550;1549;1545;1546;}1545:{1547;1548;}1552:{1504;}1553:{1552;1551;1506;1507;1508;1505;1558;1509;1511;}1557:{1559;1512;1513;1523;1584;}1559:{1522;1514;1515;1517;1519;}1562:{1495;1496;}1565:{1564;1447;1446;1445;1448;1581;1442;1582;1441;}1569:{1565;}1570:{1567;}1571:{1568;}1572:{1570;1569;}1575:{1576;1573;1572;1571;}1580:{1433;1423;}1582:{1556;1560;1553;}1599:{1047;1035;1588;1048;1034;822;1577;1049;1032;821;926;1050;1566;927;}1600:{1296;1297;}1608:{1609;1611;1612;1289;}1609:{837;}1612:{839;838;}1614:{1613;1771;1619;1772;1620;1773;1264;}1620:{1622;}1622:{1623;1693;1624;1692;1691;1690;}1624:{1628;1629;}1625:{1630;}1630:{1631;1633;1634;}1631:{1635;1636;}1636:{1637;1638;1639;1678;}1638:{1640;1641;1642;}1640:{1644;1645;}1645:{1646;1650;1651;1649;1652;1653;1648;1655;}1655:{856;}1657:{1647;}1659:{1669;1656;}1660:{689;1670;1663;}1662:{1664;1667;1694;1668;1695;}1673:{1657;}1679:{1676;}1682:{1681;1683;1700;1680;1684;1698;1679;1675;1685;1674;}1685:{1661;1660;1673;1672;687;1662;1659;688;1697;1658;1671;}1687:{1682;}1688:{788;1643;}1690:{1689;1687;1686;}1699:{785;919;787;}1702:{1696;}1704:{1702;1701;}1706:{1704;1703;}1710:{773;915;916;772;917;1688;918;784;786;1677;}1713:{1712;1709;}1715:{1714;1713;}1726:{1725;1767;1768;1616;1615;1617;1769;1614;1770;1618;}1729:{1728;1727;1722;1745;1726;1723;1746;1724;1748;}1734:{1742;686;1717;1733;1744;1716;1718;1731;1715;1719;}1737:{1774;1738;1736;4;1775;1739;1735;5;1740;1741;6;1734;}1743:{1732;790;1721;913;914;1710;775;774;776;1699;}1748:{1747;1749;1750;}1749:{1751;}1751:{1756;1757;}1755:{1758;}1757:{1759;1219;1220;704;1218;1217;}1759:{1223;1204;1205;703;1203;1206;1216;}1763:{1762;1761;1260;1760;690;1752;1753;692;1755;}1766:{1259;}1771:{1764;1763;}1773:{1625;},80_91_302_313_324_393_394_395_396_397_401_402_403_404_405_406_429_430_443_444_532_533_544_545_547_548_549_550_554_555_556_559_560_734_736_762_763_781_782_783_829_830_854_887_1057_1058_1062_1063_1065_1067_1068_1087_1089_1120_1121_1147_1148_1157_1158_1159_1160_1297_1303_1425_1430_1431_1433_1441_1442_1469_1470_1473_1474_1489_1490_1560_1561_1562_1563_1580_1582_,1737-1774*0_1737-1738*0_1737-1736*0_1737-4*0_1737-1775*0_1737-1739*0_1737-1735*0_1737-5*0_1737-1740*0_1737-1741*0_1737-6*0_1737-1734*0_5-7*1_6-186*1_6-185*1_6-8*1_6-187*1_6-184*1_6-9*1_6-1737*1_185-183*2_185-188*2_185-182*2_1734-1742*1_1734-686*1_1734-1717*1_1734-1733*1_1734-1744*1_1734-1716*1_1734-1718*1_1734-1731*1_1734-1715*1_1734-1719*1_182-179*3_182-181*3_182-178*3_178-177*4_178-215*4_178-176*4_178-214*4_178-175*4_178-212*4_686-1730*3_686-1720*3_686-1729*3_187-189*3_187-190*3_187-99*3_187-192*3_187-98*3_187-97*3_1715-1714*2_1715-1713*2_212-211*5_212-210*5_212-198*5_212-199*5_212-197*5_188-100*3_188-193*3_8-10*2_8-74*2_8-11*2_8-73*2_199-200*6_199-654*6_199-201*6_199-205*6_199-140*6_199-653*6_199-139*6_199-206*6_199-141*6_199-138*6_199-204*6_199-207*6_199-137*6_199-142*6_199-203*6_199-652*6_199-196*6_199-208*6_199-143*6_189-671*4_189-670*4_189-96*4_73-683*3_73-72*3_73-684*3_73-12*3_73-13*3_73-71*3_73-685*3_73-15*3_73-195*3_73-75*3_73-194*3_73-86*3_73-16*3_1729-1728*4_1729-1727*4_1729-1722*4_1729-1745*4_1729-1726*4_1729-1723*4_1729-1746*4_1729-1724*4_1729-1748*4_72-70*4_72-94*4_72-68*4_72-76*4_72-95*4_72-67*4_72-77*4_72-93*4_200-174*7_100-667*5_100-101*5_100-666*5_100-665*5_1726-1725*5_1726-1767*5_1726-1768*5_1726-1616*5_1726-1615*5_1726-1617*5_1726-1769*5_1726-1614*5_1726-1770*5_1726-1618*5_137-209*7_137-133*7_137-598*7_137-130*7_137-145*7_137-146*7_137-599*7_137-129*7_137-131*7_137-148*7_137-605*7_137-134*7_76-66*5_76-65*5_76-85*5_76-87*5_76-78*5_76-88*5_76-64*5_76-92*5_76-84*5_76-79*5_76-62*5_76-61*5_198-651*6_1614-1613*6_1614-1771*6_1614-1619*6_1614-1772*6_1614-1620*6_1614-1773*6_1614-1264*6_652-128*8_652-127*8_652-132*8_652-144*8_208-606*7_1620-1622*7_1264-1263*7_1264-1265*7_1264-1766*7_1264-1262*7_1264-1267*7_15-17*5_15-18*5_15-83*5_15-1711*5_606-135*8_606-649*8_606-650*8_606-607*8_606-601*8_606-600*8_1713-1712*3_1713-1709*3_666-664*6_666-663*6_666-90*6_666-662*6_85-81*6_85-82*6_85-63*6_85-38*6_145-597*8_18-19*6_18-20*6_64-60*7_1748-1747*5_1748-1749*5_1748-1750*5_143-583*7_1771-1764*7_1771-1763*7_146-584*9_146-149*9_88-89*7_88-673*7_88-674*7_600-603*9_600-585*9_600-604*9_600-150*9_600-586*9_38-37*8_38-35*8_38-59*8_38-34*8_38-55*8_38-56*8_38-57*8_599-578*8_599-579*8_599-581*8_599-582*8_599-577*8_599-574*8_101-117*7_101-103*7_101-104*7_101-116*7_101-112*7_175-219*5_175-218*5_175-173*5_175-217*5_117-115*8_117-118*8_117-105*8_117-119*8_585-151*10_585-154*10_585-576*10_585-152*10_585-157*10_585-164*10_585-590*10_585-155*10_585-156*10_35-33*9_35-54*9_35-32*9_35-53*9_35-31*9_115-659*9_115-120*9_1265-1601*8_1265-1268*8_1265-1627*8_1265-1286*8_1265-1269*8_1265-1261*8_1265-1626*8_1265-1270*8_55-648*9_55-672*9_55-647*9_55-675*9_155-596*11_155-575*11_155-159*11_155-589*11_155-160*11_155-588*11_157-161*11_157-162*11_603-153*11_659-658*10_659-660*10_659-609*10_659-661*10_659-610*10_659-611*10_1763-1762*8_1763-1761*8_1763-1260*8_1763-1760*8_1763-690*8_1763-1752*8_1763-1753*8_1763-692*8_1763-1755*8_104-106*8_31-30*10_31-51*10_31-29*10_31-52*10_31-39*10_31-50*10_31-28*10_31-40*10_31-27*10_31-26*10_577-573*9_28-24*11_28-46*11_28-23*11_20-21*8_20-22*8_20-679*8_20-1707*8_40-41*11_40-42*11_40-43*11_40-45*11_1749-1751*6_574-167*9_574-168*9_574-166*9_574-170*9_574-165*9_120-121*10_120-126*10_120-122*10_120-612*10_120-123*10_120-656*10_120-124*10_120-655*10_156-439*11_647-645*10_647-644*10_647-111*10_663-108*8_663-109*8_663-107*8_663-110*8_1766-1259*9_219-172*6_219-216*6_219-171*6_219-220*6_1751-1756*7_1751-1757*7_1270-1271*9_1270-1272*9_1270-1284*9_1270-1285*9_1270-1283*9_1270-1273*9_1270-1257*9_1270-1282*9_1270-1256*9_1270-1258*9_1270-1281*9_1773-1625*7_42-44*13_42-48*13_42-676*13_42-49*13_42-678*13_42-677*13_1755-1758*9_1622-1623*8_1622-1693*8_1622-1624*8_1622-1692*8_1622-1691*8_1622-1690*8_690-693*9_690-694*9_1757-1759*8_1757-1219*8_1757-1220*8_1757-704*8_1757-1218*8_1757-1217*8_679-681*9_679-682*9_679-1706*9_679-1705*9_679-1708*9_1272-1274*12_1272-1254*12_1272-1280*12_1272-1275*12_1272-1253*12_1272-1279*12_1272-1602*12_1279-1276*13_1279-1278*13_1279-1287*13_1279-1605*13_1279-1604*13_1279-1606*13_1279-1603*13_1279-1251*13_1279-1607*13_1279-1608*13_1256-1252*13_692-695*9_166-348*10_166-346*10_166-351*10_166-572*10_166-349*10_166-587*10_166-352*10_166-571*10_166-345*10_166-592*10_166-163*10_1624-1628*9_1624-1629*9_217-334*6_217-221*6_217-292*6_217-342*6_217-337*6_217-341*6_661-608*12_661-614*12_661-616*12_661-615*12_661-642*12_1608-1609*14_1608-1611*14_1608-1612*14_1608-1289*14_1759-1223*9_1759-1204*9_1759-1205*9_1759-703*9_1759-1203*9_1759-1206*9_1759-1216*9_439-440*12_439-438*12_439-441*12_439-437*12_439-385*12_439-386*12_439-436*12_439-387*12_439-382*12_439-388*12_439-434*12_642-617*13_642-641*13_642-618*13_642-640*13_642-619*13_642-639*13_642-620*13_642-638*13_1204-1202*10_1204-1207*10_352-350*11_352-353*11_352-570*11_352-357*11_352-595*11_352-356*11_352-354*11_352-593*11_352-568*11_352-344*11_638-621*14_638-637*14_638-622*14_638-623*14_638-625*14_386-389*13_386-383*13_386-381*13_386-567*13_386-374*13_386-379*13_1206-1215*11_1206-1240*11_1206-1208*11_1206-1214*11_1206-1239*11_1206-696*11_1206-1213*11_1206-1224*11_388-390*13_388-392*13_388-433*13_388-565*13_572-594*12_434-432*13_434-431*13_434-566*13_1625-1630*8_565-393*14_565-398*14_565-394*14_565-395*14_565-396*14_565-399*14_565-444*14_565-443*14_565-397*14_565-409*14_565-400*14_565-430*14_565-401*14_565-442*14_568-378*13_568-372*13_568-359*13_568-384*13_568-360*13_568-371*13_568-373*13_568-355*13_568-361*13_568-370*13_442-429*15_442-428*15_442-427*15_442-426*15_337-338*7_337-339*7_337-222*7_337-751*7_337-223*7_444-425*15_444-410*15_1630-1631*9_1630-1633*9_1630-1634*9_357-864*12_397-403*15_397-404*15_397-411*15_397-405*15_397-412*15_1220-1201*9_410-414*16_410-423*16_379-362*14_1690-1689*9_1690-1687*9_1690-1686*9_1203-1200*10_1287-1290*15_1287-1294*15_1287-1295*15_1287-1291*15_371-368*14_371-367*14_371-363*14_371-375*14_1289-1293*15_1289-1600*15_1289-1292*15_1289-840*15_1631-1635*10_1631-1636*10_625-626*15_625-627*15_625-631*15_625-628*15_625-632*15_625-630*15_625-643*15_625-629*15_625-633*15_411-415*16_411-416*16_338-340*8_338-750*8_338-343*8_1612-839*16_1612-838*16_1214-1211*12_1214-1212*12_1214-1209*12_1214-1225*12_370-366*15_370-376*15_370-365*15_1706-1704*10_1706-1703*10_1609-837*16_1207-1238*11_1600-1296*16_1600-1297*16_838-836*17_838-834*17_1636-1637*11_1636-1638*11_1636-1639*11_1636-1678*11_361-364*15_361-377*15_367-408*16_1224-1226*12_1224-1237*12_1224-1236*12_1224-1227*12_1224-1235*12_416-445*17_416-448*17_1687-1682*10_1297-1303*17_1297-1302*17_864-865*13_864-857*13_864-867*13_864-846*13_864-741*13_864-869*13_864-868*13_864-835*13_864-870*13_342-290*7_342-289*7_834-833*18_834-832*18_834-831*18_1226-1228*13_1226-1234*13_1226-1229*13_633-636*16_633-634*16_1292-1250*16_1292-1249*16_1292-1248*16_377-407*16_1236-1232*13_408-406*17_408-560*17_408-559*17_408-556*17_1235-1231*13_1235-1230*13_868-813*14_868-824*14_868-802*14_868-752*14_868-871*14_868-743*14_868-753*14_868-791*14_868-754*14_868-780*14_406-555*18_1232-1241*14_1232-1575*14_1232-1242*14_1232-1574*14_1232-1243*14_1704-1702*11_1704-1701*11_1682-1681*11_1682-1683*11_1682-1700*11_1682-1680*11_1682-1684*11_1682-1698*11_1682-1679*11_1682-1675*11_1682-1685*11_1682-1674*11_343-749*9_703-701*11_703-700*11_703-1198*11_831-830*19_831-829*19_791-755*15_791-768*15_791-756*15_791-757*15_791-746*15_791-758*15_791-761*15_791-742*15_1679-1676*12_780-759*15_780-760*15_556-554*18_556-561*18_556-533*18_556-562*18_556-532*18_556-563*18_758-883*16_758-733*16_758-882*16_758-884*16_758-771*16_758-569*16_758-885*16_829-854*20_829-855*20_885-886*17_885-769*17_885-770*17_885-767*17_885-580*17_885-766*17_1685-1661*12_1685-1660*12_1685-1673*12_1685-1672*12_1685-687*12_1685-1662*12_1685-1659*12_1685-688*12_1685-1697*12_1685-1658*12_1685-1671*12_1242-1245*15_1242-1246*15_1242-1429*15_1638-1640*12_1638-1641*12_1638-1642*12_1429-1428*16_1429-1427*16_1429-1247*16_1429-1426*16_767-765*18_767-764*18_767-591*18_767-734*18_223-267*8_223-226*8_1673-1657*13_761-546*16_761-558*16_1660-689*13_1660-1670*13_1660-1663*13_1659-1669*14_1659-1656*14_1200-1197*12_1200-697*12_1200-698*12_1200-699*12_1200-1196*12_1640-1644*13_1640-1645*13_1426-1580*17_1426-1579*17_1426-1425*17_1426-1430*17_1426-1578*17_1426-1431*17_445-449*19_445-450*19_445-451*19_1657-1647*15_1662-1664*13_1662-1667*13_1662-1694*13_1662-1668*13_1662-1695*13_1575-1576*15_1575-1573*15_1575-1572*15_1575-1571*15_1198-317*12_1303-1301*18_1303-1298*18_1645-1646*14_1645-1650*14_1645-1651*14_1645-1649*14_1645-1652*14_1645-1653*14_1645-1648*14_1645-1655*14_222-288*8_222-266*8_222-227*8_749-748*10_749-747*10_1702-1696*12_1425-1424*18_555-534*19_555-531*19_555-536*19_1196-318*13_1196-319*13_1196-320*13_1196-316*13_1196-321*13_765-763*19_765-736*19_765-762*19_765-91*19_765-102*19_765-737*19_765-80*19_765-738*19_765-125*19_267-265*9_267-228*9_267-264*9_267-262*9_267-229*9_1298-1300*19_1298-1304*19_1298-1315*19_1298-1311*19_1298-1312*19_1572-1570*16_1572-1569*16_771-602*17_1580-1433*18_1580-1423*18_1315-1322*20_1315-1313*20_1315-1316*20_1315-1314*20_1571-1568*16_737-739*20_737-715*20_737-714*20_737-890*20_737-740*20_737-716*20_737-712*20_737-891*20_737-892*20_737-711*20_737-717*20_737-69*20_737-47*20_1423-1422*19_1423-1420*19_738-36*20_738-907*20_738-25*20_738-906*20_738-908*20_748-745*11_1312-1317*20_47-369*21_47-58*21_47-358*21_47-413*21_47-14*21_47-424*21_47-347*21_47-3*21_47-402*21_47-336*21_47-1765*21_47-794*21_47-909*21_47-1754*21_69-324*21_69-114*21_1655-856*16_882-553*19_882-552*19_882-881*19_908-910*22_908-905*22_563-564*19_563-452*19_563-453*19_881-880*20_881-879*20_881-878*20_881-551*20_881-876*20_892-893*21_892-729*21_892-728*21_892-894*21_892-727*21_892-548*21_892-547*21_892-887*21_892-726*21_871-872*15_871-873*15_871-874*15_871-875*15_711-904*22_552-550*20_552-549*20_552-543*20_552-544*20_552-542*20_552-545*20_552-541*20_536-537*20_536-538*20_536-539*20_1570-1567*17_545-732*21_545-731*21_545-730*21_545-725*21_453-454*20_453-455*20_347-793*22_347-792*22_347-1743*22_347-313*22_347-391*22_747-744*11_454-456*21_454-490*21_454-506*21_454-492*21_726-723*22_726-722*22_726-721*22_726-720*22_726-895*22_726-719*22_3-912*23_542-540*22_1569-1565*18_1197-315*13_102-380*20_102-280*20_102-136*20_102-269*20_102-302*20_102-291*20_1565-1564*19_1565-1447*19_1565-1446*19_1565-1445*19_1565-1448*19_1565-1581*19_1565-1442*19_1565-1582*19_1565-1441*19_320-1191*14_320-1195*14_320-1190*14_320-1460*14_320-1189*14_227-263*9_227-261*9_227-256*9_227-257*9_227-260*9_227-230*9_1316-1318*21_506-507*22_506-489*22_506-488*22_506-457*22_506-487*22_506-459*22_506-486*22_1743-1732*24_1743-790*24_1743-1721*24_1743-913*24_1743-914*24_1743-1710*24_1743-775*24_1743-774*24_1743-776*24_1743-1699*24_894-896*23_894-897*23_894-903*23_321-1461*14_321-1187*14_489-493*23_489-499*23_489-498*23_489-485*23_498-497*24_498-495*24_498-496*24_498-494*24_498-500*24_498-501*24_498-530*24_229-255*10_229-331*10_229-332*10_229-259*10_229-268*10_229-326*10_229-254*10_229-327*10_896-898*24_896-466*24_896-899*24_896-465*24_896-467*24_896-901*24_744-735*12_721-464*24_721-463*24_721-526*24_721-462*24_499-529*24_499-528*24_1710-773*25_1710-915*25_1710-916*25_1710-772*25_1710-917*25_1710-1688*25_1710-918*25_1710-784*25_1710-786*25_1710-1677*25_262-270*10_262-282*10_485-484*24_485-483*24_485-508*24_485-482*24_485-509*24_485-481*24_485-510*24_485-479*24_485-511*24_1699-785*25_1699-919*25_1699-787*25_1317-1323*22_1317-1319*22_1317-1324*22_1317-1320*22_1460-1462*15_1460-1463*15_719-468*23_254-253*11_254-252*11_254-231*11_254-251*11_254-232*11_254-325*11_254-323*11_254-250*11_1430-1434*18_919-920*26_919-1666*26_919-1040*26_919-1654*26_919-921*26_919-1039*26_919-1038*26_919-789*26_327-328*11_327-330*11_327-329*11_327-240*11_327-239*11_327-333*11_327-241*11_327-238*11_479-478*25_479-477*25_479-476*25_468-470*24_468-718*24_468-902*24_468-471*24_468-527*24_468-472*24_468-525*24_468-523*24_468-473*24_1688-788*26_1688-1643*26_1320-1331*23_1320-1356*23_1320-1330*23_1320-1354*23_1320-1329*23_1320-1353*23_526-461*25_526-522*25_526-460*25_526-521*25_1039-1632*27_1039-1086*27_1039-1037*27_1039-1621*27_1039-923*27_1039-924*27_1039-1036*27_1039-1610*27_1039-1085*27_1039-925*27_1039-1599*27_1039-1084*27_1442-1557*20_511-512*25_511-514*25_511-515*25_231-233*12_231-234*12_231-244*12_1353-1352*24_1353-1357*24_1353-1351*24_1353-1358*24_1353-1350*24_1434-1435*19_1434-1436*19_1434-1437*19_527-474*25_514-516*26_514-517*26_514-518*26_1599-1047*28_1599-1035*28_1599-1588*28_1599-1048*28_1599-1034*28_1599-822*28_1599-1577*28_1599-1049*28_1599-1032*28_1599-821*28_1599-926*28_1599-1050*28_1599-1566*28_1599-927*28_241-242*12_238-237*12_239-243*13_239-235*13_239-502*13_239-491*13_239-513*13_1034-928*29_1034-820*29_1034-929*29_1034-1555*29_1034-819*29_1582-1556*21_1582-1560*21_1582-1553*21_329-724*13_496-503*25_1351-1349*25_1461-1464*15_523-520*26_523-475*26_513-524*14_513-535*14_513-680*14_513-669*14_513-480*14_513-657*14_513-646*14_1553-1552*22_1553-1551*22_1553-1506*22_1553-1507*22_1553-1508*22_1553-1505*22_1553-1558*22_1553-1509*22_1553-1511*22_1446-1449*20_263-271*10_927-930*29_501-504*25_501-505*25_1441-1440*20_1441-1583*20_237-246*14_244-245*13_244-248*13_244-295*13_244-249*13_244-296*13_244-322*13_680-624*15_680-635*15_680-613*15_680-691*15_1557-1559*21_1557-1512*21_1557-1513*21_1557-1523*21_1557-1584*21_296-297*14_296-307*14_296-298*14_296-306*14_296-299*14_657-702*15_657-469*15_657-713*15_657-447*15_1552-1504*23_819-818*30_819-1543*30_819-1106*30_819-817*30_819-931*30_819-1532*30_819-932*30_819-1105*30_819-816*30_819-795*30_819-1521*30_819-934*30_819-796*30_819-1104*30_1505-1503*23_1505-1502*23_1505-1527*23_1505-1501*23_1505-1528*23_1505-1526*23_1505-1500*23_1505-1498*23_1505-1525*23_1187-1186*15_1187-1192*15_1187-1193*15_1187-1185*15_1187-1165*15_1187-1167*15_1187-1194*15_1559-1522*24_1559-1514*24_1559-1515*24_1559-1517*24_1559-1519*24_261-281*10_261-279*10_1437-1438*20_1437-1439*20_1512-1516*22_1512-1518*22_1512-1541*22_1512-1520*22_1511-1524*23_1511-1542*23_235-202*14_299-300*15_1350-1348*25_1350-1347*25_306-301*15_1185-1164*16_1185-1168*16_1185-1163*16_1185-1169*16_1185-1131*16_1185-1174*16_1185-1134*16_1185-1140*16_1329-1328*24_1329-1327*24_1329-1326*24_1329-1325*24_1329-1334*24_702-147*17_702-158*17_702-247*17_702-258*17_702-169*17_246-191*15_1463-1459*16_1463-1457*16_1463-1456*16_517-519*27_517-422*27_202-435*15_202-236*15_202-225*15_202-458*15_202-180*15_1521-1510*31_1521-815*31_1521-814*31_1521-1499*31_1521-812*31_1521-797*31_1521-1488*31_1521-935*31_1521-1477*31_1521-810*31_1521-936*31_1521-1466*31_1521-811*31_1194-1170*16_1194-1171*16_1194-1172*16_1194-1141*16_1194-1142*16_1194-1173*16_1194-1143*16_1194-1135*16_1527-1531*24_1527-1530*24_934-937*32_1523-1529*25_300-1175*16_774-777*25_1524-1533*25_1524-1535*25_258-1073*18_258-1074*18_258-1080*18_258-1072*18_1514-1544*25_812-938*33_812-939*33_812-940*33_1348-1346*26_1348-1345*26_1542-1550*26_1542-1549*26_1542-1545*26_1542-1546*26_1173-1492*17_1173-1145*17_1173-1491*17_1173-1146*17_1173-1490*17_1173-1147*17_1147-1148*18_1147-1156*18_1147-1149*18_1147-1157*18_1147-1158*18_1147-1489*18_1147-1150*18_1147-1486*18_1147-1159*18_1147-1152*18_225-213*16_225-1184*16_225-305*16_1134-705*17_1134-1132*17_1134-1128*17_1134-1136*17_1134-1129*17_1134-1127*17_1134-1137*17_1134-1130*17_1134-1126*17_1134-1138*17_1545-1547*27_1545-1548*27_1174-1176*17_1174-1178*17_1175-303*17_1175-304*17_1175-1179*17_1486-1487*19_1486-1485*19_1486-1484*19_1486-1151*19_1486-1478*19_1486-1476*19_1486-1479*19_1486-1475*19_1178-1180*18_1178-1181*18_1178-1182*18_1533-1534*26_1533-999*26_938-941*34_938-942*34_1475-1472*20_1475-1471*20_1475-1474*20_1475-1470*20_1475-1494*20_1475-1473*20_1475-1469*20_1485-1480*20_1159-1160*19_1159-1162*19_1159-1091*19_1159-1161*19_1159-1090*19_1159-1092*19_1159-1089*19_1159-1139*19_1159-1121*19_1159-1123*19_1159-1087*19_1159-1120*19_1159-1093*19_305-845*17_305-841*17_1126-1125*18_1126-1124*18_1126-1059*18_1126-1183*18_1457-1458*17_1457-1465*17_1457-1454*17_1457-1467*17_1457-1453*17_1457-1468*17_1457-1452*17_941-943*35_941-945*35_941-950*35_999-888*27_999-1540*27_999-1536*27_999-1537*27_999-1539*27_999-1538*27_1180-844*19_1180-1061*19_1181-1060*19_1152-1153*20_1152-1154*20_1152-1094*20_1152-1116*20_1152-1095*20_1152-1108*20_1152-1117*20_1073-1071*19_1073-1070*19_1073-1079*19_1073-1078*19_1478-1481*20_1478-1482*20_1087-1057*20_1087-1056*20_1087-1058*20_1087-1115*20_1087-1114*20_1087-1054*20_1087-706*20_1087-1113*20_942-946*35_942-1030*35_942-949*35_942-948*35_1480-1483*21_945-1031*36_945-947*36_945-994*36_1060-1062*20_505-421*26_505-420*26_505-419*26_1061-1063*20_1117-809*21_1117-1118*21_1117-808*21_1117-1119*21_1117-807*21_1117-803*21_1117-1096*21_1117-1493*21_1117-806*21_1117-805*21_1117-801*21_1117-804*21_1117-1097*21_845-843*20_845-842*20_845-1076*20_845-1075*20_1095-1107*21_1095-1098*21_1095-1109*21_1095-1100*21_1095-800*21_1095-1112*21_841-1069*18_800-799*22_800-1101*22_800-798*22_800-1102*22_800-1103*22_800-825*22_1483-1399*22_1483-1388*22_1483-827*22_1057-707*21_804-826*22_1074-781*19_949-995*37_949-996*37_949-951*37_949-962*37_949-997*37_1113-1053*21_1113-1052*21_1054-708*21_1054-1051*21_1054-709*21_962-961*38_962-960*38_962-1026*38_962-959*38_962-1027*38_962-958*38_962-1028*38_962-957*38_706-710*22_805-823*23_805-1455*23_805-1444*23_825-1432*23_1069-783*19_1069-1068*19_1069-782*19_1069-1067*19_1069-1065*19_1069-778*19_1119-1410*23_1119-1421*23_1119-828*23_1432-1013*24_1432-1014*24_1432-1012*24_827-1377*23_827-1018*23_827-1019*23_1328-1338*25_1328-1337*25_1328-1340*25_1027-1029*39_959-963*39_959-964*39_959-956*39_959-965*39_959-981*39_959-980*39_1014-1020*25_1014-1002*25_1014-1021*25_1062-1064*21_1062-1081*21_1062-1082*21_1467-1563*18_1467-1562*18_1467-1561*18_964-967*40_964-970*40_964-968*40_964-982*40_1021-1023*26_1021-1024*26_1021-1015*26_1021-1016*26_1021-1025*26_1021-1355*26_1021-1009*26_1021-1366*26_1021-1010*26_1562-1495*19_1562-1496*19_1012-1001*25_1002-998*26_1002-1003*26_1002-1004*26_1081-1083*23_1004-1005*27_1004-1006*27_1004-1017*27_1004-1007*27_1004-1008*27_1004-992*27_1004-988*27_1004-993*27_1004-991*27_1004-977*27_1338-1339*26_1338-1336*26_1338-1361*26_1338-1360*26_1338-1335*26_1338-1362*26_1338-1341*26_1338-1342*26_1338-1359*26_1338-1309*26_1338-1343*26_1338-1595*26_1496-1497*20_1342-1363*27_1010-1000*27_1010-955*27_1010-944*27_1010-1344*27_1010-966*27_1010-1177*27_1010-1188*27_1010-933*27_970-971*41_970-972*41_970-973*41_970-984*41_970-983*41_970-985*41_970-974*41_970-969*41_970-986*41_1343-1364*27_982-979*42_982-975*42_982-976*42_982-978*42_1364-1365*28_1364-1370*28_1364-1367*28_1364-1371*28_1364-1368*28_1364-1372*28_1364-1369*28_992-952*28_1000-922*28_952-953*29_952-954*29_952-989*29_952-990*29_420-418*27_420-417*27_989-1133*30_989-1144*30_989-1122*30_989-1155*30_990-1166*31_990-1111*31_1144-987*32_1144-1099*32_933-900*28_944-1199*28_944-1210*28_1133-1088*34_
