"id","Scenario","Actual Range","Protocol","Buildings","Total nodes","Nodes on circ","Total coverage","Coverage on circ","Alert received mean time","Hops","Slots","Messages sent","Messages received", "Starting x", "Starting y","Starting node", "Vehicle distance", "Received node ids", "Node ids", "Transmission map", "Received on circ nodes", "Transmission vector"
0,1,100,100,0,1776,80,1624,77,457501,18.1169,464.247,988,1624,1153.84,1884.7,310,25,309_311_308_312_294_314_293_275_276_274_277_273_287_272_278_310_250_271_286_285_850_279_851_284_270_849_852_283_325_251_249_323_248_252_233_244_232_253_231_853_847_848_281_282_260_315_259_268_261_257_262_263_264_256_265_229_228_254_255_230_245_246_295_234_296_235_322_326_327_330_238_237_328_239_240_329_241_242_243_502_491_333_513_331_332_288_227_266_226_267_223_222_289_342_221_220_292_316_317_699_202_191_435_236_447_225_334_216_290_337_341_217_218_338_219_458_180_469_169_646_635_480_158_524_535_680_724_669_546_657_735_742_746_757_744_743_768_780_698_700_697_701_1197_1198_1196_1200_147_247_713_258_136_702_269_125_691_1080_613_624_1073_280_114_602_558_569_591_173_175_174_172_176_171_203_215_177_318_319_320_178_214_179_212_211_102_380_391_91_402_80_764_291_762_302_1074_58_766_69_204_210_321_1191_1190_1195_1189_1201_1202_1203_703_704_1220_1223_1759_1204_1219_1758_1757_580_770_769_771_767_733_761_791_756_755_752_758_753_802_754_759_813_760_765_734_763_736_886_885_737_170_168_339_751_340_750_343_749_1756_1755_1753_1218_1217_1752_198_197_196_199_654_200_1187_1186_1192_1460_1461_47_36_369_413_358_424_740_25_347_739_14_336_738_3_794_908_884_883_882_201_205_140_139_206_138_141_207_137_142_653_208_652_599_793_1754_1765_1743_792_1732_790_912_910_1721_324_913_909_775_748_344_345_1205_1206_1216_1207_1214_1215_167_574_573_166_346_165_1462_1760_1751_1761_1762_1750_1749_907_717_711_906_905_1763_1463_1464_313_1072_1071_1070_782_143_209_598_130_597_1764_1766_1262_1261_1263_1260_690_1770_1771_1264_1259_651_129_128_127_133_131_145_132_655_144_1208_1240_1239_1209_1213_1224_696_1211_1212_1238_553_552_881_551_880_1258_692_1257_693_694_1269_572_348_587_571_592_349_163_351_352_595_593_353_904_903_712_714_715_716_879_878_876_874_872_357_350_570_356_568_354_355_594_379_378_359_384_371_1769_1614_1613_1615_1768_1772_1616_1617_1767_1773_1725_1618_1724_1619_1726_824_835_745_741_846_868_869_747_867_870_1225_695_1226_583_584_148_582_581_146_149_585_600_577_150_586_601_576_578_605_871_857_865_864_134_606_135_649_650_607_370_360_372_361_368_362_373_367_374_375_1723_1620_1722_873_875_124_123_122_126_656_121_612_120_611_119_567_383_381_382_385_376_363_1265_1627_1601_1267_1626_1268_1625_1286_603_604_1270_1271_1285_1284_1272_1283_1273_1256_118_115_116_658_610_609_659_117_1624_1623_1622_1628_1693_1629_1254_895_894_366_365_364_377_550_549_544_543_545_542_547_732_548_1274_1282_1281_1275_1280_1279_1276_1253_1278_441_531_386_387_440_439_388_438_437_389_436_399_408_400_407_401_406_887_890_891_1710_774_914_915_1699_773_434_433_432_390_392_566_1237_1236_1235_1227_1234_560_405_559_404_556_403_555_398_565_397_396_393_395_409_112_103_104_105_101_660_394_431_444_430_443_442_892_162_893_728_161_588_160_589_661_429_1602_1228_1229_1232_1231_541_731_540_730_410_428_427_426_425_727_729_726_725_896_720_719_721_723_1230_1241_1575_1242_411_412_1243_1245_1246_1429_423_532_533_534_554_536_561_537_1287_1289_1251_1606_1605_1252_1290_1608_1604_414_415_416_1185_1165_1193_1167_1168_1164_1163_1609_1607_1611_1612_562_538_563_539_1428_1247_1427_1426_1249_722_1603_1248_1250_1292_1291_564_452_453_897_898_466_899_465_1131_1174_1130_1132_1129_1128_1134_705_1175_1135_1176_464_463_526_462_525_461_460_459_523_457_840_1600_839_1294_838_1295_1293_837_1178_303_304_301_1179_305_1180_1181_1194_1170_1169_1171_1172_1140_1141_1142_1173_590_159_164_157_156_154_155_575_1296_1297_1630_1631_445_522_521_467_520_596_151_152_153_1459_579_475_476_474_477_473_478_472_479_468_901_902_718_470_471_454_490_456_507_506_455_489_488_1457_1458_1456_1454_1465_1453_492_493_499_487_498_494_497_486_495_496_836_527_485_484_483_508_482_509_834_833_500_501_503_504_772_916_917_1688_918_1677_776_785_786_784_787_788_1666_919_1654_1040_920_789_1086_1643_1039_921_1038_481_832_831_1136_1137_1143_1127_1138_1145_1139_1126_1123_1124_1161_1125_1160_1157_1159_1121_1120_1058_1057_1087_1089_1059_1090_1162_510_1633_1634_1452_1451_1450_1449_1156_1158_1147_1148_1146_1149_1091_1092_1151_1093_1150_1152_1153_1487_1154_1486_1094_1485_530_529_528_505_422_421_519_420_518_1467_1468_1473_1469_1474_1563_1470_1562_1471_1494_830_829_1495_1472_1496_1497_1475_923_924_1037_1632_925_1036_1621_511_512_1303_1302_1056_1060_1115_1635_1636_1637_1678_706_1054_1053_1576_1574_1578_1573_1579_1572_1571_1108_1107_1109_1112_1097_1098_1113_1114_1095_1096_1116_803_707_854_855_708_1052_709_1051_1580_1430_1431_1425_448_1050_856_1655_1653_1652_1049_1048_1047_1599_1588_514_515_516_1117_809_1100_1679_1676_1680_1675_1681_1674_1682_1424_1433_1434_1423_1101_926_1035_1032_1034_710_1081_1063_1064_1082_1062_1083_1065_1084_1067_808_1118_1119_807_806_805_1493_826_804_801_1410_1483_1492_1491_1182_1183_845_1061_844_1184_843_1102_800_799_1103_1104_419_517_418_1638_1639_1640_608_614_1683_1700_1684_1698_1686_1685_1697_798_797_1105_796_1106_1543_1555_795_1532_1566_818_1422_825_1444_1420_1396_1409_927_928_822_821_929_1577_1521_1466_1432_1455_823_1421_1477_1013_1002_213_1673_1672_1660_1661_1659_817_819_931_930_816_820_932_934_815_1510_935_449_450_451_1411_1412_1413_1415_1398_1416_1395_1417_1012_1014_1018_1019_1020_828_1021_1490_1489_1641_1642_1644_1498_1500_1476_106_107_108_1696_1695_1701_1694_1702_1662_1663_1703_1664_687_688_1394_1397_1400_1585_1393_1392_1586_1401_1391_1658_689_1399_1482_827_1388_1481_1377_1670_1671_1669_1667_1668_1657_1001_998_1015_1003_997_1016_1023_1488_1499_812_814_936_810_811_937_1301_1004_1005_1017_1006_1007_996_995_1645_1646_1650_1649_1651_1501_1502_1503_1504_1505_1528_1418_1404_1403_616_615_1656_1085_1648_1647_1386_1587_1385_1589_1384_1383_1387_1382_1389_1402_1381_938_1024_1025_1009_1008_1010_1355_1000_955_1344_966_1366_994_949_950_948_951_946_952_1380_1379_1373_1374_1375_1378_1376_1390_1076_842_841_1075_1078_1069_1079_1068_783_944_977_1177_988_933_993_992_1527_1526_1531_1525_939_940_953_954_956_957_989_958_991_941_942_943_781_778_777_642_617_641_618_640_1590_1591_1594_1592_1595_1598_1372_1597_1371_1596_1362_1298_990_969_1133_1144_968_1122_1155_967_1111_1166_1530_1524_1520_1529_1522_1519_1523_1508_1509_1518_1507_1511_987_986_985_984_1099_1361_1593_1309_1360_619_1337_1336_1338_1359_639_1341_620_1339_638_621_637_622_965_970_964_981_971_963_972_982_980_1448_1447_1564_973_983_974_975_979_1692_1691_1690_945_1030_1031_109_662_110_663_111_673_674_675_623_625_626_1506_1300_1304_1315_1311_1312_1435_1436_1437_1484_976_978_1478_1479_672_59_57_60_648_56_63_647_89_55_61_90_1610_1343_1342_1363_1340_1364_54_37_35_38_53_34_1517_1541_1542_1516_1512_1515_1535_1513_1514_1559_1544_1545_417_1546_1547_1548_1549_645_644_1689_1687_947_962_961_1026_1365_1370_1367_1368_1533_1534_888_1550_999_960_959_1027_627_628_631_630_643_629_632_633_1308_1307_1335_1306_636_634_1305_1334_1325_1326_1028_1029_1480_1565_1446_1445_1581_1567_1442_1582_1568_1441_1569_1327_1324_1328_1329_1323_1330_1331_1319_1318_1320_1356_1317_1354_52_51_33_32_31_50_1353_1357_1352_1358_1570_1540_1536_1537_1539_1345_1346_1538_1347_1348_1557_1322_1316_1313_1314_1351_39_30_40_41_29_1350_1349_42_43_46_48_28_45_44_678_676_49_677_1440_1558_1439_1438_1583_1584_1556_1553_1552_1369_1188_922_1199_900_1210_889_911_1222_1011_1310_1022_1033_1044_866_877_779_1055_1066_1077_446_1088_335_224_668_557_2_113_1665_1233_1299_1288_1244_1255_1277_1561_1560_1551_863_,0_1_2_3_4_5_6_7_8_9_10_11_12_13_14_15_16_17_18_19_20_21_22_23_24_25_26_27_28_29_30_31_32_33_34_35_36_37_38_39_40_41_42_43_44_45_46_47_48_49_50_51_52_53_54_55_56_57_58_59_60_61_62_63_64_65_66_67_68_69_70_71_72_73_74_75_76_77_78_79_80_81_82_83_84_85_86_87_88_89_90_91_92_93_94_95_96_97_98_99_100_101_102_103_104_105_106_107_108_109_110_111_112_113_114_115_116_117_118_119_120_121_122_123_124_125_126_127_128_129_130_131_132_133_134_135_136_137_138_139_140_141_142_143_144_145_146_147_148_149_150_151_152_153_154_155_156_157_158_159_160_161_162_163_164_165_166_167_168_169_170_171_172_173_174_175_176_177_178_179_180_181_182_183_184_185_186_187_188_189_190_191_192_193_194_195_196_197_198_199_200_201_202_203_204_205_206_207_208_209_210_211_212_213_214_215_216_217_218_219_220_221_222_223_224_225_226_227_228_229_230_231_232_233_234_235_236_237_238_239_240_241_242_243_244_245_246_247_248_249_250_251_252_253_254_255_256_257_258_259_260_261_262_263_264_265_266_267_268_269_270_271_272_273_274_275_276_277_278_279_280_281_282_283_284_285_286_287_288_289_290_291_292_293_294_295_296_297_298_299_300_301_302_303_304_305_306_307_308_309_310_311_312_313_314_315_316_317_318_319_320_321_322_323_324_325_326_327_328_329_330_331_332_333_334_335_336_337_338_339_340_341_342_343_344_345_346_347_348_349_350_351_352_353_354_355_356_357_358_359_360_361_362_363_364_365_366_367_368_369_370_371_372_373_374_375_376_377_378_379_380_381_382_383_384_385_386_387_388_389_390_391_392_393_394_395_396_397_398_399_400_401_402_403_404_405_406_407_408_409_410_411_412_413_414_415_416_417_418_419_420_421_422_423_424_425_426_427_428_429_430_431_432_433_434_435_436_437_438_439_440_441_442_443_444_445_446_447_448_449_450_451_452_453_454_455_456_457_458_459_460_461_462_463_464_465_466_467_468_469_470_471_472_473_474_475_476_477_478_479_480_481_482_483_484_485_486_487_488_489_490_491_492_493_494_495_496_497_498_499_500_501_502_503_504_505_506_507_508_509_510_511_512_513_514_515_516_517_518_519_520_521_522_523_524_525_526_527_528_529_530_531_532_533_534_535_536_537_538_539_540_541_542_543_544_545_546_547_548_549_550_551_552_553_554_555_556_557_558_559_560_561_562_563_564_565_566_567_568_569_570_571_572_573_574_575_576_577_578_579_580_581_582_583_584_585_586_587_588_589_590_591_592_593_594_595_596_597_598_599_600_601_602_603_604_605_606_607_608_609_610_611_612_613_614_615_616_617_618_619_620_621_622_623_624_625_626_627_628_629_630_631_632_633_634_635_636_637_638_639_640_641_642_643_644_645_646_647_648_649_650_651_652_653_654_655_656_657_658_659_660_661_662_663_664_665_666_667_668_669_670_671_672_673_674_675_676_677_678_679_680_681_682_683_684_685_686_687_688_689_690_691_692_693_694_695_696_697_698_699_700_701_702_703_704_705_706_707_708_709_710_711_712_713_714_715_716_717_718_719_720_721_722_723_724_725_726_727_728_729_730_731_732_733_734_735_736_737_738_739_740_741_742_743_744_745_746_747_748_749_750_751_752_753_754_755_756_757_758_759_760_761_762_763_764_765_766_767_768_769_770_771_772_773_774_775_776_777_778_779_780_781_782_783_784_785_786_787_788_789_790_791_792_793_794_795_796_797_798_799_800_801_802_803_804_805_806_807_808_809_810_811_812_813_814_815_816_817_818_819_820_821_822_823_824_825_826_827_828_829_830_831_832_833_834_835_836_837_838_839_840_841_842_843_844_845_846_847_848_849_850_851_852_853_854_855_856_857_858_859_860_861_862_863_864_865_866_867_868_869_870_871_872_873_874_875_876_877_878_879_880_881_882_883_884_885_886_887_888_889_890_891_892_893_894_895_896_897_898_899_900_901_902_903_904_905_906_907_908_909_910_911_912_913_914_915_916_917_918_919_920_921_922_923_924_925_926_927_928_929_930_931_932_933_934_935_936_937_938_939_940_941_942_943_944_945_946_947_948_949_950_951_952_953_954_955_956_957_958_959_960_961_962_963_964_965_966_967_968_969_970_971_972_973_974_975_976_977_978_979_980_981_982_983_984_985_986_987_988_989_990_991_992_993_994_995_996_997_998_999_1000_1001_1002_1003_1004_1005_1006_1007_1008_1009_1010_1011_1012_1013_1014_1015_1016_1017_1018_1019_1020_1021_1022_1023_1024_1025_1026_1027_1028_1029_1030_1031_1032_1033_1034_1035_1036_1037_1038_1039_1040_1041_1042_1043_1044_1045_1046_1047_1048_1049_1050_1051_1052_1053_1054_1055_1056_1057_1058_1059_1060_1061_1062_1063_1064_1065_1066_1067_1068_1069_1070_1071_1072_1073_1074_1075_1076_1077_1078_1079_1080_1081_1082_1083_1084_1085_1086_1087_1088_1089_1090_1091_1092_1093_1094_1095_1096_1097_1098_1099_1100_1101_1102_1103_1104_1105_1106_1107_1108_1109_1110_1111_1112_1113_1114_1115_1116_1117_1118_1119_1120_1121_1122_1123_1124_1125_1126_1127_1128_1129_1130_1131_1132_1133_1134_1135_1136_1137_1138_1139_1140_1141_1142_1143_1144_1145_1146_1147_1148_1149_1150_1151_1152_1153_1154_1155_1156_1157_1158_1159_1160_1161_1162_1163_1164_1165_1166_1167_1168_1169_1170_1171_1172_1173_1174_1175_1176_1177_1178_1179_1180_1181_1182_1183_1184_1185_1186_1187_1188_1189_1190_1191_1192_1193_1194_1195_1196_1197_1198_1199_1200_1201_1202_1203_1204_1205_1206_1207_1208_1209_1210_1211_1212_1213_1214_1215_1216_1217_1218_1219_1220_1221_1222_1223_1224_1225_1226_1227_1228_1229_1230_1231_1232_1233_1234_1235_1236_1237_1238_1239_1240_1241_1242_1243_1244_1245_1246_1247_1248_1249_1250_1251_1252_1253_1254_1255_1256_1257_1258_1259_1260_1261_1262_1263_1264_1265_1266_1267_1268_1269_1270_1271_1272_1273_1274_1275_1276_1277_1278_1279_1280_1281_1282_1283_1284_1285_1286_1287_1288_1289_1290_1291_1292_1293_1294_1295_1296_1297_1298_1299_1300_1301_1302_1303_1304_1305_1306_1307_1308_1309_1310_1311_1312_1313_1314_1315_1316_1317_1318_1319_1320_1321_1322_1323_1324_1325_1326_1327_1328_1329_1330_1331_1332_1333_1334_1335_1336_1337_1338_1339_1340_1341_1342_1343_1344_1345_1346_1347_1348_1349_1350_1351_1352_1353_1354_1355_1356_1357_1358_1359_1360_1361_1362_1363_1364_1365_1366_1367_1368_1369_1370_1371_1372_1373_1374_1375_1376_1377_1378_1379_1380_1381_1382_1383_1384_1385_1386_1387_1388_1389_1390_1391_1392_1393_1394_1395_1396_1397_1398_1399_1400_1401_1402_1403_1404_1405_1406_1407_1408_1409_1410_1411_1412_1413_1414_1415_1416_1417_1418_1419_1420_1421_1422_1423_1424_1425_1426_1427_1428_1429_1430_1431_1432_1433_1434_1435_1436_1437_1438_1439_1440_1441_1442_1443_1444_1445_1446_1447_1448_1449_1450_1451_1452_1453_1454_1455_1456_1457_1458_1459_1460_1461_1462_1463_1464_1465_1466_1467_1468_1469_1470_1471_1472_1473_1474_1475_1476_1477_1478_1479_1480_1481_1482_1483_1484_1485_1486_1487_1488_1489_1490_1491_1492_1493_1494_1495_1496_1497_1498_1499_1500_1501_1502_1503_1504_1505_1506_1507_1508_1509_1510_1511_1512_1513_1514_1515_1516_1517_1518_1519_1520_1521_1522_1523_1524_1525_1526_1527_1528_1529_1530_1531_1532_1533_1534_1535_1536_1537_1538_1539_1540_1541_1542_1543_1544_1545_1546_1547_1548_1549_1550_1551_1552_1553_1554_1555_1556_1557_1558_1559_1560_1561_1562_1563_1564_1565_1566_1567_1568_1569_1570_1571_1572_1573_1574_1575_1576_1577_1578_1579_1580_1581_1582_1583_1584_1585_1586_1587_1588_1589_1590_1591_1592_1593_1594_1595_1596_1597_1598_1599_1600_1601_1602_1603_1604_1605_1606_1607_1608_1609_1610_1611_1612_1613_1614_1615_1616_1617_1618_1619_1620_1621_1622_1623_1624_1625_1626_1627_1628_1629_1630_1631_1632_1633_1634_1635_1636_1637_1638_1639_1640_1641_1642_1643_1644_1645_1646_1647_1648_1649_1650_1651_1652_1653_1654_1655_1656_1657_1658_1659_1660_1661_1662_1663_1664_1665_1666_1667_1668_1669_1670_1671_1672_1673_1674_1675_1676_1677_1678_1679_1680_1681_1682_1683_1684_1685_1686_1687_1688_1689_1690_1691_1692_1693_1694_1695_1696_1697_1698_1699_1700_1701_1702_1703_1704_1705_1706_1707_1708_1709_1710_1711_1712_1713_1714_1715_1716_1717_1718_1719_1720_1721_1722_1723_1724_1725_1726_1727_1728_1729_1730_1731_1732_1733_1734_1735_1736_1737_1738_1739_1740_1741_1742_1743_1744_1745_1746_1747_1748_1749_1750_1751_1752_1753_1754_1755_1756_1757_1758_1759_1760_1761_1762_1763_1764_1765_1766_1767_1768_1769_1770_1771_1772_1773_1774_1775_,2:{113;1665;}40:{42;43;46;48;28;45;}45:{44;678;676;49;677;}51:{39;30;40;41;29;}53:{52;51;33;32;31;50;}55:{54;37;35;38;53;34;}69:{47;36;369;413;358;424;740;25;347;739;14;336;738;3;794;908;}105:{106;107;108;}108:{109;662;110;663;111;673;674;675;}114:{102;380;391;91;402;80;764;291;762;302;1074;58;766;69;}116:{112;103;104;105;101;}119:{118;115;116;658;610;609;659;117;}144:{134;606;135;649;650;607;}158:{147;247;713;258;136;702;269;125;691;1080;613;624;1073;280;114;}162:{161;588;160;589;}165:{572;348;587;571;592;349;163;351;352;595;593;353;}168:{167;574;573;166;346;165;}172:{170;168;}177:{178;214;179;212;}180:{213;}200:{201;205;140;139;206;138;141;207;137;142;653;208;652;599;}203:{204;}206:{143;209;598;130;597;}211:{198;197;196;199;654;200;}212:{210;}215:{211;}219:{173;175;174;172;176;171;203;215;177;}220:{334;216;290;337;341;217;218;338;219;}226:{223;222;289;342;221;220;292;}230:{331;332;}231:{330;238;237;328;239;}239:{240;329;241;242;243;502;491;333;513;}244:{245;246;295;234;296;235;322;}250:{325;251;249;323;248;252;233;244;232;253;231;}253:{326;327;}260:{259;268;261;257;262;263;264;256;265;229;228;254;255;230;}264:{227;266;226;267;}275:{276;274;277;273;287;272;278;310;250;}277:{271;286;285;850;279;851;284;270;849;852;283;}282:{288;}283:{853;847;848;281;282;260;}302:{313;1072;1071;1070;782;}310:{309;311;308;312;294;314;293;275;}311:{315;}314:{316;317;699;}317:{318;319;320;}319:{321;1191;1190;1195;1189;}322:{202;191;435;236;447;225;}338:{339;751;340;750;343;749;}353:{357;350;570;356;568;354;355;594;379;378;359;384;371;}368:{366;365;364;377;}371:{370;360;372;361;368;362;373;367;374;375;}375:{399;408;}377:{400;407;401;406;}382:{441;}384:{567;383;381;382;385;376;363;}385:{386;387;440;439;388;438;437;389;436;}392:{394;431;444;430;443;442;}396:{411;412;}399:{398;565;397;396;393;395;409;}401:{410;}406:{560;405;559;404;556;403;555;}409:{423;}412:{414;415;416;}415:{445;}416:{448;}419:{417;}422:{419;517;418;}436:{434;433;432;390;392;566;}442:{428;427;426;425;}445:{449;450;451;}447:{458;180;469;169;646;635;480;158;}453:{454;490;}457:{456;507;506;455;489;488;}462:{461;460;459;523;457;}471:{527;}479:{481;}482:{510;}486:{485;484;483;508;482;509;}490:{492;493;499;487;498;494;497;486;495;496;}496:{500;501;503;504;}501:{530;529;528;505;}504:{422;421;519;420;518;}509:{511;512;}512:{514;515;516;}513:{524;535;680;724;669;546;657;735;}520:{475;476;474;477;473;478;472;479;}525:{522;521;467;520;}531:{532;533;534;554;536;561;537;}534:{562;538;563;539;}535:{761;}543:{541;731;540;730;}548:{893;728;}551:{550;549;544;543;545;542;547;732;548;}563:{564;452;453;}566:{429;}572:{162;}574:{579;}575:{596;151;152;153;}589:{590;159;164;157;156;154;155;575;}591:{580;770;769;771;767;733;}597:{583;584;148;582;581;146;149;585;600;577;150;586;601;576;578;605;}601:{603;604;}608:{642;617;641;618;640;}610:{660;}622:{623;625;626;}626:{627;628;631;630;643;629;632;633;}633:{636;634;}635:{602;}640:{619;639;620;638;621;637;622;}647:{645;644;}652:{651;129;128;127;133;131;145;132;655;144;}655:{124;123;122;126;656;121;612;120;611;119;}659:{661;}660:{608;614;}661:{616;615;}675:{672;59;57;60;648;56;63;647;89;55;61;90;}680:{558;569;591;}688:{1670;1671;1669;1667;1668;1657;}689:{1656;}699:{698;700;697;701;1197;1198;1196;1200;}703:{704;1220;1223;1759;1204;1219;1758;1757;}706:{708;1052;709;1051;}709:{710;1081;1063;1064;1082;1062;1083;1065;1084;1067;}721:{464;463;526;462;525;}728:{727;729;726;725;896;720;719;721;723;}731:{722;}735:{742;746;757;744;743;768;780;}736:{892;}743:{824;835;745;741;846;868;869;747;867;870;}749:{748;344;345;}760:{884;883;882;}766:{765;734;763;736;886;885;737;}779:{668;557;2;}780:{791;756;755;752;758;753;802;754;759;813;760;}783:{781;778;777;}794:{793;1754;1765;1743;792;1732;790;912;910;1721;324;913;909;775;}798:{1521;1466;}805:{825;1444;}809:{808;1118;1119;807;806;805;1493;826;804;801;1410;1483;}813:{871;857;865;864;}814:{938;}815:{936;810;811;937;}818:{817;819;931;930;816;820;932;934;815;1510;935;}830:{854;855;}831:{830;829;}836:{832;831;}837:{834;833;}840:{836;}843:{1076;842;841;1075;1078;1069;1079;1068;783;}855:{856;1655;1653;1652;}874:{873;875;}878:{531;}880:{879;878;876;874;872;}882:{553;552;881;551;880;}886:{887;890;891;}895:{897;898;466;899;465;}898:{468;901;902;718;470;471;}903:{895;894;}905:{904;903;712;714;715;716;}908:{907;717;711;906;905;}921:{923;924;1037;1632;925;1036;1621;}923:{926;1035;1032;1034;}926:{927;928;822;821;929;1577;}933:{922;1199;900;1210;889;911;1222;1011;1310;}937:{939;940;}939:{941;942;943;}943:{945;1030;1031;}946:{961;1026;}949:{947;962;}952:{953;954;956;957;989;958;991;}955:{944;977;1177;988;933;993;992;}961:{960;959;1027;}967:{965;970;964;981;971;963;972;982;980;}972:{973;983;974;975;979;}975:{976;978;}989:{990;969;1133;1144;968;1122;1155;967;1111;1166;}995:{994;949;950;948;951;946;952;}999:{1540;1536;1537;1539;}1002:{1001;998;1015;1003;997;1016;1023;}1003:{1004;1005;1017;1006;1007;996;995;}1010:{1188;}1011:{1022;1033;1044;866;877;779;1055;1066;}1013:{1012;1014;1018;1019;1020;828;1021;}1023:{1024;1025;1009;1008;1010;1355;1000;955;1344;966;1366;}1026:{1028;1029;}1048:{1610;}1050:{1049;1048;1047;1599;1588;}1053:{1050;}1055:{1077;446;1088;335;224;}1057:{706;1054;1053;}1084:{1085;}1087:{707;}1092:{1108;1107;1109;1112;1097;1098;1113;1114;}1093:{1095;1096;1116;803;}1094:{1117;809;1100;}1100:{1102;800;799;1103;1104;}1102:{798;797;1105;796;}1104:{1106;1543;1555;795;1532;1566;818;}1113:{1101;}1121:{1056;1060;1115;}1137:{1139;1126;1123;1124;1161;1125;1160;1157;1159;}1139:{1121;1120;1058;1057;1087;1089;1059;1090;1162;}1140:{1136;1137;1143;1127;1138;1145;}1151:{1150;1152;1153;1487;1154;1486;1094;1485;}1157:{1156;1158;1147;1148;1146;1149;1091;1092;1151;1093;}1163:{1131;1174;1130;1132;1129;1128;1134;705;1175;1135;1176;}1166:{987;986;985;984;1099;}1171:{1492;1491;}1176:{1178;303;304;301;1179;305;1180;1181;}1181:{1182;1183;845;1061;844;1184;843;}1186:{1185;1165;1193;1167;1168;1164;1163;}1189:{1187;1186;1192;1460;1461;}1193:{1194;1170;1169;1171;1172;1140;1141;1142;1173;}1195:{1462;}1198:{1201;1202;1203;703;}1199:{1233;1299;}1207:{1208;1240;1239;1209;1213;1224;696;1211;1212;1238;}1215:{1225;695;1226;}1219:{1205;1206;1216;1207;1214;1215;}1226:{1228;1229;1232;1231;}1231:{1243;1245;}1234:{1230;1241;1575;1242;}1238:{1237;1236;1235;1227;1234;}1242:{1246;1429;}1245:{1428;1247;1427;1426;1249;}1249:{1248;1250;1292;1291;}1256:{1254;}1259:{1258;692;1257;693;694;1269;}1269:{1270;1271;1285;1284;1272;1283;1273;1256;}1273:{1274;1282;1281;1275;1280;1279;1276;1253;1278;}1278:{1287;1289;1251;1606;1605;1252;1290;1608;1604;}1286:{1602;}1293:{1296;1297;}1296:{1303;1302;}1298:{1300;1304;1315;1311;1312;}1299:{1288;1244;1255;1277;}1302:{1298;}1303:{1301;}1306:{1305;1334;1325;1326;}1312:{1322;1316;1313;1314;}1319:{1318;1320;1356;1317;1354;}1326:{1327;1324;1328;1329;1323;1330;1331;1319;}1343:{1345;1346;}1345:{1347;1348;}1351:{1350;1349;}1354:{1351;}1356:{1353;1357;1352;1358;}1359:{1343;1342;1363;1340;1364;}1362:{1361;1593;1309;1360;1337;1336;1338;1359;1341;1339;}1364:{1365;1370;1367;1368;}1368:{1369;}1378:{863;}1381:{1380;1379;1373;1374;1375;1378;1376;1390;}1385:{1384;1383;1387;1382;1389;1402;1381;}1390:{1598;1372;1597;1371;1596;1362;}1395:{1394;1397;1400;1585;1393;1392;1586;1401;1391;}1409:{1411;1412;1413;1415;1398;1416;1395;1417;}1417:{1418;1404;1403;}1422:{1420;1396;1409;}1425:{1422;}1430:{1424;1433;1434;1423;}1434:{1435;1436;1437;}1439:{1438;1583;1584;}1441:{1440;1558;1439;}1442:{1557;}1444:{1432;1455;823;1421;1477;1013;1002;}1450:{1448;1447;1564;}1453:{1452;1451;1450;1449;}1459:{1457;1458;1456;1454;1465;1453;}1461:{1463;1464;}1462:{1459;}1465:{1467;1468;1473;1469;1474;1563;1470;1562;1471;1494;}1466:{1488;1499;812;814;}1468:{1561;}1475:{1478;1479;}1485:{1480;}1489:{1484;}1491:{1490;1489;}1493:{1399;1482;827;1388;1481;1377;}1494:{1495;1472;1496;1497;1475;}1495:{1498;1500;1476;}1500:{1501;1502;1503;1504;1505;1528;}1518:{1517;1541;1542;1516;1512;1515;1535;1513;1514;1559;1544;1545;}1525:{1530;1524;1520;1529;1522;1519;1523;1508;1509;1518;1507;1511;}1528:{1527;1526;1531;1525;}1529:{1533;1534;}1531:{1506;}1534:{888;1550;999;}1536:{1538;}1544:{1546;1547;}1545:{1548;1549;}1553:{1551;}1558:{1556;1553;1552;}1561:{1560;}1564:{1565;1446;1445;1581;1567;1442;1582;1568;1441;1569;}1569:{1570;}1575:{1576;1574;1578;1573;1579;1572;1571;}1579:{1580;1430;1431;1425;}1585:{1386;1587;1385;1589;}1589:{1590;1591;1594;1592;1595;}1594:{1308;1307;1335;1306;}1602:{1603;}1608:{1609;1607;1611;1612;}1611:{840;1600;839;1294;838;1295;1293;837;}1615:{1723;1620;1722;}1623:{1692;1691;1690;}1625:{1624;1623;1622;1628;1693;1629;}1628:{1630;1631;}1629:{1633;1634;}1634:{1635;1636;1637;1678;}1636:{1638;1639;1640;}1640:{1641;1642;1644;}1644:{1645;1646;1650;1649;1651;}1651:{1648;1647;}1674:{1673;1672;1660;1661;1659;}1677:{1666;919;1654;1040;920;789;1086;1643;1039;921;1038;}1678:{1679;1676;1680;1675;1681;1674;1682;}1682:{1683;1700;1684;1698;1686;1685;1697;}1684:{687;688;}1685:{1658;689;}1690:{1689;1687;}1697:{1696;1695;1701;1694;1702;1662;1663;1703;1664;}1699:{772;916;917;1688;918;1677;776;785;786;784;787;788;}1721:{1710;774;914;915;1699;773;}1752:{1763;}1753:{1760;1751;1761;1762;1750;1749;}1757:{1756;1755;1753;1218;1217;1752;}1763:{1764;1766;1262;1261;1263;1260;690;1770;1771;1264;1259;}1770:{1769;1614;1613;1615;1768;1772;1616;1617;1767;1773;1725;1618;1724;1619;1726;}1773:{1265;1627;1601;1267;1626;1268;1625;1286;},29_30_39_51_52_53_54_392_397_398_401_403_404_405_432_433_434_454_455_462_463_464_465_466_467_562_563_565_566_608_615_616_617_642_645_688_689_810_811_833_834_836_897_898_899_901_935_936_937_1002_1021_1023_1199_1210_1222_1233_1288_1302_1303_1344_1396_1398_1415_1533_1534_1546_1547_1548_1549_1550_1642_1644_1658_1659_1664_1667_1671_,310-309*0_310-311*0_310-308*0_310-312*0_310-294*0_310-314*0_310-293*0_310-275*0_275-276*1_275-274*1_275-277*1_275-273*1_275-287*1_275-272*1_275-278*1_275-310*1_275-250*1_277-271*2_277-286*2_277-285*2_277-850*2_277-279*2_277-851*2_277-284*2_277-270*2_277-849*2_277-852*2_277-283*2_250-325*2_250-251*2_250-249*2_250-323*2_250-248*2_250-252*2_250-233*2_250-244*2_250-232*2_250-253*2_250-231*2_283-853*3_283-847*3_283-848*3_283-281*3_283-282*3_283-260*3_311-315*1_260-259*4_260-268*4_260-261*4_260-257*4_260-262*4_260-263*4_260-264*4_260-256*4_260-265*4_260-229*4_260-228*4_260-254*4_260-255*4_260-230*4_244-245*3_244-246*3_244-295*3_244-234*3_244-296*3_244-235*3_244-322*3_253-326*3_253-327*3_231-330*3_231-238*3_231-237*3_231-328*3_231-239*3_239-240*4_239-329*4_239-241*4_239-242*4_239-243*4_239-502*4_239-491*4_239-333*4_239-513*4_230-331*5_230-332*5_282-288*4_264-227*6_264-266*6_264-226*6_264-267*6_226-223*7_226-222*7_226-289*7_226-342*7_226-221*7_226-220*7_226-292*7_314-316*1_314-317*1_314-699*1_322-202*4_322-191*4_322-435*4_322-236*4_322-447*4_322-225*4_220-334*8_220-216*8_220-290*8_220-337*8_220-341*8_220-217*8_220-218*8_220-338*8_220-219*8_447-458*5_447-180*5_447-469*5_447-169*5_447-646*5_447-635*5_447-480*5_447-158*5_513-524*5_513-535*5_513-680*5_513-724*5_513-669*5_513-546*5_513-657*5_513-735*5_735-742*6_735-746*6_735-757*6_735-744*6_735-743*6_735-768*6_735-780*6_699-698*2_699-700*2_699-697*2_699-701*2_699-1197*2_699-1198*2_699-1196*2_699-1200*2_158-147*6_158-247*6_158-713*6_158-258*6_158-136*6_158-702*6_158-269*6_158-125*6_158-691*6_158-1080*6_158-613*6_158-624*6_158-1073*6_158-280*6_158-114*6_635-602*6_680-558*7_680-569*7_680-591*7_219-173*9_219-175*9_219-174*9_219-172*9_219-176*9_219-171*9_219-203*9_219-215*9_219-177*9_317-318*2_317-319*2_317-320*2_177-178*10_177-214*10_177-179*10_177-212*10_215-211*10_114-102*7_114-380*7_114-391*7_114-91*7_114-402*7_114-80*7_114-764*7_114-291*7_114-762*7_114-302*7_114-1074*7_114-58*7_114-766*7_114-69*7_203-204*11_212-210*11_319-321*3_319-1191*3_319-1190*3_319-1195*3_319-1189*3_1198-1201*4_1198-1202*4_1198-1203*4_1198-703*4_703-704*5_703-1220*5_703-1223*5_703-1759*5_703-1204*5_703-1219*5_703-1758*5_703-1757*5_591-580*8_591-770*8_591-769*8_591-771*8_591-767*8_591-733*8_535-761*7_780-791*7_780-756*7_780-755*7_780-752*7_780-758*7_780-753*7_780-802*7_780-754*7_780-759*7_780-813*7_780-760*7_766-765*8_766-734*8_766-763*8_766-736*8_766-886*8_766-885*8_766-737*8_172-170*10_172-168*10_338-339*9_338-751*9_338-340*9_338-750*9_338-343*9_338-749*9_1757-1756*6_1757-1755*6_1757-1753*6_1757-1218*6_1757-1217*6_1757-1752*6_211-198*12_211-197*12_211-196*12_211-199*12_211-654*12_211-200*12_1189-1187*4_1189-1186*4_1189-1192*4_1189-1460*4_1189-1461*4_69-47*8_69-36*8_69-369*8_69-413*8_69-358*8_69-424*8_69-740*8_69-25*8_69-347*8_69-739*8_69-14*8_69-336*8_69-738*8_69-3*8_69-794*8_69-908*8_760-884*8_760-883*8_760-882*8_200-201*13_200-205*13_200-140*13_200-139*13_200-206*13_200-138*13_200-141*13_200-207*13_200-137*13_200-142*13_200-653*13_200-208*13_200-652*13_200-599*13_794-793*9_794-1754*9_794-1765*9_794-1743*9_794-792*9_794-1732*9_794-790*9_794-912*9_794-910*9_794-1721*9_794-324*9_794-913*9_794-909*9_794-775*9_749-748*10_749-344*10_749-345*10_1219-1205*6_1219-1206*6_1219-1216*6_1219-1207*6_1219-1214*6_1219-1215*6_168-167*11_168-574*11_168-573*11_168-166*11_168-346*11_168-165*11_1195-1462*4_1753-1760*7_1753-1751*7_1753-1761*7_1753-1762*7_1753-1750*7_1753-1749*7_908-907*9_908-717*9_908-711*9_908-906*9_908-905*9_1752-1763*7_1461-1463*5_1461-1464*5_302-313*8_302-1072*8_302-1071*8_302-1070*8_302-782*8_206-143*14_206-209*14_206-598*14_206-130*14_206-597*14_1763-1764*8_1763-1766*8_1763-1262*8_1763-1261*8_1763-1263*8_1763-1260*8_1763-690*8_1763-1770*8_1763-1771*8_1763-1264*8_1763-1259*8_652-651*14_652-129*14_652-128*14_652-127*14_652-133*14_652-131*14_652-145*14_652-132*14_652-655*14_652-144*14_1207-1208*7_1207-1240*7_1207-1239*7_1207-1209*7_1207-1213*7_1207-1224*7_1207-696*7_1207-1211*7_1207-1212*7_1207-1238*7_882-553*10_882-552*10_882-881*10_882-551*10_882-880*10_1259-1258*9_1259-692*9_1259-1257*9_1259-693*9_1259-694*9_1259-1269*9_165-572*12_165-348*12_165-587*12_165-571*12_165-592*12_165-349*12_165-163*12_165-351*12_165-352*12_165-595*12_165-593*12_165-353*12_905-904*10_905-903*10_905-712*10_905-714*10_905-715*10_905-716*10_880-879*11_880-878*11_880-876*11_880-874*11_880-872*11_353-357*13_353-350*13_353-570*13_353-356*13_353-568*13_353-354*13_353-355*13_353-594*13_353-379*13_353-378*13_353-359*13_353-384*13_353-371*13_1770-1769*9_1770-1614*9_1770-1613*9_1770-1615*9_1770-1768*9_1770-1772*9_1770-1616*9_1770-1617*9_1770-1767*9_1770-1773*9_1770-1725*9_1770-1618*9_1770-1724*9_1770-1619*9_1770-1726*9_743-824*7_743-835*7_743-745*7_743-741*7_743-846*7_743-868*7_743-869*7_743-747*7_743-867*7_743-870*7_1215-1225*7_1215-695*7_1215-1226*7_597-583*15_597-584*15_597-148*15_597-582*15_597-581*15_597-146*15_597-149*15_597-585*15_597-600*15_597-577*15_597-150*15_597-586*15_597-601*15_597-576*15_597-578*15_597-605*15_813-871*8_813-857*8_813-865*8_813-864*8_144-134*15_144-606*15_144-135*15_144-649*15_144-650*15_144-607*15_371-370*14_371-360*14_371-372*14_371-361*14_371-368*14_371-362*14_371-373*14_371-367*14_371-374*14_371-375*14_1615-1723*10_1615-1620*10_1615-1722*10_874-873*12_874-875*12_655-124*15_655-123*15_655-122*15_655-126*15_655-656*15_655-121*15_655-612*15_655-120*15_655-611*15_655-119*15_384-567*14_384-383*14_384-381*14_384-382*14_384-385*14_384-376*14_384-363*14_1773-1265*11_1773-1627*11_1773-1601*11_1773-1267*11_1773-1626*11_1773-1268*11_1773-1625*11_1773-1286*11_601-603*16_601-604*16_1269-1270*10_1269-1271*10_1269-1285*10_1269-1284*10_1269-1272*10_1269-1283*10_1269-1273*10_1269-1256*10_119-118*16_119-115*16_119-116*16_119-658*16_119-610*16_119-609*16_119-659*16_119-117*16_1625-1624*12_1625-1623*12_1625-1622*12_1625-1628*12_1625-1693*12_1625-1629*12_1256-1254*11_903-895*11_903-894*11_368-366*15_368-365*15_368-364*15_368-377*15_551-550*11_551-549*11_551-544*11_551-543*11_551-545*11_551-542*11_551-547*11_551-732*11_551-548*11_1273-1274*11_1273-1282*11_1273-1281*11_1273-1275*11_1273-1280*11_1273-1279*11_1273-1276*11_1273-1253*11_1273-1278*11_382-441*15_878-531*13_385-386*15_385-387*15_385-440*15_385-439*15_385-388*15_385-438*15_385-437*15_385-389*15_385-436*15_375-399*15_375-408*15_377-400*16_377-407*16_377-401*16_377-406*16_886-887*9_886-890*9_886-891*9_1721-1710*10_1721-774*10_1721-914*10_1721-915*10_1721-1699*10_1721-773*10_436-434*16_436-433*16_436-432*16_436-390*16_436-392*16_436-566*16_1238-1237*8_1238-1236*8_1238-1235*8_1238-1227*8_1238-1234*8_406-560*17_406-405*17_406-559*17_406-404*17_406-556*17_406-403*17_406-555*17_399-398*16_399-565*16_399-397*16_399-396*16_399-393*16_399-395*16_399-409*16_116-112*17_116-103*17_116-104*17_116-105*17_116-101*17_610-660*18_392-394*17_392-431*17_392-444*17_392-430*17_392-443*17_392-442*17_736-892*9_572-162*14_548-893*12_548-728*12_162-161*15_162-588*15_162-160*15_162-589*15_659-661*18_566-429*17_1286-1602*12_1226-1228*8_1226-1229*8_1226-1232*8_1226-1231*8_543-541*12_543-731*12_543-540*12_543-730*12_401-410*17_442-428*18_442-427*18_442-426*18_442-425*18_728-727*13_728-729*13_728-726*13_728-725*13_728-896*13_728-720*13_728-719*13_728-721*13_728-723*13_1234-1230*9_1234-1241*9_1234-1575*9_1234-1242*9_396-411*17_396-412*17_1231-1243*9_1231-1245*9_1242-1246*10_1242-1429*10_409-423*17_531-532*14_531-533*14_531-534*14_531-554*14_531-536*14_531-561*14_531-537*14_1278-1287*12_1278-1289*12_1278-1251*12_1278-1606*12_1278-1605*12_1278-1252*12_1278-1290*12_1278-1608*12_1278-1604*12_412-414*18_412-415*18_412-416*18_1186-1185*5_1186-1165*5_1186-1193*5_1186-1167*5_1186-1168*5_1186-1164*5_1186-1163*5_1608-1609*13_1608-1607*13_1608-1611*13_1608-1612*13_534-562*15_534-538*15_534-563*15_534-539*15_1245-1428*11_1245-1247*11_1245-1427*11_1245-1426*11_1245-1249*11_731-722*14_1602-1603*13_1249-1248*12_1249-1250*12_1249-1292*12_1249-1291*12_563-564*16_563-452*16_563-453*16_895-897*12_895-898*12_895-466*12_895-899*12_895-465*12_1163-1131*6_1163-1174*6_1163-1130*6_1163-1132*6_1163-1129*6_1163-1128*6_1163-1134*6_1163-705*6_1163-1175*6_1163-1135*6_1163-1176*6_721-464*15_721-463*15_721-526*15_721-462*15_721-525*15_462-461*16_462-460*16_462-459*16_462-523*16_462-457*16_1611-840*14_1611-1600*14_1611-839*14_1611-1294*14_1611-838*14_1611-1295*14_1611-1293*14_1611-837*14_1176-1178*7_1176-303*7_1176-304*7_1176-301*7_1176-1179*7_1176-305*7_1176-1180*7_1176-1181*7_1193-1194*6_1193-1170*6_1193-1169*6_1193-1171*6_1193-1172*6_1193-1140*6_1193-1141*6_1193-1142*6_1193-1173*6_589-590*16_589-159*16_589-164*16_589-157*16_589-156*16_589-154*16_589-155*16_589-575*16_1293-1296*15_1293-1297*15_1628-1630*13_1628-1631*13_415-445*19_525-522*16_525-521*16_525-467*16_525-520*16_575-596*17_575-151*17_575-152*17_575-153*17_1462-1459*5_574-579*13_520-475*17_520-476*17_520-474*17_520-477*17_520-473*17_520-478*17_520-472*17_520-479*17_898-468*13_898-901*13_898-902*13_898-718*13_898-470*13_898-471*13_453-454*17_453-490*17_457-456*17_457-507*17_457-506*17_457-455*17_457-489*17_457-488*17_1459-1457*6_1459-1458*6_1459-1456*6_1459-1454*6_1459-1465*6_1459-1453*6_490-492*18_490-493*18_490-499*18_490-487*18_490-498*18_490-494*18_490-497*18_490-486*18_490-495*18_490-496*18_840-836*16_471-527*14_486-485*19_486-484*19_486-483*19_486-508*19_486-482*19_486-509*19_837-834*15_837-833*15_496-500*19_496-501*19_496-503*19_496-504*19_1699-772*11_1699-916*11_1699-917*11_1699-1688*11_1699-918*11_1699-1677*11_1699-776*11_1699-785*11_1699-786*11_1699-784*11_1699-787*11_1699-788*11_1677-1666*12_1677-919*12_1677-1654*12_1677-1040*12_1677-920*12_1677-789*12_1677-1086*12_1677-1643*12_1677-1039*12_1677-921*12_1677-1038*12_479-481*18_836-832*17_836-831*17_1140-1136*7_1140-1137*7_1140-1143*7_1140-1127*7_1140-1138*7_1140-1145*7_1137-1139*8_1137-1126*8_1137-1123*8_1137-1124*8_1137-1161*8_1137-1125*8_1137-1160*8_1137-1157*8_1137-1159*8_1139-1121*9_1139-1120*9_1139-1058*9_1139-1057*9_1139-1087*9_1139-1089*9_1139-1059*9_1139-1090*9_1139-1162*9_482-510*20_1629-1633*13_1629-1634*13_1453-1452*7_1453-1451*7_1453-1450*7_1453-1449*7_1157-1156*9_1157-1158*9_1157-1147*9_1157-1148*9_1157-1146*9_1157-1149*9_1157-1091*9_1157-1092*9_1157-1151*9_1157-1093*9_1151-1150*10_1151-1152*10_1151-1153*10_1151-1487*10_1151-1154*10_1151-1486*10_1151-1094*10_1151-1485*10_501-530*21_501-529*21_501-528*21_501-505*21_504-422*20_504-421*20_504-519*20_504-420*20_504-518*20_1465-1467*7_1465-1468*7_1465-1473*7_1465-1469*7_1465-1474*7_1465-1563*7_1465-1470*7_1465-1562*7_1465-1471*7_1465-1494*7_831-830*18_831-829*18_1494-1495*8_1494-1472*8_1494-1496*8_1494-1497*8_1494-1475*8_921-923*13_921-924*13_921-1037*13_921-1632*13_921-925*13_921-1036*13_921-1621*13_509-511*21_509-512*21_1296-1303*17_1296-1302*17_1121-1056*10_1121-1060*10_1121-1115*10_1634-1635*14_1634-1636*14_1634-1637*14_1634-1678*14_1057-706*10_1057-1054*10_1057-1053*10_1575-1576*10_1575-1574*10_1575-1578*10_1575-1573*10_1575-1579*10_1575-1572*10_1575-1571*10_1092-1108*10_1092-1107*10_1092-1109*10_1092-1112*10_1092-1097*10_1092-1098*10_1092-1113*10_1092-1114*10_1093-1095*10_1093-1096*10_1093-1116*10_1093-803*10_1087-707*10_830-854*19_830-855*19_706-708*12_706-1052*12_706-709*12_706-1051*12_1579-1580*11_1579-1430*11_1579-1431*11_1579-1425*11_416-448*20_1053-1050*11_855-856*20_855-1655*20_855-1653*20_855-1652*20_1050-1049*12_1050-1048*12_1050-1047*12_1050-1599*12_1050-1588*12_512-514*22_512-515*22_512-516*22_1094-1117*12_1094-809*12_1094-1100*12_1678-1679*15_1678-1676*15_1678-1680*15_1678-1675*15_1678-1681*15_1678-1674*15_1678-1682*15_1430-1424*13_1430-1433*13_1430-1434*13_1430-1423*13_1113-1101*12_923-926*15_923-1035*15_923-1032*15_923-1034*15_709-710*13_709-1081*13_709-1063*13_709-1064*13_709-1082*13_709-1062*13_709-1083*13_709-1065*13_709-1084*13_709-1067*13_809-808*13_809-1118*13_809-1119*13_809-807*13_809-806*13_809-805*13_809-1493*13_809-826*13_809-804*13_809-801*13_809-1410*13_809-1483*13_1171-1492*8_1171-1491*8_1181-1182*8_1181-1183*8_1181-845*8_1181-1061*8_1181-844*8_1181-1184*8_1181-843*8_1100-1102*13_1100-800*13_1100-799*13_1100-1103*13_1100-1104*13_422-419*21_422-517*21_422-418*21_1636-1638*16_1636-1639*16_1636-1640*16_660-608*19_660-614*19_1682-1683*16_1682-1700*16_1682-1684*16_1682-1698*16_1682-1686*16_1682-1685*16_1682-1697*16_1102-798*14_1102-797*14_1102-1105*14_1102-796*14_1104-1106*14_1104-1543*14_1104-1555*14_1104-795*14_1104-1532*14_1104-1566*14_1104-818*14_1425-1422*13_805-825*15_805-1444*15_1422-1420*14_1422-1396*14_1422-1409*14_926-927*16_926-928*16_926-822*16_926-821*16_926-929*16_926-1577*16_798-1521*16_798-1466*16_1444-1432*16_1444-1455*16_1444-823*16_1444-1421*16_1444-1477*16_1444-1013*16_1444-1002*16_180-213*6_1674-1673*17_1674-1672*17_1674-1660*17_1674-1661*17_1674-1659*17_818-817*15_818-819*15_818-931*15_818-930*15_818-816*15_818-820*15_818-932*15_818-934*15_818-815*15_818-1510*15_818-935*15_445-449*22_445-450*22_445-451*22_1409-1411*15_1409-1412*15_1409-1413*15_1409-1415*15_1409-1398*15_1409-1416*15_1409-1395*15_1409-1417*15_1013-1012*17_1013-1014*17_1013-1018*17_1013-1019*17_1013-1020*17_1013-828*17_1013-1021*17_1491-1490*9_1491-1489*9_1640-1641*17_1640-1642*17_1640-1644*17_1495-1498*9_1495-1500*9_1495-1476*9_105-106*18_105-107*18_105-108*18_1697-1696*17_1697-1695*17_1697-1701*17_1697-1694*17_1697-1702*17_1697-1662*17_1697-1663*17_1697-1703*17_1697-1664*17_1684-687*18_1684-688*18_1395-1394*16_1395-1397*16_1395-1400*16_1395-1585*16_1395-1393*16_1395-1392*16_1395-1586*16_1395-1401*16_1395-1391*16_1685-1658*17_1685-689*17_1493-1399*14_1493-1482*14_1493-827*14_1493-1388*14_1493-1481*14_1493-1377*14_688-1670*19_688-1671*19_688-1669*19_688-1667*19_688-1668*19_688-1657*19_1002-1001*17_1002-998*17_1002-1015*17_1002-1003*17_1002-997*17_1002-1016*17_1002-1023*17_1466-1488*17_1466-1499*17_1466-812*17_1466-814*17_815-936*18_815-810*18_815-811*18_815-937*18_1303-1301*18_1003-1004*18_1003-1005*18_1003-1017*18_1003-1006*18_1003-1007*18_1003-996*18_1003-995*18_1644-1645*18_1644-1646*18_1644-1650*18_1644-1649*18_1644-1651*18_1500-1501*10_1500-1502*10_1500-1503*10_1500-1504*10_1500-1505*10_1500-1528*10_1417-1418*16_1417-1404*16_1417-1403*16_661-616*19_661-615*19_689-1656*18_1084-1085*14_1651-1648*19_1651-1647*19_1585-1386*17_1585-1587*17_1585-1385*17_1585-1589*17_1385-1384*18_1385-1383*18_1385-1387*18_1385-1382*18_1385-1389*18_1385-1402*18_1385-1381*18_814-938*18_1023-1024*18_1023-1025*18_1023-1009*18_1023-1008*18_1023-1010*18_1023-1355*18_1023-1000*18_1023-955*18_1023-1344*18_1023-966*18_1023-1366*18_995-994*19_995-949*19_995-950*19_995-948*19_995-951*19_995-946*19_995-952*19_1381-1380*19_1381-1379*19_1381-1373*19_1381-1374*19_1381-1375*19_1381-1378*19_1381-1376*19_1381-1390*19_843-1076*9_843-842*9_843-841*9_843-1075*9_843-1078*9_843-1069*9_843-1079*9_843-1068*9_843-783*9_955-944*19_955-977*19_955-1177*19_955-988*19_955-933*19_955-993*19_955-992*19_1528-1527*11_1528-1526*11_1528-1531*11_1528-1525*11_937-939*19_937-940*19_952-953*20_952-954*20_952-956*20_952-957*20_952-989*20_952-958*20_952-991*20_939-941*20_939-942*20_939-943*20_783-781*10_783-778*10_783-777*10_608-642*20_608-617*20_608-641*20_608-618*20_608-640*20_1589-1590*18_1589-1591*18_1589-1594*18_1589-1592*18_1589-1595*18_1390-1598*20_1390-1372*20_1390-1597*20_1390-1371*20_1390-1596*20_1390-1362*20_1302-1298*18_989-990*21_989-969*21_989-1133*21_989-1144*21_989-968*21_989-1122*21_989-1155*21_989-967*21_989-1111*21_989-1166*21_1525-1530*12_1525-1524*12_1525-1520*12_1525-1529*12_1525-1522*12_1525-1519*12_1525-1523*12_1525-1508*12_1525-1509*12_1525-1518*12_1525-1507*12_1525-1511*12_1166-987*22_1166-986*22_1166-985*22_1166-984*22_1166-1099*22_1362-1361*21_1362-1593*21_1362-1309*21_1362-1360*21_640-619*21_1362-1337*21_1362-1336*21_1362-1338*21_1362-1359*21_640-639*21_1362-1341*21_640-620*21_1362-1339*21_640-638*21_640-621*21_640-637*21_640-622*21_967-965*22_967-970*22_967-964*22_967-981*22_967-971*22_967-963*22_967-972*22_967-982*22_967-980*22_1450-1448*8_1450-1447*8_1450-1564*8_972-973*23_972-983*23_972-974*23_972-975*23_972-979*23_1623-1692*13_1623-1691*13_1623-1690*13_943-945*21_943-1030*21_943-1031*21_108-109*19_108-662*19_108-110*19_108-663*19_108-111*19_108-673*19_108-674*19_108-675*19_622-623*22_622-625*22_622-626*22_1531-1506*13_1298-1300*19_1298-1304*19_1298-1315*19_1298-1311*19_1298-1312*19_1434-1435*14_1434-1436*14_1434-1437*14_1489-1484*10_975-976*24_975-978*24_1475-1478*11_1475-1479*11_675-672*20_675-59*20_675-57*20_675-60*20_675-648*20_675-56*20_675-63*20_675-647*20_675-89*20_675-55*20_675-61*20_675-90*20_1048-1610*14_1359-1343*22_1359-1342*22_1359-1363*22_1359-1340*22_1359-1364*22_55-54*21_55-37*21_55-35*21_55-38*21_55-53*21_55-34*21_1518-1517*14_1518-1541*14_1518-1542*14_1518-1516*14_1518-1512*14_1518-1515*14_1518-1535*14_1518-1513*14_1518-1514*14_1518-1559*14_1518-1544*14_1518-1545*14_419-417*23_1544-1546*15_1544-1547*15_1545-1548*15_1545-1549*15_647-645*22_647-644*22_1690-1689*14_1690-1687*14_949-947*22_949-962*22_946-961*20_946-1026*20_1364-1365*23_1364-1370*23_1364-1367*23_1364-1368*23_1529-1533*15_1529-1534*15_1534-888*16_1534-1550*16_1534-999*16_961-960*21_961-959*21_961-1027*21_626-627*23_626-628*23_626-631*23_626-630*23_626-643*23_626-629*23_626-632*23_626-633*23_1594-1308*19_1594-1307*19_1594-1335*19_1594-1306*19_633-636*24_633-634*24_1306-1305*20_1306-1334*20_1306-1325*20_1306-1326*20_1026-1028*21_1026-1029*21_1485-1480*12_1564-1565*9_1564-1446*9_1564-1445*9_1564-1581*9_1564-1567*9_1564-1442*9_1564-1582*9_1564-1568*9_1564-1441*9_1564-1569*9_1326-1327*21_1326-1324*21_1326-1328*21_1326-1329*21_1326-1323*21_1326-1330*21_1326-1331*21_1326-1319*21_1319-1318*22_1319-1320*22_1319-1356*22_1319-1317*22_1319-1354*22_53-52*22_53-51*22_53-33*22_53-32*22_53-31*22_53-50*22_1356-1353*23_1356-1357*23_1356-1352*23_1356-1358*23_1569-1570*10_999-1540*17_999-1536*17_999-1537*17_999-1539*17_1343-1345*23_1343-1346*23_1536-1538*18_1345-1347*24_1345-1348*24_1442-1557*10_1312-1322*20_1312-1316*20_1312-1313*20_1312-1314*20_1354-1351*23_51-39*23_51-30*23_51-40*23_51-41*23_51-29*23_1351-1350*24_1351-1349*24_40-42*24_40-43*24_40-46*24_40-48*24_40-28*24_40-45*24_45-44*25_45-678*25_45-676*25_45-49*25_45-677*25_1441-1440*10_1441-1558*10_1441-1439*10_1439-1438*11_1439-1583*11_1439-1584*11_1558-1556*11_1558-1553*11_1558-1552*11_1368-1369*24_1010-1188*20_933-922*21_933-1199*21_933-900*21_933-1210*21_933-889*21_933-911*21_933-1222*21_933-1011*21_933-1310*21_1011-1022*22_1011-1033*22_1011-1044*22_1011-866*22_1011-877*22_1011-779*22_1011-1055*22_1011-1066*22_1055-1077*23_1055-446*23_1055-1088*23_1055-335*23_1055-224*23_779-668*23_779-557*23_779-2*23_2-113*24_2-1665*24_1199-1233*22_1199-1299*22_1299-1288*23_1299-1244*23_1299-1255*23_1299-1277*23_1468-1561*10_1561-1560*11_1553-1551*13_1378-863*26_
