"id","Scenario","Actual Range","Protocol","Buildings","Total nodes","Nodes on circ","Total coverage","Coverage on circ","Alert received mean time","Hops","Slots","Messages sent","Messages received", "Starting x", "Starting y","Starting node", "Vehicle distance", "Received node ids", "Node ids", "Transmission map", "Received on circ nodes", "Transmission vector"
0,1,100,500,1,2496,65,2244,64,296867,14.7031,300.266,512,2244,300,2300,184,25,2312_183_185_2311_2313_182_186_2310_2314_181_187_2309_2315_180_188_2308_2316_179_178_177_176_184_2216_2317_2318_2319_189_190_191_2215_2217_2214_2218_175_2213_2219_174_173_2220_172_2221_171_170_2307_2306_2305_88_2304_169_168_2120_2222_2223_272_2224_271_273_270_274_2225_269_268_2226_267_2227_266_87_89_86_90_85_91_84_92_167_2119_2121_166_2118_2122_165_2117_2123_164_2116_2124_83_82_2408_2407_2409_2406_2410_2405_2411_265_264_2128_2115_2114_2113_2404_2403_2402_2401_280_2320_279_281_2321_278_282_2322_277_283_2323_2400_95_94_93_263_2127_2129_262_2126_2130_261_2125_2131_260_2132_2133_2134_2135_72_2112_71_73_70_74_259_258_257_256_2032_81_80_2208_2209_2210_79_2211_78_2412_2413_2414_2415_2324_2325_77_163_162_161_160_2024_69_68_67_75_159_2023_2025_158_2022_2026_157_2021_2027_156_2020_2028_155_154_153_152_1928_2326_2327_376_2328_375_377_374_378_2329_2029_2030_2031_2033_2034_255_2035_254_2036_2037_2038_2039_2330_2331_2332_373_379_2333_2334_2335_472_2336_2228_2229_2230_2231_2416_471_473_2337_470_474_2338_469_475_2339_468_476_2340_368_2232_367_369_366_370_2233_477_1927_1929_1926_1930_151_1925_1931_150_2234_365_371_2235_364_372_2236_352_2040_351_353_2041_350_354_2042_349_355_2043_1924_1923_149_1922_478_479_2432_2431_2433_2430_2434_66_65_360_2136_359_361_2137_358_362_2138_357_363_2139_2341_2342_2343_568_2344_2429_2435_2428_2436_2140_2141_2142_2143_2237_2238_356_467_466_465_464_2240_567_569_566_570_2345_565_571_2346_348_347_346_345_344_1944_1921_56_1920_55_57_54_58_53_59_463_2239_2241_462_2242_461_2243_460_2244_64_2016_2017_2018_63_2019_62_2347_562_561_1932_1933_1934_459_1935_248_1936_247_249_1937_246_250_1938_245_251_1939_1940_1941_1942_2245_2246_2247_560_2248_61_60_458_457_456_2144_2145_2146_455_559_2249_558_2250_557_563_2251_556_564_2252_1943_1945_343_1946_342_1947_341_2147_454_76_1948_1949_1950_287_2417_286_2418_285_2419_284_2420_1951_440_1952_439_441_438_442_1953_437_443_1954_2253_2254_2255_52_51_2348_2349_2350_2351_148_147_146_145_2044_1955_436_444_1956_2437_2438_2439_144_1832_1831_1833_143_1830_1834_142_1829_1835_141_2440_575_2441_574_2442_573_2443_1828_1827_1826_1825_2444_2445_2421_2422_2423_1836_1837_1838_2045_2046_2047_448_2048_1839_240_1840_239_241_238_242_1841_237_243_1842_48_1824_50_49_47_435_434_433_432_1856_453_452_451_450_664_2352_663_665_662_666_2353_661_667_2354_46_45_44_449_2049_2050_447_1843_236_244_1844_1845_1846_555_554_553_446_2051_445_1847_336_1848_335_337_334_338_1849_333_339_1850_1957_1958_1959_536_1960_1851_1852_1853_235_234_233_232_1744_2446_2447_2448_671_670_2449_660_2355_659_1855_1857_1854_1858_431_1859_430_429_428_427_426_2424_383_382_2425_381_2426_658_657_656_2256_231_1743_1745_230_1742_1746_229_1741_1747_228_1740_1748_655_654_2257_653_2258_669_668_2450_2451_535_537_1961_534_538_1962_533_539_1963_532_540_1964_1749_1750_1751_328_1752_2356_2357_2358_2359_425_424_1760_1759_1761_1758_1762_423_1757_1763_422_2259_43_42_41_380_2427_2452_2453_2454_2455_1965_1966_227_226_225_224_1648_1967_632_1968_631_633_630_634_1969_629_635_1970_760_2360_759_761_758_762_2361_1647_1649_223_1646_1650_222_1645_1651_221_421_757_756_2362_755_2363_754_1971_1972_1973_420_419_418_417_753_752_2264_2364_2365_763_2366_531_530_529_528_1864_552_2152_2151_2153_551_2150_2154_550_2149_2155_549_40_1728_1729_39_1730_38_1731_37_2456_767_766_2457_2052_2053_2054_2055_327_329_1753_326_330_1754_325_331_1755_324_332_1756_2156_2157_323_2367_856_2368_751_2263_2265_750_2262_2266_749_2261_2267_748_2260_2268_416_1664_1663_1665_1662_1666_415_1661_1667_414_1660_413_1659_765_764_2458_2459_527_1863_1865_526_1862_1866_525_1861_1867_524_1860_1868_544_2056_1644_1643_1974_1975_728_1976_1732_1733_2460_2461_2462_727_729_1977_726_730_1978_725_731_1979_724_732_1980_1764_723_722_721_855_857_2369_854_858_2370_853_859_2371_852_860_2372_747_746_1869_1870_2158_2159_648_2160_647_649_646_650_2161_861_862_863_2464_2463_2465_2466_2373_645_651_2162_412_411_410_409_1765_1766_1767_520_1768_543_545_2057_542_546_2058_541_547_2059_548_2060_1871_624_1872_623_625_622_626_1873_621_627_1874_408_1568_1567_1569_1566_1570_407_628_1875_2467_2468_2469_2470_2061_2062_2063_640_2064_1981_1982_1983_639_641_2065_638_642_2066_637_643_2067_636_644_2068_322_321_320_1656_1655_1657_1654_1658_319_2471_720_1880_1879_1881_1878_1882_719_1565_406_1564_405_1563_1571_2069_2070_2071_736_2072_523_522_521_2269_2270_2271_848_2272_847_849_2273_846_850_2274_845_851_2275_844_2276_318_1653_317_745_744_2168_2167_2169_2166_2170_743_2165_2171_742_824_1984_823_825_822_826_1985_821_827_1986_519_1769_518_1770_517_1771_516_1772_735_737_2073_734_738_2074_733_739_2075_2277_2278_2279_1773_1774_1775_616_1776_2472_959_2473_958_2474_957_2475_828_829_1987_830_1877_718_1876_717_1883_956_955_954_2076_2077_2078_2079_615_617_1777_614_618_1778_613_619_1779_652_944_2280_943_945_942_946_2281_741_740_947_948_2282_949_2283_950_1988_1989_1990_1991_316_315_314_2284_2285_2286_2287_832_2080_831_833_834_2081_835_2082_515_1572_1573_1574_1575_2374_2375_952_2376_951_953_2377_716_715_714_713_920_1992_919_921_918_922_1993_843_842_841_612_611_610_1884_1885_1886_1887_1040_2288_1039_1041_2289_1038_1042_2290_1037_1043_2291_2378_313_312_1560_1559_1561_1558_1562_311_504_1576_1994_917_923_1995_916_924_1996_310_1557_309_1556_308_1555_307_404_403_402_401_2083_2084_2085_1036_1035_1034_915_914_913_912_1896_306_305_304_1464_1463_1465_1462_1466_303_820_819_818_817_609_608_1680_1679_1681_1678_1682_607_1677_1683_606_1461_1460_302_1459_301_1458_605_604_1676_1684_911_1895_1897_910_1894_1898_909_1893_1899_908_1892_1900_1997_1998_400_1472_1471_1473_399_1470_1474_398_1469_1475_397_1468_1467_816_1888_815_814_1889_813_1890_603_602_601_907_906_503_505_1577_502_506_1578_501_507_1579_500_508_1580_840_2176_2175_2177_2174_2178_839_1891_812_1033_1032_2192_2191_2193_2190_2194_1031_712_1784_1783_1785_1782_1786_711_1044_1045_1046_1047_1685_1686_1687_704_1688_1999_1016_2000_1015_1017_1014_1018_2001_1013_1019_2002_499_498_838_837_836_2173_2179_1787_1780_1788_1789_703_705_1689_702_706_1690_701_707_1691_700_708_1692_1581_1582_1583_600_1584_2180_2181_2182_2183_514_513_512_1672_1671_1673_1670_1674_511_2003_1012_1020_2004_699_905_904_1800_1799_1801_1798_1802_903_510_509_1669_1675_1668_300_299_298_297_1585_1586_599_1587_598_2086_2087_928_2088_927_929_926_930_2089_2379_2380_2381_2382_1030_1029_1028_2189_2195_1027_1790_710_811_1791_810_809_808_1792_936_2184_296_1368_1367_1369_295_1366_1370_294_1365_1371_293_497_496_1480_1479_1481_1478_1482_495_1477_1483_494_1588_1589_1590_1591_807_806_1793_805_1794_493_492_491_490_292_291_290_289_698_697_696_1592_1593_1594_695_2005_2006_2007_1595_694_1364_1363_1362_1361_1026_1025_1024_2096_2095_2097_2094_2098_1023_1596_1597_1598_1599_804_803_802_801_935_937_2185_934_938_2186_933_939_2187_932_940_2188_1022_1021_2093_2099_2092_2100_288_1272_489_488_1384_1383_1385_1382_1386_487_1381_1387_902_486_1797_1803_901_931_2090_2091_2383_597_792_1600_791_793_790_794_1601_789_795_1602_925_1693_1694_1695_800_1696_1372_1373_1374_1375_788_787_1603_786_1380_485_1379_392_1376_391_393_1377_390_394_1378_389_395_1901_1902_1903_1008_1904_1048_2384_1049_2385_1050_2386_1051_2387_2388_2389_2390_2391_2196_2197_2198_2199_388_387_386_385_1698_797_1699_796_1700_1112_2008_1111_1113_1110_1114_2009_1109_1115_2010_1604_1605_1606_1607_1128_2200_1127_1129_1126_1130_2201_1125_1131_2202_1144_2392_799_1697_798_1011_1010_1009_1108_2011_1107_596_595_594_593_900_899_898_1487_1489_1486_1490_591_2101_2102_2103_1120_2104_384_1280_1279_1281_1278_1282_1277_1283_1119_1121_1118_1122_2105_888_1608_887_889_1609_886_890_1610_885_891_1611_1132_1133_2203_1134_1007_1905_1006_1906_1005_1907_785_784_1504_1503_1505_1502_1506_783_1501_1507_782_1106_1105_1104_1912_1911_1913_1910_1914_1103_1284_1285_1286_1287_1485_592_1484_1488_590_589_884_883_882_881_1102_1101_1100_1909_1915_1099_1123_1124_2106_2107_2204_2205_2206_2207_2108_2109_1117_2110_484_483_482_481_1224_1223_1225_1222_1226_1221_1227_588_587_1491_586_1004_1003_1002_480_1288_897_896_1704_1703_1705_1702_1706_895_1001_1000_1808_1220_1228_1916_1917_1918_1919_1701_693_692_781_780_779_778_777_1707_894_1708_893_1709_880_1512_1511_1513_1510_1514_879_1143_1145_2393_1142_1146_2394_1141_1147_2395_1140_1148_2396_1098_1097_1096_1816_1815_1817_1814_1818_1095_1271_1273_1270_1274_1269_1275_1268_1276_776_1408_1407_1409_1406_1410_775_1405_1411_774_691_690_689_2012_2013_2014_2015_585_584_1392_1391_1393_1390_1394_583_1389_1395_582_1289_1290_2397_1208_1207_1209_1206_1210_1205_1211_1149_1150_1151_2488_581_580_579_578_1710_1711_992_1712_1515_1516_878_1517_877_1518_1200_1199_1201_1198_1202_1219_1218_1217_1216_1412_773_1413_1819_1094_1820_1093_1813_1821_1212_1213_1214_991_993_1713_990_994_1714_989_995_1715_2111_1215_2398_2399_1240_1239_1241_1238_1242_1203_1204_1197_577_576_1296_1295_1297_1294_1298_1293_1299_1519_976_1520_975_977_974_978_1521_1291_1292_1052_1053_1054_1055_1300_1301_1302_1243_1244_1237_1245_1246_1247_2495_2494_2493_2480_2479_2481_2478_2482_2487_2489_2486_2490_2485_2491_2484_2492_979_1522_980_1523_973_981_685_1303_672_1304_1807_1809_999_1806_1810_998_1805_1811_997_1812_1822_1823_1192_1191_1193_1190_1194_1612_1613_1614_1615_1139_1138_1137_1136_2296_1189_1195_1188_1196_984_1616_892_1716_1092_1717_1091_1090_876_875_874_873_1236_1235_1234_1233_688_1496_1495_1497_1494_1498_687_673_1305_674_1306_675_1307_772_771_770_769_1493_686_1492_1499_1089_1088_1720_1232_2303_1231_2302_1230_2301_1229_2483_1414_1415_872_1416_871_870_1417_972_971_970_969_1308_1309_1310_1311_1719_1721_1087_1718_1722_1086_1723_1085_768_1312_1313_1314_1315_968_1424_1423_1425_967_1422_1426_966_1421_1427_965_1418_1084_1083_2295_2297_2294_2298_1135_869_868_867_1419_866_1524_1525_1526_1527_1428_1429_1430_1431_2293_2299_1187_1186_1185_1082_1081_1080_1624_1064_1432_1063_1065_1062_1066_1433_1061_1067_1434_1060_1435_1059_1436_1058_1437_1057_1079_1623_1625_1078_1622_1626_1077_1621_1627_1076_1620_1628_1438_1439_1160_1159_1161_1158_1162_1072_1528_1071_1073_1070_1074_1529_1163_1164_1165_1166_1056_1336_1335_1337_1334_1338_1333_1339_1500_865_864_1320_1319_1321_1318_1322_1075_1530_1531_1317_1323_983_985_1617_982_986_1618_987_1619_988_1340_1341_1532_1533_1534_1535_2300_1184_1727_1726_1183_1629_1630_1182_1181_1725_1180_1724_1068_1342_1343_1152_1168_1179_1178_1177_964_963_962_961_1420_1167_1169_1170_1171_1172_1176_1631_1175_1174_1173_1153_1154_1155_960_1328_1327_1329_1326_1330_1325_1331_1156_1157_1332_1324_,0_1_2_3_4_5_6_7_8_9_10_11_12_13_14_15_16_17_18_19_20_21_22_23_24_25_26_27_28_29_30_31_32_33_34_35_36_37_38_39_40_41_42_43_44_45_46_47_48_49_50_51_52_53_54_55_56_57_58_59_60_61_62_63_64_65_66_67_68_69_70_71_72_73_74_75_76_77_78_79_80_81_82_83_84_85_86_87_88_89_90_91_92_93_94_95_96_97_98_99_100_101_102_103_104_105_106_107_108_109_110_111_112_113_114_115_116_117_118_119_120_121_122_123_124_125_126_127_128_129_130_131_132_133_134_135_136_137_138_139_140_141_142_143_144_145_146_147_148_149_150_151_152_153_154_155_156_157_158_159_160_161_162_163_164_165_166_167_168_169_170_171_172_173_174_175_176_177_178_179_180_181_182_183_184_185_186_187_188_189_190_191_192_193_194_195_196_197_198_199_200_201_202_203_204_205_206_207_208_209_210_211_212_213_214_215_216_217_218_219_220_221_222_223_224_225_226_227_228_229_230_231_232_233_234_235_236_237_238_239_240_241_242_243_244_245_246_247_248_249_250_251_252_253_254_255_256_257_258_259_260_261_262_263_264_265_266_267_268_269_270_271_272_273_274_275_276_277_278_279_280_281_282_283_284_285_286_287_288_289_290_291_292_293_294_295_296_297_298_299_300_301_302_303_304_305_306_307_308_309_310_311_312_313_314_315_316_317_318_319_320_321_322_323_324_325_326_327_328_329_330_331_332_333_334_335_336_337_338_339_340_341_342_343_344_345_346_347_348_349_350_351_352_353_354_355_356_357_358_359_360_361_362_363_364_365_366_367_368_369_370_371_372_373_374_375_376_377_378_379_380_381_382_383_384_385_386_387_388_389_390_391_392_393_394_395_396_397_398_399_400_401_402_403_404_405_406_407_408_409_410_411_412_413_414_415_416_417_418_419_420_421_422_423_424_425_426_427_428_429_430_431_432_433_434_435_436_437_438_439_440_441_442_443_444_445_446_447_448_449_450_451_452_453_454_455_456_457_458_459_460_461_462_463_464_465_466_467_468_469_470_471_472_473_474_475_476_477_478_479_480_481_482_483_484_485_486_487_488_489_490_491_492_493_494_495_496_497_498_499_500_501_502_503_504_505_506_507_508_509_510_511_512_513_514_515_516_517_518_519_520_521_522_523_524_525_526_527_528_529_530_531_532_533_534_535_536_537_538_539_540_541_542_543_544_545_546_547_548_549_550_551_552_553_554_555_556_557_558_559_560_561_562_563_564_565_566_567_568_569_570_571_572_573_574_575_576_577_578_579_580_581_582_583_584_585_586_587_588_589_590_591_592_593_594_595_596_597_598_599_600_601_602_603_604_605_606_607_608_609_610_611_612_613_614_615_616_617_618_619_620_621_622_623_624_625_626_627_628_629_630_631_632_633_634_635_636_637_638_639_640_641_642_643_644_645_646_647_648_649_650_651_652_653_654_655_656_657_658_659_660_661_662_663_664_665_666_667_668_669_670_671_672_673_674_675_676_677_678_679_680_681_682_683_684_685_686_687_688_689_690_691_692_693_694_695_696_697_698_699_700_701_702_703_704_705_706_707_708_709_710_711_712_713_714_715_716_717_718_719_720_721_722_723_724_725_726_727_728_729_730_731_732_733_734_735_736_737_738_739_740_741_742_743_744_745_746_747_748_749_750_751_752_753_754_755_756_757_758_759_760_761_762_763_764_765_766_767_768_769_770_771_772_773_774_775_776_777_778_779_780_781_782_783_784_785_786_787_788_789_790_791_792_793_794_795_796_797_798_799_800_801_802_803_804_805_806_807_808_809_810_811_812_813_814_815_816_817_818_819_820_821_822_823_824_825_826_827_828_829_830_831_832_833_834_835_836_837_838_839_840_841_842_843_844_845_846_847_848_849_850_851_852_853_854_855_856_857_858_859_860_861_862_863_864_865_866_867_868_869_870_871_872_873_874_875_876_877_878_879_880_881_882_883_884_885_886_887_888_889_890_891_892_893_894_895_896_897_898_899_900_901_902_903_904_905_906_907_908_909_910_911_912_913_914_915_916_917_918_919_920_921_922_923_924_925_926_927_928_929_930_931_932_933_934_935_936_937_938_939_940_941_942_943_944_945_946_947_948_949_950_951_952_953_954_955_956_957_958_959_960_961_962_963_964_965_966_967_968_969_970_971_972_973_974_975_976_977_978_979_980_981_982_983_984_985_986_987_988_989_990_991_992_993_994_995_996_997_998_999_1000_1001_1002_1003_1004_1005_1006_1007_1008_1009_1010_1011_1012_1013_1014_1015_1016_1017_1018_1019_1020_1021_1022_1023_1024_1025_1026_1027_1028_1029_1030_1031_1032_1033_1034_1035_1036_1037_1038_1039_1040_1041_1042_1043_1044_1045_1046_1047_1048_1049_1050_1051_1052_1053_1054_1055_1056_1057_1058_1059_1060_1061_1062_1063_1064_1065_1066_1067_1068_1069_1070_1071_1072_1073_1074_1075_1076_1077_1078_1079_1080_1081_1082_1083_1084_1085_1086_1087_1088_1089_1090_1091_1092_1093_1094_1095_1096_1097_1098_1099_1100_1101_1102_1103_1104_1105_1106_1107_1108_1109_1110_1111_1112_1113_1114_1115_1116_1117_1118_1119_1120_1121_1122_1123_1124_1125_1126_1127_1128_1129_1130_1131_1132_1133_1134_1135_1136_1137_1138_1139_1140_1141_1142_1143_1144_1145_1146_1147_1148_1149_1150_1151_1152_1153_1154_1155_1156_1157_1158_1159_1160_1161_1162_1163_1164_1165_1166_1167_1168_1169_1170_1171_1172_1173_1174_1175_1176_1177_1178_1179_1180_1181_1182_1183_1184_1185_1186_1187_1188_1189_1190_1191_1192_1193_1194_1195_1196_1197_1198_1199_1200_1201_1202_1203_1204_1205_1206_1207_1208_1209_1210_1211_1212_1213_1214_1215_1216_1217_1218_1219_1220_1221_1222_1223_1224_1225_1226_1227_1228_1229_1230_1231_1232_1233_1234_1235_1236_1237_1238_1239_1240_1241_1242_1243_1244_1245_1246_1247_1248_1249_1250_1251_1252_1253_1254_1255_1256_1257_1258_1259_1260_1261_1262_1263_1264_1265_1266_1267_1268_1269_1270_1271_1272_1273_1274_1275_1276_1277_1278_1279_1280_1281_1282_1283_1284_1285_1286_1287_1288_1289_1290_1291_1292_1293_1294_1295_1296_1297_1298_1299_1300_1301_1302_1303_1304_1305_1306_1307_1308_1309_1310_1311_1312_1313_1314_1315_1316_1317_1318_1319_1320_1321_1322_1323_1324_1325_1326_1327_1328_1329_1330_1331_1332_1333_1334_1335_1336_1337_1338_1339_1340_1341_1342_1343_1344_1345_1346_1347_1348_1349_1350_1351_1352_1353_1354_1355_1356_1357_1358_1359_1360_1361_1362_1363_1364_1365_1366_1367_1368_1369_1370_1371_1372_1373_1374_1375_1376_1377_1378_1379_1380_1381_1382_1383_1384_1385_1386_1387_1388_1389_1390_1391_1392_1393_1394_1395_1396_1397_1398_1399_1400_1401_1402_1403_1404_1405_1406_1407_1408_1409_1410_1411_1412_1413_1414_1415_1416_1417_1418_1419_1420_1421_1422_1423_1424_1425_1426_1427_1428_1429_1430_1431_1432_1433_1434_1435_1436_1437_1438_1439_1440_1441_1442_1443_1444_1445_1446_1447_1448_1449_1450_1451_1452_1453_1454_1455_1456_1457_1458_1459_1460_1461_1462_1463_1464_1465_1466_1467_1468_1469_1470_1471_1472_1473_1474_1475_1476_1477_1478_1479_1480_1481_1482_1483_1484_1485_1486_1487_1488_1489_1490_1491_1492_1493_1494_1495_1496_1497_1498_1499_1500_1501_1502_1503_1504_1505_1506_1507_1508_1509_1510_1511_1512_1513_1514_1515_1516_1517_1518_1519_1520_1521_1522_1523_1524_1525_1526_1527_1528_1529_1530_1531_1532_1533_1534_1535_1536_1537_1538_1539_1540_1541_1542_1543_1544_1545_1546_1547_1548_1549_1550_1551_1552_1553_1554_1555_1556_1557_1558_1559_1560_1561_1562_1563_1564_1565_1566_1567_1568_1569_1570_1571_1572_1573_1574_1575_1576_1577_1578_1579_1580_1581_1582_1583_1584_1585_1586_1587_1588_1589_1590_1591_1592_1593_1594_1595_1596_1597_1598_1599_1600_1601_1602_1603_1604_1605_1606_1607_1608_1609_1610_1611_1612_1613_1614_1615_1616_1617_1618_1619_1620_1621_1622_1623_1624_1625_1626_1627_1628_1629_1630_1631_1632_1633_1634_1635_1636_1637_1638_1639_1640_1641_1642_1643_1644_1645_1646_1647_1648_1649_1650_1651_1652_1653_1654_1655_1656_1657_1658_1659_1660_1661_1662_1663_1664_1665_1666_1667_1668_1669_1670_1671_1672_1673_1674_1675_1676_1677_1678_1679_1680_1681_1682_1683_1684_1685_1686_1687_1688_1689_1690_1691_1692_1693_1694_1695_1696_1697_1698_1699_1700_1701_1702_1703_1704_1705_1706_1707_1708_1709_1710_1711_1712_1713_1714_1715_1716_1717_1718_1719_1720_1721_1722_1723_1724_1725_1726_1727_1728_1729_1730_1731_1732_1733_1734_1735_1736_1737_1738_1739_1740_1741_1742_1743_1744_1745_1746_1747_1748_1749_1750_1751_1752_1753_1754_1755_1756_1757_1758_1759_1760_1761_1762_1763_1764_1765_1766_1767_1768_1769_1770_1771_1772_1773_1774_1775_1776_1777_1778_1779_1780_1781_1782_1783_1784_1785_1786_1787_1788_1789_1790_1791_1792_1793_1794_1795_1796_1797_1798_1799_1800_1801_1802_1803_1804_1805_1806_1807_1808_1809_1810_1811_1812_1813_1814_1815_1816_1817_1818_1819_1820_1821_1822_1823_1824_1825_1826_1827_1828_1829_1830_1831_1832_1833_1834_1835_1836_1837_1838_1839_1840_1841_1842_1843_1844_1845_1846_1847_1848_1849_1850_1851_1852_1853_1854_1855_1856_1857_1858_1859_1860_1861_1862_1863_1864_1865_1866_1867_1868_1869_1870_1871_1872_1873_1874_1875_1876_1877_1878_1879_1880_1881_1882_1883_1884_1885_1886_1887_1888_1889_1890_1891_1892_1893_1894_1895_1896_1897_1898_1899_1900_1901_1902_1903_1904_1905_1906_1907_1908_1909_1910_1911_1912_1913_1914_1915_1916_1917_1918_1919_1920_1921_1922_1923_1924_1925_1926_1927_1928_1929_1930_1931_1932_1933_1934_1935_1936_1937_1938_1939_1940_1941_1942_1943_1944_1945_1946_1947_1948_1949_1950_1951_1952_1953_1954_1955_1956_1957_1958_1959_1960_1961_1962_1963_1964_1965_1966_1967_1968_1969_1970_1971_1972_1973_1974_1975_1976_1977_1978_1979_1980_1981_1982_1983_1984_1985_1986_1987_1988_1989_1990_1991_1992_1993_1994_1995_1996_1997_1998_1999_2000_2001_2002_2003_2004_2005_2006_2007_2008_2009_2010_2011_2012_2013_2014_2015_2016_2017_2018_2019_2020_2021_2022_2023_2024_2025_2026_2027_2028_2029_2030_2031_2032_2033_2034_2035_2036_2037_2038_2039_2040_2041_2042_2043_2044_2045_2046_2047_2048_2049_2050_2051_2052_2053_2054_2055_2056_2057_2058_2059_2060_2061_2062_2063_2064_2065_2066_2067_2068_2069_2070_2071_2072_2073_2074_2075_2076_2077_2078_2079_2080_2081_2082_2083_2084_2085_2086_2087_2088_2089_2090_2091_2092_2093_2094_2095_2096_2097_2098_2099_2100_2101_2102_2103_2104_2105_2106_2107_2108_2109_2110_2111_2112_2113_2114_2115_2116_2117_2118_2119_2120_2121_2122_2123_2124_2125_2126_2127_2128_2129_2130_2131_2132_2133_2134_2135_2136_2137_2138_2139_2140_2141_2142_2143_2144_2145_2146_2147_2148_2149_2150_2151_2152_2153_2154_2155_2156_2157_2158_2159_2160_2161_2162_2163_2164_2165_2166_2167_2168_2169_2170_2171_2172_2173_2174_2175_2176_2177_2178_2179_2180_2181_2182_2183_2184_2185_2186_2187_2188_2189_2190_2191_2192_2193_2194_2195_2196_2197_2198_2199_2200_2201_2202_2203_2204_2205_2206_2207_2208_2209_2210_2211_2212_2213_2214_2215_2216_2217_2218_2219_2220_2221_2222_2223_2224_2225_2226_2227_2228_2229_2230_2231_2232_2233_2234_2235_2236_2237_2238_2239_2240_2241_2242_2243_2244_2245_2246_2247_2248_2249_2250_2251_2252_2253_2254_2255_2256_2257_2258_2259_2260_2261_2262_2263_2264_2265_2266_2267_2268_2269_2270_2271_2272_2273_2274_2275_2276_2277_2278_2279_2280_2281_2282_2283_2284_2285_2286_2287_2288_2289_2290_2291_2292_2293_2294_2295_2296_2297_2298_2299_2300_2301_2302_2303_2304_2305_2306_2307_2308_2309_2310_2311_2312_2313_2314_2315_2316_2317_2318_2319_2320_2321_2322_2323_2324_2325_2326_2327_2328_2329_2330_2331_2332_2333_2334_2335_2336_2337_2338_2339_2340_2341_2342_2343_2344_2345_2346_2347_2348_2349_2350_2351_2352_2353_2354_2355_2356_2357_2358_2359_2360_2361_2362_2363_2364_2365_2366_2367_2368_2369_2370_2371_2372_2373_2374_2375_2376_2377_2378_2379_2380_2381_2382_2383_2384_2385_2386_2387_2388_2389_2390_2391_2392_2393_2394_2395_2396_2397_2398_2399_2400_2401_2402_2403_2404_2405_2406_2407_2408_2409_2410_2411_2412_2413_2414_2415_2416_2417_2418_2419_2420_2421_2422_2423_2424_2425_2426_2427_2428_2429_2430_2431_2432_2433_2434_2435_2436_2437_2438_2439_2440_2441_2442_2443_2444_2445_2446_2447_2448_2449_2450_2451_2452_2453_2454_2455_2456_2457_2458_2459_2460_2461_2462_2463_2464_2465_2466_2467_2468_2469_2470_2471_2472_2473_2474_2475_2476_2477_2478_2479_2480_2481_2482_2483_2484_2485_2486_2487_2488_2489_2490_2491_2492_2493_2494_2495_,41:{40;1728;1729;39;1730;38;1731;37;}45:{43;42;41;}48:{46;45;44;}51:{50;49;47;}55:{52;51;}66:{64;2016;2017;2018;63;2019;62;}69:{66;65;}71:{69;68;67;75;}77:{76;}81:{77;}82:{81;80;2208;2209;2210;79;2211;78;}86:{83;82;}88:{87;89;86;90;85;91;84;92;}145:{144;1832;1831;1833;143;1830;1834;142;1829;1835;141;}149:{148;147;146;145;}154:{1927;1929;1926;1930;151;1925;1931;150;}156:{155;154;153;152;1928;}164:{163;162;161;160;2024;}172:{169;168;2120;}174:{173;172;171;170;}178:{2215;2217;2214;2218;175;2213;2219;174;}180:{179;178;177;176;184;2216;}184:{2312;183;185;2311;2313;182;186;2310;2314;181;187;2309;2315;180;188;2308;2316;}187:{189;190;191;}190:{2408;2407;2409;2406;2410;2405;2411;}225:{1647;1649;223;1646;1650;222;1645;1651;221;}228:{227;226;225;224;1648;}236:{235;234;233;232;1744;}258:{2031;2033;2034;255;2035;254;}260:{259;258;257;256;2032;}264:{263;2127;2129;262;2126;2130;261;2125;2131;260;2132;}268:{265;264;2128;}270:{269;268;2226;267;2227;266;}288:{1271;1273;1270;1274;1269;1275;1268;1276;}292:{288;1272;}293:{292;291;290;289;}297:{296;1368;1367;1369;295;1366;1370;294;1365;1371;293;}301:{300;299;298;297;}307:{306;305;304;1464;1463;1465;1462;1466;303;}311:{310;309;308;307;}315:{313;312;1560;1559;1561;1558;1562;311;}318:{316;315;314;}321:{318;1653;317;}323:{322;321;320;1656;1655;1657;1654;1658;319;}327:{323;}345:{1943;1945;343;1946;342;1947;341;}348:{345;344;1944;}350:{348;347;346;}352:{2044;}357:{356;}368:{2234;365;371;2235;364;372;2236;}382:{380;2427;}386:{384;1280;1279;1281;1278;1282;1277;1283;}389:{388;387;386;385;}401:{400;1472;1471;1473;399;1470;1474;398;1469;1475;397;}405:{404;403;402;401;}411:{408;1568;1567;1569;1566;1570;407;}413:{412;411;410;409;}418:{416;1664;1663;1665;1662;1666;415;1661;1667;414;}421:{420;419;418;417;}424:{1764;}425:{421;}426:{425;424;1760;1759;1761;1758;1762;423;1757;1763;422;}430:{429;428;427;426;}434:{1855;1857;1854;1858;431;1859;430;}436:{435;434;433;432;1856;}440:{1955;436;444;1956;}449:{446;2051;445;}451:{449;2049;2050;447;}454:{453;452;451;450;}458:{2147;454;}459:{458;457;456;2144;2145;2146;455;}463:{459;}468:{467;466;465;464;2240;}473:{477;}477:{478;479;2432;2431;2433;2430;2434;}483:{1289;1290;}485:{484;483;482;481;}490:{489;488;1384;1383;1385;1382;1386;487;1381;1387;486;}494:{493;492;491;490;}498:{497;496;1480;1479;1481;1478;1482;495;1477;1483;494;}502:{499;498;}515:{514;513;512;1672;1671;1673;1670;1674;511;}519:{515;}520:{519;1769;518;1770;517;1771;516;1772;}524:{523;522;521;}532:{531;530;529;528;1864;}536:{535;537;1961;534;538;1962;533;539;1963;532;540;1964;}544:{543;545;2057;542;546;2058;541;547;2059;548;2060;}553:{552;2152;2151;2153;551;2150;2154;550;2149;2155;549;}557:{555;554;553;}565:{562;561;}567:{2347;}578:{577;576;1296;1295;1297;1294;1298;1293;1299;}582:{581;580;579;578;}586:{585;584;1392;1391;1393;1390;1394;583;1389;1395;582;}590:{588;587;1491;586;}595:{1487;1489;1486;1490;591;}597:{596;595;594;593;}602:{1585;1586;599;1587;598;}605:{603;602;601;}608:{605;604;1676;1684;}610:{609;608;1680;1679;1681;1678;1682;607;1677;1683;606;}614:{612;611;610;}625:{628;1875;}640:{639;641;2065;638;642;2066;637;643;2067;636;644;2068;}651:{652;}657:{2259;}660:{658;657;656;2256;}663:{660;2355;659;}670:{669;668;2450;2451;}689:{685;}691:{688;1496;1495;1497;1494;1498;687;}693:{691;690;689;}698:{1595;694;}699:{698;697;696;1592;1593;1594;695;}703:{699;}704:{703;705;1689;702;706;1690;701;707;1691;700;708;1692;}715:{712;1784;1783;1785;1782;1786;711;}717:{716;715;714;713;}723:{720;1880;1879;1881;1878;1882;719;}725:{723;722;721;}743:{741;740;}746:{745;744;2168;2167;2169;2166;2170;743;2165;2171;742;}750:{747;746;}752:{751;2263;2265;750;2262;2266;749;2261;2267;748;2260;2268;}756:{753;752;2264;}758:{757;756;2362;755;2363;754;}766:{765;764;2458;2459;}769:{768;1312;1313;1314;1315;}773:{772;771;770;769;}778:{776;1408;1407;1409;1406;1410;775;1405;1411;774;}781:{778;777;}783:{781;780;779;}786:{785;784;1504;1503;1505;1502;1506;783;1501;1507;782;}790:{788;787;1603;786;}800:{1698;797;1699;796;1700;}805:{804;803;802;801;}812:{811;810;809;808;1792;}816:{1891;812;}821:{820;819;818;817;}826:{828;829;1987;830;}839:{838;837;836;2173;2179;}843:{840;2176;2175;2177;2174;2178;839;}845:{843;842;841;}856:{855;857;2369;854;858;2370;853;859;2371;852;860;2372;}860:{861;862;863;2464;}861:{2463;2465;2466;}865:{1317;1323;}867:{865;864;1320;1319;1321;1318;1322;}870:{869;868;867;1419;866;}875:{1418;}877:{876;875;874;873;}883:{880;1512;1511;1513;1510;1514;879;}885:{884;883;882;881;}893:{892;}899:{897;896;1704;1703;1705;1702;1706;895;}902:{900;899;898;}905:{902;1797;1803;901;}907:{905;904;1800;1799;1801;1798;1802;903;}910:{907;906;}912:{911;1895;1897;910;1894;1898;909;1893;1899;908;1892;1900;}916:{915;914;913;912;1896;}930:{931;2090;2091;}946:{947;948;2282;949;2283;950;}958:{956;955;954;}961:{960;1328;1327;1329;1326;1330;1325;1331;}965:{964;963;962;961;}969:{968;1424;1423;1425;967;1422;1426;966;1421;1427;965;}973:{972;971;970;969;}977:{979;1522;980;1523;973;981;}1001:{1807;1809;999;1806;1810;998;1805;1811;997;}1004:{1001;1000;1808;}1006:{1004;1003;1002;}1012:{1011;1010;1009;}1016:{2003;1012;1020;2004;}1024:{1022;1021;2093;2099;2092;2100;}1027:{1026;1025;1024;2096;2095;2097;2094;2098;1023;}1031:{1030;1029;1028;2189;2195;1027;}1035:{1033;1032;2192;2191;2193;2190;2194;1031;}1038:{1036;1035;1034;}1043:{1044;1045;1046;1047;}1051:{1052;1053;1054;1055;}1053:{2480;2479;2481;2478;2482;}1058:{1056;1336;1335;1337;1334;1338;1333;1339;}1061:{1060;1059;1058;1057;}1064:{1068;}1074:{1075;1530;1531;}1080:{1079;1623;1625;1078;1622;1626;1077;1621;1627;1076;1620;1628;}1084:{1082;1081;1080;1624;}1087:{1084;1083;}1089:{1719;1721;1087;1718;1722;1086;1723;1085;}1092:{1089;1088;1720;}1094:{1092;1091;1090;}1099:{1098;1097;1096;1816;1815;1817;1814;1818;1095;}1103:{1102;1101;1100;1909;1915;1099;}1107:{1106;1105;1104;1912;1911;1913;1910;1914;1103;}1111:{1108;2011;1107;}1122:{1123;1124;2106;2107;}1130:{1132;1133;2203;1134;}1135:{2293;2299;}1139:{2295;2297;2294;2298;1135;}1140:{1139;1138;1137;1136;2296;}1148:{1149;1150;1151;2488;}1153:{1156;1157;}1162:{1163;1164;1165;1166;}1168:{1167;1169;1170;1171;1172;}1177:{1176;1631;1175;1174;1173;}1181:{1179;1178;1177;}1184:{1182;1181;1725;1180;1724;}1187:{1184;1727;1726;1183;}1189:{1187;1186;1185;}1192:{1189;1195;1188;1196;}1201:{1203;1204;1197;}1210:{1212;1213;1214;}1219:{2111;1215;}1220:{1219;1218;1217;1216;}1224:{1220;1228;}1233:{1232;2303;1231;2302;1230;2301;1229;}1237:{1236;1235;1234;1233;}1241:{1243;1244;1237;1245;}1243:{1246;1247;}1246:{2495;2494;2493;}1283:{1284;1285;1286;1287;}1284:{480;1288;}1289:{1291;1292;}1298:{1300;1301;1302;}1300:{1303;672;1304;}1303:{673;1305;674;1306;675;1307;}1307:{1308;1309;1310;1311;}1323:{1324;}1329:{1332;}1337:{1340;1341;}1340:{1342;1343;1152;}1342:{1153;1154;1155;}1365:{1364;1363;1362;1361;}1371:{1372;1373;1374;1375;}1375:{392;1376;391;393;1377;390;394;1378;389;395;}1383:{1380;485;1379;}1409:{1412;773;1413;}1413:{1414;1415;872;1416;871;870;1417;}1418:{1420;}1427:{1428;1429;1430;1431;}1430:{1064;1432;1063;1065;1062;1066;1433;1061;1067;1434;}1433:{1435;1436;1437;}1437:{1438;1439;1160;1159;1161;1158;1162;}1462:{1461;1460;302;1459;301;1458;}1471:{1468;1467;}1486:{1485;592;1484;1488;590;589;}1495:{1493;686;1492;1499;}1499:{1500;}1514:{1515;1516;878;1517;877;1518;}1517:{1519;976;1520;975;977;974;978;1521;}1523:{1524;1525;1526;1527;}1525:{1072;1528;1071;1073;1070;1074;1529;}1531:{1532;1533;1534;1535;}1532:{1168;}1559:{1557;1556;1555;}1567:{1565;406;1564;405;1563;1571;}1571:{1572;1573;1574;1575;}1572:{504;1576;}1576:{503;505;1577;502;506;1578;501;507;1579;500;508;1580;}1580:{1581;1582;1583;600;1584;}1583:{597;}1587:{1588;1589;1590;1591;}1592:{693;692;}1595:{1596;1597;1598;1599;}1598:{792;1600;791;793;790;794;1601;789;795;1602;}1603:{1604;1605;1606;1607;}1607:{888;1608;887;889;1609;886;890;1610;885;891;1611;}1611:{1612;1613;1614;1615;}1612:{984;1616;}1616:{983;985;1617;982;986;1618;987;1619;988;}1626:{1629;1630;}1647:{1644;1643;}1663:{1660;413;1659;}1672:{510;509;1669;1675;1668;}1684:{1685;1686;1687;704;1688;}1692:{1693;1694;1695;800;1696;}1695:{799;1697;798;}1699:{1701;}1705:{1707;894;1708;893;1709;}1708:{1710;1711;992;1712;}1711:{991;993;1713;990;994;1714;989;995;1715;}1713:{1716;1717;}1729:{1732;1733;}1744:{231;1743;1745;230;1742;1746;229;1741;1747;228;1740;1748;}1748:{1749;1750;1751;328;1752;}1752:{327;329;1753;326;330;1754;325;331;1755;324;332;1756;}1764:{1765;1766;1767;520;1768;}1772:{1773;1774;1775;616;1776;}1775:{615;617;1777;614;618;1778;613;619;1779;}1782:{1780;}1785:{1787;1788;1789;}1787:{1790;710;1791;}1790:{807;806;1793;805;1794;}1809:{1812;}1817:{1819;1094;1820;1093;1813;1821;}1821:{1822;1823;1192;1191;1193;1190;1194;}1828:{48;1824;}1829:{1828;1827;1826;1825;}1834:{1836;1837;1838;}1838:{1839;240;1840;239;241;238;242;1841;237;243;1842;}1840:{1843;236;244;1844;}1842:{1845;1846;}1846:{1847;336;1848;335;337;334;338;1849;333;339;1850;}1849:{1851;1852;1853;}1864:{527;1863;1865;526;1862;1866;525;1861;1867;524;1860;1868;}1866:{1869;1870;}1870:{1871;624;1872;623;625;622;626;1873;621;627;1874;}1879:{1877;718;1876;717;1883;}1883:{1884;1885;1886;1887;}1886:{816;1888;815;814;1889;813;1890;}1900:{1901;1902;1903;1008;1904;}1903:{1007;1905;1006;1906;1005;1907;}1915:{1916;1917;1918;1919;}1917:{1200;1199;1201;1198;1202;}1922:{1921;56;1920;55;57;54;58;53;59;}1926:{1924;1923;149;1922;}1931:{1932;1933;1934;1935;}1935:{248;1936;247;249;1937;246;250;1938;245;251;1939;}1938:{1940;1941;1942;}1946:{1948;1949;1950;}1950:{1951;440;1952;439;441;438;442;1953;437;443;1954;}1956:{1957;1958;1959;536;1960;}1962:{1965;1966;}1966:{1967;632;1968;631;633;630;634;1969;629;635;1970;}1969:{1971;1972;1973;}1972:{1974;1975;728;1976;}1976:{727;729;1977;726;730;1978;725;731;1979;724;732;1980;}1979:{1981;1982;1983;}1982:{824;1984;823;825;822;826;1985;821;827;1986;}1987:{1988;1989;1990;1991;}1989:{920;1992;919;921;918;922;1993;}1992:{1994;917;923;1995;916;924;1996;}1994:{1997;1998;}1998:{1999;1016;2000;1015;1017;1014;1018;2001;1013;1019;2002;}2003:{2005;2006;2007;}2006:{1112;2008;1111;1113;1110;1114;2009;1109;1115;2010;}2011:{2012;2013;2014;2015;}2014:{1208;1207;1209;1206;1210;1205;1211;}2016:{61;60;}2024:{159;2023;2025;158;2022;2026;157;2021;2027;156;2020;2028;}2026:{2029;2030;}2035:{2036;2037;2038;2039;}2039:{352;2040;351;353;2041;350;354;2042;349;355;2043;}2044:{2045;2046;2047;448;2048;}2051:{2052;2053;2054;2055;}2052:{544;2056;}2060:{2061;2062;2063;640;2064;}2068:{2069;2070;2071;736;2072;}2071:{735;737;2073;734;738;2074;733;739;2075;}2075:{2076;2077;2078;2079;}2078:{832;2080;831;833;834;2081;835;2082;}2081:{2083;2084;2085;}2085:{2086;2087;928;2088;927;929;926;930;2089;}2090:{925;}2100:{2101;2102;2103;1120;2104;}2101:{1119;1121;1118;1122;2105;}2106:{2108;2109;1117;2110;}2115:{72;2112;71;73;70;74;}2117:{2115;2114;2113;}2120:{167;2119;2121;166;2118;2122;165;2117;2123;164;2116;2124;}2131:{2133;2134;2135;}2135:{360;2136;359;361;2137;358;362;2138;357;363;2139;}2139:{2140;2141;2142;2143;}2153:{2156;2157;}2157:{2158;2159;648;2160;647;649;646;650;2161;}2158:{645;651;2162;}2179:{2180;2181;2182;2183;}2180:{936;2184;}2184:{935;937;2185;934;938;2186;933;939;2187;932;940;2188;}2195:{2196;2197;2198;2199;}2198:{1128;2200;1127;1129;1126;1130;2201;1125;1131;2202;}2203:{2204;2205;2206;2207;}2206:{1224;1223;1225;1222;1226;1221;1227;}2217:{2220;2221;}2221:{2222;2223;272;2224;271;273;270;274;2225;}2227:{2228;2229;2230;2231;}2229:{368;2232;367;369;366;370;2233;}2234:{2237;2238;}2240:{463;2239;2241;462;2242;461;2243;460;2244;}2244:{2245;2246;2247;560;2248;}2248:{559;2249;558;2250;557;563;2251;556;564;2252;}2251:{2253;2254;2255;}2254:{655;654;2257;653;2258;}2268:{2269;2270;2271;848;2272;}2272:{847;849;2273;846;850;2274;845;851;2275;844;2276;}2275:{2277;2278;2279;}2277:{944;2280;943;945;942;946;2281;}2283:{2284;2285;2286;2287;}2287:{1040;2288;1039;1041;2289;1038;1042;2290;1037;1043;2291;}2299:{2300;}2308:{2307;2306;2305;88;2304;}2315:{2317;2318;2319;}2319:{280;2320;279;281;2321;278;282;2322;277;283;2323;}2321:{2324;2325;}2325:{2326;2327;376;2328;375;377;374;378;2329;}2329:{2330;2331;2332;373;379;2333;}2332:{2334;2335;472;2336;}2336:{471;473;2337;470;474;2338;469;475;2339;468;476;2340;}2340:{2341;2342;2343;568;2344;}2342:{567;569;566;570;2345;565;571;2346;}2347:{2348;2349;2350;2351;}2350:{664;2352;663;665;662;666;2353;661;667;2354;}2355:{2356;2357;2358;2359;}2357:{760;2360;759;761;758;762;2361;}2362:{2364;2365;763;2366;}2364:{2367;856;2368;}2369:{2373;}2373:{2374;2375;952;2376;951;953;2377;}2374:{2378;}2378:{2379;2380;2381;2382;}2379:{2383;}2383:{1048;2384;1049;2385;1050;2386;1051;2387;}2387:{2388;2389;2390;2391;}2388:{1144;2392;}2392:{1143;1145;2393;1142;1146;2394;1141;1147;2395;1140;1148;2396;}2393:{2397;}2397:{2398;2399;1240;1239;1241;1238;1242;}2402:{2400;95;94;93;}2405:{2404;2403;2402;2401;}2411:{2412;2413;2414;2415;}2412:{2416;}2416:{287;2417;286;2418;285;2419;284;2420;}2419:{2421;2422;2423;}2422:{2424;383;382;2425;381;2426;}2432:{2429;2435;2428;2436;}2435:{2437;2438;2439;}2439:{2440;575;2441;574;2442;573;2443;}2441:{2444;2445;}2445:{2446;2447;2448;671;670;2449;}2451:{2452;2453;2454;2455;}2453:{2456;767;766;2457;}2458:{2460;2461;2462;}2466:{2467;2468;2469;2470;}2467:{2471;}2471:{2472;959;2473;958;2474;957;2475;}2482:{2483;}2488:{2487;2489;2486;2490;2485;2491;2484;2492;},48_49_143_144_145_240_241_339_439_440_441_543_544_545_655_656_657_658_659_660_661_662_663_664_665_666_667_668_669_670_671_1824_1825_1826_1827_1828_1829_1830_1831_1832_1833_1834_1835_1836_1837_1838_1839_1840_1841_1951_1952_1953_2055_2056_2057_2156_2157_2255_2256_2351_2352_2353_2447_2448_,184-2312*0_184-183*0_184-185*0_184-2311*0_184-2313*0_184-182*0_184-186*0_184-2310*0_184-2314*0_184-181*0_184-187*0_184-2309*0_184-2315*0_184-180*0_184-188*0_184-2308*0_184-2316*0_180-179*1_180-178*1_180-177*1_180-176*1_180-184*1_180-2216*1_2315-2317*1_2315-2318*1_2315-2319*1_187-189*1_187-190*1_187-191*1_178-2215*2_178-2217*2_178-2214*2_178-2218*2_178-175*2_178-2213*2_178-2219*2_178-174*2_174-173*3_2217-2220*3_174-172*3_2217-2221*3_174-171*3_174-170*3_2308-2307*1_2308-2306*1_2308-2305*1_2308-88*1_2308-2304*1_172-169*4_172-168*4_172-2120*4_2221-2222*4_2221-2223*4_2221-272*4_2221-2224*4_2221-271*4_2221-273*4_2221-270*4_2221-274*4_2221-2225*4_270-269*5_270-268*5_270-2226*5_270-267*5_270-2227*5_270-266*5_88-87*2_88-89*2_88-86*2_88-90*2_88-85*2_88-91*2_88-84*2_88-92*2_2120-167*5_2120-2119*5_2120-2121*5_2120-166*5_2120-2118*5_2120-2122*5_2120-165*5_2120-2117*5_2120-2123*5_2120-164*5_2120-2116*5_2120-2124*5_86-83*3_86-82*3_190-2408*2_190-2407*2_190-2409*2_190-2406*2_190-2410*2_190-2405*2_190-2411*2_268-265*6_268-264*6_268-2128*6_2117-2115*6_2117-2114*6_2117-2113*6_2405-2404*3_2405-2403*3_2405-2402*3_2405-2401*3_2319-280*2_2319-2320*2_2319-279*2_2319-281*2_2319-2321*2_2319-278*2_2319-282*2_2319-2322*2_2319-277*2_2319-283*2_2319-2323*2_2402-2400*4_2402-95*4_2402-94*4_2402-93*4_264-263*7_264-2127*7_264-2129*7_264-262*7_264-2126*7_264-2130*7_264-261*7_264-2125*7_264-2131*7_264-260*7_264-2132*7_2131-2133*8_2131-2134*8_2131-2135*8_2115-72*7_2115-2112*7_2115-71*7_2115-73*7_2115-70*7_2115-74*7_260-259*8_260-258*8_260-257*8_260-256*8_260-2032*8_82-81*4_82-80*4_82-2208*4_82-2209*4_82-2210*4_82-79*4_82-2211*4_82-78*4_2411-2412*3_2411-2413*3_2411-2414*3_2411-2415*3_2321-2324*3_2321-2325*3_81-77*5_164-163*6_164-162*6_164-161*6_164-160*6_164-2024*6_71-69*8_71-68*8_71-67*8_71-75*8_2024-159*7_2024-2023*7_2024-2025*7_2024-158*7_2024-2022*7_2024-2026*7_2024-157*7_2024-2021*7_2024-2027*7_2024-156*7_2024-2020*7_2024-2028*7_156-155*8_156-154*8_156-153*8_156-152*8_156-1928*8_2325-2326*4_2325-2327*4_2325-376*4_2325-2328*4_2325-375*4_2325-377*4_2325-374*4_2325-378*4_2325-2329*4_2026-2029*8_2026-2030*8_258-2031*9_258-2033*9_258-2034*9_258-255*9_258-2035*9_258-254*9_2035-2036*10_2035-2037*10_2035-2038*10_2035-2039*10_2329-2330*5_2329-2331*5_2329-2332*5_2329-373*5_2329-379*5_2329-2333*5_2332-2334*6_2332-2335*6_2332-472*6_2332-2336*6_2227-2228*6_2227-2229*6_2227-2230*6_2227-2231*6_2412-2416*4_2336-471*7_2336-473*7_2336-2337*7_2336-470*7_2336-474*7_2336-2338*7_2336-469*7_2336-475*7_2336-2339*7_2336-468*7_2336-476*7_2336-2340*7_2229-368*7_2229-2232*7_2229-367*7_2229-369*7_2229-366*7_2229-370*7_2229-2233*7_473-477*8_154-1927*9_154-1929*9_154-1926*9_154-1930*9_154-151*9_154-1925*9_154-1931*9_154-150*9_368-2234*8_368-365*8_368-371*8_368-2235*8_368-364*8_368-372*8_368-2236*8_2039-352*11_2039-2040*11_2039-351*11_2039-353*11_2039-2041*11_2039-350*11_2039-354*11_2039-2042*11_2039-349*11_2039-355*11_2039-2043*11_1926-1924*10_1926-1923*10_1926-149*10_1926-1922*10_477-478*9_477-479*9_477-2432*9_477-2431*9_477-2433*9_477-2430*9_477-2434*9_69-66*9_69-65*9_2135-360*9_2135-2136*9_2135-359*9_2135-361*9_2135-2137*9_2135-358*9_2135-362*9_2135-2138*9_2135-357*9_2135-363*9_2135-2139*9_2340-2341*8_2340-2342*8_2340-2343*8_2340-568*8_2340-2344*8_2432-2429*10_2432-2435*10_2432-2428*10_2432-2436*10_2139-2140*10_2139-2141*10_2139-2142*10_2139-2143*10_2234-2237*9_2234-2238*9_357-356*10_468-467*8_468-466*8_468-465*8_468-464*8_468-2240*8_2342-567*9_2342-569*9_2342-566*9_2342-570*9_2342-2345*9_2342-565*9_2342-571*9_2342-2346*9_350-348*12_350-347*12_350-346*12_348-345*13_348-344*13_348-1944*13_1922-1921*11_1922-56*11_1922-1920*11_1922-55*11_1922-57*11_1922-54*11_1922-58*11_1922-53*11_1922-59*11_2240-463*9_2240-2239*9_2240-2241*9_2240-462*9_2240-2242*9_2240-461*9_2240-2243*9_2240-460*9_2240-2244*9_66-64*10_66-2016*10_66-2017*10_66-2018*10_66-63*10_66-2019*10_66-62*10_567-2347*10_565-562*10_565-561*10_1931-1932*10_1931-1933*10_1931-1934*10_463-459*10_1931-1935*10_1935-248*11_1935-1936*11_1935-247*11_1935-249*11_1935-1937*11_1935-246*11_1935-250*11_1935-1938*11_1935-245*11_1935-251*11_1935-1939*11_1938-1940*12_1938-1941*12_1938-1942*12_2244-2245*10_2244-2246*10_2244-2247*10_2244-560*10_2244-2248*10_2016-61*11_2016-60*11_459-458*11_459-457*11_459-456*11_459-2144*11_459-2145*11_459-2146*11_459-455*11_2248-559*11_2248-2249*11_2248-558*11_2248-2250*11_2248-557*11_2248-563*11_2248-2251*11_2248-556*11_2248-564*11_2248-2252*11_345-1943*14_345-1945*14_345-343*14_345-1946*14_345-342*14_345-1947*14_345-341*14_458-2147*12_458-454*12_77-76*6_1946-1948*15_1946-1949*15_1946-1950*15_2416-287*5_2416-2417*5_2416-286*5_2416-2418*5_2416-285*5_2416-2419*5_2416-284*5_2416-2420*5_1950-1951*16_1950-440*16_1950-1952*16_1950-439*16_1950-441*16_1950-438*16_1950-442*16_1950-1953*16_1950-437*16_1950-443*16_1950-1954*16_2251-2253*12_2251-2254*12_2251-2255*12_55-52*12_55-51*12_2347-2348*11_2347-2349*11_2347-2350*11_2347-2351*11_149-148*11_149-147*11_149-146*11_149-145*11_352-2044*12_440-1955*17_440-436*17_440-444*17_440-1956*17_2435-2437*11_2435-2438*11_2435-2439*11_145-144*12_145-1832*12_145-1831*12_145-1833*12_145-143*12_145-1830*12_145-1834*12_145-142*12_145-1829*12_145-1835*12_145-141*12_2439-2440*12_2439-575*12_2439-2441*12_2439-574*12_2439-2442*12_2439-573*12_2439-2443*12_1829-1828*13_1829-1827*13_1829-1826*13_1829-1825*13_2441-2444*13_2441-2445*13_2419-2421*6_2419-2422*6_2419-2423*6_1834-1836*13_1834-1837*13_1834-1838*13_2044-2045*13_2044-2046*13_2044-2047*13_2044-448*13_2044-2048*13_1838-1839*14_1838-240*14_1838-1840*14_1838-239*14_1838-241*14_1838-238*14_1838-242*14_1838-1841*14_1838-237*14_1838-243*14_1838-1842*14_1828-48*14_1828-1824*14_51-50*13_51-49*13_51-47*13_436-435*18_436-434*18_436-433*18_436-432*18_436-1856*18_454-453*13_454-452*13_454-451*13_454-450*13_2350-664*12_2350-2352*12_2350-663*12_2350-665*12_2350-662*12_2350-666*12_2350-2353*12_2350-661*12_2350-667*12_2350-2354*12_48-46*15_48-45*15_48-44*15_451-449*14_451-2049*14_451-2050*14_451-447*14_1840-1843*15_1840-236*15_1840-244*15_1840-1844*15_1842-1845*15_1842-1846*15_557-555*12_557-554*12_557-553*12_449-446*15_449-2051*15_449-445*15_1846-1847*16_1846-336*16_1846-1848*16_1846-335*16_1846-337*16_1846-334*16_1846-338*16_1846-1849*16_1846-333*16_1846-339*16_1846-1850*16_1956-1957*18_1956-1958*18_1956-1959*18_1956-536*18_1956-1960*18_1849-1851*17_1849-1852*17_1849-1853*17_236-235*16_236-234*16_236-233*16_236-232*16_236-1744*16_2445-2446*14_2445-2447*14_2445-2448*14_2445-671*14_2445-670*14_2445-2449*14_663-660*13_663-2355*13_663-659*13_434-1855*19_434-1857*19_434-1854*19_434-1858*19_434-431*19_434-1859*19_434-430*19_430-429*20_430-428*20_430-427*20_430-426*20_2422-2424*7_2422-383*7_2422-382*7_2422-2425*7_2422-381*7_2422-2426*7_660-658*14_660-657*14_660-656*14_660-2256*14_1744-231*17_1744-1743*17_1744-1745*17_1744-230*17_1744-1742*17_1744-1746*17_1744-229*17_1744-1741*17_1744-1747*17_1744-228*17_1744-1740*17_1744-1748*17_2254-655*13_2254-654*13_2254-2257*13_2254-653*13_2254-2258*13_670-669*15_670-668*15_670-2450*15_670-2451*15_536-535*19_536-537*19_536-1961*19_536-534*19_536-538*19_536-1962*19_536-533*19_536-539*19_536-1963*19_536-532*19_536-540*19_536-1964*19_1748-1749*18_1748-1750*18_1748-1751*18_1748-328*18_1748-1752*18_2355-2356*14_2355-2357*14_2355-2358*14_2355-2359*14_426-425*21_426-424*21_426-1760*21_426-1759*21_426-1761*21_426-1758*21_426-1762*21_426-423*21_426-1757*21_426-1763*21_426-422*21_657-2259*15_45-43*16_45-42*16_45-41*16_382-380*8_382-2427*8_2451-2452*16_2451-2453*16_2451-2454*16_2451-2455*16_1962-1965*20_1962-1966*20_228-227*18_228-226*18_228-225*18_228-224*18_228-1648*18_1966-1967*21_1966-632*21_1966-1968*21_1966-631*21_1966-633*21_1966-630*21_1966-634*21_1966-1969*21_1966-629*21_1966-635*21_1966-1970*21_2357-760*15_2357-2360*15_2357-759*15_2357-761*15_2357-758*15_2357-762*15_2357-2361*15_225-1647*19_225-1649*19_225-223*19_225-1646*19_225-1650*19_225-222*19_225-1645*19_225-1651*19_225-221*19_425-421*22_758-757*16_758-756*16_758-2362*16_758-755*16_758-2363*16_758-754*16_1969-1971*22_1969-1972*22_1969-1973*22_421-420*23_421-419*23_421-418*23_421-417*23_756-753*17_756-752*17_756-2264*17_2362-2364*17_2362-2365*17_2362-763*17_2362-2366*17_532-531*20_532-530*20_532-529*20_532-528*20_532-1864*20_553-552*13_553-2152*13_553-2151*13_553-2153*13_553-551*13_553-2150*13_553-2154*13_553-550*13_553-2149*13_553-2155*13_553-549*13_41-40*17_41-1728*17_41-1729*17_41-39*17_41-1730*17_41-38*17_41-1731*17_41-37*17_2453-2456*17_2453-767*17_2453-766*17_2453-2457*17_2051-2052*16_2051-2053*16_2051-2054*16_2051-2055*16_1752-327*19_1752-329*19_1752-1753*19_1752-326*19_1752-330*19_1752-1754*19_1752-325*19_1752-331*19_1752-1755*19_1752-324*19_1752-332*19_1752-1756*19_2153-2156*14_2153-2157*14_327-323*20_2364-2367*18_2364-856*18_2364-2368*18_752-751*18_752-2263*18_752-2265*18_752-750*18_752-2262*18_752-2266*18_752-749*18_752-2261*18_752-2267*18_752-748*18_752-2260*18_752-2268*18_418-416*24_418-1664*24_418-1663*24_418-1665*24_418-1662*24_418-1666*24_418-415*24_418-1661*24_418-1667*24_418-414*24_1663-1660*25_1663-413*25_1663-1659*25_766-765*18_766-764*18_766-2458*18_766-2459*18_1864-527*21_1864-1863*21_1864-1865*21_1864-526*21_1864-1862*21_1864-1866*21_1864-525*21_1864-1861*21_1864-1867*21_1864-524*21_1864-1860*21_1864-1868*21_2052-544*17_2052-2056*17_1647-1644*20_1647-1643*20_1972-1974*23_1972-1975*23_1972-728*23_1972-1976*23_1729-1732*18_1729-1733*18_2458-2460*19_2458-2461*19_2458-2462*19_1976-727*24_1976-729*24_1976-1977*24_1976-726*24_1976-730*24_1976-1978*24_1976-725*24_1976-731*24_1976-1979*24_1976-724*24_1976-732*24_1976-1980*24_424-1764*22_725-723*25_725-722*25_725-721*25_856-855*19_856-857*19_856-2369*19_856-854*19_856-858*19_856-2370*19_856-853*19_856-859*19_856-2371*19_856-852*19_856-860*19_856-2372*19_750-747*19_750-746*19_1866-1869*22_1866-1870*22_2157-2158*15_2157-2159*15_2157-648*15_2157-2160*15_2157-647*15_2157-649*15_2157-646*15_2157-650*15_2157-2161*15_860-861*20_860-862*20_860-863*20_860-2464*20_861-2463*21_861-2465*21_861-2466*21_2369-2373*20_2158-645*16_2158-651*16_2158-2162*16_413-412*26_413-411*26_413-410*26_413-409*26_1764-1765*23_1764-1766*23_1764-1767*23_1764-520*23_1764-1768*23_544-543*18_544-545*18_544-2057*18_544-542*18_544-546*18_544-2058*18_544-541*18_544-547*18_544-2059*18_544-548*18_544-2060*18_1870-1871*23_1870-624*23_1870-1872*23_1870-623*23_1870-625*23_1870-622*23_1870-626*23_1870-1873*23_1870-621*23_1870-627*23_1870-1874*23_411-408*27_411-1568*27_411-1567*27_411-1569*27_411-1566*27_411-1570*27_411-407*27_625-628*24_625-1875*24_2466-2467*22_2466-2468*22_2466-2469*22_2466-2470*22_2060-2061*19_2060-2062*19_2060-2063*19_2060-640*19_2060-2064*19_1979-1981*25_1979-1982*25_1979-1983*25_640-639*20_640-641*20_640-2065*20_640-638*20_640-642*20_640-2066*20_640-637*20_640-643*20_640-2067*20_640-636*20_640-644*20_640-2068*20_323-322*21_323-321*21_323-320*21_323-1656*21_323-1655*21_323-1657*21_323-1654*21_323-1658*21_323-319*21_2467-2471*23_723-720*26_723-1880*26_723-1879*26_723-1881*26_723-1878*26_723-1882*26_723-719*26_1567-1565*28_1567-406*28_1567-1564*28_1567-405*28_1567-1563*28_1567-1571*28_2068-2069*21_2068-2070*21_2068-2071*21_2068-736*21_2068-2072*21_524-523*22_524-522*22_524-521*22_2268-2269*19_2268-2270*19_2268-2271*19_2268-848*19_2268-2272*19_2272-847*20_2272-849*20_2272-2273*20_2272-846*20_2272-850*20_2272-2274*20_2272-845*20_2272-851*20_2272-2275*20_2272-844*20_2272-2276*20_321-318*22_321-1653*22_321-317*22_746-745*20_746-744*20_746-2168*20_746-2167*20_746-2169*20_746-2166*20_746-2170*20_746-743*20_746-2165*20_746-2171*20_746-742*20_1982-824*26_1982-1984*26_1982-823*26_1982-825*26_1982-822*26_1982-826*26_1982-1985*26_1982-821*26_1982-827*26_1982-1986*26_520-519*24_520-1769*24_520-518*24_520-1770*24_520-517*24_520-1771*24_520-516*24_520-1772*24_2071-735*22_2071-737*22_2071-2073*22_2071-734*22_2071-738*22_2071-2074*22_2071-733*22_2071-739*22_2071-2075*22_2275-2277*21_2275-2278*21_2275-2279*21_1772-1773*25_1772-1774*25_1772-1775*25_1772-616*25_1772-1776*25_2471-2472*24_2471-959*24_2471-2473*24_2471-958*24_2471-2474*24_2471-957*24_2471-2475*24_826-828*27_826-829*27_826-1987*27_826-830*27_1879-1877*27_1879-718*27_1879-1876*27_1879-717*27_1879-1883*27_958-956*25_958-955*25_958-954*25_2075-2076*23_2075-2077*23_2075-2078*23_2075-2079*23_1775-615*26_1775-617*26_1775-1777*26_1775-614*26_1775-618*26_1775-1778*26_1775-613*26_1775-619*26_1775-1779*26_651-652*17_2277-944*22_2277-2280*22_2277-943*22_2277-945*22_2277-942*22_2277-946*22_2277-2281*22_743-741*21_743-740*21_946-947*23_946-948*23_946-2282*23_946-949*23_946-2283*23_946-950*23_1987-1988*28_1987-1989*28_1987-1990*28_1987-1991*28_318-316*23_318-315*23_318-314*23_2283-2284*24_2283-2285*24_2283-2286*24_2283-2287*24_2078-832*24_2078-2080*24_2078-831*24_2078-833*24_2078-834*24_2078-2081*24_2078-835*24_2078-2082*24_519-515*25_1571-1572*29_1571-1573*29_1571-1574*29_1571-1575*29_2373-2374*21_2373-2375*21_2373-952*21_2373-2376*21_2373-951*21_2373-953*21_2373-2377*21_717-716*28_717-715*28_717-714*28_717-713*28_1989-920*29_1989-1992*29_1989-919*29_1989-921*29_1989-918*29_1989-922*29_1989-1993*29_845-843*21_845-842*21_845-841*21_614-612*27_614-611*27_614-610*27_1883-1884*28_1883-1885*28_1883-1886*28_1883-1887*28_2287-1040*25_2287-2288*25_2287-1039*25_2287-1041*25_2287-2289*25_2287-1038*25_2287-1042*25_2287-2290*25_2287-1037*25_2287-1043*25_2287-2291*25_2374-2378*22_315-313*24_315-312*24_315-1560*24_315-1559*24_315-1561*24_315-1558*24_315-1562*24_315-311*24_1572-504*30_1572-1576*30_1992-1994*30_1992-917*30_1992-923*30_1992-1995*30_1992-916*30_1992-924*30_1992-1996*30_311-310*25_1559-1557*25_311-309*25_1559-1556*25_311-308*25_1559-1555*25_311-307*25_405-404*29_405-403*29_405-402*29_405-401*29_2081-2083*25_2081-2084*25_2081-2085*25_1038-1036*26_1038-1035*26_1038-1034*26_916-915*31_916-914*31_916-913*31_916-912*31_916-1896*31_307-306*26_307-305*26_307-304*26_307-1464*26_307-1463*26_307-1465*26_307-1462*26_307-1466*26_307-303*26_821-820*27_821-819*27_821-818*27_821-817*27_610-609*28_610-608*28_610-1680*28_610-1679*28_610-1681*28_610-1678*28_610-1682*28_610-607*28_610-1677*28_610-1683*28_610-606*28_1462-1461*27_1462-1460*27_1462-302*27_1462-1459*27_1462-301*27_1462-1458*27_608-605*29_608-604*29_608-1676*29_608-1684*29_912-911*32_912-1895*32_912-1897*32_912-910*32_912-1894*32_912-1898*32_912-909*32_912-1893*32_912-1899*32_912-908*32_912-1892*32_912-1900*32_1994-1997*31_1994-1998*31_401-400*30_401-1472*30_401-1471*30_401-1473*30_401-399*30_401-1470*30_401-1474*30_401-398*30_401-1469*30_401-1475*30_401-397*30_1471-1468*31_1471-1467*31_1886-816*29_1886-1888*29_1886-815*29_1886-814*29_1886-1889*29_1886-813*29_1886-1890*29_605-603*30_605-602*30_605-601*30_910-907*33_910-906*33_1576-503*31_1576-505*31_1576-1577*31_1576-502*31_1576-506*31_1576-1578*31_1576-501*31_1576-507*31_1576-1579*31_1576-500*31_1576-508*31_1576-1580*31_843-840*22_843-2176*22_843-2175*22_843-2177*22_843-2174*22_843-2178*22_843-839*22_816-1891*30_816-812*30_1035-1033*27_1035-1032*27_1035-2192*27_1035-2191*27_1035-2193*27_1035-2190*27_1035-2194*27_1035-1031*27_715-712*29_715-1784*29_715-1783*29_715-1785*29_715-1782*29_715-1786*29_715-711*29_1043-1044*26_1043-1045*26_1043-1046*26_1043-1047*26_1684-1685*30_1684-1686*30_1684-1687*30_1684-704*30_1684-1688*30_1998-1999*32_1998-1016*32_1998-2000*32_1998-1015*32_1998-1017*32_1998-1014*32_1998-1018*32_1998-2001*32_1998-1013*32_1998-1019*32_1998-2002*32_502-499*32_502-498*32_839-838*23_839-837*23_839-836*23_839-2173*23_839-2179*23_1785-1787*30_1782-1780*30_1785-1788*30_1785-1789*30_704-703*31_704-705*31_704-1689*31_704-702*31_704-706*31_704-1690*31_704-701*31_704-707*31_704-1691*31_704-700*31_704-708*31_704-1692*31_1580-1581*32_1580-1582*32_1580-1583*32_1580-600*32_1580-1584*32_2179-2180*24_2179-2181*24_2179-2182*24_2179-2183*24_515-514*26_515-513*26_515-512*26_515-1672*26_515-1671*26_515-1673*26_515-1670*26_515-1674*26_515-511*26_1016-2003*33_1016-1012*33_1016-1020*33_1016-2004*33_703-699*32_907-905*34_907-904*34_907-1800*34_907-1799*34_907-1801*34_907-1798*34_907-1802*34_907-903*34_1672-510*27_1672-509*27_1672-1669*27_1672-1675*27_1672-1668*27_301-300*28_301-299*28_301-298*28_301-297*28_602-1585*31_602-1586*31_602-599*31_602-1587*31_602-598*31_2085-2086*26_2085-2087*26_2085-928*26_2085-2088*26_2085-927*26_2085-929*26_2085-926*26_2085-930*26_2085-2089*26_2378-2379*23_2378-2380*23_2378-2381*23_2378-2382*23_1031-1030*28_1031-1029*28_1031-1028*28_1031-2189*28_1031-2195*28_1031-1027*28_1787-1790*31_1787-710*31_812-811*31_1787-1791*31_812-810*31_812-809*31_812-808*31_812-1792*31_2180-936*25_2180-2184*25_297-296*29_297-1368*29_297-1367*29_297-1369*29_297-295*29_297-1366*29_297-1370*29_297-294*29_297-1365*29_297-1371*29_297-293*29_498-497*33_498-496*33_498-1480*33_498-1479*33_498-1481*33_498-1478*33_498-1482*33_498-495*33_498-1477*33_498-1483*33_498-494*33_1587-1588*32_1587-1589*32_1587-1590*32_1587-1591*32_1790-807*32_1790-806*32_1790-1793*32_1790-805*32_1790-1794*32_494-493*34_494-492*34_494-491*34_494-490*34_293-292*30_293-291*30_293-290*30_293-289*30_699-698*33_699-697*33_699-696*33_699-1592*33_699-1593*33_699-1594*33_699-695*33_2003-2005*34_2003-2006*34_2003-2007*34_698-1595*34_698-694*34_1365-1364*30_1365-1363*30_1365-1362*30_1365-1361*30_1027-1026*29_1027-1025*29_1027-1024*29_1027-2096*29_1027-2095*29_1027-2097*29_1027-2094*29_1027-2098*29_1027-1023*29_1595-1596*35_1595-1597*35_1595-1598*35_1595-1599*35_805-804*33_805-803*33_805-802*33_805-801*33_2184-935*26_2184-937*26_2184-2185*26_2184-934*26_2184-938*26_2184-2186*26_2184-933*26_2184-939*26_2184-2187*26_2184-932*26_2184-940*26_2184-2188*26_1024-1022*30_1024-1021*30_1024-2093*30_1024-2099*30_1024-2092*30_1024-2100*30_292-288*31_292-1272*31_490-489*35_490-488*35_490-1384*35_490-1383*35_490-1385*35_490-1382*35_490-1386*35_490-487*35_490-1381*35_490-1387*35_905-902*35_490-486*35_905-1797*35_905-1803*35_905-901*35_930-931*27_930-2090*27_930-2091*27_2379-2383*24_1583-597*33_1598-792*36_1598-1600*36_1598-791*36_1598-793*36_1598-790*36_1598-794*36_1598-1601*36_1598-789*36_1598-795*36_1598-1602*36_2090-925*28_1692-1693*32_1692-1694*32_1692-1695*32_1692-800*32_1692-1696*32_1371-1372*30_1371-1373*30_1371-1374*30_1371-1375*30_790-788*37_790-787*37_790-1603*37_790-786*37_1383-1380*36_1383-485*36_1383-1379*36_1375-392*31_1375-1376*31_1375-391*31_1375-393*31_1375-1377*31_1375-390*31_1375-394*31_1375-1378*31_1375-389*31_1375-395*31_1900-1901*33_1900-1902*33_1900-1903*33_1900-1008*33_1900-1904*33_2383-1048*25_2383-2384*25_2383-1049*25_2383-2385*25_2383-1050*25_2383-2386*25_2383-1051*25_2383-2387*25_2387-2388*26_2387-2389*26_2387-2390*26_2387-2391*26_2195-2196*29_2195-2197*29_2195-2198*29_2195-2199*29_389-388*32_389-387*32_389-386*32_389-385*32_800-1698*33_800-797*33_800-1699*33_800-796*33_800-1700*33_2006-1112*35_2006-2008*35_2006-1111*35_2006-1113*35_2006-1110*35_2006-1114*35_2006-2009*35_2006-1109*35_2006-1115*35_2006-2010*35_1603-1604*38_1603-1605*38_1603-1606*38_1603-1607*38_2198-1128*30_2198-2200*30_2198-1127*30_2198-1129*30_2198-1126*30_2198-1130*30_2198-2201*30_2198-1125*30_2198-1131*30_2198-2202*30_2388-1144*27_2388-2392*27_1695-799*33_1695-1697*33_1695-798*33_1012-1011*34_1012-1010*34_1012-1009*34_1111-1108*36_1111-2011*36_1111-1107*36_597-596*34_597-595*34_597-594*34_597-593*34_902-900*36_902-899*36_902-898*36_595-1487*35_595-1489*35_595-1486*35_595-1490*35_595-591*35_2100-2101*31_2100-2102*31_2100-2103*31_2100-1120*31_2100-2104*31_386-384*33_386-1280*33_386-1279*33_386-1281*33_386-1278*33_386-1282*33_386-1277*33_386-1283*33_2101-1119*32_2101-1121*32_2101-1118*32_2101-1122*32_2101-2105*32_1607-888*39_1607-1608*39_1607-887*39_1607-889*39_1607-1609*39_1607-886*39_1607-890*39_1607-1610*39_1607-885*39_1607-891*39_1607-1611*39_1130-1132*31_1130-1133*31_1130-2203*31_1130-1134*31_1903-1007*34_1903-1905*34_1903-1006*34_1903-1906*34_1903-1005*34_1903-1907*34_786-785*38_786-784*38_786-1504*38_786-1503*38_786-1505*38_786-1502*38_786-1506*38_786-783*38_786-1501*38_786-1507*38_786-782*38_1107-1106*37_1107-1105*37_1107-1104*37_1107-1912*37_1107-1911*37_1107-1913*37_1107-1910*37_1107-1914*37_1107-1103*37_1283-1284*34_1283-1285*34_1283-1286*34_1283-1287*34_1486-1485*36_1486-592*36_1486-1484*36_1486-1488*36_1486-590*36_1486-589*36_885-884*40_885-883*40_885-882*40_885-881*40_1103-1102*38_1103-1101*38_1103-1100*38_1103-1909*38_1103-1915*38_1103-1099*38_1122-1123*33_1122-1124*33_1122-2106*33_1122-2107*33_2203-2204*32_2203-2205*32_2203-2206*32_2203-2207*32_2106-2108*34_2106-2109*34_2106-1117*34_2106-2110*34_485-484*37_485-483*37_485-482*37_485-481*37_2206-1224*33_2206-1223*33_2206-1225*33_2206-1222*33_2206-1226*33_2206-1221*33_2206-1227*33_590-588*37_590-587*37_590-1491*37_590-586*37_1006-1004*35_1006-1003*35_1006-1002*35_1284-480*35_1284-1288*35_899-897*37_899-896*37_899-1704*37_899-1703*37_899-1705*37_899-1702*37_899-1706*37_899-895*37_1004-1001*36_1004-1000*36_1004-1808*36_1224-1220*34_1224-1228*34_1915-1916*39_1915-1917*39_1915-1918*39_1915-1919*39_1699-1701*34_1592-693*34_1592-692*34_783-781*39_783-780*39_783-779*39_781-778*40_781-777*40_1705-1707*38_1705-894*38_1705-1708*38_1705-893*38_1705-1709*38_883-880*41_883-1512*41_883-1511*41_883-1513*41_883-1510*41_883-1514*41_883-879*41_2392-1143*28_2392-1145*28_2392-2393*28_2392-1142*28_2392-1146*28_2392-2394*28_2392-1141*28_2392-1147*28_2392-2395*28_2392-1140*28_2392-1148*28_2392-2396*28_1099-1098*39_1099-1097*39_1099-1096*39_1099-1816*39_1099-1815*39_1099-1817*39_1099-1814*39_1099-1818*39_1099-1095*39_288-1271*32_288-1273*32_288-1270*32_288-1274*32_288-1269*32_288-1275*32_288-1268*32_288-1276*32_778-776*41_778-1408*41_778-1407*41_778-1409*41_778-1406*41_778-1410*41_778-775*41_778-1405*41_778-1411*41_778-774*41_693-691*35_693-690*35_693-689*35_2011-2012*37_2011-2013*37_2011-2014*37_2011-2015*37_586-585*38_586-584*38_586-1392*38_586-1391*38_586-1393*38_586-1390*38_586-1394*38_586-583*38_586-1389*38_586-1395*38_586-582*38_483-1289*38_483-1290*38_2393-2397*29_2014-1208*38_2014-1207*38_2014-1209*38_2014-1206*38_2014-1210*38_2014-1205*38_2014-1211*38_1148-1149*29_1148-1150*29_1148-1151*29_1148-2488*29_582-581*39_582-580*39_582-579*39_582-578*39_1708-1710*39_1708-1711*39_1708-992*39_1708-1712*39_1514-1515*42_1514-1516*42_1514-878*42_1514-1517*42_1514-877*42_1514-1518*42_1917-1200*40_1917-1199*40_1917-1201*40_1917-1198*40_1917-1202*40_1220-1219*35_1220-1218*35_1220-1217*35_1220-1216*35_1409-1412*42_1409-773*42_1409-1413*42_1817-1819*40_1817-1094*40_1817-1820*40_1817-1093*40_1817-1813*40_1817-1821*40_1210-1212*39_1210-1213*39_1210-1214*39_1711-991*40_1711-993*40_1711-1713*40_1711-990*40_1711-994*40_1711-1714*40_1711-989*40_1711-995*40_1711-1715*40_1219-2111*36_1219-1215*36_2397-2398*30_2397-2399*30_2397-1240*30_2397-1239*30_2397-1241*30_2397-1238*30_2397-1242*30_1201-1203*41_1201-1204*41_1201-1197*41_578-577*40_578-576*40_578-1296*40_578-1295*40_578-1297*40_578-1294*40_578-1298*40_578-1293*40_578-1299*40_1517-1519*43_1517-976*43_1517-1520*43_1517-975*43_1517-977*43_1517-974*43_1517-978*43_1517-1521*43_1289-1291*39_1289-1292*39_1051-1052*26_1051-1053*26_1051-1054*26_1051-1055*26_1298-1300*41_1298-1301*41_1298-1302*41_1241-1243*31_1241-1244*31_1241-1237*31_1241-1245*31_1243-1246*32_1243-1247*32_1246-2495*33_1246-2494*33_1246-2493*33_1053-2480*27_1053-2479*27_1053-2481*27_1053-2478*27_1053-2482*27_2488-2487*30_2488-2489*30_2488-2486*30_2488-2490*30_2488-2485*30_2488-2491*30_2488-2484*30_2488-2492*30_977-979*44_977-1522*44_977-980*44_977-1523*44_977-973*44_977-981*44_689-685*36_1300-1303*42_1300-672*42_1300-1304*42_1001-1807*37_1001-1809*37_1001-999*37_1001-1806*37_1001-1810*37_1001-998*37_1001-1805*37_1001-1811*37_1001-997*37_1809-1812*38_1821-1822*41_1821-1823*41_1821-1192*41_1821-1191*41_1821-1193*41_1821-1190*41_1821-1194*41_1611-1612*40_1611-1613*40_1611-1614*40_1611-1615*40_1140-1139*29_1140-1138*29_1140-1137*29_1140-1136*29_1140-2296*29_1192-1189*42_1192-1195*42_1192-1188*42_1192-1196*42_1612-984*41_1612-1616*41_893-892*39_1713-1716*41_1094-1092*41_1713-1717*41_1094-1091*41_1094-1090*41_877-876*43_877-875*43_877-874*43_877-873*43_1237-1236*32_1237-1235*32_1237-1234*32_1237-1233*32_691-688*36_691-1496*36_691-1495*36_691-1497*36_691-1494*36_691-1498*36_691-687*36_1303-673*43_1303-1305*43_1303-674*43_1303-1306*43_1303-675*43_1303-1307*43_773-772*43_773-771*43_773-770*43_773-769*43_1495-1493*37_1495-686*37_1495-1492*37_1495-1499*37_1092-1089*42_1092-1088*42_1092-1720*42_1233-1232*33_1233-2303*33_1233-1231*33_1233-2302*33_1233-1230*33_1233-2301*33_1233-1229*33_2482-2483*28_1413-1414*43_1413-1415*43_1413-872*43_1413-1416*43_1413-871*43_1413-870*43_1413-1417*43_973-972*45_973-971*45_973-970*45_973-969*45_1307-1308*44_1307-1309*44_1307-1310*44_1307-1311*44_1089-1719*43_1089-1721*43_1089-1087*43_1089-1718*43_1089-1722*43_1089-1086*43_1089-1723*43_1089-1085*43_769-768*44_769-1312*44_769-1313*44_769-1314*44_769-1315*44_969-968*46_969-1424*46_969-1423*46_969-1425*46_969-967*46_969-1422*46_969-1426*46_969-966*46_969-1421*46_969-1427*46_969-965*46_875-1418*44_1087-1084*44_1087-1083*44_1139-2295*30_1139-2297*30_1139-2294*30_1139-2298*30_1139-1135*30_870-869*44_870-868*44_870-867*44_870-1419*44_870-866*44_1523-1524*45_1523-1525*45_1523-1526*45_1523-1527*45_1427-1428*47_1427-1429*47_1427-1430*47_1427-1431*47_1135-2293*31_1135-2299*31_1189-1187*43_1189-1186*43_1189-1185*43_1084-1082*45_1084-1081*45_1084-1080*45_1084-1624*45_1430-1064*48_1430-1432*48_1430-1063*48_1430-1065*48_1430-1062*48_1430-1066*48_1430-1433*48_1430-1061*48_1430-1067*48_1430-1434*48_1061-1060*49_1433-1435*49_1061-1059*49_1433-1436*49_1061-1058*49_1433-1437*49_1061-1057*49_1080-1079*46_1080-1623*46_1080-1625*46_1080-1078*46_1080-1622*46_1080-1626*46_1080-1077*46_1080-1621*46_1080-1627*46_1080-1076*46_1080-1620*46_1080-1628*46_1437-1438*50_1437-1439*50_1437-1160*50_1437-1159*50_1437-1161*50_1437-1158*50_1437-1162*50_1525-1072*46_1525-1528*46_1525-1071*46_1525-1073*46_1525-1070*46_1525-1074*46_1525-1529*46_1162-1163*51_1162-1164*51_1162-1165*51_1162-1166*51_1058-1056*50_1058-1336*50_1058-1335*50_1058-1337*50_1058-1334*50_1058-1338*50_1058-1333*50_1058-1339*50_1499-1500*38_867-865*45_867-864*45_867-1320*45_867-1319*45_867-1321*45_867-1318*45_867-1322*45_1074-1075*47_1074-1530*47_1074-1531*47_865-1317*46_865-1323*46_1616-983*42_1616-985*42_1616-1617*42_1616-982*42_1616-986*42_1616-1618*42_1616-987*42_1616-1619*42_1616-988*42_1337-1340*51_1337-1341*51_1531-1532*48_1531-1533*48_1531-1534*48_1531-1535*48_2299-2300*32_1187-1184*44_1187-1727*44_1187-1726*44_1187-1183*44_1626-1629*47_1626-1630*47_1184-1182*45_1184-1181*45_1184-1725*45_1184-1180*45_1184-1724*45_1064-1068*49_1340-1342*52_1340-1343*52_1340-1152*52_1532-1168*49_1181-1179*46_1181-1178*46_1181-1177*46_965-964*47_965-963*47_965-962*47_965-961*47_1418-1420*45_1168-1167*50_1168-1169*50_1168-1170*50_1168-1171*50_1168-1172*50_1177-1176*47_1177-1631*47_1177-1175*47_1177-1174*47_1177-1173*47_1342-1153*53_1342-1154*53_1342-1155*53_961-960*48_961-1328*48_961-1327*48_961-1329*48_961-1326*48_961-1330*48_961-1325*48_961-1331*48_1153-1156*54_1153-1157*54_1329-1332*49_1323-1324*47_
