"id","Scenario","Actual Range","Protocol","Buildings","Total nodes","Nodes on circ","Total coverage","Coverage on circ","Alert received mean time","Hops","Slots","Messages sent","Messages received", "Starting x", "Starting y","Starting node", "Vehicle distance", "Received node ids", "Node ids", "Transmission map", "Received on circ nodes", "Transmission vector"
0,1,100,500,1,2112,107,2109,107,350231,19.1495,290.29,1350,2109,1300,1600,588,25,587_589_586_590_585_591_584_592_1720_1808_593_1807_1809_594_1806_1810_595_1805_1811_588_596_1804_1812_1719_1721_583_1718_1722_582_1717_1723_581_597_598_1724_1725_1726_599_600_1896_1895_1897_1894_1898_601_1893_1899_602_1727_672_1728_603_604_605_606_607_608_1984_1983_1985_1982_1986_609_671_673_1729_670_674_1730_669_675_1731_1803_1813_1802_1814_1801_1815_504_1800_680_1816_668_667_666_665_1732_1733_1734_1735_610_611_612_1981_1987_613_503_505_502_506_1799_1798_501_507_1797_500_508_1796_664_1640_1639_1641_663_1638_1642_662_1637_1643_661_1716_1715_1714_1713_580_579_578_496_1712_679_681_1817_678_682_1818_677_683_1819_676_684_1820_660_1636_1644_509_495_497_1711_494_498_1710_493_499_1709_492_1708_1795_1794_1793_416_1792_491_490_489_488_1624_1623_1625_1622_1626_487_1621_1627_486_614_615_2072_659_658_657_656_1552_485_484_483_482_415_417_1791_414_418_1790_413_419_1789_685_686_2071_2073_2070_2074_1645_2069_2068_2067_2066_760_1736_759_761_758_762_1737_687_688_1904_412_420_1788_655_1551_1553_654_1550_1554_653_1549_1555_652_1548_1556_421_422_423_1738_1739_1740_757_763_1741_1557_1558_1559_577_576_1632_424_1880_1879_1881_1878_1882_425_1707_1706_1705_481_480_1536_1535_1537_1534_1538_479_510_511_1742_1883_1884_426_1885_427_1886_1631_1633_575_1630_1634_574_1629_1635_573_689_1903_1905_690_1902_1906_691_1901_1907_692_1900_1908_1821_1822_1823_768_1824_2065_2064_527_526_2063_428_429_430_431_572_571_1533_478_1532_477_1531_1539_432_1968_1967_1969_1966_1970_433_1965_1971_434_744_1560_743_745_742_746_1561_741_747_1562_1909_1910_1911_776_1912_1787_1786_1972_435_1973_651_650_1530_1529_392_1528_391_393_390_394_1527_408_1704_407_409_1703_406_410_1702_405_411_1701_2062_525_2061_404_403_402_512_1888_1887_1889_1890_513_389_388_1526_387_1525_386_1563_1564_1565_1566_693_694_695_696_1992_476_475_474_473_570_569_568_1544_1543_1545_1542_1546_567_1891_1892_514_515_775_777_1913_774_778_1914_773_779_1915_436_437_438_1743_848_1744_847_849_846_850_1745_1547_566_565_1646_1647_752_1648_564_563_562_561_385_780_781_782_783_516_851_1746_852_1747_845_853_1567_832_1568_831_833_830_834_1569_439_2056_2055_2057_2054_2058_2053_2059_649_648_1464_1877_1876_1748_1749_740_739_738_737_560_1456_1455_1457_1454_1458_559_1785_328_1784_767_769_1825_766_770_1826_765_771_1827_764_772_1828_1620_1619_1618_1617_2060_517_518_519_1700_1699_401_400_1616_829_1570_828_1571_827_835_2052_2051_2050_2049_1463_1465_1462_1466_647_1461_1467_646_736_1472_1471_1473_1470_1474_735_399_1615_398_1614_397_1613_520_1976_1975_1977_1974_1978_521_1979_522_524_558_557_1453_1459_556_1452_1460_1572_1573_327_329_326_330_1783_472_1448_1750_1751_936_1752_935_937_934_938_1753_2048_351_350_2047_826_825_645_644_1468_1698_1697_734_733_732_1469_1475_731_697_1991_1993_698_1990_1994_699_1989_1995_700_1988_1996_1447_1449_471_1446_1450_470_1445_1451_469_730_729_728_1384_824_1480_331_332_1782_333_1781_334_1574_1575_920_1576_523_320_1696_319_321_1695_318_322_1694_317_323_1693_933_1754_932_1755_931_939_701_702_1875_1874_1964_1963_1962_1961_384_1440_1439_1441_1438_1442_383_1437_1443_382_1873_336_1872_335_337_338_1871_339_1870_555_554_553_552_1368_1612_1611_1610_1609_919_921_1577_918_922_1578_917_923_1579_916_924_1580_1476_1477_1478_1479_1444_1869_1581_1582_1583_1008_784_2000_1999_2001_1998_2002_785_1436_1435_381_1434_1756_1757_325_1524_1523_1522_1521_703_2080_2079_2081_2078_2082_2077_2083_1916_1917_1918_1919_316_324_1692_315_314_1780_751_753_1649_750_754_1650_749_755_1651_748_756_1652_468_467_466_349_2046_348_2045_347_2076_2075_1779_727_1383_1385_726_1382_1386_725_1381_1387_724_1380_1388_2084_2085_1691_1690_1689_1007_1009_1006_1010_1005_1011_304_1520_303_305_1519_302_306_1518_301_307_1517_1758_1759_312_1608_643_642_380_379_378_344_1960_343_345_1959_342_346_1958_341_1957_823_822_1481_377_376_1352_1351_1353_1350_1354_375_930_929_928_1664_1004_1003_1002_232_1688_231_233_230_234_1687_1778_1777_240_1776_239_241_238_242_1775_1349_1355_374_1653_1654_1655_1482_821_1483_820_1484_864_1920_863_865_862_866_1921_861_867_1922_1997_786_787_2003_2086_2087_2088_791_790_2089_1868_1867_1866_1923_860_868_1924_1367_1369_551_1366_1370_550_1365_1371_549_927_1663_1665_926_1662_1666_925_1661_1667_1660_1668_788_789_2090_2091_2092_1356_1357_373_1358_229_1686_228_1685_227_235_2004_2005_2006_2007_1024_1023_1025_1022_1026_1021_1027_548_1364_1372_1956_1955_1954_1953_1684_1683_1682_840_1656_839_841_838_842_1657_237_236_1774_1773_819_818_817_1348_1347_1346_547_546_545_723_722_721_720_1296_465_464_1360_1359_1361_1362_463_1541_641_640_1376_1375_1377_1374_1378_639_256_1952_255_257_254_258_1951_2093_2094_2095_1865_248_1864_1363_462_461_1669_1670_1671_1016_1681_144_1680_143_145_243_142_146_1679_1516_1515_1514_141_1678_140_1677_139_147_915_914_913_311_313_310_1607_1015_1017_1014_1018_1013_1019_2044_2043_872_2008_226_225_224_1600_1020_837_836_1658_1659_1485_1486_1487_912_1488_1012_1772_1771_1345_288_1344_287_289_286_290_1343_285_291_1342_1606_1605_1373_1379_638_253_252_1950_251_1949_250_2096_879_2097_878_2098_877_2099_911_1489_910_1490_909_1491_1829_1830_1831_1513_216_1512_215_217_214_218_1511_138_869_870_871_247_249_246_1863_245_1862_259_260_261_1341_262_908_1492_1599_1601_1598_1602_223_637_907_1433_296_1432_295_297_294_298_1431_293_299_1430_856_1832_855_857_1833_854_858_1834_859_1835_1676_1675_1948_263_284_292_1340_1947_2040_1946_1945_1493_1494_1495_1000_372_371_370_636_1861_244_1860_1001_999_137_136_1592_1591_1593_1590_1594_135_1589_1595_134_168_1944_2039_2041_2038_2042_167_169_1943_166_170_1942_165_171_1941_164_172_1940_873_2009_874_2010_875_2011_876_2012_283_282_281_280_1256_213_212_1510_211_1509_210_998_2100_635_1859_1858_1857_1588_133_1587_1770_1769_152_1768_816_1392_1391_1393_1390_1394_815_209_208_1424_1423_1425_1422_1426_207_1421_1427_206_340_173_174_175_2032_2013_2014_2015_369_368_1264_1263_1265_1262_1266_367_1261_1267_366_1939_205_204_203_2031_2033_2030_2034_2029_2035_544_1280_1279_1281_1278_1282_543_1277_1283_542_2028_2027_2026_2025_222_221_1597_1603_220_1596_1604_202_201_200_1336_219_814_1389_1395_813_199_1335_1337_198_1334_1338_197_1333_1339_196_1332_1268_1269_365_1270_634_633_632_1288_960_2016_2101_1508_2102_1507_1506_1505_396_395_1429_1428_151_153_1767_150_154_1766_149_155_1765_148_156_1764_1938_1937_80_1936_128_1504_127_129_1503_126_130_1502_125_131_1501_1836_1837_1838_1925_1926_1927_906_905_812_1396_364_1260_1295_1297_1294_1298_719_157_158_159_195_194_193_1420_1419_1259_1258_1257_1397_1398_1399_904_1400_124_123_122_2037_2036_718_717_1293_1299_811_716_1292_1300_810_363_362_1839_944_1840_943_945_942_946_1841_941_947_1842_1301_1302_1303_808_1304_631_1287_1289_630_1286_1290_629_1285_1291_628_1284_541_997_1674_1673_807_809_806_1305_805_1306_1401_1402_903_1586_1585_1418_1417_120_1416_119_121_118_1415_540_1276_160_1856_361_360_1176_1175_1177_1174_1178_359_161_1855_162_1854_163_1853_1852_1414_117_1413_116_1412_959_961_2017_958_962_2018_957_963_2019_956_964_2020_56_1672_1275_1274_1273_1028_1029_1030_1031_715_952_1928_951_953_950_954_1929_115_114_113_940_1843_358_1173_1179_357_112_1328_1327_1329_1326_1330_111_1325_1331_110_1180_1181_279_1255_278_1254_277_1253_276_1252_460_459_300_1403_902_1404_901_1405_458_457_456_1272_79_81_78_82_77_83_948_949_2103_2104_967_966_2105_965_2106_996_995_109_955_1930_1931_1271_455_454_1763_1762_453_452_451_48_1584_47_49_46_50_45_51_843_844_1761_64_1760_63_65_62_66_61_67_52_53_54_84_85_86_1844_1845_1846_1847_356_355_354_714_1851_1850_1849_72_1848_55_57_58_59_60_2024_87_1406_539_538_537_1324_1323_1322_1321_1307_804_1308_2021_2022_2023_1048_76_75_74_73_275_274_273_44_1032_1033_1034_1035_536_1192_1191_1193_1190_1194_535_1189_1195_534_2107_2108_1411_1410_1409_450_272_1168_1167_1169_1166_1170_271_1165_1171_270_1407_992_1036_713_712_1208_1207_1209_1206_1210_711_1309_1310_1311_994_993_991_1047_1049_1046_1050_1045_1051_803_802_449_448_1184_1183_1185_1182_1186_447_990_989_353_352_1088_1087_1089_1086_1090_1085_1091_108_1044_1052_533_532_531_530_2109_1500_1499_1498_1497_43_42_801_1932_1092_1093_1251_1250_1249_446_445_1187_444_1188_24_1320_23_25_22_26_21_27_269_268_1164_1172_192_1248_1247_191_1246_190_1245_189_710_1205_1211_709_188_187_186_1933_1934_20_19_18_17_627_626_625_624_1200_900_899_898_988_987_40_1496_39_41_38_185_267_266_32_1408_31_33_30_34_29_35_308_309_1204_1203_1053_1054_1055_107_106_105_529_528_1104_1103_1105_1102_1106_443_442_986_985_71_70_69_68_265_264_1080_1079_1081_1078_1082_1077_1083_1076_1075_2111_2110_708_1212_1037_1038_1039_1040_36_37_1163_984_1199_1201_1198_1202_623_1197_622_1935_1041_1042_1043_707_1213_1214_1215_800_1216_1074_1073_176_1072_177_178_1071_706_705_704_1120_179_1070_180_1069_181_1162_1161_184_1160_183_182_1159_799_1217_798_1218_797_1219_896_1312_441_16_1232_1233_15_1234_14_1235_13_1158_1157_1156_132_895_897_894_1313_893_1314_1101_1107_1100_1108_1068_1067_1066_1065_88_1064_89_90_1063_91_1062_1244_1243_1242_104_1240_1061_1119_1121_1118_1122_1241_1196_440_1096_1155_1154_1153_1315_892_1316_1084_12_11_10_891_890_1239_1238_103_621_620_102_101_1237_100_1236_28_96_1152_95_97_94_98_1151_1150_93_99_1149_1099_1098_1097_796_795_889_888_1224_983_1319_982_1318_981_1317_980_1220_92_1148_1117_1116_1115_1123_1060_794_793_1223_1225_1222_1226_887_979_9_886_885_1221_1227_884_1228_1147_1146_792_1128_1059_978_977_976_1231_1230_975_1109_1110_1145_8_1144_1229_1058_1095_1094_7_1124_1125_1127_1129_1126_1130_1131_1132_1111_619_618_6_5_883_1057_0_1056_1_2_3_974_4_882_881_880_1136_1135_1137_1134_1138_1133_1139_616_1112_617_1113_1114_1140_973_1141_1142_1143_968_972_971_970_969_,0_1_2_3_4_5_6_7_8_9_10_11_12_13_14_15_16_17_18_19_20_21_22_23_24_25_26_27_28_29_30_31_32_33_34_35_36_37_38_39_40_41_42_43_44_45_46_47_48_49_50_51_52_53_54_55_56_57_58_59_60_61_62_63_64_65_66_67_68_69_70_71_72_73_74_75_76_77_78_79_80_81_82_83_84_85_86_87_88_89_90_91_92_93_94_95_96_97_98_99_100_101_102_103_104_105_106_107_108_109_110_111_112_113_114_115_116_117_118_119_120_121_122_123_124_125_126_127_128_129_130_131_132_133_134_135_136_137_138_139_140_141_142_143_144_145_146_147_148_149_150_151_152_153_154_155_156_157_158_159_160_161_162_163_164_165_166_167_168_169_170_171_172_173_174_175_176_177_178_179_180_181_182_183_184_185_186_187_188_189_190_191_192_193_194_195_196_197_198_199_200_201_202_203_204_205_206_207_208_209_210_211_212_213_214_215_216_217_218_219_220_221_222_223_224_225_226_227_228_229_230_231_232_233_234_235_236_237_238_239_240_241_242_243_244_245_246_247_248_249_250_251_252_253_254_255_256_257_258_259_260_261_262_263_264_265_266_267_268_269_270_271_272_273_274_275_276_277_278_279_280_281_282_283_284_285_286_287_288_289_290_291_292_293_294_295_296_297_298_299_300_301_302_303_304_305_306_307_308_309_310_311_312_313_314_315_316_317_318_319_320_321_322_323_324_325_326_327_328_329_330_331_332_333_334_335_336_337_338_339_340_341_342_343_344_345_346_347_348_349_350_351_352_353_354_355_356_357_358_359_360_361_362_363_364_365_366_367_368_369_370_371_372_373_374_375_376_377_378_379_380_381_382_383_384_385_386_387_388_389_390_391_392_393_394_395_396_397_398_399_400_401_402_403_404_405_406_407_408_409_410_411_412_413_414_415_416_417_418_419_420_421_422_423_424_425_426_427_428_429_430_431_432_433_434_435_436_437_438_439_440_441_442_443_444_445_446_447_448_449_450_451_452_453_454_455_456_457_458_459_460_461_462_463_464_465_466_467_468_469_470_471_472_473_474_475_476_477_478_479_480_481_482_483_484_485_486_487_488_489_490_491_492_493_494_495_496_497_498_499_500_501_502_503_504_505_506_507_508_509_510_511_512_513_514_515_516_517_518_519_520_521_522_523_524_525_526_527_528_529_530_531_532_533_534_535_536_537_538_539_540_541_542_543_544_545_546_547_548_549_550_551_552_553_554_555_556_557_558_559_560_561_562_563_564_565_566_567_568_569_570_571_572_573_574_575_576_577_578_579_580_581_582_583_584_585_586_587_588_589_590_591_592_593_594_595_596_597_598_599_600_601_602_603_604_605_606_607_608_609_610_611_612_613_614_615_616_617_618_619_620_621_622_623_624_625_626_627_628_629_630_631_632_633_634_635_636_637_638_639_640_641_642_643_644_645_646_647_648_649_650_651_652_653_654_655_656_657_658_659_660_661_662_663_664_665_666_667_668_669_670_671_672_673_674_675_676_677_678_679_680_681_682_683_684_685_686_687_688_689_690_691_692_693_694_695_696_697_698_699_700_701_702_703_704_705_706_707_708_709_710_711_712_713_714_715_716_717_718_719_720_721_722_723_724_725_726_727_728_729_730_731_732_733_734_735_736_737_738_739_740_741_742_743_744_745_746_747_748_749_750_751_752_753_754_755_756_757_758_759_760_761_762_763_764_765_766_767_768_769_770_771_772_773_774_775_776_777_778_779_780_781_782_783_784_785_786_787_788_789_790_791_792_793_794_795_796_797_798_799_800_801_802_803_804_805_806_807_808_809_810_811_812_813_814_815_816_817_818_819_820_821_822_823_824_825_826_827_828_829_830_831_832_833_834_835_836_837_838_839_840_841_842_843_844_845_846_847_848_849_850_851_852_853_854_855_856_857_858_859_860_861_862_863_864_865_866_867_868_869_870_871_872_873_874_875_876_877_878_879_880_881_882_883_884_885_886_887_888_889_890_891_892_893_894_895_896_897_898_899_900_901_902_903_904_905_906_907_908_909_910_911_912_913_914_915_916_917_918_919_920_921_922_923_924_925_926_927_928_929_930_931_932_933_934_935_936_937_938_939_940_941_942_943_944_945_946_947_948_949_950_951_952_953_954_955_956_957_958_959_960_961_962_963_964_965_966_967_968_969_970_971_972_973_974_975_976_977_978_979_980_981_982_983_984_985_986_987_988_989_990_991_992_993_994_995_996_997_998_999_1000_1001_1002_1003_1004_1005_1006_1007_1008_1009_1010_1011_1012_1013_1014_1015_1016_1017_1018_1019_1020_1021_1022_1023_1024_1025_1026_1027_1028_1029_1030_1031_1032_1033_1034_1035_1036_1037_1038_1039_1040_1041_1042_1043_1044_1045_1046_1047_1048_1049_1050_1051_1052_1053_1054_1055_1056_1057_1058_1059_1060_1061_1062_1063_1064_1065_1066_1067_1068_1069_1070_1071_1072_1073_1074_1075_1076_1077_1078_1079_1080_1081_1082_1083_1084_1085_1086_1087_1088_1089_1090_1091_1092_1093_1094_1095_1096_1097_1098_1099_1100_1101_1102_1103_1104_1105_1106_1107_1108_1109_1110_1111_1112_1113_1114_1115_1116_1117_1118_1119_1120_1121_1122_1123_1124_1125_1126_1127_1128_1129_1130_1131_1132_1133_1134_1135_1136_1137_1138_1139_1140_1141_1142_1143_1144_1145_1146_1147_1148_1149_1150_1151_1152_1153_1154_1155_1156_1157_1158_1159_1160_1161_1162_1163_1164_1165_1166_1167_1168_1169_1170_1171_1172_1173_1174_1175_1176_1177_1178_1179_1180_1181_1182_1183_1184_1185_1186_1187_1188_1189_1190_1191_1192_1193_1194_1195_1196_1197_1198_1199_1200_1201_1202_1203_1204_1205_1206_1207_1208_1209_1210_1211_1212_1213_1214_1215_1216_1217_1218_1219_1220_1221_1222_1223_1224_1225_1226_1227_1228_1229_1230_1231_1232_1233_1234_1235_1236_1237_1238_1239_1240_1241_1242_1243_1244_1245_1246_1247_1248_1249_1250_1251_1252_1253_1254_1255_1256_1257_1258_1259_1260_1261_1262_1263_1264_1265_1266_1267_1268_1269_1270_1271_1272_1273_1274_1275_1276_1277_1278_1279_1280_1281_1282_1283_1284_1285_1286_1287_1288_1289_1290_1291_1292_1293_1294_1295_1296_1297_1298_1299_1300_1301_1302_1303_1304_1305_1306_1307_1308_1309_1310_1311_1312_1313_1314_1315_1316_1317_1318_1319_1320_1321_1322_1323_1324_1325_1326_1327_1328_1329_1330_1331_1332_1333_1334_1335_1336_1337_1338_1339_1340_1341_1342_1343_1344_1345_1346_1347_1348_1349_1350_1351_1352_1353_1354_1355_1356_1357_1358_1359_1360_1361_1362_1363_1364_1365_1366_1367_1368_1369_1370_1371_1372_1373_1374_1375_1376_1377_1378_1379_1380_1381_1382_1383_1384_1385_1386_1387_1388_1389_1390_1391_1392_1393_1394_1395_1396_1397_1398_1399_1400_1401_1402_1403_1404_1405_1406_1407_1408_1409_1410_1411_1412_1413_1414_1415_1416_1417_1418_1419_1420_1421_1422_1423_1424_1425_1426_1427_1428_1429_1430_1431_1432_1433_1434_1435_1436_1437_1438_1439_1440_1441_1442_1443_1444_1445_1446_1447_1448_1449_1450_1451_1452_1453_1454_1455_1456_1457_1458_1459_1460_1461_1462_1463_1464_1465_1466_1467_1468_1469_1470_1471_1472_1473_1474_1475_1476_1477_1478_1479_1480_1481_1482_1483_1484_1485_1486_1487_1488_1489_1490_1491_1492_1493_1494_1495_1496_1497_1498_1499_1500_1501_1502_1503_1504_1505_1506_1507_1508_1509_1510_1511_1512_1513_1514_1515_1516_1517_1518_1519_1520_1521_1522_1523_1524_1525_1526_1527_1528_1529_1530_1531_1532_1533_1534_1535_1536_1537_1538_1539_1540_1541_1542_1543_1544_1545_1546_1547_1548_1549_1550_1551_1552_1553_1554_1555_1556_1557_1558_1559_1560_1561_1562_1563_1564_1565_1566_1567_1568_1569_1570_1571_1572_1573_1574_1575_1576_1577_1578_1579_1580_1581_1582_1583_1584_1585_1586_1587_1588_1589_1590_1591_1592_1593_1594_1595_1596_1597_1598_1599_1600_1601_1602_1603_1604_1605_1606_1607_1608_1609_1610_1611_1612_1613_1614_1615_1616_1617_1618_1619_1620_1621_1622_1623_1624_1625_1626_1627_1628_1629_1630_1631_1632_1633_1634_1635_1636_1637_1638_1639_1640_1641_1642_1643_1644_1645_1646_1647_1648_1649_1650_1651_1652_1653_1654_1655_1656_1657_1658_1659_1660_1661_1662_1663_1664_1665_1666_1667_1668_1669_1670_1671_1672_1673_1674_1675_1676_1677_1678_1679_1680_1681_1682_1683_1684_1685_1686_1687_1688_1689_1690_1691_1692_1693_1694_1695_1696_1697_1698_1699_1700_1701_1702_1703_1704_1705_1706_1707_1708_1709_1710_1711_1712_1713_1714_1715_1716_1717_1718_1719_1720_1721_1722_1723_1724_1725_1726_1727_1728_1729_1730_1731_1732_1733_1734_1735_1736_1737_1738_1739_1740_1741_1742_1743_1744_1745_1746_1747_1748_1749_1750_1751_1752_1753_1754_1755_1756_1757_1758_1759_1760_1761_1762_1763_1764_1765_1766_1767_1768_1769_1770_1771_1772_1773_1774_1775_1776_1777_1778_1779_1780_1781_1782_1783_1784_1785_1786_1787_1788_1789_1790_1791_1792_1793_1794_1795_1796_1797_1798_1799_1800_1801_1802_1803_1804_1805_1806_1807_1808_1809_1810_1811_1812_1813_1814_1815_1816_1817_1818_1819_1820_1821_1822_1823_1824_1825_1826_1827_1828_1829_1830_1831_1832_1833_1834_1835_1836_1837_1838_1839_1840_1841_1842_1843_1844_1845_1846_1847_1848_1849_1850_1851_1852_1853_1854_1855_1856_1857_1858_1859_1860_1861_1862_1863_1864_1865_1866_1867_1868_1869_1870_1871_1872_1873_1874_1875_1876_1877_1878_1879_1880_1881_1882_1883_1884_1885_1886_1887_1888_1889_1890_1891_1892_1893_1894_1895_1896_1897_1898_1899_1900_1901_1902_1903_1904_1905_1906_1907_1908_1909_1910_1911_1912_1913_1914_1915_1916_1917_1918_1919_1920_1921_1922_1923_1924_1925_1926_1927_1928_1929_1930_1931_1932_1933_1934_1935_1936_1937_1938_1939_1940_1941_1942_1943_1944_1945_1946_1947_1948_1949_1950_1951_1952_1953_1954_1955_1956_1957_1958_1959_1960_1961_1962_1963_1964_1965_1966_1967_1968_1969_1970_1971_1972_1973_1974_1975_1976_1977_1978_1979_1980_1981_1982_1983_1984_1985_1986_1987_1988_1989_1990_1991_1992_1993_1994_1995_1996_1997_1998_1999_2000_2001_2002_2003_2004_2005_2006_2007_2008_2009_2010_2011_2012_2013_2014_2015_2016_2017_2018_2019_2020_2021_2022_2023_2024_2025_2026_2027_2028_2029_2030_2031_2032_2033_2034_2035_2036_2037_2038_2039_2040_2041_2042_2043_2044_2045_2046_2047_2048_2049_2050_2051_2052_2053_2054_2055_2056_2057_2058_2059_2060_2061_2062_2063_2064_2065_2066_2067_2068_2069_2070_2071_2072_2073_2074_2075_2076_2077_2078_2079_2080_2081_2082_2083_2084_2085_2086_2087_2088_2089_2090_2091_2092_2093_2094_2095_2096_2097_2098_2099_2100_2101_2102_2103_2104_2105_2106_2107_2108_2109_2110_2111_,0:{4;}9:{6;5;}11:{7;}13:{9;}14:{12;11;10;}17:{16;1232;1233;15;1234;14;1235;13;}21:{20;19;18;17;}30:{28;}33:{36;37;}46:{43;42;}48:{44;}50:{52;53;54;}56:{55;57;58;59;60;}77:{76;75;74;73;}82:{84;85;86;}96:{92;1148;}107:{1239;1238;103;}108:{104;1240;}109:{107;106;105;}112:{108;}114:{112;1328;1327;1329;1326;1330;111;1325;1331;110;}117:{115;114;113;}120:{1414;117;1413;116;1412;}126:{124;123;122;}136:{132;}138:{137;136;1592;1591;1593;1590;1594;135;1589;1595;134;}142:{138;}143:{141;1678;140;1677;139;147;}155:{157;158;159;}168:{167;169;1943;166;170;1942;165;171;1941;164;172;1940;}172:{173;174;175;2032;}175:{2031;2033;2030;2034;2029;2035;}177:{179;1070;180;1069;181;}184:{1158;1157;1156;}189:{185;}190:{188;187;186;}193:{192;1248;1247;191;1246;190;1245;189;}197:{195;194;193;}204:{202;201;200;1336;}207:{205;204;203;}210:{209;208;1424;1423;1425;1422;1426;207;1421;1427;206;}214:{213;212;1510;211;1509;210;}221:{219;}224:{222;221;1597;1603;220;1596;1604;}227:{1599;1601;1598;1602;223;}228:{226;225;224;1600;}231:{229;1686;228;1685;227;235;}238:{237;236;1774;1773;}239:{243;}254:{253;252;1950;251;1949;250;}257:{259;260;261;}258:{262;}260:{263;2040;}261:{2039;2041;2038;2042;}266:{265;264;1080;1079;1081;1078;1082;1077;1083;}270:{267;266;}274:{272;1168;1167;1169;1166;1170;271;1165;1171;270;}277:{275;274;273;}284:{283;282;281;280;1256;}288:{284;292;1340;}301:{300;}306:{308;309;}314:{1606;1605;}318:{315;314;}320:{316;324;1692;}330:{331;332;1782;333;1781;334;}334:{1869;}344:{340;}351:{349;2046;348;2045;347;}354:{353;352;1088;1087;1089;1086;1090;1085;1091;}358:{356;355;354;}361:{358;1173;1179;357;}363:{361;360;1176;1175;1177;1174;1178;359;}366:{363;362;}368:{364;1260;}370:{369;368;1264;1263;1265;1262;1266;367;1261;1267;366;}374:{372;371;370;}378:{1349;1355;374;}379:{377;376;1352;1351;1353;1350;1354;375;}382:{380;379;378;}386:{384;1440;1439;1441;1438;1442;383;1437;1443;382;}389:{385;}390:{389;388;1526;387;1525;386;}398:{396;395;}404:{401;400;1616;}406:{404;403;402;}419:{421;422;423;}421:{424;1880;1879;1881;1878;1882;425;}427:{428;429;430;431;}430:{432;1968;1967;1969;1966;1970;433;1965;1971;434;}434:{436;437;438;}438:{439;2056;2055;2057;2054;2058;2053;2059;}443:{1095;1094;}444:{440;1096;}445:{441;}446:{443;442;}451:{449;448;1184;1183;1185;1182;1186;447;}454:{450;}455:{453;452;451;}458:{1271;455;454;}460:{458;457;456;1272;}463:{460;459;}467:{465;464;1360;1359;1361;1362;463;}470:{468;467;466;}473:{1447;1449;471;1446;1450;470;1445;1451;469;}476:{472;1448;}477:{476;475;474;473;}483:{481;480;1536;1535;1537;1534;1538;479;}486:{485;484;483;482;}490:{488;1624;1623;1625;1622;1626;487;1621;1627;486;}493:{491;490;489;}496:{495;497;1711;494;498;1710;493;499;1709;492;1708;}505:{509;}507:{510;511;}509:{512;1888;1887;1889;1890;513;}512:{516;}515:{517;518;519;}518:{520;1976;1975;1977;1974;1978;521;1979;522;}521:{523;}531:{529;528;1104;1103;1105;1102;1106;}534:{533;532;531;530;}538:{536;1192;1191;1193;1190;1194;535;1189;1195;534;}541:{539;538;537;}545:{541;}546:{544;1280;1279;1281;1278;1282;543;1277;1283;542;}549:{547;546;545;}552:{548;1364;1372;}553:{1367;1369;551;1366;1370;550;1365;1371;549;}556:{555;554;553;552;1368;}560:{558;557;1453;1459;556;1452;1460;}563:{560;1456;1455;1457;1454;1458;559;}565:{564;563;562;561;}567:{1541;}571:{1543;1545;1542;1546;567;}572:{569;568;1544;}574:{570;}575:{572;571;}577:{1631;1633;575;1630;1634;574;1629;1635;573;}580:{577;576;1632;}582:{578;}583:{580;579;}585:{1719;1721;583;1718;1722;582;1717;1723;581;}588:{587;589;586;590;585;591;584;592;1720;1808;}593:{597;}594:{598;}596:{599;600;1896;}598:{1895;1897;1894;1898;601;1893;1899;602;}601:{603;604;605;}605:{606;607;608;1984;1983;1985;1982;1986;609;}609:{610;611;612;1981;1987;613;}612:{614;615;2072;}613:{2071;2073;2070;2074;}622:{619;618;}624:{621;620;}626:{1199;1201;1198;1202;623;1197;622;}628:{627;626;625;624;1200;}632:{631;1287;1289;630;1286;1290;629;1285;1291;628;1284;}636:{634;633;632;1288;}639:{635;}641:{637;}642:{1373;1379;638;}643:{641;640;1376;1375;1377;1374;1378;639;}646:{643;642;}648:{645;644;1468;}650:{1463;1465;1462;1466;647;1461;1467;646;}652:{649;648;1464;}654:{651;650;}660:{659;658;657;656;1552;}665:{664;1640;1639;1641;663;1638;1642;662;1637;1643;661;}669:{668;667;666;665;}680:{679;681;1817;678;682;1818;677;683;1819;676;684;1820;}682:{685;686;}684:{687;688;1904;}688:{689;1903;1905;690;1902;1906;691;1901;1907;692;1900;1908;}692:{693;694;695;696;1992;}698:{701;702;}702:{703;2080;2079;2081;2078;2082;2077;2083;}707:{1119;1121;1118;1122;}708:{706;705;704;1120;}711:{707;}713:{710;1205;1211;709;}715:{713;712;1208;1207;1209;1206;1210;711;}718:{714;}719:{715;}720:{718;717;1293;1299;716;1292;1300;}723:{1295;1297;1294;1298;719;}724:{723;722;721;720;1296;}728:{727;1383;1385;726;1382;1386;725;1381;1387;724;1380;1388;}732:{730;729;728;1384;}735:{734;733;732;1469;1475;731;}739:{736;1472;1471;1473;1470;1474;735;}741:{740;739;738;737;}779:{780;781;782;783;}781:{784;2000;1999;2001;1998;2002;785;}787:{788;789;}796:{792;1128;}797:{794;793;}799:{796;795;}800:{1220;}805:{801;}806:{803;802;}814:{811;810;}817:{814;1389;1395;813;}819:{816;1392;1391;1393;1390;1394;815;}821:{819;818;817;}828:{824;1480;}829:{826;825;}831:{829;1570;828;1571;827;835;}838:{837;836;1658;1659;}840:{843;844;}849:{851;1746;852;1747;845;853;}864:{1923;860;868;1924;}867:{869;870;871;}872:{873;2009;874;2010;875;2011;876;2012;}881:{1133;1139;}883:{882;881;880;1136;1135;1137;1134;1138;}887:{883;}888:{886;885;1221;1227;884;1228;}891:{1223;1225;1222;1226;887;}892:{889;888;1224;}894:{891;890;}896:{1315;892;1316;}902:{900;899;898;}907:{1401;1402;903;}909:{906;905;}911:{907;}912:{908;1492;}917:{915;914;913;}928:{927;1663;1665;926;1662;1666;925;1661;1667;1660;1668;}932:{930;929;928;1664;}935:{933;1754;932;1755;931;939;}942:{940;1843;}945:{948;949;}952:{1932;}954:{955;1930;1931;}973:{971;970;969;}976:{972;}979:{978;977;976;1231;1230;975;}983:{979;}984:{983;1319;982;1318;981;1317;980;}988:{984;}989:{986;985;}991:{988;987;}995:{994;993;991;}999:{996;995;}1001:{997;}1002:{998;}1003:{1001;999;}1006:{1004;1003;1002;}1016:{1012;}1022:{1020;}1027:{1028;1029;1030;1031;}1031:{1032;1033;1034;1035;}1032:{1036;}1036:{1037;1038;1039;1040;}1039:{1935;1041;1042;1043;}1048:{1044;1052;}1051:{1053;1054;1055;}1055:{2111;2110;}1057:{3;}1059:{1057;0;1056;1;2;}1062:{1058;}1063:{1059;}1064:{1060;}1065:{1061;}1066:{1065;88;1064;89;90;1063;91;1062;}1070:{1068;1067;1066;}1075:{1074;1073;176;1072;177;178;1071;}1079:{1076;1075;}1088:{1084;}1089:{1092;1093;}1101:{1099;1098;1097;}1104:{1101;1107;1100;1108;}1106:{1109;1110;}1107:{1111;}1110:{616;1112;617;1113;1114;}1119:{1117;1116;1115;1123;}1121:{1124;1125;}1128:{1127;1129;1126;1130;1131;1132;}1136:{1140;}1140:{1141;1142;1143;968;}1148:{1145;8;1144;}1150:{1147;1146;}1153:{1150;93;99;1149;}1155:{96;1152;95;97;94;98;1151;}1157:{1155;1154;1153;}1163:{1162;1161;184;1160;183;182;1159;}1167:{1163;}1168:{269;268;1164;1172;}1177:{1180;1181;}1184:{446;445;1187;444;1188;}1197:{1196;}1207:{1204;1203;}1208:{708;1212;}1212:{1213;1214;1215;800;1216;}1215:{799;1217;798;1218;797;1219;}1228:{1229;}1229:{974;}1230:{973;}1240:{102;101;1237;100;1236;}1244:{1241;}1246:{1244;1243;1242;}1253:{1251;1250;1249;}1256:{279;1255;278;1254;277;1253;276;1252;}1261:{1259;1258;1257;}1266:{1268;1269;365;1270;}1277:{1275;1274;1273;}1280:{540;1276;}1300:{1301;1302;1303;808;1304;}1302:{807;809;806;1305;805;1306;}1304:{1307;804;1308;}1307:{1309;1310;1311;}1308:{896;1312;}1310:{895;897;894;1313;893;1314;}1322:{24;1320;23;25;22;26;21;27;}1325:{1324;1323;1322;1321;}1329:{109;}1336:{199;1335;1337;198;1334;1338;197;1333;1339;196;1332;}1345:{1341;}1346:{1345;288;1344;287;289;286;290;1343;285;291;1342;}1350:{1348;1347;1346;}1354:{1356;1357;373;1358;}1361:{1363;462;461;}1376:{636;}1392:{812;1396;}1396:{1397;1398;1399;904;1400;}1401:{1403;902;1404;901;1405;}1402:{1406;}1404:{1407;992;}1406:{990;989;}1409:{32;1408;31;33;30;34;29;35;}1413:{1411;1410;1409;}1419:{1418;1417;120;1416;119;121;118;1415;}1423:{1420;1419;}1430:{1429;1428;}1434:{1433;296;1432;295;297;294;298;1431;293;299;1430;}1438:{1436;1435;381;1434;}1443:{1444;}1475:{1476;1477;1478;1479;}1477:{823;822;1481;}1480:{1482;821;1483;820;1484;}1484:{1485;1486;1487;912;1488;}1487:{911;1489;910;1490;909;1491;}1492:{1493;1494;1495;1000;}1499:{40;1496;39;41;38;}1501:{1500;1499;1498;1497;}1505:{128;1504;127;129;1503;126;130;1502;125;131;1501;}1509:{1508;1507;1506;1505;}1515:{1513;216;1512;215;217;214;218;1511;}1518:{1516;1515;1514;}1521:{304;1520;303;305;1519;302;306;1518;301;307;1517;}1525:{1524;1523;1522;1521;}1531:{1530;1529;392;1528;391;393;390;394;1527;}1535:{1533;478;1532;477;1531;1539;}1546:{1547;566;565;}1552:{655;1551;1553;654;1550;1554;653;1549;1555;652;1548;1556;}1555:{1557;1558;1559;}1558:{744;1560;743;745;742;746;1561;741;747;1562;}1562:{1563;1564;1565;1566;}1565:{1567;832;1568;831;833;830;834;1569;}1569:{1572;1573;}1572:{1574;1575;920;1576;}1576:{919;921;1577;918;922;1578;917;923;1579;916;924;1580;}1580:{1581;1582;1583;1008;}1583:{1007;1009;1006;1010;1005;1011;}1586:{48;1584;47;49;46;50;45;51;}1589:{1586;1585;}1591:{1588;133;1587;}1611:{311;313;310;1607;}1612:{312;1608;}1613:{1612;1611;1610;1609;}1617:{399;1615;398;1614;397;1613;}1621:{1620;1619;1618;1617;}1640:{660;1636;1644;}1641:{1645;}1644:{1646;1647;752;1648;}1648:{751;753;1649;750;754;1650;749;755;1651;748;756;1652;}1651:{1653;1654;1655;}1653:{840;1656;839;841;838;842;1657;}1668:{1669;1670;1671;1016;}1670:{1015;1017;1014;1018;1013;1019;}1676:{56;1672;}1677:{1674;1673;}1679:{1676;1675;}1683:{1681;144;1680;143;145;142;146;1679;}1686:{1684;1683;1682;}1691:{232;1688;231;233;230;234;1687;}1693:{1691;1690;1689;}1697:{320;1696;319;321;1695;318;322;1694;317;323;1693;}1701:{1698;1697;}1703:{1700;1699;}1705:{408;1704;407;409;1703;406;410;1702;405;411;1701;}1709:{1707;1706;1705;}1716:{496;1712;}1717:{1716;1715;1714;1713;}1722:{1724;1725;1726;}1724:{1727;672;1728;}1727:{671;673;1729;670;674;1730;669;675;1731;}1731:{1732;1733;1734;1735;}1733:{760;1736;759;761;758;762;1737;}1737:{1738;1739;1740;757;763;1741;}1738:{1742;}1741:{1743;848;1744;847;849;846;850;1745;}1745:{1748;1749;}1749:{1750;1751;936;1752;935;937;934;938;1753;}1753:{1756;1757;}1755:{1758;1759;}1758:{1024;1023;1025;1022;1026;1021;1027;}1762:{1761;64;1760;63;65;62;66;61;67;}1766:{1763;1762;}1768:{151;153;1767;150;154;1766;149;155;1765;148;156;1764;}1772:{1770;1769;152;1768;}1775:{1772;1771;}1779:{1778;1777;240;1776;239;241;238;242;1775;}1783:{1779;}1784:{1780;}1786:{325;}1787:{327;329;326;330;1783;}1788:{1785;328;1784;}1790:{1787;1786;}1792:{412;420;1788;}1793:{415;417;1791;414;418;1790;413;419;1789;}1796:{1795;1794;1793;416;1792;}1800:{1798;501;507;1797;500;508;1796;}1803:{503;505;502;506;1799;}1804:{1803;1802;1801;504;1800;}1808:{593;1807;1809;594;1806;1810;595;1805;1811;588;596;1804;1812;}1812:{1813;1814;1815;680;1816;}1820:{1821;1822;1823;768;1824;}1824:{767;769;1825;766;770;1826;765;771;1827;764;772;1828;}1827:{1829;1830;1831;}1831:{856;1832;855;857;1833;854;858;1834;859;1835;}1834:{1836;1837;1838;}1838:{1839;944;1840;943;945;942;946;1841;941;947;1842;}1843:{1844;1845;1846;1847;}1848:{71;70;69;68;}1852:{1851;1850;1849;72;1848;}1856:{161;1855;162;1854;163;1853;1852;}1860:{160;1856;}1861:{1859;1858;1857;}1864:{1861;244;1860;}1866:{247;249;246;1863;245;1862;}1868:{1865;248;1864;}1870:{1868;1867;1866;}1874:{1873;336;1872;335;337;338;1871;339;1870;}1878:{1875;1874;}1880:{1877;1876;}1882:{1883;1884;426;1885;427;1886;}1890:{1891;1892;514;515;}1908:{1909;1910;1911;776;1912;}1911:{775;777;1913;774;778;1914;773;779;1915;}1915:{1916;1917;1918;1919;}1918:{864;1920;863;865;862;866;1921;861;867;1922;}1923:{1925;1926;1927;}1925:{952;1928;951;953;950;954;1929;}1930:{1933;1934;}1938:{79;81;78;82;77;83;}1940:{1938;1937;80;1936;}1943:{1939;}1948:{168;1944;}1949:{1948;1947;1946;1945;}1955:{256;1952;255;257;254;258;1951;}1957:{1956;1955;1954;1953;}1961:{344;1960;343;345;1959;342;346;1958;341;1957;}1965:{1964;1963;1962;1961;}1969:{1972;435;1973;}1992:{697;1991;1993;698;1990;1994;699;1989;1995;700;1988;1996;}1999:{1997;786;787;2003;}2003:{2004;2005;2006;2007;}2004:{872;2008;}2011:{2013;2014;2015;}2012:{960;2016;}2016:{959;961;2017;958;962;2018;957;963;2019;956;964;2020;}2020:{2021;2022;2023;1048;}2022:{1047;1049;1046;1050;1045;1051;}2026:{2024;87;}2029:{2028;2027;2026;2025;}2039:{2037;2036;}2047:{2044;2043;}2051:{2048;351;350;2047;}2053:{2052;2051;2050;2049;}2058:{2060;}2064:{524;}2065:{2062;525;2061;}2067:{2065;2064;527;526;2063;}2070:{2069;2068;2067;2066;}2077:{2076;2075;}2081:{2084;2085;}2085:{2086;2087;2088;791;790;2089;}2088:{2090;2091;2092;}2091:{2093;2094;2095;}2095:{2096;879;2097;878;2098;877;2099;}2096:{2100;}2098:{2101;2102;}2102:{2103;2104;967;966;2105;965;2106;}2104:{2107;2108;}2105:{2109;},139_140_141_142_143_144_145_146_147_148_149_150_151_152_153_154_155_156_157_211_212_213_259_260_261_291_292_293_375_376_460_461_547_548_549_636_637_727_728_819_820_821_915_916_917_963_964_965_1019_1020_1021_1022_1023_1024_1025_1026_1027_1028_1029_1030_1031_1032_1033_1034_1035_1036_1037_1349_1350_1351_1352_1353_1383_1384_1385_1386_1387_1427_1428_1484_1485_1509_1510_1578_1579_1593_1594_1670_1671_1680_1681_1759_1768_1769_1847_1857_1858_1934_1935_1949_1950_2018_2019_2043_2044_2100_2101_,588-587*0_588-589*0_588-586*0_588-590*0_588-585*0_588-591*0_588-584*0_588-592*0_588-1720*0_588-1808*0_1808-593*1_1808-1807*1_1808-1809*1_1808-594*1_1808-1806*1_1808-1810*1_1808-595*1_1808-1805*1_1808-1811*1_1808-588*1_1808-596*1_1808-1804*1_1808-1812*1_585-1719*1_585-1721*1_585-583*1_585-1718*1_585-1722*1_585-582*1_585-1717*1_585-1723*1_585-581*1_593-597*2_594-598*3_1722-1724*2_1722-1725*2_1722-1726*2_596-599*4_596-600*4_596-1896*4_598-1895*5_598-1897*5_598-1894*5_598-1898*5_598-601*5_598-1893*5_598-1899*5_598-602*5_1724-1727*3_1724-672*3_1724-1728*3_601-603*6_601-604*6_601-605*6_605-606*7_605-607*7_605-608*7_605-1984*7_605-1983*7_605-1985*7_605-1982*7_605-1986*7_605-609*7_1727-671*4_1727-673*4_1727-1729*4_1727-670*4_1727-674*4_1727-1730*4_1727-669*4_1727-675*4_1727-1731*4_1804-1803*2_1812-1813*2_1804-1802*2_1812-1814*2_1804-1801*2_1812-1815*2_1804-504*2_1804-1800*2_1812-680*2_1812-1816*2_669-668*5_669-667*5_669-666*5_669-665*5_1731-1732*5_1731-1733*5_1731-1734*5_1731-1735*5_609-610*8_609-611*8_609-612*8_609-1981*8_609-1987*8_609-613*8_1803-503*3_1803-505*3_1803-502*3_1803-506*3_1803-1799*3_1800-1798*4_1800-501*4_1800-507*4_1800-1797*4_1800-500*4_1800-508*4_1800-1796*4_665-664*6_665-1640*6_665-1639*6_665-1641*6_665-663*6_665-1638*6_665-1642*6_665-662*6_665-1637*6_665-1643*6_665-661*6_1717-1716*2_1717-1715*2_1717-1714*2_1717-1713*2_583-580*3_583-579*3_582-578*4_1716-496*3_1716-1712*3_680-679*3_680-681*3_680-1817*3_680-678*3_680-682*3_680-1818*3_680-677*3_680-683*3_680-1819*3_680-676*3_680-684*3_680-1820*3_1640-660*7_1640-1636*7_1640-1644*7_505-509*5_496-495*4_496-497*4_496-1711*4_496-494*4_496-498*4_496-1710*4_496-493*4_496-499*4_496-1709*4_496-492*4_496-1708*4_1796-1795*5_1796-1794*5_1796-1793*5_1796-416*5_1796-1792*5_493-491*5_493-490*5_493-489*5_490-488*6_490-1624*6_490-1623*6_490-1625*6_490-1622*6_490-1626*6_490-487*6_490-1621*6_490-1627*6_490-486*6_612-614*9_612-615*9_612-2072*9_660-659*8_660-658*8_660-657*8_660-656*8_660-1552*8_486-485*7_486-484*7_486-483*7_486-482*7_1793-415*7_1793-417*7_1793-1791*7_1793-414*7_1793-418*7_1793-1790*7_1793-413*7_1793-419*7_1793-1789*7_682-685*4_682-686*4_613-2071*10_613-2073*10_613-2070*10_613-2074*10_1641-1645*8_2070-2069*11_2070-2068*11_2070-2067*11_2070-2066*11_1733-760*7_1733-1736*7_1733-759*7_1733-761*7_1733-758*7_1733-762*7_1733-1737*7_684-687*5_684-688*5_684-1904*5_1792-412*8_1792-420*8_1792-1788*8_1552-655*9_1552-1551*9_1552-1553*9_1552-654*9_1552-1550*9_1552-1554*9_1552-653*9_1552-1549*9_1552-1555*9_1552-652*9_1552-1548*9_1552-1556*9_419-421*9_419-422*9_419-423*9_1737-1738*8_1737-1739*8_1737-1740*8_1737-757*8_1737-763*8_1737-1741*8_1555-1557*10_1555-1558*10_1555-1559*10_580-577*5_580-576*5_580-1632*5_421-424*10_421-1880*10_421-1879*10_421-1881*10_421-1878*10_421-1882*10_421-425*10_1709-1707*5_1709-1706*5_1709-1705*5_483-481*8_483-480*8_483-1536*8_483-1535*8_483-1537*8_483-1534*8_483-1538*8_483-479*8_507-510*6_507-511*6_1738-1742*9_1882-1883*11_1882-1884*11_1882-426*11_1882-1885*11_1882-427*11_1882-1886*11_577-1631*6_577-1633*6_577-575*6_577-1630*6_577-1634*6_577-574*6_577-1629*6_577-1635*6_577-573*6_688-689*6_688-1903*6_688-1905*6_688-690*6_688-1902*6_688-1906*6_688-691*6_688-1901*6_688-1907*6_688-692*6_688-1900*6_688-1908*6_1820-1821*4_1820-1822*4_1820-1823*4_1820-768*4_1820-1824*4_2067-2065*12_2067-2064*12_2067-527*12_2067-526*12_2067-2063*12_427-428*12_427-429*12_427-430*12_427-431*12_575-572*7_575-571*7_1535-1533*9_1535-478*9_1535-1532*9_1535-477*9_1535-1531*9_1535-1539*9_430-432*13_430-1968*13_430-1967*13_430-1969*13_430-1966*13_430-1970*13_430-433*13_430-1965*13_430-1971*13_430-434*13_1558-744*11_1558-1560*11_1558-743*11_1558-745*11_1558-742*11_1558-746*11_1558-1561*11_1558-741*11_1558-747*11_1558-1562*11_1908-1909*7_1908-1910*7_1908-1911*7_1908-776*7_1908-1912*7_1790-1787*10_1790-1786*10_1969-1972*14_1969-435*14_1969-1973*14_654-651*11_654-650*11_1531-1530*10_1531-1529*10_1531-392*10_1531-1528*10_1531-391*10_1531-393*10_1531-390*10_1531-394*10_1531-1527*10_1705-408*6_1705-1704*6_1705-407*6_1705-409*6_1705-1703*6_1705-406*6_1705-410*6_1705-1702*6_1705-405*6_1705-411*6_1705-1701*6_2065-2062*13_2065-525*13_2065-2061*13_406-404*7_406-403*7_406-402*7_509-512*7_509-1888*7_509-1887*7_509-1889*7_509-1890*7_509-513*7_390-389*11_390-388*11_390-1526*11_390-387*11_390-1525*11_390-386*11_1562-1563*12_1562-1564*12_1562-1565*12_1562-1566*12_692-693*7_692-694*7_692-695*7_692-696*7_692-1992*7_477-476*10_477-475*10_477-474*10_477-473*10_574-570*8_572-569*8_572-568*8_572-1544*8_571-1543*9_571-1545*9_571-1542*9_571-1546*9_571-567*9_1890-1891*8_1890-1892*8_1890-514*8_1890-515*8_1911-775*8_1911-777*8_1911-1913*8_1911-774*8_1911-778*8_1911-1914*8_1911-773*8_1911-779*8_1911-1915*8_434-436*15_434-437*15_434-438*15_1741-1743*10_1741-848*10_1741-1744*10_1741-847*10_1741-849*10_1741-846*10_1741-850*10_1741-1745*10_1546-1547*10_1546-566*10_1546-565*10_1644-1646*9_1644-1647*9_1644-752*9_1644-1648*9_565-564*11_565-563*11_565-562*11_565-561*11_389-385*12_779-780*9_779-781*9_779-782*9_779-783*9_512-516*9_849-851*11_849-1746*11_849-852*11_849-1747*11_849-845*11_849-853*11_1565-1567*13_1565-832*13_1565-1568*13_1565-831*13_1565-833*13_1565-830*13_1565-834*13_1565-1569*13_438-439*16_438-2056*16_438-2055*16_438-2057*16_438-2054*16_438-2058*16_438-2053*16_438-2059*16_652-649*12_652-648*12_652-1464*12_1880-1877*11_1880-1876*11_1745-1748*12_1745-1749*12_741-740*13_741-739*13_741-738*13_741-737*13_563-560*12_563-1456*12_563-1455*12_563-1457*12_563-1454*12_563-1458*12_563-559*12_1788-1785*11_1788-328*11_1788-1784*11_1824-767*5_1824-769*5_1824-1825*5_1824-766*5_1824-770*5_1824-1826*5_1824-765*5_1824-771*5_1824-1827*5_1824-764*5_1824-772*5_1824-1828*5_1621-1620*8_1621-1619*8_1621-1618*8_1621-1617*8_2058-2060*17_515-517*10_515-518*10_515-519*10_1703-1700*8_1703-1699*8_404-401*8_404-400*8_404-1616*8_831-829*14_831-1570*14_831-828*14_831-1571*14_831-827*14_831-835*14_2053-2052*17_2053-2051*17_2053-2050*17_2053-2049*17_650-1463*13_650-1465*13_650-1462*13_650-1466*13_650-647*13_650-1461*13_650-1467*13_650-646*13_739-736*14_739-1472*14_739-1471*14_739-1473*14_739-1470*14_739-1474*14_739-735*14_1617-399*9_1617-1615*9_1617-398*9_1617-1614*9_1617-397*9_1617-1613*9_518-520*11_518-1976*11_518-1975*11_518-1977*11_518-1974*11_518-1978*11_518-521*11_518-1979*11_518-522*11_2064-524*14_560-558*13_560-557*13_560-1453*13_560-1459*13_560-556*13_560-1452*13_560-1460*13_1569-1572*15_1569-1573*15_1787-327*12_1787-329*12_1787-326*12_1787-330*12_1787-1783*12_476-472*11_476-1448*11_1749-1750*13_1749-1751*13_1749-936*13_1749-1752*13_1749-935*13_1749-937*13_1749-934*13_1749-938*13_1749-1753*13_2051-2048*18_2051-351*18_2051-350*18_2051-2047*18_829-826*16_829-825*16_648-645*14_648-644*14_648-1468*14_1701-1698*9_1701-1697*9_735-734*15_735-733*15_735-732*15_735-1469*15_735-1475*15_735-731*15_1992-697*8_1992-1991*8_1992-1993*8_1992-698*8_1992-1990*8_1992-1994*8_1992-699*8_1992-1989*8_1992-1995*8_1992-700*8_1992-1988*8_1992-1996*8_473-1447*12_473-1449*12_473-471*12_473-1446*12_473-1450*12_473-470*12_473-1445*12_473-1451*12_473-469*12_732-730*16_732-729*16_732-728*16_732-1384*16_828-824*17_828-1480*17_330-331*13_330-332*13_330-1782*13_330-333*13_330-1781*13_330-334*13_1572-1574*16_1572-1575*16_1572-920*16_1572-1576*16_521-523*12_1697-320*10_1697-1696*10_1697-319*10_1697-321*10_1697-1695*10_1697-318*10_1697-322*10_1697-1694*10_1697-317*10_1697-323*10_1697-1693*10_935-933*14_935-1754*14_935-932*14_935-1755*14_935-931*14_935-939*14_698-701*9_698-702*9_1878-1875*13_1878-1874*13_1965-1964*16_1965-1963*16_1965-1962*16_1965-1961*16_386-384*13_386-1440*13_386-1439*13_386-1441*13_386-1438*13_386-1442*13_386-383*13_386-1437*13_386-1443*13_386-382*13_1874-1873*14_1874-336*14_1874-1872*14_1874-335*14_1874-337*14_1874-338*14_1874-1871*14_1874-339*14_1874-1870*14_556-555*14_556-554*14_556-553*14_556-552*14_556-1368*14_1613-1612*10_1613-1611*10_1613-1610*10_1613-1609*10_1576-919*17_1576-921*17_1576-1577*17_1576-918*17_1576-922*17_1576-1578*17_1576-917*17_1576-923*17_1576-1579*17_1576-916*17_1576-924*17_1576-1580*17_1475-1476*16_1475-1477*16_1475-1478*16_1475-1479*16_1443-1444*14_334-1869*15_1580-1581*18_1580-1582*18_1580-1583*18_1580-1008*18_781-784*10_781-2000*10_781-1999*10_781-2001*10_781-1998*10_781-2002*10_781-785*10_1438-1436*14_1438-1435*14_1438-381*14_1438-1434*14_1753-1756*15_1753-1757*15_1786-325*11_1525-1524*12_1525-1523*12_1525-1522*12_1525-1521*12_702-703*10_702-2080*10_702-2079*10_702-2081*10_702-2078*10_702-2082*10_702-2077*10_702-2083*10_1915-1916*9_1915-1917*9_1915-1918*9_1915-1919*9_320-316*11_320-324*11_320-1692*11_318-315*12_318-314*12_1784-1780*12_1648-751*10_1648-753*10_1648-1649*10_1648-750*10_1648-754*10_1648-1650*10_1648-749*10_1648-755*10_1648-1651*10_1648-748*10_1648-756*10_1648-1652*10_470-468*14_470-467*14_470-466*14_351-349*19_351-2046*19_351-348*19_351-2045*19_351-347*19_2077-2076*11_2077-2075*11_1783-1779*14_728-727*17_728-1383*17_728-1385*17_728-726*17_728-1382*17_728-1386*17_728-725*17_728-1381*17_728-1387*17_728-724*17_728-1380*17_728-1388*17_2081-2084*12_2081-2085*12_1693-1691*13_1693-1690*13_1693-1689*13_1583-1007*19_1583-1009*19_1583-1006*19_1583-1010*19_1583-1005*19_1583-1011*19_1521-304*13_1521-1520*13_1521-303*13_1521-305*13_1521-1519*13_1521-302*13_1521-306*13_1521-1518*13_1521-301*13_1521-307*13_1521-1517*13_1755-1758*16_1755-1759*16_1612-312*11_1612-1608*11_646-643*17_646-642*17_382-380*16_382-379*16_382-378*16_1961-344*17_1961-1960*17_1961-343*17_1961-345*17_1961-1959*17_1961-342*17_1961-346*17_1961-1958*17_1961-341*17_1961-1957*17_1477-823*17_1477-822*17_1477-1481*17_379-377*17_379-376*17_379-1352*17_379-1351*17_379-1353*17_379-1350*17_379-1354*17_379-375*17_932-930*15_932-929*15_932-928*15_932-1664*15_1006-1004*20_1006-1003*20_1006-1002*20_1691-232*14_1691-1688*14_1691-231*14_1691-233*14_1691-230*14_1691-234*14_1691-1687*14_1779-1778*15_1779-1777*15_1779-240*15_1779-1776*15_1779-239*15_1779-241*15_1779-238*15_1779-242*15_1779-1775*15_378-1349*18_378-1355*18_378-374*18_1651-1653*11_1651-1654*11_1651-1655*11_1480-1482*18_1480-821*18_1480-1483*18_1480-820*18_1480-1484*18_1918-864*10_1918-1920*10_1918-863*10_1918-865*10_1918-862*10_1918-866*10_1918-1921*10_1918-861*10_1918-867*10_1918-1922*10_1999-1997*11_1999-786*11_1999-787*11_1999-2003*11_2085-2086*13_2085-2087*13_2085-2088*13_2085-791*13_2085-790*13_2085-2089*13_1870-1868*17_1870-1867*17_1870-1866*17_864-1923*11_864-860*11_864-868*11_864-1924*11_553-1367*15_553-1369*15_553-551*15_553-1366*15_553-1370*15_553-550*15_553-1365*15_553-1371*15_553-549*15_928-927*16_928-1663*16_928-1665*16_928-926*16_928-1662*16_928-1666*16_928-925*16_928-1661*16_928-1667*16_928-1660*16_928-1668*16_787-788*12_787-789*12_2088-2090*14_2088-2091*14_2088-2092*14_1354-1356*19_1354-1357*19_1354-373*19_1354-1358*19_231-229*15_231-1686*15_231-228*15_231-1685*15_231-227*15_231-235*15_2003-2004*12_2003-2005*12_2003-2006*12_2003-2007*12_1758-1024*17_1758-1023*17_1758-1025*17_1758-1022*17_1758-1026*17_1758-1021*17_1758-1027*17_552-548*16_552-1364*16_552-1372*16_1957-1956*18_1957-1955*18_1957-1954*18_1957-1953*18_1686-1684*16_1686-1683*16_1686-1682*16_1653-840*14_1653-1656*14_1653-839*14_1653-841*14_1653-838*14_1653-842*14_1653-1657*14_238-237*16_238-236*16_238-1774*16_238-1773*16_821-819*19_821-818*19_821-817*19_1350-1348*20_1350-1347*20_1350-1346*20_549-547*17_549-546*17_549-545*17_724-723*18_724-722*18_724-721*18_724-720*18_724-1296*18_467-465*15_467-464*15_467-1360*15_467-1359*15_467-1361*15_467-1362*15_467-463*15_567-1541*12_643-641*18_643-640*18_643-1376*18_643-1375*18_643-1377*18_643-1374*18_643-1378*18_643-639*18_1955-256*19_1955-1952*19_1955-255*19_1955-257*19_1955-254*19_1955-258*19_1955-1951*19_2091-2093*15_2091-2094*15_2091-2095*15_1868-1865*18_1868-248*18_1868-1864*18_1361-1363*16_1361-462*16_1361-461*16_1668-1669*17_1668-1670*17_1668-1671*17_1668-1016*17_1683-1681*17_1683-144*17_1683-1680*17_1683-143*17_1683-145*17_239-243*17_1683-142*17_1683-146*17_1683-1679*17_1518-1516*14_1518-1515*14_1518-1514*14_143-141*18_143-1678*18_143-140*18_143-1677*18_143-139*18_143-147*18_917-915*18_917-914*18_917-913*18_1611-311*12_1611-313*12_1611-310*12_1611-1607*12_1670-1015*18_1670-1017*18_1670-1014*18_1670-1018*18_1670-1013*18_1670-1019*18_2047-2044*21_2047-2043*21_2004-872*13_2004-2008*13_228-226*16_228-225*16_228-224*16_228-1600*16_1022-1020*18_838-837*15_838-836*15_838-1658*15_838-1659*15_1484-1485*19_1484-1486*19_1484-1487*19_1484-912*19_1484-1488*19_1016-1012*20_1775-1772*18_1775-1771*18_1346-1345*21_1346-288*21_1346-1344*21_1346-287*21_1346-289*21_1346-286*21_1346-290*21_1346-1343*21_1346-285*21_1346-291*21_1346-1342*21_314-1606*13_314-1605*13_642-1373*19_642-1379*19_642-638*19_254-253*20_254-252*20_254-1950*20_254-251*20_254-1949*20_254-250*20_2095-2096*16_2095-879*16_2095-2097*16_2095-878*16_2095-2098*16_2095-877*16_2095-2099*16_1487-911*20_1487-1489*20_1487-910*20_1487-1490*20_1487-909*20_1487-1491*20_1827-1829*9_1827-1830*9_1827-1831*9_1515-1513*15_1515-216*15_1515-1512*15_1515-215*15_1515-217*15_1515-214*15_1515-218*15_1515-1511*15_142-138*19_867-869*12_867-870*12_867-871*12_1866-247*19_1866-249*19_1866-246*19_1866-1863*19_1866-245*19_1866-1862*19_257-259*21_257-260*21_257-261*21_1345-1341*22_258-262*22_912-908*21_912-1492*21_227-1599*17_227-1601*17_227-1598*17_227-1602*17_227-223*17_641-637*20_911-907*22_1434-1433*15_1434-296*15_1434-1432*15_1434-295*15_1434-297*15_1434-294*15_1434-298*15_1434-1431*15_1434-293*15_1434-299*15_1434-1430*15_1831-856*10_1831-1832*10_1831-855*10_1831-857*10_1831-1833*10_1831-854*10_1831-858*10_1831-1834*10_1831-859*10_1831-1835*10_1679-1676*20_1679-1675*20_1949-1948*23_260-263*23_288-284*23_288-292*23_288-1340*23_1949-1947*23_260-2040*23_1949-1946*23_1949-1945*23_1492-1493*22_1492-1494*22_1492-1495*22_1492-1000*22_374-372*21_374-371*21_374-370*21_1376-636*19_1864-1861*20_1864-244*20_1864-1860*20_1003-1001*21_1003-999*21_138-137*20_138-136*20_138-1592*20_138-1591*20_138-1593*20_138-1590*20_138-1594*20_138-135*20_138-1589*20_138-1595*20_138-134*20_1948-168*24_1948-1944*24_261-2039*24_261-2041*24_261-2038*24_261-2042*24_168-167*25_168-169*25_168-1943*25_168-166*25_168-170*25_168-1942*25_168-165*25_168-171*25_168-1941*25_168-164*25_168-172*25_168-1940*25_872-873*14_872-2009*14_872-874*14_872-2010*14_872-875*14_872-2011*14_872-876*14_872-2012*14_284-283*24_284-282*24_284-281*24_284-280*24_284-1256*24_214-213*16_214-212*16_214-1510*16_214-211*16_214-1509*16_214-210*16_1002-998*22_2096-2100*17_639-635*21_1861-1859*21_1861-1858*21_1861-1857*21_1591-1588*21_1591-133*21_1591-1587*21_1772-1770*19_1772-1769*19_1772-152*19_1772-1768*19_819-816*20_819-1392*20_819-1391*20_819-1393*20_819-1390*20_819-1394*20_819-815*20_210-209*17_210-208*17_210-1424*17_210-1423*17_210-1425*17_210-1422*17_210-1426*17_210-207*17_210-1421*17_210-1427*17_210-206*17_344-340*17_172-173*26_172-174*26_172-175*26_172-2032*26_2011-2013*16_2011-2014*16_2011-2015*16_370-369*22_370-368*22_370-1264*22_370-1263*22_370-1265*22_370-1262*22_370-1266*22_370-367*22_370-1261*22_370-1267*22_370-366*22_1943-1939*26_207-205*18_207-204*18_207-203*18_175-2031*27_175-2033*27_175-2030*27_175-2034*27_175-2029*27_175-2035*27_546-544*18_546-1280*18_546-1279*18_546-1281*18_546-1278*18_546-1282*18_546-543*18_546-1277*18_546-1283*18_546-542*18_2029-2028*28_2029-2027*28_2029-2026*28_2029-2025*28_224-222*18_224-221*18_224-1597*18_224-1603*18_224-220*18_224-1596*18_224-1604*18_204-202*19_204-201*19_204-200*19_204-1336*19_221-219*19_817-814*21_817-1389*21_817-1395*21_817-813*21_1336-199*20_1336-1335*20_1336-1337*20_1336-198*20_1336-1334*20_1336-1338*20_1336-197*20_1336-1333*20_1336-1339*20_1336-196*20_1336-1332*20_1266-1268*23_1266-1269*23_1266-365*23_1266-1270*23_636-634*22_636-633*22_636-632*22_636-1288*22_2012-960*17_2012-2016*17_2098-2101*17_1509-1508*17_2098-2102*17_1509-1507*17_1509-1506*17_1509-1505*17_398-396*12_398-395*12_1430-1429*16_1430-1428*16_1768-151*20_1768-153*20_1768-1767*20_1768-150*20_1768-154*20_1768-1766*20_1768-149*20_1768-155*20_1768-1765*20_1768-148*20_1768-156*20_1768-1764*20_1940-1938*27_1940-1937*27_1940-80*27_1940-1936*27_1505-128*18_1505-1504*18_1505-127*18_1505-129*18_1505-1503*18_1505-126*18_1505-130*18_1505-1502*18_1505-125*18_1505-131*18_1505-1501*18_1834-1836*12_1834-1837*12_1834-1838*12_1923-1925*12_1923-1926*12_1923-1927*12_909-906*24_909-905*24_1392-812*22_1392-1396*22_368-364*24_368-1260*24_723-1295*22_723-1297*22_723-1294*22_723-1298*22_723-719*22_155-157*21_155-158*21_155-159*21_197-195*21_197-194*21_197-193*21_1423-1420*19_1423-1419*19_1261-1259*25_1261-1258*25_1261-1257*25_1396-1397*23_1396-1398*23_1396-1399*23_1396-904*23_1396-1400*23_126-124*19_126-123*19_126-122*19_2039-2037*25_2039-2036*25_720-718*23_720-717*23_720-1293*23_720-1299*23_814-811*23_720-716*23_720-1292*23_720-1300*23_814-810*23_366-363*26_366-362*26_1838-1839*13_1838-944*13_1838-1840*13_1838-943*13_1838-945*13_1838-942*13_1838-946*13_1838-1841*13_1838-941*13_1838-947*13_1838-1842*13_1300-1301*24_1300-1302*24_1300-1303*24_1300-808*24_1300-1304*24_632-631*23_632-1287*23_632-1289*23_632-630*23_632-1286*23_632-1290*23_632-629*23_632-1285*23_632-1291*23_632-628*23_632-1284*23_545-541*19_1001-997*25_1677-1674*21_1677-1673*21_1302-807*25_1302-809*25_1302-806*25_1302-1305*25_1302-805*25_1302-1306*25_907-1401*25_907-1402*25_907-903*25_1589-1586*22_1589-1585*22_1419-1418*20_1419-1417*20_1419-120*20_1419-1416*20_1419-119*20_1419-121*20_1419-118*20_1419-1415*20_1280-540*20_1280-1276*20_1860-160*22_1860-1856*22_363-361*27_363-360*27_363-1176*27_363-1175*27_363-1177*27_363-1174*27_363-1178*27_363-359*27_1856-161*23_1856-1855*23_1856-162*23_1856-1854*23_1856-163*23_1856-1853*23_1856-1852*23_120-1414*21_120-117*21_120-1413*21_120-116*21_120-1412*21_2016-959*18_2016-961*18_2016-2017*18_2016-958*18_2016-962*18_2016-2018*18_2016-957*18_2016-963*18_2016-2019*18_2016-956*18_2016-964*18_2016-2020*18_1676-56*22_1676-1672*22_1277-1275*21_1277-1274*21_1277-1273*21_1027-1028*18_1027-1029*18_1027-1030*18_1027-1031*18_719-715*24_1925-952*13_1925-1928*13_1925-951*13_1925-953*13_1925-950*13_1925-954*13_1925-1929*13_117-115*22_117-114*22_117-113*22_942-940*14_942-1843*14_361-358*28_361-1173*28_361-1179*28_361-357*28_114-112*23_114-1328*23_114-1327*23_114-1329*23_114-1326*23_114-1330*23_114-111*23_114-1325*23_114-1331*23_114-110*23_1177-1180*29_1177-1181*29_1256-279*25_1256-1255*25_1256-278*25_1256-1254*25_1256-277*25_1256-1253*25_1256-276*25_1256-1252*25_463-460*21_463-459*21_301-300*15_1401-1403*26_1401-902*26_1401-1404*26_1401-901*26_1401-1405*26_460-458*22_460-457*22_460-456*22_460-1272*22_1938-79*28_1938-81*28_1938-78*28_1938-82*28_1938-77*28_1938-83*28_945-948*15_945-949*15_2102-2103*18_2102-2104*18_2102-967*18_2102-966*18_2102-2105*18_2102-965*18_2102-2106*18_999-996*26_999-995*26_1329-109*24_954-955*14_954-1930*14_954-1931*14_458-1271*23_458-455*23_458-454*23_1766-1763*22_1766-1762*22_455-453*24_455-452*24_455-451*24_1586-48*23_1586-1584*23_1586-47*23_1586-49*23_1586-46*23_1586-50*23_1586-45*23_1586-51*23_840-843*15_840-844*15_1762-1761*23_1762-64*23_1762-1760*23_1762-63*23_1762-65*23_1762-62*23_1762-66*23_1762-61*23_1762-67*23_50-52*24_50-53*24_50-54*24_82-84*29_82-85*29_82-86*29_1843-1844*16_1843-1845*16_1843-1846*16_1843-1847*16_358-356*30_358-355*30_358-354*30_718-714*25_1852-1851*24_1852-1850*24_1852-1849*24_1852-72*24_1852-1848*24_56-55*23_56-57*23_56-58*23_56-59*23_56-60*23_2026-2024*29_2026-87*29_1402-1406*27_541-539*21_541-538*21_541-537*21_1325-1324*25_1325-1323*25_1325-1322*25_1325-1321*25_1304-1307*26_1304-804*26_1304-1308*26_2020-2021*19_2020-2022*19_2020-2023*19_2020-1048*19_77-76*29_77-75*29_77-74*29_77-73*29_277-275*27_277-274*27_277-273*27_48-44*25_1031-1032*19_1031-1033*19_1031-1034*19_1031-1035*19_538-536*22_538-1192*22_538-1191*22_538-1193*22_538-1190*22_538-1194*22_538-535*22_538-1189*22_538-1195*22_538-534*22_2104-2107*19_2104-2108*19_1413-1411*22_1413-1410*22_1413-1409*22_454-450*25_274-272*28_274-1168*28_274-1167*28_274-1169*28_274-1166*28_274-1170*28_274-271*28_274-1165*28_274-1171*28_274-270*28_1404-1407*28_1404-992*28_1032-1036*20_715-713*26_715-712*26_715-1208*26_715-1207*26_715-1209*26_715-1206*26_715-1210*26_715-711*26_1307-1309*26_1307-1310*26_1307-1311*26_995-994*27_995-993*27_995-991*27_2022-1047*20_2022-1049*20_2022-1046*20_2022-1050*20_2022-1045*20_2022-1051*20_806-803*27_806-802*27_451-449*26_451-448*26_451-1184*26_451-1183*26_451-1185*26_451-1182*26_451-1186*26_451-447*26_1406-990*28_1406-989*28_354-353*31_354-352*31_354-1088*31_354-1087*31_354-1089*31_354-1086*31_354-1090*31_354-1085*31_354-1091*31_112-108*29_1048-1044*21_1048-1052*21_534-533*23_534-532*23_534-531*23_534-530*23_2105-2109*20_1501-1500*20_1501-1499*20_1501-1498*20_1501-1497*20_46-43*26_46-42*26_805-801*28_952-1932*18_1089-1092*32_1089-1093*32_1253-1251*27_1253-1250*27_1253-1249*27_1184-446*27_1184-445*27_1184-1187*27_1184-444*27_1184-1188*27_1322-24*26_1322-1320*26_1322-23*26_1322-25*26_1322-22*26_1322-26*26_1322-21*26_1322-27*26_1168-269*29_1168-268*29_1168-1164*29_1168-1172*29_193-192*22_193-1248*22_193-1247*22_193-191*22_193-1246*22_193-190*22_193-1245*22_193-189*22_713-710*27_713-1205*27_713-1211*27_713-709*27_190-188*23_190-187*23_190-186*23_1930-1933*19_1930-1934*19_21-20*27_21-19*27_21-18*27_21-17*27_628-627*24_628-626*24_628-625*24_628-624*24_628-1200*24_902-900*28_902-899*28_902-898*28_991-988*29_991-987*29_1499-40*21_1499-1496*21_1499-39*21_1499-41*21_1499-38*21_189-185*24_270-267*30_270-266*30_1409-32*23_1409-1408*23_1409-31*23_1409-33*23_1409-30*23_1409-34*23_1409-29*23_1409-35*23_306-308*19_306-309*19_1207-1204*28_1207-1203*28_1051-1053*22_1051-1054*22_1051-1055*22_109-107*30_109-106*30_109-105*30_531-529*24_531-528*24_531-1104*24_531-1103*24_531-1105*24_531-1102*24_531-1106*24_446-443*28_446-442*28_989-986*30_989-985*30_1848-71*25_1848-70*25_1848-69*25_1848-68*25_266-265*31_266-264*31_266-1080*31_266-1079*31_266-1081*31_266-1078*31_266-1082*31_266-1077*31_266-1083*31_1079-1076*32_1079-1075*32_1055-2111*23_1055-2110*23_1208-708*29_1208-1212*29_1036-1037*21_1036-1038*21_1036-1039*21_1036-1040*21_33-36*24_33-37*24_1167-1163*33_988-984*31_626-1199*27_626-1201*27_626-1198*27_626-1202*27_626-623*27_626-1197*27_626-622*27_1039-1935*22_1039-1041*22_1039-1042*22_1039-1043*22_711-707*30_1212-1213*30_1212-1214*30_1212-1215*30_1212-800*30_1212-1216*30_1075-1074*33_1075-1073*33_1075-176*33_1075-1072*33_1075-177*33_1075-178*33_1075-1071*33_708-706*31_708-705*31_708-704*31_708-1120*31_177-179*34_177-1070*34_177-180*34_177-1069*34_177-181*34_1163-1162*34_1163-1161*34_1163-184*34_1163-1160*34_1163-183*34_1163-182*34_1163-1159*34_1215-799*31_1215-1217*31_1215-798*31_1215-1218*31_1215-797*31_1215-1219*31_1308-896*27_1308-1312*27_445-441*29_17-16*28_17-1232*28_17-1233*28_17-15*28_17-1234*28_17-14*28_17-1235*28_17-13*28_184-1158*35_184-1157*35_184-1156*35_136-132*22_1310-895*28_1310-897*28_1310-894*28_1310-1313*28_1310-893*28_1310-1314*28_1104-1101*25_1104-1107*25_1104-1100*25_1104-1108*25_1070-1068*35_1070-1067*35_1070-1066*35_1066-1065*36_1066-88*36_1066-1064*36_1066-89*36_1066-90*36_1066-1063*36_1066-91*36_1066-1062*36_1246-1244*31_1246-1243*31_1246-1242*31_108-104*31_108-1240*31_1065-1061*37_707-1119*32_707-1121*32_707-1118*32_707-1122*32_1244-1241*32_1197-1196*28_444-440*30_444-1096*30_1157-1155*37_1157-1154*37_1157-1153*37_896-1315*30_896-892*30_896-1316*30_1088-1084*33_14-12*29_14-11*29_14-10*29_894-891*31_894-890*31_107-1239*32_107-1238*32_107-103*32_624-621*29_624-620*29_1240-102*33_1240-101*33_1240-1237*33_1240-100*33_1240-1236*33_30-28*25_1155-96*38_1155-1152*38_1155-95*38_1155-97*38_1155-94*38_1155-98*38_1155-1151*38_1153-1150*39_1153-93*39_1153-99*39_1153-1149*39_1101-1099*26_1101-1098*26_1101-1097*26_799-796*32_799-795*32_892-889*32_892-888*32_892-1224*32_984-983*32_984-1319*32_984-982*32_984-1318*32_984-981*32_984-1317*32_984-980*32_800-1220*30_96-92*40_96-1148*40_1119-1117*33_1119-1116*33_1119-1115*33_1119-1123*33_1064-1060*38_797-794*32_797-793*32_891-1223*33_891-1225*33_891-1222*33_891-1226*33_891-887*33_983-979*33_13-9*30_888-886*34_888-885*34_888-1221*34_888-1227*34_888-884*34_888-1228*34_1150-1147*41_1150-1146*41_796-792*33_796-1128*33_1063-1059*39_979-978*34_979-977*34_979-976*34_979-1231*34_979-1230*34_979-975*34_1106-1109*26_1106-1110*26_1148-1145*42_1148-8*42_1148-1144*42_1228-1229*35_1062-1058*40_443-1095*31_443-1094*31_11-7*31_1121-1124*34_1121-1125*34_1128-1127*34_1128-1129*34_1128-1126*34_1128-1130*34_1128-1131*34_1128-1132*34_1107-1111*27_622-619*32_622-618*32_9-6*32_9-5*32_887-883*35_1059-1057*41_1059-0*41_1059-1056*41_1059-1*41_1059-2*41_1057-3*42_1229-974*36_0-4*43_883-882*36_883-881*36_883-880*36_883-1136*36_883-1135*36_883-1137*36_883-1134*36_883-1138*36_881-1133*37_881-1139*37_1110-616*28_1110-1112*28_1110-617*28_1110-1113*28_1110-1114*28_1136-1140*40_1230-973*38_1140-1141*41_1140-1142*41_1140-1143*41_1140-968*41_976-972*36_973-971*40_973-970*40_973-969*40_
