"id","Scenario","Actual Range","Protocol","Buildings","Total nodes","Nodes on circ","Total coverage","Coverage on circ","Alert received mean time","Hops","Slots","Messages sent","Messages received", "Starting x", "Starting y","Starting node", "Vehicle distance", "Received node ids", "Node ids", "Transmission map", "Received on circ nodes", "Transmission vector"
0,1,500,500,0,2496,64,2496,64,-669.375,2.9375,2.28125,192,2496,1950,1700,2090,25,2089_2091_928_2088_2092_927_929_926_930_2087_2093_925_931_2086_2094_924_932_2085_2095_923_933_1024_2084_2096_1023_1025_922_934_1022_1026_1021_1027_2083_2097_1020_1028_921_935_1019_1029_1994_2082_2098_2186_1993_1995_2185_2187_920_936_1992_1996_2184_2188_1018_1030_1991_1997_2183_2189_1990_1998_2182_2190_2081_2099_919_937_1017_1031_1989_1999_2181_2191_832_1016_1032_1988_2000_2080_2100_2180_2192_831_833_830_834_918_938_829_835_1987_2001_2179_2193_828_836_1015_1033_2079_2101_827_837_917_939_1986_2002_2178_2194_826_838_1014_1034_2078_2102_1985_2003_2177_2195_916_940_825_839_1013_1035_824_840_1984_2004_2176_2196_2077_2103_915_941_1012_1036_823_841_1983_2005_2175_2197_1120_2076_2104_1119_1121_822_842_914_942_1118_1122_1011_1037_1117_1123_1982_2006_2174_2198_1116_1124_821_843_1115_1125_2075_2105_913_943_1010_1038_1114_1126_1981_2007_2173_2199_820_844_1113_1127_1898_2074_2106_2282_1897_1899_2281_2283_912_944_1112_1128_1896_1900_1980_2008_2172_2200_2280_2284_1009_1039_1895_1901_2279_2285_819_845_1894_1902_2278_2286_1111_1129_1893_1903_2277_2287_1979_2009_2073_2107_2171_2201_1008_1040_1892_1904_2276_2288_911_945_818_846_1110_1130_1891_1905_2275_2289_1109_1131_1890_1906_1978_2010_2170_2202_2274_2290_736_2072_2108_735_737_817_847_1007_1041_734_738_910_946_733_739_1889_1907_2273_2291_732_740_1108_1132_731_741_1977_2011_2169_2203_816_848_1888_1908_2272_2292_730_742_1006_1042_2071_2109_909_947_1107_1133_729_743_1887_1909_2271_2293_728_744_1976_2012_2168_2204_815_849_1106_1134_1005_1043_1886_1910_2070_2110_2270_2294_2269_2268_748_2267_749_850_2266_750_2265_751_851_752_2264_852_753_2263_1971_853_754_2262_1099_1970_755_1813_854_2261_1098_1877_1814_756_948_1969_2260_1097_1876_855_1815_757_949_1096_1816_632_1968_631_633_1875_2259_630_634_856_2368_2367_2369_629_635_997_2366_2370_1140_758_950_2365_2371_628_636_1817_1095_1874_2364_2372_2258_627_1967_2363_2373_649_857_650_996_1818_626_651_759_951_2362_2374_1141_1094_652_715_1873_653_2257_2361_2375_625_1966_654_1819_760_858_952_2360_2376_2159_995_1093_655_624_1872_1142_714_656_2256_1236_2359_2377_1820_623_1965_657_761_953_1092_1871_859_2158_2358_2378_994_713_1143_622_1237_658_2255_1821_2357_2379_1964_1787_762_954_1091_1786_1870_2062_659_621_1785_860_2157_993_712_1784_2356_2380_1046_1144_1238_2392_2391_2393_1822_2254_2390_2394_660_1783_2389_2395_1196_620_2388_2396_1869_1963_2061_1090_763_955_1782_899_1195_2355_2381_2387_2397_661_861_1713_992_1712_1714_1047_1239_711_1781_1711_1715_1823_1194_1145_2386_2398_1710_1716_619_1709_1717_1780_1868_2060_1089_1193_2385_2399_898_1962_1708_1718_1048_1240_2384_1192_1779_991_1707_1719_618_710_1146_2383_1867_2059_1088_1706_1720_897_1191_1778_1961_617_1049_1241_1705_1721_2382_990_1190_709_805_1777_1147_1866_2058_896_1704_1722_1087_1189_536_616_1776_1960_1703_1723_989_1188_895_1086_1702_1724_1187_1701_1725_1044_2013_1045_2014_905_2015_904_1800_1799_1801_1798_1208_1916_1207_1209_1797_1206_1210_1205_1211_1917_903_1204_1212_1203_1213_1918_1202_1214_902_2295_1919_2111_1201_1215_1050_1138_1137_1139_901_1200_1216_1136_2296_1135_1199_1217_1051_900_2297_1198_1218_1052_2298_1197_1219_1053_1220_804_2299_1221_803_1054_2300_956_1148_802_1055_2301_957_1149_2480_2479_2481_2302_2478_2482_2477_2483_958_1150_2476_2484_2475_2485_2303_2474_2486_959_1151_2473_2487_2153_2251_1234_1233_1235_1232_2472_2488_1231_1230_2471_2489_552_2152_535_537_551_553_1229_534_538_550_554_2250_533_539_549_555_1228_2470_2490_532_556_1227_531_557_1865_1959_663_2151_2249_2469_2491_530_558_1226_1242_529_559_2353_1243_2468_2492_528_1864_560_664_2248_2352_1958_2150_1244_527_1775_561_2351_2467_2493_1245_615_1863_665_2247_526_1774_562_2350_1957_2149_2466_2494_862_1246_525_1773_563_2349_614_1862_666_2246_524_708_1772_1956_564_764_2148_2348_988_987_986_998_985_999_1085_1617_1809_984_1000_1084_1616_1618_1808_1810_1615_1619_1807_1811_1614_1620_1806_1812_1083_1613_1621_1805_983_1001_894_1082_1612_1622_1804_893_892_1081_1611_1623_1803_982_1002_891_1080_1610_1624_1802_890_981_1003_1609_1625_889_1079_888_980_1004_1608_1626_1078_887_1607_1627_1700_1726_979_1077_886_906_1606_1628_1076_1100_1699_1727_978_885_907_1605_1629_1075_1101_884_908_1184_1698_977_1183_1185_1182_1186_1604_1630_1796_1181_1180_1074_1102_883_1179_1521_1697_976_1520_1522_1519_1523_1603_1631_1795_1178_1518_1524_1517_1525_1073_1103_1177_882_1516_1526_800_1176_1602_1696_1794_799_801_975_1515_1527_1911_798_797_796_1072_1104_1514_1528_1912_881_1175_795_1513_1529_1601_1793_1913_1695_794_806_974_1174_880_1512_1530_1914_793_807_1071_1105_1173_792_808_1600_1792_1511_1531_1915_1694_973_1172_791_809_879_1070_1510_1532_1599_1791_790_810_1171_1509_1533_1693_1247_2495_1225_1224_2207_2206_2205_1223_1222_2465_863_2464_2463_2462_2461_2460_2459_2458_811_812_1790_1789_2068_2067_1974_2066_1973_2165_1972_2164_2065_724_2163_640_2064_639_641_638_642_637_643_723_2162_644_645_2063_646_722_2161_647_1885_648_1884_2160_721_1883_1882_1881_720_1880_1879_1878_719_718_2156_717_716_1788_707_706_705_704_1688_1687_1689_1686_1690_613_1685_1691_612_1684_1692_703_611_813_1683_610_702_814_1682_609_1681_701_608_1680_700_607_1679_606_1678_699_725_1771_605_1677_698_726_1770_604_1676_697_727_1769_603_1675_520_696_1592_1768_519_521_1591_1593_1975_518_522_602_1590_1594_1674_517_523_1589_1595_516_1588_1596_2451_515_1587_1597_456_2144_601_695_1673_1767_514_1586_1598_2452_2143_513_1585_455_2453_512_600_1584_1672_694_1766_2142_511_1583_454_2454_765_2234_599_1671_2141_510_1582_548_693_1765_766_2455_453_509_1581_767_2140_598_1670_2233_547_508_692_1580_1764_2456_452_2139_368_2232_367_369_2457_366_370_546_365_371_451_2138_364_372_363_373_2231_545_362_374_450_2137_361_375_2054_2230_2053_2055_360_376_544_2052_2056_2136_2328_449_2051_2057_2050_359_377_2049_2135_2229_2327_448_2048_543_358_378_2047_357_379_2046_2134_2326_2228_447_542_2045_356_380_2133_2325_2044_446_2227_355_381_541_2043_2132_2324_354_382_445_2042_2226_2426_2090_1499_1059_1405_1498_1058_1404_1332_1333_1497_1057_1334_1403_1335_771_688_1496_687_689_1056_1336_686_690_1402_685_691_1337_684_770_683_1495_1338_1401_682_1315_681_769_1157_1339_1314_680_1400_1494_1313_1156_1340_768_1312_679_1311_1399_1493_678_1310_677_1398_1309_1492_676_1308_1397_675_1307_1491_2155_2154_2252_2147_2146_2245_2244_2145_540_2243_457_458_459_565_2242_460_461_462_566_2241_463_464_2240_567_2347_2346_465_2345_2239_568_2344_466_2343_467_2238_2342_569_2341_444_468_2237_2340_570_443_469_1955_2339_2236_442_470_571_1954_2338_668_669_2450_670_2449_671_2448_789_788_787_786_785_784_1504_1503_1505_1502_1506_1501_1507_783_1500_1508_782_781_780_779_878_778_877_876_777_875_776_1408_1407_1409_1406_1410_1411_874_1412_1413_775_1414_1490_873_1415_774_872_1416_1489_594_1417_593_773_871_592_1488_1418_591_1419_590_870_772_1487_589_1396_1420_869_588_972_1486_1395_1421_587_971_868_1394_1422_1485_586_970_2321_279_349_280_2320_348_281_2319_282_347_2318_283_406_500_1565_346_319_2317_284_476_318_383_1564_1655_2219_1949_317_405_1948_345_499_2316_1947_285_477_1946_316_1563_255_1945_2424_1654_2423_2425_404_2218_2422_2031_2253_315_344_1944_2315_2421_2427_498_254_286_478_1562_2420_2428_1749_1943_314_2419_2429_253_1653_403_1942_2030_2217_343_1561_2314_2418_2430_287_479_313_337_497_1941_252_2417_2431_2029_178_177_179_1940_176_180_2216_2416_2432_342_2313_251_175_181_174_182_1939_2415_2433_173_183_2028_250_172_184_2312_341_2215_1938_2414_2434_171_185_2413_2435_170_186_2121_2311_2214_169_187_2412_2436_168_188_572_2120_2310_2213_2411_2437_167_189_573_2119_2410_2438_2309_166_190_574_1069_1068_1067_1066_1534_1427_1428_1429_1065_1535_1170_1430_1169_1431_1064_1168_1432_1167_1433_1063_1166_1434_1165_1435_1062_1164_1436_1324_1325_1389_1326_1388_1327_1291_1387_960_1328_961_962_963_1290_1386_1329_1289_1385_484_483_485_482_486_1330_481_487_480_488_1288_1384_489_490_1331_1287_1383_1286_1382_1285_1381_2069_667_2354_662_2447_2446_2445_2444_2443_2442_2441_575_2440_2439_2337_473_472_474_2336_471_475_747_746_2335_745_2166_2334_2333_1579_1578_507_506_1577_505_504_1576_503_1575_502_1574_501_1669_1573_1668_1572_1667_1571_1666_1570_1665_1479_1569_413_412_414_411_415_410_416_1664_1478_409_417_408_418_1568_1477_1763_407_419_1663_420_1476_1567_1762_421_1662_422_1475_1761_1566_423_1474_1661_402_424_1760_1473_401_425_1953_440_1952_439_441_438_437_1951_436_1950_435_434_1860_433_1859_1861_1858_1857_432_1856_1855_431_1854_1853_430_1852_429_1851_340_428_1850_339_338_427_1849_336_1848_426_335_1847_334_1846_333_1759_332_1845_1758_1757_331_1756_1844_1755_330_1843_2035_1754_1937_329_1753_1842_2034_248_328_1752_1936_260_2167_1305_1306_1284_1283_389_388_1282_387_1374_386_1281_385_1373_384_1280_2308_191_2307_2409_2408_2407_2306_2406_2305_2405_2212_2404_88_2304_87_89_86_90_2211_2403_85_91_84_92_2210_2402_83_93_82_94_2209_2401_81_95_80_2208_2400_79_78_77_2123_2122_2124_2125_76_2118_75_2117_2116_74_2115_2114_73_2113_165_72_2112_350_2041_351_352_2040_353_2039_2038_2037_2036_597_596_595_1482_1481_1483_496_1480_1484_495_494_493_492_400_1472_491_399_1471_398_1470_397_1469_396_1468_1660_585_395_1390_1391_1467_1659_584_1380_1392_394_1379_1393_1378_1466_1658_312_1560_311_393_583_310_309_1377_308_307_1465_1657_392_1376_306_582_1559_305_1375_304_320_1464_1656_391_581_1558_969_1423_968_1424_2131_2130_2129_264_2128_263_265_262_266_261_267_268_2127_259_258_2126_257_2033_256_2032_2027_2026_164_163_249_2025_162_161_160_2024_159_1935_247_2023_158_1934_157_1933_246_2022_156_1932_1931_155_245_1930_154_1929_244_153_152_1928_2021_243_151_1927_2020_150_242_1926_149_2019_241_1925_148_2018_1841_240_1840_1924_1839_147_1838_1837_1923_2017_1836_239_146_1835_1834_1922_64_2016_63_65_145_62_66_238_61_67_1833_60_68_59_69_1921_144_1832_58_70_237_57_71_1831_56_1920_143_1830_327_326_325_324_323_1751_322_321_1750_1748_1747_1652_1746_1651_1745_1650_232_1744_2329_2330_2331_2332_2323_2322_278_277_276_867_866_1292_1293_1294_1295_576_1296_577_578_579_580_1297_1298_1299_236_235_142_234_141_233_1829_140_1828_1743_139_1742_1741_1827_1740_231_138_1739_1738_1826_55_137_54_230_53_1737_52_51_1825_136_1736_50_229_49_1735_48_1824_135_1734_303_302_1463_301_1462_1461_1460_1459_1458_1457_1365_1557_208_1364_1456_1556_207_209_206_210_205_211_1363_1555_204_212_1455_203_213_1362_1554_202_214_1454_1361_1553_201_215_200_216_1360_1552_1453_199_217_1359_1551_1452_198_218_1358_1550_197_219_1451_1357_1549_196_220_1450_1356_1548_195_221_1355_1449_1547_194_222_1267_1266_1354_1546_112_1448_111_113_193_223_110_114_109_115_1265_1649_108_116_107_117_1353_1545_192_224_1264_1648_106_118_1447_105_119_1263_1647_104_120_1352_1544_225_1262_1446_1646_865_1318_1317_1319_864_1316_1320_1321_1322_1323_967_966_965_964_1425_1426_1061_1060_2235_47_300_299_298_1372_1371_1370_297_1369_390_296_1368_1367_295_1366_294_293_292_226_2225_272_2224_271_273_270_274_269_275_2223_2222_2221_2220_1158_1155_1159_1154_1160_1439_1438_1153_1161_1437_1152_1162_1343_1342_1341_1163_674_673_672_1304_1303_1302_1301_1300_1279_1278_1277_1276_291_1275_290_1274_289_1273_288_1272_1271_1270_1269_1268_1543_1542_1541_1540_1733_1732_134_1731_1730_45_133_44_46_43_42_1729_41_40_1728_39_38_37_36_35_1637_34_1636_1635_1634_33_1633_32_1632_31_30_29_28_27_228_227_1645_121_122_123_124_125_126_1539_127_1538_1642_1641_1643_128_1640_1644_1639_1638_1537_129_1445_24_1444_1536_23_25_22_26_130_21_1443_20_19_131_1442_18_1441_132_17_16_1440_15_14_13_12_1351_11_1350_1349_1348_103_10_1347_1346_9_102_1345_8_1344_101_7_1261_1259_1258_1257_96_1256_97_98_99_1255_1254_1253_1252_1251_1250_1249_0_1248_1_2_3_4_1260_100_5_6_,0_1_2_3_4_5_6_7_8_9_10_11_12_13_14_15_16_17_18_19_20_21_22_23_24_25_26_27_28_29_30_31_32_33_34_35_36_37_38_39_40_41_42_43_44_45_46_47_48_49_50_51_52_53_54_55_56_57_58_59_60_61_62_63_64_65_66_67_68_69_70_71_72_73_74_75_76_77_78_79_80_81_82_83_84_85_86_87_88_89_90_91_92_93_94_95_96_97_98_99_100_101_102_103_104_105_106_107_108_109_110_111_112_113_114_115_116_117_118_119_120_121_122_123_124_125_126_127_128_129_130_131_132_133_134_135_136_137_138_139_140_141_142_143_144_145_146_147_148_149_150_151_152_153_154_155_156_157_158_159_160_161_162_163_164_165_166_167_168_169_170_171_172_173_174_175_176_177_178_179_180_181_182_183_184_185_186_187_188_189_190_191_192_193_194_195_196_197_198_199_200_201_202_203_204_205_206_207_208_209_210_211_212_213_214_215_216_217_218_219_220_221_222_223_224_225_226_227_228_229_230_231_232_233_234_235_236_237_238_239_240_241_242_243_244_245_246_247_248_249_250_251_252_253_254_255_256_257_258_259_260_261_262_263_264_265_266_267_268_269_270_271_272_273_274_275_276_277_278_279_280_281_282_283_284_285_286_287_288_289_290_291_292_293_294_295_296_297_298_299_300_301_302_303_304_305_306_307_308_309_310_311_312_313_314_315_316_317_318_319_320_321_322_323_324_325_326_327_328_329_330_331_332_333_334_335_336_337_338_339_340_341_342_343_344_345_346_347_348_349_350_351_352_353_354_355_356_357_358_359_360_361_362_363_364_365_366_367_368_369_370_371_372_373_374_375_376_377_378_379_380_381_382_383_384_385_386_387_388_389_390_391_392_393_394_395_396_397_398_399_400_401_402_403_404_405_406_407_408_409_410_411_412_413_414_415_416_417_418_419_420_421_422_423_424_425_426_427_428_429_430_431_432_433_434_435_436_437_438_439_440_441_442_443_444_445_446_447_448_449_450_451_452_453_454_455_456_457_458_459_460_461_462_463_464_465_466_467_468_469_470_471_472_473_474_475_476_477_478_479_480_481_482_483_484_485_486_487_488_489_490_491_492_493_494_495_496_497_498_499_500_501_502_503_504_505_506_507_508_509_510_511_512_513_514_515_516_517_518_519_520_521_522_523_524_525_526_527_528_529_530_531_532_533_534_535_536_537_538_539_540_541_542_543_544_545_546_547_548_549_550_551_552_553_554_555_556_557_558_559_560_561_562_563_564_565_566_567_568_569_570_571_572_573_574_575_576_577_578_579_580_581_582_583_584_585_586_587_588_589_590_591_592_593_594_595_596_597_598_599_600_601_602_603_604_605_606_607_608_609_610_611_612_613_614_615_616_617_618_619_620_621_622_623_624_625_626_627_628_629_630_631_632_633_634_635_636_637_638_639_640_641_642_643_644_645_646_647_648_649_650_651_652_653_654_655_656_657_658_659_660_661_662_663_664_665_666_667_668_669_670_671_672_673_674_675_676_677_678_679_680_681_682_683_684_685_686_687_688_689_690_691_692_693_694_695_696_697_698_699_700_701_702_703_704_705_706_707_708_709_710_711_712_713_714_715_716_717_718_719_720_721_722_723_724_725_726_727_728_729_730_731_732_733_734_735_736_737_738_739_740_741_742_743_744_745_746_747_748_749_750_751_752_753_754_755_756_757_758_759_760_761_762_763_764_765_766_767_768_769_770_771_772_773_774_775_776_777_778_779_780_781_782_783_784_785_786_787_788_789_790_791_792_793_794_795_796_797_798_799_800_801_802_803_804_805_806_807_808_809_810_811_812_813_814_815_816_817_818_819_820_821_822_823_824_825_826_827_828_829_830_831_832_833_834_835_836_837_838_839_840_841_842_843_844_845_846_847_848_849_850_851_852_853_854_855_856_857_858_859_860_861_862_863_864_865_866_867_868_869_870_871_872_873_874_875_876_877_878_879_880_881_882_883_884_885_886_887_888_889_890_891_892_893_894_895_896_897_898_899_900_901_902_903_904_905_906_907_908_909_910_911_912_913_914_915_916_917_918_919_920_921_922_923_924_925_926_927_928_929_930_931_932_933_934_935_936_937_938_939_940_941_942_943_944_945_946_947_948_949_950_951_952_953_954_955_956_957_958_959_960_961_962_963_964_965_966_967_968_969_970_971_972_973_974_975_976_977_978_979_980_981_982_983_984_985_986_987_988_989_990_991_992_993_994_995_996_997_998_999_1000_1001_1002_1003_1004_1005_1006_1007_1008_1009_1010_1011_1012_1013_1014_1015_1016_1017_1018_1019_1020_1021_1022_1023_1024_1025_1026_1027_1028_1029_1030_1031_1032_1033_1034_1035_1036_1037_1038_1039_1040_1041_1042_1043_1044_1045_1046_1047_1048_1049_1050_1051_1052_1053_1054_1055_1056_1057_1058_1059_1060_1061_1062_1063_1064_1065_1066_1067_1068_1069_1070_1071_1072_1073_1074_1075_1076_1077_1078_1079_1080_1081_1082_1083_1084_1085_1086_1087_1088_1089_1090_1091_1092_1093_1094_1095_1096_1097_1098_1099_1100_1101_1102_1103_1104_1105_1106_1107_1108_1109_1110_1111_1112_1113_1114_1115_1116_1117_1118_1119_1120_1121_1122_1123_1124_1125_1126_1127_1128_1129_1130_1131_1132_1133_1134_1135_1136_1137_1138_1139_1140_1141_1142_1143_1144_1145_1146_1147_1148_1149_1150_1151_1152_1153_1154_1155_1156_1157_1158_1159_1160_1161_1162_1163_1164_1165_1166_1167_1168_1169_1170_1171_1172_1173_1174_1175_1176_1177_1178_1179_1180_1181_1182_1183_1184_1185_1186_1187_1188_1189_1190_1191_1192_1193_1194_1195_1196_1197_1198_1199_1200_1201_1202_1203_1204_1205_1206_1207_1208_1209_1210_1211_1212_1213_1214_1215_1216_1217_1218_1219_1220_1221_1222_1223_1224_1225_1226_1227_1228_1229_1230_1231_1232_1233_1234_1235_1236_1237_1238_1239_1240_1241_1242_1243_1244_1245_1246_1247_1248_1249_1250_1251_1252_1253_1254_1255_1256_1257_1258_1259_1260_1261_1262_1263_1264_1265_1266_1267_1268_1269_1270_1271_1272_1273_1274_1275_1276_1277_1278_1279_1280_1281_1282_1283_1284_1285_1286_1287_1288_1289_1290_1291_1292_1293_1294_1295_1296_1297_1298_1299_1300_1301_1302_1303_1304_1305_1306_1307_1308_1309_1310_1311_1312_1313_1314_1315_1316_1317_1318_1319_1320_1321_1322_1323_1324_1325_1326_1327_1328_1329_1330_1331_1332_1333_1334_1335_1336_1337_1338_1339_1340_1341_1342_1343_1344_1345_1346_1347_1348_1349_1350_1351_1352_1353_1354_1355_1356_1357_1358_1359_1360_1361_1362_1363_1364_1365_1366_1367_1368_1369_1370_1371_1372_1373_1374_1375_1376_1377_1378_1379_1380_1381_1382_1383_1384_1385_1386_1387_1388_1389_1390_1391_1392_1393_1394_1395_1396_1397_1398_1399_1400_1401_1402_1403_1404_1405_1406_1407_1408_1409_1410_1411_1412_1413_1414_1415_1416_1417_1418_1419_1420_1421_1422_1423_1424_1425_1426_1427_1428_1429_1430_1431_1432_1433_1434_1435_1436_1437_1438_1439_1440_1441_1442_1443_1444_1445_1446_1447_1448_1449_1450_1451_1452_1453_1454_1455_1456_1457_1458_1459_1460_1461_1462_1463_1464_1465_1466_1467_1468_1469_1470_1471_1472_1473_1474_1475_1476_1477_1478_1479_1480_1481_1482_1483_1484_1485_1486_1487_1488_1489_1490_1491_1492_1493_1494_1495_1496_1497_1498_1499_1500_1501_1502_1503_1504_1505_1506_1507_1508_1509_1510_1511_1512_1513_1514_1515_1516_1517_1518_1519_1520_1521_1522_1523_1524_1525_1526_1527_1528_1529_1530_1531_1532_1533_1534_1535_1536_1537_1538_1539_1540_1541_1542_1543_1544_1545_1546_1547_1548_1549_1550_1551_1552_1553_1554_1555_1556_1557_1558_1559_1560_1561_1562_1563_1564_1565_1566_1567_1568_1569_1570_1571_1572_1573_1574_1575_1576_1577_1578_1579_1580_1581_1582_1583_1584_1585_1586_1587_1588_1589_1590_1591_1592_1593_1594_1595_1596_1597_1598_1599_1600_1601_1602_1603_1604_1605_1606_1607_1608_1609_1610_1611_1612_1613_1614_1615_1616_1617_1618_1619_1620_1621_1622_1623_1624_1625_1626_1627_1628_1629_1630_1631_1632_1633_1634_1635_1636_1637_1638_1639_1640_1641_1642_1643_1644_1645_1646_1647_1648_1649_1650_1651_1652_1653_1654_1655_1656_1657_1658_1659_1660_1661_1662_1663_1664_1665_1666_1667_1668_1669_1670_1671_1672_1673_1674_1675_1676_1677_1678_1679_1680_1681_1682_1683_1684_1685_1686_1687_1688_1689_1690_1691_1692_1693_1694_1695_1696_1697_1698_1699_1700_1701_1702_1703_1704_1705_1706_1707_1708_1709_1710_1711_1712_1713_1714_1715_1716_1717_1718_1719_1720_1721_1722_1723_1724_1725_1726_1727_1728_1729_1730_1731_1732_1733_1734_1735_1736_1737_1738_1739_1740_1741_1742_1743_1744_1745_1746_1747_1748_1749_1750_1751_1752_1753_1754_1755_1756_1757_1758_1759_1760_1761_1762_1763_1764_1765_1766_1767_1768_1769_1770_1771_1772_1773_1774_1775_1776_1777_1778_1779_1780_1781_1782_1783_1784_1785_1786_1787_1788_1789_1790_1791_1792_1793_1794_1795_1796_1797_1798_1799_1800_1801_1802_1803_1804_1805_1806_1807_1808_1809_1810_1811_1812_1813_1814_1815_1816_1817_1818_1819_1820_1821_1822_1823_1824_1825_1826_1827_1828_1829_1830_1831_1832_1833_1834_1835_1836_1837_1838_1839_1840_1841_1842_1843_1844_1845_1846_1847_1848_1849_1850_1851_1852_1853_1854_1855_1856_1857_1858_1859_1860_1861_1862_1863_1864_1865_1866_1867_1868_1869_1870_1871_1872_1873_1874_1875_1876_1877_1878_1879_1880_1881_1882_1883_1884_1885_1886_1887_1888_1889_1890_1891_1892_1893_1894_1895_1896_1897_1898_1899_1900_1901_1902_1903_1904_1905_1906_1907_1908_1909_1910_1911_1912_1913_1914_1915_1916_1917_1918_1919_1920_1921_1922_1923_1924_1925_1926_1927_1928_1929_1930_1931_1932_1933_1934_1935_1936_1937_1938_1939_1940_1941_1942_1943_1944_1945_1946_1947_1948_1949_1950_1951_1952_1953_1954_1955_1956_1957_1958_1959_1960_1961_1962_1963_1964_1965_1966_1967_1968_1969_1970_1971_1972_1973_1974_1975_1976_1977_1978_1979_1980_1981_1982_1983_1984_1985_1986_1987_1988_1989_1990_1991_1992_1993_1994_1995_1996_1997_1998_1999_2000_2001_2002_2003_2004_2005_2006_2007_2008_2009_2010_2011_2012_2013_2014_2015_2016_2017_2018_2019_2020_2021_2022_2023_2024_2025_2026_2027_2028_2029_2030_2031_2032_2033_2034_2035_2036_2037_2038_2039_2040_2041_2042_2043_2044_2045_2046_2047_2048_2049_2050_2051_2052_2053_2054_2055_2056_2057_2058_2059_2060_2061_2062_2063_2064_2065_2066_2067_2068_2069_2070_2071_2072_2073_2074_2075_2076_2077_2078_2079_2080_2081_2082_2083_2084_2085_2086_2087_2088_2089_2090_2091_2092_2093_2094_2095_2096_2097_2098_2099_2100_2101_2102_2103_2104_2105_2106_2107_2108_2109_2110_2111_2112_2113_2114_2115_2116_2117_2118_2119_2120_2121_2122_2123_2124_2125_2126_2127_2128_2129_2130_2131_2132_2133_2134_2135_2136_2137_2138_2139_2140_2141_2142_2143_2144_2145_2146_2147_2148_2149_2150_2151_2152_2153_2154_2155_2156_2157_2158_2159_2160_2161_2162_2163_2164_2165_2166_2167_2168_2169_2170_2171_2172_2173_2174_2175_2176_2177_2178_2179_2180_2181_2182_2183_2184_2185_2186_2187_2188_2189_2190_2191_2192_2193_2194_2195_2196_2197_2198_2199_2200_2201_2202_2203_2204_2205_2206_2207_2208_2209_2210_2211_2212_2213_2214_2215_2216_2217_2218_2219_2220_2221_2222_2223_2224_2225_2226_2227_2228_2229_2230_2231_2232_2233_2234_2235_2236_2237_2238_2239_2240_2241_2242_2243_2244_2245_2246_2247_2248_2249_2250_2251_2252_2253_2254_2255_2256_2257_2258_2259_2260_2261_2262_2263_2264_2265_2266_2267_2268_2269_2270_2271_2272_2273_2274_2275_2276_2277_2278_2279_2280_2281_2282_2283_2284_2285_2286_2287_2288_2289_2290_2291_2292_2293_2294_2295_2296_2297_2298_2299_2300_2301_2302_2303_2304_2305_2306_2307_2308_2309_2310_2311_2312_2313_2314_2315_2316_2317_2318_2319_2320_2321_2322_2323_2324_2325_2326_2327_2328_2329_2330_2331_2332_2333_2334_2335_2336_2337_2338_2339_2340_2341_2342_2343_2344_2345_2346_2347_2348_2349_2350_2351_2352_2353_2354_2355_2356_2357_2358_2359_2360_2361_2362_2363_2364_2365_2366_2367_2368_2369_2370_2371_2372_2373_2374_2375_2376_2377_2378_2379_2380_2381_2382_2383_2384_2385_2386_2387_2388_2389_2390_2391_2392_2393_2394_2395_2396_2397_2398_2399_2400_2401_2402_2403_2404_2405_2406_2407_2408_2409_2410_2411_2412_2413_2414_2415_2416_2417_2418_2419_2420_2421_2422_2423_2424_2425_2426_2427_2428_2429_2430_2431_2432_2433_2434_2435_2436_2437_2438_2439_2440_2441_2442_2443_2444_2445_2446_2447_2448_2449_2450_2451_2452_2453_2454_2455_2456_2457_2458_2459_2460_2461_2462_2463_2464_2465_2466_2467_2468_2469_2470_2471_2472_2473_2474_2475_2476_2477_2478_2479_2480_2481_2482_2483_2484_2485_2486_2487_2488_2489_2490_2491_2492_2493_2494_2495_,141:{1733;1732;134;1731;1730;45;133;44;46;43;42;1729;41;40;1728;39;38;37;36;35;1637;34;1636;1635;1634;33;1633;32;1632;31;30;29;28;27;}196:{1260;100;5;6;}251:{47;}312:{1543;1542;1541;1540;}370:{2321;279;280;2320;281;2319;282;2318;283;2317;284;476;383;2219;2316;285;477;2424;2423;2425;2218;2422;2315;2421;2427;286;478;2420;2428;2419;2429;2217;2314;2418;2430;287;479;2417;2431;178;177;179;176;180;2216;2416;2432;2313;175;181;174;182;2415;2433;173;183;172;184;2312;2215;2414;2434;171;185;2413;2435;170;186;2121;2311;2214;169;187;2412;2436;168;188;572;2120;2310;2213;2411;2437;167;189;573;2119;2410;2438;2309;166;190;574;}375:{2329;2330;2331;2332;2323;2322;278;277;276;}386:{1261;}406:{300;299;298;1372;1371;1370;297;1369;390;296;1368;1367;295;1366;294;293;292;226;}420:{228;227;1645;}517:{406;500;1565;319;318;1564;1655;317;405;499;316;1563;1654;404;315;498;1562;1749;314;1653;403;1561;313;337;497;}587:{1305;1306;1284;1283;389;388;1282;387;1374;386;1281;385;1373;384;1280;}605:{1579;1578;507;506;1577;505;504;1576;503;1575;502;1574;501;1669;1573;1668;1572;1667;1571;1666;1570;1665;1479;1569;413;412;414;411;415;410;416;1664;1478;409;417;408;418;1568;1477;1763;407;419;1663;420;1476;1567;1762;421;1662;422;1475;1761;1566;423;1474;1661;402;424;1760;1473;401;425;}665:{667;2354;662;2447;2446;2445;2444;2443;2442;2441;575;2440;2439;2337;473;472;474;2336;471;475;747;746;2335;745;2166;2334;2333;}676:{1389;1388;1291;1387;1290;1386;1289;1385;484;483;485;482;486;481;487;480;488;1288;1384;489;490;1287;1383;1286;1382;1285;1381;}712:{716;1788;707;706;705;704;1688;1687;1689;1686;1690;613;1685;1691;612;1684;1692;703;611;813;1683;610;702;814;1682;609;1681;701;608;1680;700;607;1679;606;1678;699;725;1771;605;1677;698;726;1770;604;1676;697;727;1769;603;1675;520;696;1592;1768;519;521;1591;1593;1975;518;522;602;1590;1594;1674;517;523;1589;1595;516;1588;1596;515;1587;1597;601;695;1673;1767;514;1586;1598;513;1585;512;600;1584;1672;694;1766;511;1583;599;1671;510;1582;693;1765;509;1581;598;1670;508;692;1580;1764;}728:{535;537;534;538;533;539;532;531;1865;1959;530;529;528;1864;1958;527;1775;615;1863;526;1774;1957;525;1773;614;1862;524;708;1772;1956;}744:{2153;2251;552;2152;551;553;550;554;2250;549;555;556;557;663;2151;2249;558;559;2353;560;664;2248;2352;2150;561;2351;665;2247;562;2350;2149;563;2349;666;2246;564;764;2148;2348;}756:{2167;}790:{789;788;787;786;785;784;1504;1503;1505;1502;1506;1501;1507;783;1500;1508;782;781;780;779;878;778;877;876;777;875;776;1408;1407;1409;1406;1410;1411;874;1412;1413;775;1414;1490;873;1415;774;872;1416;1489;594;1417;593;773;871;592;1488;1418;591;1419;590;870;772;1487;589;1396;1420;869;588;972;1486;1395;1421;587;971;868;1394;1422;1485;586;970;}841:{2269;2268;748;2267;749;850;2266;750;2265;751;851;752;2264;852;753;2263;853;754;2262;755;854;2261;756;948;2260;855;757;949;2259;856;2368;2367;2369;2366;2370;758;950;2365;2371;2364;2372;2258;2363;2373;649;857;650;651;759;951;2362;2374;652;653;2257;2361;2375;654;760;858;952;2360;2376;2159;655;656;2256;2359;2377;657;761;953;859;2158;2358;2378;658;2255;2357;2379;762;954;659;860;2157;2356;2380;2254;660;763;955;2355;2381;661;861;}852:{668;669;2450;670;2449;671;2448;}886:{867;866;}890:{969;1423;968;1424;}916:{905;904;1800;1799;1801;1798;1797;903;902;901;900;804;803;802;}937:{2090;}976:{1059;1058;1332;1333;1057;1334;1335;1056;1336;1337;1338;1157;1339;1156;1340;}995:{811;812;1790;1789;}1042:{1044;1045;2295;1050;1138;1137;1139;1136;2296;1135;1051;2297;1052;2298;1053;2299;1054;2300;956;1148;1055;2301;957;1149;2480;2479;2481;2302;2478;2482;2477;2483;958;1150;2476;2484;2475;2485;2303;2474;2486;959;1151;2473;2487;1234;1233;1235;1232;2472;2488;1231;1230;2471;2489;1229;1228;2470;2490;1227;2469;2491;1226;1242;1243;2468;2492;1244;2467;2493;1245;2466;2494;862;1246;}1127:{1140;1141;1142;1236;1143;1237;1046;1144;1238;2392;2391;2393;2390;2394;2389;2395;2388;2396;2387;2397;1047;1239;1145;2386;2398;2385;2399;1048;1240;2384;1146;2383;1049;1241;2382;1147;}1157:{1158;1155;1159;1154;1160;1439;1438;1153;1161;1437;1152;1162;1343;1342;1341;1163;}1241:{1247;2495;1225;1224;2207;2206;2205;1223;1222;}1262:{1259;1258;1257;96;1256;97;98;99;1255;1254;1253;1252;1251;1250;1249;0;1248;1;2;3;4;}1288:{1292;1293;1294;1295;576;1296;577;578;579;580;1297;1298;1299;}1312:{1324;1325;1326;1327;960;1328;961;962;963;1329;1330;1331;}1376:{1279;1278;1277;1276;291;1275;290;1274;289;1273;288;1272;1271;1270;1269;1268;}1414:{865;1318;1317;1319;864;1316;1320;1321;1322;1323;967;966;965;964;1425;1426;1061;1060;}1466:{303;302;1463;301;1462;1461;1460;1459;1458;1457;1365;1557;208;1364;1456;1556;207;209;206;210;205;211;1363;1555;204;212;1455;203;213;1362;1554;202;214;1454;1361;1553;201;215;200;216;1360;1552;1453;199;217;1359;1551;1452;198;218;1358;1550;197;219;1451;1357;1549;196;220;1450;1356;1548;195;221;1355;1449;1547;194;222;1267;1266;1354;1546;112;1448;111;113;193;223;110;114;109;115;1265;1649;108;116;107;117;1353;1545;192;224;1264;1648;106;118;1447;105;119;1263;1647;104;120;1352;1544;225;1262;1446;1646;}1496:{674;673;672;1304;1303;1302;1301;1300;}1511:{1499;1405;1498;1404;1497;1403;771;688;1496;687;689;686;690;1402;685;691;684;770;683;1495;1401;682;1315;681;769;1314;680;1400;1494;1313;768;1312;679;1311;1399;1493;678;1310;677;1398;1309;1492;676;1308;1397;675;1307;1491;}1546:{121;122;123;124;125;126;1539;127;1538;1642;1641;1643;128;1640;1644;1639;1638;1537;129;1445;24;1444;1536;23;25;22;26;130;21;1443;20;19;131;1442;18;1441;132;17;16;1440;15;14;13;12;1351;11;1350;1349;1348;103;10;1347;1346;9;102;1345;8;1344;101;7;}1578:{597;596;595;1482;1481;1483;496;1480;1484;495;494;493;492;400;1472;491;399;1471;398;1470;397;1469;396;1468;1660;585;395;1390;1391;1467;1659;584;1380;1392;394;1379;1393;1378;1466;1658;312;1560;311;393;583;310;309;1377;308;307;1465;1657;392;1376;306;582;1559;305;1375;304;320;1464;1656;391;581;1558;}1616:{1069;1068;1067;1066;1534;1427;1428;1429;1065;1535;1170;1430;1169;1431;1064;1168;1432;1167;1433;1063;1166;1434;1165;1435;1062;1164;1436;}1713:{988;987;986;998;985;999;1085;1617;1809;984;1000;1084;1616;1618;1808;1810;1615;1619;1807;1811;1614;1620;1806;1812;1083;1613;1621;1805;983;1001;894;1082;1612;1622;1804;893;892;1081;1611;1623;1803;982;1002;891;1080;1610;1624;1802;890;981;1003;1609;1625;889;1079;888;980;1004;1608;1626;1078;887;1607;1627;1700;1726;979;1077;886;906;1606;1628;1076;1100;1699;1727;978;885;907;1605;1629;1075;1101;884;908;1184;1698;977;1183;1185;1182;1186;1604;1630;1796;1181;1180;1074;1102;883;1179;1521;1697;976;1520;1522;1519;1523;1603;1631;1795;1178;1518;1524;1517;1525;1073;1103;1177;882;1516;1526;800;1176;1602;1696;1794;799;801;975;1515;1527;1911;798;797;796;1072;1104;1514;1528;1912;881;1175;795;1513;1529;1601;1793;1913;1695;794;806;974;1174;880;1512;1530;1914;793;807;1071;1105;1173;792;808;1600;1792;1511;1531;1915;1694;973;1172;791;809;879;1070;1510;1532;1599;1791;790;810;1171;1509;1533;1693;}1764:{327;326;325;324;323;1751;322;321;1750;1748;1747;1652;1746;1651;1745;1650;232;1744;}1905:{1099;1813;1098;1814;1097;1815;1096;1816;997;1817;1095;996;1818;1094;1819;995;1093;1820;1092;994;1821;1091;993;1822;1196;1090;899;1195;1713;992;1712;1714;1711;1715;1823;1194;1710;1716;1709;1717;1089;1193;898;1708;1718;1192;991;1707;1719;1088;1706;1720;897;1191;1705;1721;990;1190;896;1704;1722;1087;1189;1703;1723;989;1188;895;1086;1702;1724;1187;1701;1725;}1938:{236;235;142;234;141;233;1829;140;1828;1743;139;1742;1741;1827;1740;231;138;1739;1738;1826;55;137;54;230;53;1737;52;51;1825;136;1736;50;229;49;1735;48;1824;135;1734;}1956:{1953;440;1952;439;441;438;437;1951;436;1950;435;434;1860;433;1859;1861;1858;1857;432;1856;1855;431;1854;1853;430;1852;429;1851;340;428;1850;339;338;427;1849;336;1848;426;335;1847;334;1846;333;1759;332;1845;1758;1757;331;1756;1844;1755;330;1843;2035;1754;1937;329;1753;1842;2034;248;328;1752;1936;}1958:{350;2041;351;352;2040;353;2039;2038;2037;2036;}1980:{1971;1970;1877;1969;1876;632;1968;631;633;1875;630;634;629;635;628;636;1874;627;1967;626;715;1873;625;1966;624;1872;714;623;1965;1871;713;622;1964;1787;1786;1870;2062;621;1785;712;1784;1783;620;1869;1963;2061;1782;711;1781;619;1780;1868;2060;1962;1779;618;710;1867;2059;1778;1961;617;709;805;1777;1866;2058;536;616;1776;1960;}1987:{2069;}2006:{2013;2014;2015;1208;1916;1207;1209;1206;1210;1205;1211;1917;1204;1212;1203;1213;1918;1202;1214;1919;2111;1201;1215;1200;1216;1199;1217;1198;1218;1197;1219;1220;1221;}2034:{1931;155;245;1930;154;1929;244;153;152;1928;2021;243;151;1927;2020;150;242;1926;149;2019;241;1925;148;2018;1841;240;1840;1924;1839;147;1838;1837;1923;2017;1836;239;146;1835;1834;1922;64;2016;63;65;145;62;66;238;61;67;1833;60;68;59;69;1921;144;1832;58;70;237;57;71;1831;56;1920;143;1830;}2078:{2068;2067;1974;2066;1973;2165;1972;2164;2065;724;2163;640;2064;639;641;638;642;637;643;723;2162;644;645;2063;646;722;2161;647;1885;648;1884;2160;721;1883;1882;1881;720;1880;1879;1878;719;718;2156;717;}2090:{2089;2091;928;2088;2092;927;929;926;930;2087;2093;925;931;2086;2094;924;932;2085;2095;923;933;1024;2084;2096;1023;1025;922;934;1022;1026;1021;1027;2083;2097;1020;1028;921;935;1019;1029;1994;2082;2098;2186;1993;1995;2185;2187;920;936;1992;1996;2184;2188;1018;1030;1991;1997;2183;2189;1990;1998;2182;2190;2081;2099;919;937;1017;1031;1989;1999;2181;2191;832;1016;1032;1988;2000;2080;2100;2180;2192;831;833;830;834;918;938;829;835;1987;2001;2179;2193;828;836;1015;1033;2079;2101;827;837;917;939;1986;2002;2178;2194;826;838;1014;1034;2078;2102;1985;2003;2177;2195;916;940;825;839;1013;1035;824;840;1984;2004;2176;2196;2077;2103;915;941;1012;1036;823;841;1983;2005;2175;2197;1120;2076;2104;1119;1121;822;842;914;942;1118;1122;1011;1037;1117;1123;1982;2006;2174;2198;1116;1124;821;843;1115;1125;2075;2105;913;943;1010;1038;1114;1126;1981;2007;2173;2199;820;844;1113;1127;1898;2074;2106;2282;1897;1899;2281;2283;912;944;1112;1128;1896;1900;1980;2008;2172;2200;2280;2284;1009;1039;1895;1901;2279;2285;819;845;1894;1902;2278;2286;1111;1129;1893;1903;2277;2287;1979;2009;2073;2107;2171;2201;1008;1040;1892;1904;2276;2288;911;945;818;846;1110;1130;1891;1905;2275;2289;1109;1131;1890;1906;1978;2010;2170;2202;2274;2290;736;2072;2108;735;737;817;847;1007;1041;734;738;910;946;733;739;1889;1907;2273;2291;732;740;1108;1132;731;741;1977;2011;2169;2203;816;848;1888;1908;2272;2292;730;742;1006;1042;2071;2109;909;947;1107;1133;729;743;1887;1909;2271;2293;728;744;1976;2012;2168;2204;815;849;1106;1134;1005;1043;1886;1910;2070;2110;2270;2294;}2136:{2131;2130;2129;264;2128;263;265;262;266;261;267;268;2127;259;258;2126;257;2033;256;2032;2027;2026;164;163;249;2025;162;161;160;2024;159;1935;247;2023;158;1934;157;1933;246;2022;156;1932;}2142:{349;348;347;346;1949;1948;345;1947;1946;255;1945;2031;2253;344;1944;254;1943;253;1942;2030;343;1941;252;2029;1940;342;251;1939;2028;250;341;1938;}2158:{2155;2154;2252;2147;2146;2245;2244;2145;540;2243;457;458;459;565;2242;460;461;462;566;2241;463;464;2240;567;2347;2346;465;2345;2239;568;2344;466;2343;467;2238;2342;569;2341;444;468;2237;2340;570;443;469;1955;2339;2236;442;470;571;1954;2338;}2231:{2225;272;2224;271;273;270;274;269;275;2223;2222;2221;2220;}2240:{260;}2246:{456;2144;2143;455;2142;454;2234;2141;548;453;2140;2233;547;452;2139;368;2232;367;369;366;370;546;365;371;451;2138;364;372;363;373;2231;545;362;374;450;2137;361;375;2054;2230;2053;2055;360;376;544;2052;2056;2136;2328;449;2051;2057;2050;359;377;2049;2135;2229;2327;448;2048;543;358;378;2047;357;379;2046;2134;2326;2228;447;542;2045;356;380;2133;2325;2044;446;2227;355;381;541;2043;2132;2324;354;382;445;2042;2226;2426;}2315:{2308;191;2307;2409;2408;2407;2306;2406;2305;2405;2212;2404;88;2304;87;89;86;90;2211;2403;85;91;84;92;2210;2402;83;93;82;94;2209;2401;81;95;80;2208;2400;79;78;77;2123;2122;2124;2125;76;2118;75;2117;2116;74;2115;2114;73;2113;165;72;2112;}2324:{2235;}2349:{2451;2452;2453;2454;765;766;2455;767;2456;2457;}2380:{2465;863;2464;2463;2462;2461;2460;2459;2458;},522_523_524_564_565_566_609_610_670_671_700_701_793_794_888_889_984_985_1082_1083_1182_1183_1601_1602_1603_1604_1605_1606_1607_1608_1609_1610_1611_1612_1613_1614_1615_1616_1617_1618_1619_1681_1682_1683_1769_1770_1771_1861_1862_1954_1955_2049_2050_2051_2146_2147_2245_2246_2345_2346_2347_2449_2450_2451_,2090-2089*0_2090-2091*0_2090-928*0_2090-2088*0_2090-2092*0_2090-927*0_2090-929*0_2090-926*0_2090-930*0_2090-2087*0_2090-2093*0_2090-925*0_2090-931*0_2090-2086*0_2090-2094*0_2090-924*0_2090-932*0_2090-2085*0_2090-2095*0_2090-923*0_2090-933*0_2090-1024*0_2090-2084*0_2090-2096*0_2090-1023*0_2090-1025*0_2090-922*0_2090-934*0_2090-1022*0_2090-1026*0_2090-1021*0_2090-1027*0_2090-2083*0_2090-2097*0_2090-1020*0_2090-1028*0_2090-921*0_2090-935*0_2090-1019*0_2090-1029*0_2090-1994*0_2090-2082*0_2090-2098*0_2090-2186*0_2090-1993*0_2090-1995*0_2090-2185*0_2090-2187*0_2090-920*0_2090-936*0_2090-1992*0_2090-1996*0_2090-2184*0_2090-2188*0_2090-1018*0_2090-1030*0_2090-1991*0_2090-1997*0_2090-2183*0_2090-2189*0_2090-1990*0_2090-1998*0_2090-2182*0_2090-2190*0_2090-2081*0_2090-2099*0_2090-919*0_2090-937*0_2090-1017*0_2090-1031*0_2090-1989*0_2090-1999*0_2090-2181*0_2090-2191*0_2090-832*0_2090-1016*0_2090-1032*0_2090-1988*0_2090-2000*0_2090-2080*0_2090-2100*0_2090-2180*0_2090-2192*0_2090-831*0_2090-833*0_2090-830*0_2090-834*0_2090-918*0_2090-938*0_2090-829*0_2090-835*0_2090-1987*0_2090-2001*0_2090-2179*0_2090-2193*0_2090-828*0_2090-836*0_2090-1015*0_2090-1033*0_2090-2079*0_2090-2101*0_2090-827*0_2090-837*0_2090-917*0_2090-939*0_2090-1986*0_2090-2002*0_2090-2178*0_2090-2194*0_2090-826*0_2090-838*0_2090-1014*0_2090-1034*0_2090-2078*0_2090-2102*0_2090-1985*0_2090-2003*0_2090-2177*0_2090-2195*0_2090-916*0_2090-940*0_2090-825*0_2090-839*0_2090-1013*0_2090-1035*0_2090-824*0_2090-840*0_2090-1984*0_2090-2004*0_2090-2176*0_2090-2196*0_2090-2077*0_2090-2103*0_2090-915*0_2090-941*0_2090-1012*0_2090-1036*0_2090-823*0_2090-841*0_2090-1983*0_2090-2005*0_2090-2175*0_2090-2197*0_2090-1120*0_2090-2076*0_2090-2104*0_2090-1119*0_2090-1121*0_2090-822*0_2090-842*0_2090-914*0_2090-942*0_2090-1118*0_2090-1122*0_2090-1011*0_2090-1037*0_2090-1117*0_2090-1123*0_2090-1982*0_2090-2006*0_2090-2174*0_2090-2198*0_2090-1116*0_2090-1124*0_2090-821*0_2090-843*0_2090-1115*0_2090-1125*0_2090-2075*0_2090-2105*0_2090-913*0_2090-943*0_2090-1010*0_2090-1038*0_2090-1114*0_2090-1126*0_2090-1981*0_2090-2007*0_2090-2173*0_2090-2199*0_2090-820*0_2090-844*0_2090-1113*0_2090-1127*0_2090-1898*0_2090-2074*0_2090-2106*0_2090-2282*0_2090-1897*0_2090-1899*0_2090-2281*0_2090-2283*0_2090-912*0_2090-944*0_2090-1112*0_2090-1128*0_2090-1896*0_2090-1900*0_2090-1980*0_2090-2008*0_2090-2172*0_2090-2200*0_2090-2280*0_2090-2284*0_2090-1009*0_2090-1039*0_2090-1895*0_2090-1901*0_2090-2279*0_2090-2285*0_2090-819*0_2090-845*0_2090-1894*0_2090-1902*0_2090-2278*0_2090-2286*0_2090-1111*0_2090-1129*0_2090-1893*0_2090-1903*0_2090-2277*0_2090-2287*0_2090-1979*0_2090-2009*0_2090-2073*0_2090-2107*0_2090-2171*0_2090-2201*0_2090-1008*0_2090-1040*0_2090-1892*0_2090-1904*0_2090-2276*0_2090-2288*0_2090-911*0_2090-945*0_2090-818*0_2090-846*0_2090-1110*0_2090-1130*0_2090-1891*0_2090-1905*0_2090-2275*0_2090-2289*0_2090-1109*0_2090-1131*0_2090-1890*0_2090-1906*0_2090-1978*0_2090-2010*0_2090-2170*0_2090-2202*0_2090-2274*0_2090-2290*0_2090-736*0_2090-2072*0_2090-2108*0_2090-735*0_2090-737*0_2090-817*0_2090-847*0_2090-1007*0_2090-1041*0_2090-734*0_2090-738*0_2090-910*0_2090-946*0_2090-733*0_2090-739*0_2090-1889*0_2090-1907*0_2090-2273*0_2090-2291*0_2090-732*0_2090-740*0_2090-1108*0_2090-1132*0_2090-731*0_2090-741*0_2090-1977*0_2090-2011*0_2090-2169*0_2090-2203*0_2090-816*0_2090-848*0_2090-1888*0_2090-1908*0_2090-2272*0_2090-2292*0_2090-730*0_2090-742*0_2090-1006*0_2090-1042*0_2090-2071*0_2090-2109*0_2090-909*0_2090-947*0_2090-1107*0_2090-1133*0_2090-729*0_2090-743*0_2090-1887*0_2090-1909*0_2090-2271*0_2090-2293*0_2090-728*0_2090-744*0_2090-1976*0_2090-2012*0_2090-2168*0_2090-2204*0_2090-815*0_2090-849*0_2090-1106*0_2090-1134*0_2090-1005*0_2090-1043*0_2090-1886*0_2090-1910*0_2090-2070*0_2090-2110*0_2090-2270*0_2090-2294*0_841-2269*1_841-2268*1_841-748*1_841-2267*1_841-749*1_841-850*1_841-2266*1_841-750*1_841-2265*1_841-751*1_841-851*1_841-752*1_841-2264*1_841-852*1_841-753*1_841-2263*1_1980-1971*1_841-853*1_841-754*1_841-2262*1_1905-1099*1_1980-1970*1_841-755*1_1905-1813*1_841-854*1_841-2261*1_1905-1098*1_1980-1877*1_1905-1814*1_841-756*1_841-948*1_1980-1969*1_841-2260*1_1905-1097*1_1980-1876*1_841-855*1_1905-1815*1_841-757*1_841-949*1_1905-1096*1_1905-1816*1_1980-632*1_1980-1968*1_1980-631*1_1980-633*1_1980-1875*1_841-2259*1_1980-630*1_1980-634*1_841-856*1_841-2368*1_841-2367*1_841-2369*1_1980-629*1_1980-635*1_1905-997*1_841-2366*1_841-2370*1_1127-1140*1_841-758*1_841-950*1_841-2365*1_841-2371*1_1980-628*1_1980-636*1_1905-1817*1_1905-1095*1_1980-1874*1_841-2364*1_841-2372*1_841-2258*1_1980-627*1_1980-1967*1_841-2363*1_841-2373*1_841-649*1_841-857*1_841-650*1_1905-996*1_1905-1818*1_1980-626*1_841-651*1_841-759*1_841-951*1_841-2362*1_841-2374*1_1127-1141*1_1905-1094*1_841-652*1_1980-715*1_1980-1873*1_841-653*1_841-2257*1_841-2361*1_841-2375*1_1980-625*1_1980-1966*1_841-654*1_1905-1819*1_841-760*1_841-858*1_841-952*1_841-2360*1_841-2376*1_841-2159*1_1905-995*1_1905-1093*1_841-655*1_1980-624*1_1980-1872*1_1127-1142*1_1980-714*1_841-656*1_841-2256*1_1127-1236*1_841-2359*1_841-2377*1_1905-1820*1_1980-623*1_1980-1965*1_841-657*1_841-761*1_841-953*1_1905-1092*1_1980-1871*1_841-859*1_841-2158*1_841-2358*1_841-2378*1_1905-994*1_1980-713*1_1127-1143*1_1980-622*1_1127-1237*1_841-658*1_841-2255*1_1905-1821*1_841-2357*1_841-2379*1_1980-1964*1_1980-1787*1_841-762*1_841-954*1_1905-1091*1_1980-1786*1_1980-1870*1_1980-2062*1_841-659*1_1980-621*1_1980-1785*1_841-860*1_841-2157*1_1905-993*1_1980-712*1_1980-1784*1_841-2356*1_841-2380*1_1127-1046*1_1127-1144*1_1127-1238*1_1127-2392*1_1127-2391*1_1127-2393*1_1905-1822*1_841-2254*1_1127-2390*1_1127-2394*1_841-660*1_1980-1783*1_1127-2389*1_1127-2395*1_1905-1196*1_1980-620*1_1127-2388*1_1127-2396*1_1980-1869*1_1980-1963*1_1980-2061*1_1905-1090*1_841-763*1_841-955*1_1980-1782*1_1905-899*1_1905-1195*1_841-2355*1_841-2381*1_1127-2387*1_1127-2397*1_841-661*1_841-861*1_1905-1713*1_1905-992*1_1905-1712*1_1905-1714*1_1127-1047*1_1127-1239*1_1980-711*1_1980-1781*1_1905-1711*1_1905-1715*1_1905-1823*1_1905-1194*1_1127-1145*1_1127-2386*1_1127-2398*1_1905-1710*1_1905-1716*1_1980-619*1_1905-1709*1_1905-1717*1_1980-1780*1_1980-1868*1_1980-2060*1_1905-1089*1_1905-1193*1_1127-2385*1_1127-2399*1_1905-898*1_1980-1962*1_1905-1708*1_1905-1718*1_1127-1048*1_1127-1240*1_1127-2384*1_1905-1192*1_1980-1779*1_1905-991*1_1905-1707*1_1905-1719*1_1980-618*1_1980-710*1_1127-1146*1_1127-2383*1_1980-1867*1_1980-2059*1_1905-1088*1_1905-1706*1_1905-1720*1_1905-897*1_1905-1191*1_1980-1778*1_1980-1961*1_1980-617*1_1127-1049*1_1127-1241*1_1905-1705*1_1905-1721*1_1127-2382*1_1905-990*1_1905-1190*1_1980-709*1_1980-805*1_1980-1777*1_1127-1147*1_1980-1866*1_1980-2058*1_1905-896*1_1905-1704*1_1905-1722*1_1905-1087*1_1905-1189*1_1980-536*1_1980-616*1_1980-1776*1_1980-1960*1_1905-1703*1_1905-1723*1_1905-989*1_1905-1188*1_1905-895*1_1905-1086*1_1905-1702*1_1905-1724*1_1905-1187*1_1905-1701*1_1905-1725*1_1042-1044*1_2006-2013*1_1042-1045*1_2006-2014*1_916-905*1_2006-2015*1_916-904*1_916-1800*1_916-1799*1_916-1801*1_916-1798*1_2006-1208*1_2006-1916*1_2006-1207*1_2006-1209*1_916-1797*1_2006-1206*1_2006-1210*1_2006-1205*1_2006-1211*1_2006-1917*1_916-903*1_2006-1204*1_2006-1212*1_2006-1203*1_2006-1213*1_2006-1918*1_2006-1202*1_2006-1214*1_916-902*1_1042-2295*1_2006-1919*1_2006-2111*1_2006-1201*1_2006-1215*1_1042-1050*1_1042-1138*1_1042-1137*1_1042-1139*1_916-901*1_2006-1200*1_2006-1216*1_1042-1136*1_1042-2296*1_1042-1135*1_2006-1199*1_2006-1217*1_1042-1051*1_916-900*1_1042-2297*1_2006-1198*1_2006-1218*1_1042-1052*1_1042-2298*1_2006-1197*1_2006-1219*1_1042-1053*1_2006-1220*1_916-804*1_1042-2299*1_2006-1221*1_916-803*1_1042-1054*1_1042-2300*1_1042-956*1_1042-1148*1_916-802*1_1042-1055*1_1042-2301*1_1042-957*1_1042-1149*1_1042-2480*1_1042-2479*1_1042-2481*1_1042-2302*1_1042-2478*1_1042-2482*1_1042-2477*1_1042-2483*1_1042-958*1_1042-1150*1_1042-2476*1_1042-2484*1_1042-2475*1_1042-2485*1_1042-2303*1_1042-2474*1_1042-2486*1_1042-959*1_1042-1151*1_1042-2473*1_1042-2487*1_744-2153*1_744-2251*1_1042-1234*1_1042-1233*1_1042-1235*1_1042-1232*1_1042-2472*1_1042-2488*1_1042-1231*1_1042-1230*1_1042-2471*1_1042-2489*1_744-552*1_744-2152*1_728-535*1_728-537*1_744-551*1_744-553*1_1042-1229*1_728-534*1_728-538*1_744-550*1_744-554*1_744-2250*1_728-533*1_728-539*1_744-549*1_744-555*1_1042-1228*1_1042-2470*1_1042-2490*1_728-532*1_744-556*1_1042-1227*1_728-531*1_744-557*1_728-1865*1_728-1959*1_744-663*1_744-2151*1_744-2249*1_1042-2469*1_1042-2491*1_728-530*1_744-558*1_1042-1226*1_1042-1242*1_728-529*1_744-559*1_744-2353*1_1042-1243*1_1042-2468*1_1042-2492*1_728-528*1_728-1864*1_744-560*1_744-664*1_744-2248*1_744-2352*1_728-1958*1_744-2150*1_1042-1244*1_728-527*1_728-1775*1_744-561*1_744-2351*1_1042-2467*1_1042-2493*1_1042-1245*1_728-615*1_728-1863*1_744-665*1_744-2247*1_728-526*1_728-1774*1_744-562*1_744-2350*1_728-1957*1_744-2149*1_1042-2466*1_1042-2494*1_1042-862*1_1042-1246*1_728-525*1_728-1773*1_744-563*1_744-2349*1_728-614*1_728-1862*1_744-666*1_744-2246*1_728-524*1_728-708*1_728-1772*1_728-1956*1_744-564*1_744-764*1_744-2148*1_744-2348*1_1713-988*2_1713-987*2_1713-986*2_1713-998*2_1713-985*2_1713-999*2_1713-1085*2_1713-1617*2_1713-1809*2_1713-984*2_1713-1000*2_1713-1084*2_1713-1616*2_1713-1618*2_1713-1808*2_1713-1810*2_1713-1615*2_1713-1619*2_1713-1807*2_1713-1811*2_1713-1614*2_1713-1620*2_1713-1806*2_1713-1812*2_1713-1083*2_1713-1613*2_1713-1621*2_1713-1805*2_1713-983*2_1713-1001*2_1713-894*2_1713-1082*2_1713-1612*2_1713-1622*2_1713-1804*2_1713-893*2_1713-892*2_1713-1081*2_1713-1611*2_1713-1623*2_1713-1803*2_1713-982*2_1713-1002*2_1713-891*2_1713-1080*2_1713-1610*2_1713-1624*2_1713-1802*2_1713-890*2_1713-981*2_1713-1003*2_1713-1609*2_1713-1625*2_1713-889*2_1713-1079*2_1713-888*2_1713-980*2_1713-1004*2_1713-1608*2_1713-1626*2_1713-1078*2_1713-887*2_1713-1607*2_1713-1627*2_1713-1700*2_1713-1726*2_1713-979*2_1713-1077*2_1713-886*2_1713-906*2_1713-1606*2_1713-1628*2_1713-1076*2_1713-1100*2_1713-1699*2_1713-1727*2_1713-978*2_1713-885*2_1713-907*2_1713-1605*2_1713-1629*2_1713-1075*2_1713-1101*2_1713-884*2_1713-908*2_1713-1184*2_1713-1698*2_1713-977*2_1713-1183*2_1713-1185*2_1713-1182*2_1713-1186*2_1713-1604*2_1713-1630*2_1713-1796*2_1713-1181*2_1713-1180*2_1713-1074*2_1713-1102*2_1713-883*2_1713-1179*2_1713-1521*2_1713-1697*2_1713-976*2_1713-1520*2_1713-1522*2_1713-1519*2_1713-1523*2_1713-1603*2_1713-1631*2_1713-1795*2_1713-1178*2_1713-1518*2_1713-1524*2_1713-1517*2_1713-1525*2_1713-1073*2_1713-1103*2_1713-1177*2_1713-882*2_1713-1516*2_1713-1526*2_1713-800*2_1713-1176*2_1713-1602*2_1713-1696*2_1713-1794*2_1713-799*2_1713-801*2_1713-975*2_1713-1515*2_1713-1527*2_1713-1911*2_1713-798*2_1713-797*2_1713-796*2_1713-1072*2_1713-1104*2_1713-1514*2_1713-1528*2_1713-1912*2_1713-881*2_1713-1175*2_1713-795*2_1713-1513*2_1713-1529*2_1713-1601*2_1713-1793*2_1713-1913*2_1713-1695*2_1713-794*2_1713-806*2_1713-974*2_1713-1174*2_1713-880*2_1713-1512*2_1713-1530*2_1713-1914*2_1713-793*2_1713-807*2_1713-1071*2_1713-1105*2_1713-1173*2_1713-792*2_1713-808*2_1713-1600*2_1713-1792*2_1713-1511*2_1713-1531*2_1713-1915*2_1713-1694*2_1713-973*2_1713-1172*2_1713-791*2_1713-809*2_1713-879*2_1713-1070*2_1713-1510*2_1713-1532*2_1713-1599*2_1713-1791*2_1713-790*2_1713-810*2_1713-1171*2_1713-1509*2_1713-1533*2_1713-1693*2_1241-1247*2_1241-2495*2_1241-1225*2_1241-1224*2_1241-2207*2_1241-2206*2_1241-2205*2_1241-1223*2_1241-1222*2_2380-2465*2_2380-863*2_2380-2464*2_2380-2463*2_2380-2462*2_2380-2461*2_2380-2460*2_2380-2459*2_2380-2458*2_995-811*2_995-812*2_995-1790*2_995-1789*2_2078-2068*1_2078-2067*1_2078-1974*1_2078-2066*1_2078-1973*1_2078-2165*1_2078-1972*1_2078-2164*1_2078-2065*1_2078-724*1_2078-2163*1_2078-640*1_2078-2064*1_2078-639*1_2078-641*1_2078-638*1_2078-642*1_2078-637*1_2078-643*1_2078-723*1_2078-2162*1_2078-644*1_2078-645*1_2078-2063*1_2078-646*1_2078-722*1_2078-2161*1_2078-647*1_2078-1885*1_2078-648*1_2078-1884*1_2078-2160*1_2078-721*1_2078-1883*1_2078-1882*1_2078-1881*1_2078-720*1_2078-1880*1_2078-1879*1_2078-1878*1_2078-719*1_2078-718*1_2078-2156*1_2078-717*1_712-716*2_712-1788*2_712-707*2_712-706*2_712-705*2_712-704*2_712-1688*2_712-1687*2_712-1689*2_712-1686*2_712-1690*2_712-613*2_712-1685*2_712-1691*2_712-612*2_712-1684*2_712-1692*2_712-703*2_712-611*2_712-813*2_712-1683*2_712-610*2_712-702*2_712-814*2_712-1682*2_712-609*2_712-1681*2_712-701*2_712-608*2_712-1680*2_712-700*2_712-607*2_712-1679*2_712-606*2_712-1678*2_712-699*2_712-725*2_712-1771*2_712-605*2_712-1677*2_712-698*2_712-726*2_712-1770*2_712-604*2_712-1676*2_712-697*2_712-727*2_712-1769*2_712-603*2_712-1675*2_712-520*2_712-696*2_712-1592*2_712-1768*2_712-519*2_712-521*2_712-1591*2_712-1593*2_712-1975*2_712-518*2_712-522*2_712-602*2_712-1590*2_712-1594*2_712-1674*2_712-517*2_712-523*2_712-1589*2_712-1595*2_712-516*2_712-1588*2_712-1596*2_2349-2451*2_712-515*2_712-1587*2_712-1597*2_2246-456*2_2246-2144*2_712-601*2_712-695*2_712-1673*2_712-1767*2_712-514*2_712-1586*2_712-1598*2_2349-2452*2_2246-2143*2_712-513*2_712-1585*2_2246-455*2_2349-2453*2_712-512*2_712-600*2_712-1584*2_712-1672*2_712-694*2_712-1766*2_2246-2142*2_712-511*2_712-1583*2_2246-454*2_2349-2454*2_2349-765*2_2246-2234*2_712-599*2_712-1671*2_2246-2141*2_712-510*2_712-1582*2_2246-548*2_712-693*2_712-1765*2_2349-766*2_2349-2455*2_2246-453*2_712-509*2_712-1581*2_2349-767*2_2246-2140*2_712-598*2_712-1670*2_2246-2233*2_2246-547*2_712-508*2_712-692*2_712-1580*2_712-1764*2_2349-2456*2_2246-452*2_2246-2139*2_2246-368*2_2246-2232*2_2246-367*2_2246-369*2_2349-2457*2_2246-366*2_2246-370*2_2246-546*2_2246-365*2_2246-371*2_2246-451*2_2246-2138*2_2246-364*2_2246-372*2_2246-363*2_2246-373*2_2246-2231*2_2246-545*2_2246-362*2_2246-374*2_2246-450*2_2246-2137*2_2246-361*2_2246-375*2_2246-2054*2_2246-2230*2_2246-2053*2_2246-2055*2_2246-360*2_2246-376*2_2246-544*2_2246-2052*2_2246-2056*2_2246-2136*2_2246-2328*2_2246-449*2_2246-2051*2_2246-2057*2_2246-2050*2_2246-359*2_2246-377*2_2246-2049*2_2246-2135*2_2246-2229*2_2246-2327*2_2246-448*2_2246-2048*2_2246-543*2_2246-358*2_2246-378*2_2246-2047*2_2246-357*2_2246-379*2_2246-2046*2_2246-2134*2_2246-2326*2_2246-2228*2_2246-447*2_2246-542*2_2246-2045*2_2246-356*2_2246-380*2_2246-2133*2_2246-2325*2_2246-2044*2_2246-446*2_2246-2227*2_2246-355*2_2246-381*2_2246-541*2_2246-2043*2_2246-2132*2_2246-2324*2_2246-354*2_2246-382*2_2246-445*2_2246-2042*2_2246-2226*2_2246-2426*2_937-2090*1_1511-1499*3_976-1059*3_1511-1405*3_1511-1498*3_976-1058*3_1511-1404*3_976-1332*3_976-1333*3_1511-1497*3_976-1057*3_976-1334*3_1511-1403*3_976-1335*3_1511-771*3_1511-688*3_1511-1496*3_1511-687*3_1511-689*3_976-1056*3_976-1336*3_1511-686*3_1511-690*3_1511-1402*3_1511-685*3_1511-691*3_976-1337*3_1511-684*3_1511-770*3_1511-683*3_1511-1495*3_976-1338*3_1511-1401*3_1511-682*3_1511-1315*3_1511-681*3_1511-769*3_976-1157*3_976-1339*3_1511-1314*3_1511-680*3_1511-1400*3_1511-1494*3_1511-1313*3_976-1156*3_976-1340*3_1511-768*3_1511-1312*3_1511-679*3_1511-1311*3_1511-1399*3_1511-1493*3_1511-678*3_1511-1310*3_1511-677*3_1511-1398*3_1511-1309*3_1511-1492*3_1511-676*3_1511-1308*3_1511-1397*3_1511-675*3_1511-1307*3_1511-1491*3_2158-2155*2_2158-2154*2_2158-2252*2_2158-2147*2_2158-2146*2_2158-2245*2_2158-2244*2_2158-2145*2_2158-540*2_2158-2243*2_2158-457*2_2158-458*2_2158-459*2_2158-565*2_2158-2242*2_2158-460*2_2158-461*2_2158-462*2_2158-566*2_2158-2241*2_2158-463*2_2158-464*2_2158-2240*2_2158-567*2_2158-2347*2_2158-2346*2_2158-465*2_2158-2345*2_2158-2239*2_2158-568*2_2158-2344*2_2158-466*2_2158-2343*2_2158-467*2_2158-2238*2_2158-2342*2_2158-569*2_2158-2341*2_2158-444*2_2158-468*2_2158-2237*2_2158-2340*2_2158-570*2_2158-443*2_2158-469*2_2158-1955*2_2158-2339*2_2158-2236*2_2158-442*2_2158-470*2_2158-571*2_2158-1954*2_2158-2338*2_852-668*2_852-669*2_852-2450*2_852-670*2_852-2449*2_852-671*2_852-2448*2_790-789*3_790-788*3_790-787*3_790-786*3_790-785*3_790-784*3_790-1504*3_790-1503*3_790-1505*3_790-1502*3_790-1506*3_790-1501*3_790-1507*3_790-783*3_790-1500*3_790-1508*3_790-782*3_790-781*3_790-780*3_790-779*3_790-878*3_790-778*3_790-877*3_790-876*3_790-777*3_790-875*3_790-776*3_790-1408*3_790-1407*3_790-1409*3_790-1406*3_790-1410*3_790-1411*3_790-874*3_790-1412*3_790-1413*3_790-775*3_790-1414*3_790-1490*3_790-873*3_790-1415*3_790-774*3_790-872*3_790-1416*3_790-1489*3_790-594*3_790-1417*3_790-593*3_790-773*3_790-871*3_790-592*3_790-1488*3_790-1418*3_790-591*3_790-1419*3_790-590*3_790-870*3_790-772*3_790-1487*3_790-589*3_790-1396*3_790-1420*3_790-869*3_790-588*3_790-972*3_790-1486*3_790-1395*3_790-1421*3_790-587*3_790-971*3_790-868*3_790-1394*3_790-1422*3_790-1485*3_790-586*3_790-970*3_370-2321*3_370-279*3_2142-349*3_370-280*3_370-2320*3_2142-348*3_370-281*3_370-2319*3_370-282*3_2142-347*3_370-2318*3_370-283*3_517-406*3_517-500*3_517-1565*3_2142-346*3_517-319*3_370-2317*3_370-284*3_370-476*3_517-318*3_370-383*3_517-1564*3_517-1655*3_370-2219*3_2142-1949*3_517-317*3_517-405*3_2142-1948*3_2142-345*3_517-499*3_370-2316*3_2142-1947*3_370-285*3_370-477*3_2142-1946*3_517-316*3_517-1563*3_2142-255*3_2142-1945*3_370-2424*3_517-1654*3_370-2423*3_370-2425*3_517-404*3_370-2218*3_370-2422*3_2142-2031*3_2142-2253*3_517-315*3_2142-344*3_2142-1944*3_370-2315*3_370-2421*3_370-2427*3_517-498*3_2142-254*3_370-286*3_370-478*3_517-1562*3_370-2420*3_370-2428*3_517-1749*3_2142-1943*3_517-314*3_370-2419*3_370-2429*3_2142-253*3_517-1653*3_517-403*3_2142-1942*3_2142-2030*3_370-2217*3_2142-343*3_517-1561*3_370-2314*3_370-2418*3_370-2430*3_370-287*3_370-479*3_517-313*3_517-337*3_517-497*3_2142-1941*3_2142-252*3_370-2417*3_370-2431*3_2142-2029*3_370-178*3_370-177*3_370-179*3_2142-1940*3_370-176*3_370-180*3_370-2216*3_370-2416*3_370-2432*3_2142-342*3_370-2313*3_2142-251*3_370-175*3_370-181*3_370-174*3_370-182*3_2142-1939*3_370-2415*3_370-2433*3_370-173*3_370-183*3_2142-2028*3_2142-250*3_370-172*3_370-184*3_370-2312*3_2142-341*3_370-2215*3_2142-1938*3_370-2414*3_370-2434*3_370-171*3_370-185*3_370-2413*3_370-2435*3_370-170*3_370-186*3_370-2121*3_370-2311*3_370-2214*3_370-169*3_370-187*3_370-2412*3_370-2436*3_370-168*3_370-188*3_370-572*3_370-2120*3_370-2310*3_370-2213*3_370-2411*3_370-2437*3_370-167*3_370-189*3_370-573*3_370-2119*3_370-2410*3_370-2438*3_370-2309*3_370-166*3_370-190*3_370-574*3_1616-1069*3_1616-1068*3_1616-1067*3_1616-1066*3_1616-1534*3_1616-1427*3_1616-1428*3_1616-1429*3_1616-1065*3_1616-1535*3_1616-1170*3_1616-1430*3_1616-1169*3_1616-1431*3_1616-1064*3_1616-1168*3_1616-1432*3_1616-1167*3_1616-1433*3_1616-1063*3_1616-1166*3_1616-1434*3_1616-1165*3_1616-1435*3_1616-1062*3_1616-1164*3_1616-1436*3_1312-1324*4_1312-1325*4_676-1389*4_1312-1326*4_676-1388*4_1312-1327*4_676-1291*4_676-1387*4_1312-960*4_1312-1328*4_1312-961*4_1312-962*4_1312-963*4_676-1290*4_676-1386*4_1312-1329*4_676-1289*4_676-1385*4_676-484*4_676-483*4_676-485*4_676-482*4_676-486*4_1312-1330*4_676-481*4_676-487*4_676-480*4_676-488*4_676-1288*4_676-1384*4_676-489*4_676-490*4_1312-1331*4_676-1287*4_676-1383*4_676-1286*4_676-1382*4_676-1285*4_676-1381*4_1987-2069*1_665-667*2_665-2354*2_665-662*2_665-2447*2_665-2446*2_665-2445*2_665-2444*2_665-2443*2_665-2442*2_665-2441*2_665-575*2_665-2440*2_665-2439*2_665-2337*2_665-473*2_665-472*2_665-474*2_665-2336*2_665-471*2_665-475*2_665-747*2_665-746*2_665-2335*2_665-745*2_665-2166*2_665-2334*2_665-2333*2_605-1579*3_605-1578*3_605-507*3_605-506*3_605-1577*3_605-505*3_605-504*3_605-1576*3_605-503*3_605-1575*3_605-502*3_605-1574*3_605-501*3_605-1669*3_605-1573*3_605-1668*3_605-1572*3_605-1667*3_605-1571*3_605-1666*3_605-1570*3_605-1665*3_605-1479*3_605-1569*3_605-413*3_605-412*3_605-414*3_605-411*3_605-415*3_605-410*3_605-416*3_605-1664*3_605-1478*3_605-409*3_605-417*3_605-408*3_605-418*3_605-1568*3_605-1477*3_605-1763*3_605-407*3_605-419*3_605-1663*3_605-420*3_605-1476*3_605-1567*3_605-1762*3_605-421*3_605-1662*3_605-422*3_605-1475*3_605-1761*3_605-1566*3_605-423*3_605-1474*3_605-1661*3_605-402*3_605-424*3_605-1760*3_605-1473*3_605-401*3_605-425*3_1956-1953*2_1956-440*2_1956-1952*2_1956-439*2_1956-441*2_1956-438*2_1956-437*2_1956-1951*2_1956-436*2_1956-1950*2_1956-435*2_1956-434*2_1956-1860*2_1956-433*2_1956-1859*2_1956-1861*2_1956-1858*2_1956-1857*2_1956-432*2_1956-1856*2_1956-1855*2_1956-431*2_1956-1854*2_1956-1853*2_1956-430*2_1956-1852*2_1956-429*2_1956-1851*2_1956-340*2_1956-428*2_1956-1850*2_1956-339*2_1956-338*2_1956-427*2_1956-1849*2_1956-336*2_1956-1848*2_1956-426*2_1956-335*2_1956-1847*2_1956-334*2_1956-1846*2_1956-333*2_1956-1759*2_1956-332*2_1956-1845*2_1956-1758*2_1956-1757*2_1956-331*2_1956-1756*2_1956-1844*2_1956-1755*2_1956-330*2_1956-1843*2_1956-2035*2_1956-1754*2_1956-1937*2_1956-329*2_1956-1753*2_1956-1842*2_1956-2034*2_1956-248*2_1956-328*2_1956-1752*2_1956-1936*2_2240-260*3_756-2167*2_587-1305*4_587-1306*4_587-1284*4_587-1283*4_587-389*4_587-388*4_587-1282*4_587-387*4_587-1374*4_587-386*4_587-1281*4_587-385*4_587-1373*4_587-384*4_587-1280*4_2315-2308*4_2315-191*4_2315-2307*4_2315-2409*4_2315-2408*4_2315-2407*4_2315-2306*4_2315-2406*4_2315-2305*4_2315-2405*4_2315-2212*4_2315-2404*4_2315-88*4_2315-2304*4_2315-87*4_2315-89*4_2315-86*4_2315-90*4_2315-2211*4_2315-2403*4_2315-85*4_2315-91*4_2315-84*4_2315-92*4_2315-2210*4_2315-2402*4_2315-83*4_2315-93*4_2315-82*4_2315-94*4_2315-2209*4_2315-2401*4_2315-81*4_2315-95*4_2315-80*4_2315-2208*4_2315-2400*4_2315-79*4_2315-78*4_2315-77*4_2315-2123*4_2315-2122*4_2315-2124*4_2315-2125*4_2315-76*4_2315-2118*4_2315-75*4_2315-2117*4_2315-2116*4_2315-74*4_2315-2115*4_2315-2114*4_2315-73*4_2315-2113*4_2315-165*4_2315-72*4_2315-2112*4_1958-350*2_1958-2041*2_1958-351*2_1958-352*2_1958-2040*2_1958-353*2_1958-2039*2_1958-2038*2_1958-2037*2_1958-2036*2_1578-597*4_1578-596*4_1578-595*4_1578-1482*4_1578-1481*4_1578-1483*4_1578-496*4_1578-1480*4_1578-1484*4_1578-495*4_1578-494*4_1578-493*4_1578-492*4_1578-400*4_1578-1472*4_1578-491*4_1578-399*4_1578-1471*4_1578-398*4_1578-1470*4_1578-397*4_1578-1469*4_1578-396*4_1578-1468*4_1578-1660*4_1578-585*4_1578-395*4_1578-1390*4_1578-1391*4_1578-1467*4_1578-1659*4_1578-584*4_1578-1380*4_1578-1392*4_1578-394*4_1578-1379*4_1578-1393*4_1578-1378*4_1578-1466*4_1578-1658*4_1578-312*4_1578-1560*4_1578-311*4_1578-393*4_1578-583*4_1578-310*4_1578-309*4_1578-1377*4_1578-308*4_1578-307*4_1578-1465*4_1578-1657*4_1578-392*4_1578-1376*4_1578-306*4_1578-582*4_1578-1559*4_1578-305*4_1578-1375*4_1578-304*4_1578-320*4_1578-1464*4_1578-1656*4_1578-391*4_1578-581*4_1578-1558*4_890-969*3_890-1423*3_890-968*3_890-1424*3_2136-2131*3_2136-2130*3_2136-2129*3_2136-264*3_2136-2128*3_2136-263*3_2136-265*3_2136-262*3_2136-266*3_2136-261*3_2136-267*3_2136-268*3_2136-2127*3_2136-259*3_2136-258*3_2136-2126*3_2136-257*3_2136-2033*3_2136-256*3_2136-2032*3_2136-2027*3_2136-2026*3_2136-164*3_2136-163*3_2136-249*3_2136-2025*3_2136-162*3_2136-161*3_2136-160*3_2136-2024*3_2136-159*3_2136-1935*3_2136-247*3_2136-2023*3_2136-158*3_2136-1934*3_2136-157*3_2136-1933*3_2136-246*3_2136-2022*3_2136-156*3_2136-1932*3_2034-1931*3_2034-155*3_2034-245*3_2034-1930*3_2034-154*3_2034-1929*3_2034-244*3_2034-153*3_2034-152*3_2034-1928*3_2034-2021*3_2034-243*3_2034-151*3_2034-1927*3_2034-2020*3_2034-150*3_2034-242*3_2034-1926*3_2034-149*3_2034-2019*3_2034-241*3_2034-1925*3_2034-148*3_2034-2018*3_2034-1841*3_2034-240*3_2034-1840*3_2034-1924*3_2034-1839*3_2034-147*3_2034-1838*3_2034-1837*3_2034-1923*3_2034-2017*3_2034-1836*3_2034-239*3_2034-146*3_2034-1835*3_2034-1834*3_2034-1922*3_2034-64*3_2034-2016*3_2034-63*3_2034-65*3_2034-145*3_2034-62*3_2034-66*3_2034-238*3_2034-61*3_2034-67*3_2034-1833*3_2034-60*3_2034-68*3_2034-59*3_2034-69*3_2034-1921*3_2034-144*3_2034-1832*3_2034-58*3_2034-70*3_2034-237*3_2034-57*3_2034-71*3_2034-1831*3_2034-56*3_2034-1920*3_2034-143*3_2034-1830*3_1764-327*3_1764-326*3_1764-325*3_1764-324*3_1764-323*3_1764-1751*3_1764-322*3_1764-321*3_1764-1750*3_1764-1748*3_1764-1747*3_1764-1652*3_1764-1746*3_1764-1651*3_1764-1745*3_1764-1650*3_1764-232*3_1764-1744*3_375-2329*3_375-2330*3_375-2331*3_375-2332*3_375-2323*3_375-2322*3_375-278*3_375-277*3_375-276*3_886-867*3_886-866*3_1288-1292*5_1288-1293*5_1288-1294*5_1288-1295*5_1288-576*5_1288-1296*5_1288-577*5_1288-578*5_1288-579*5_1288-580*5_1288-1297*5_1288-1298*5_1288-1299*5_1938-236*4_1938-235*4_1938-142*4_1938-234*4_1938-141*4_1938-233*4_1938-1829*4_1938-140*4_1938-1828*4_1938-1743*4_1938-139*4_1938-1742*4_1938-1741*4_1938-1827*4_1938-1740*4_1938-231*4_1938-138*4_1938-1739*4_1938-1738*4_1938-1826*4_1938-55*4_1938-137*4_1938-54*4_1938-230*4_1938-53*4_1938-1737*4_1938-52*4_1938-51*4_1938-1825*4_1938-136*4_1938-1736*4_1938-50*4_1938-229*4_1938-49*4_1938-1735*4_1938-48*4_1938-1824*4_1938-135*4_1938-1734*4_1466-303*5_1466-302*5_1466-1463*5_1466-301*5_1466-1462*5_1466-1461*5_1466-1460*5_1466-1459*5_1466-1458*5_1466-1457*5_1466-1365*5_1466-1557*5_1466-208*5_1466-1364*5_1466-1456*5_1466-1556*5_1466-207*5_1466-209*5_1466-206*5_1466-210*5_1466-205*5_1466-211*5_1466-1363*5_1466-1555*5_1466-204*5_1466-212*5_1466-1455*5_1466-203*5_1466-213*5_1466-1362*5_1466-1554*5_1466-202*5_1466-214*5_1466-1454*5_1466-1361*5_1466-1553*5_1466-201*5_1466-215*5_1466-200*5_1466-216*5_1466-1360*5_1466-1552*5_1466-1453*5_1466-199*5_1466-217*5_1466-1359*5_1466-1551*5_1466-1452*5_1466-198*5_1466-218*5_1466-1358*5_1466-1550*5_1466-197*5_1466-219*5_1466-1451*5_1466-1357*5_1466-1549*5_1466-196*5_1466-220*5_1466-1450*5_1466-1356*5_1466-1548*5_1466-195*5_1466-221*5_1466-1355*5_1466-1449*5_1466-1547*5_1466-194*5_1466-222*5_1466-1267*5_1466-1266*5_1466-1354*5_1466-1546*5_1466-112*5_1466-1448*5_1466-111*5_1466-113*5_1466-193*5_1466-223*5_1466-110*5_1466-114*5_1466-109*5_1466-115*5_1466-1265*5_1466-1649*5_1466-108*5_1466-116*5_1466-107*5_1466-117*5_1466-1353*5_1466-1545*5_1466-192*5_1466-224*5_1466-1264*5_1466-1648*5_1466-106*5_1466-118*5_1466-1447*5_1466-105*5_1466-119*5_1466-1263*5_1466-1647*5_1466-104*5_1466-120*5_1466-1352*5_1466-1544*5_1466-225*5_1466-1262*5_1466-1446*5_1466-1646*5_1414-865*4_1414-1318*4_1414-1317*4_1414-1319*4_1414-864*4_1414-1316*4_1414-1320*4_1414-1321*4_1414-1322*4_1414-1323*4_1414-967*4_1414-966*4_1414-965*4_1414-964*4_1414-1425*4_1414-1426*4_1414-1061*4_1414-1060*4_2324-2235*3_251-47*4_406-300*4_406-299*4_406-298*4_406-1372*4_406-1371*4_406-1370*4_406-297*4_406-1369*4_406-390*4_406-296*4_406-1368*4_406-1367*4_406-295*4_406-1366*4_406-294*4_406-293*4_406-292*4_406-226*4_2231-2225*3_2231-272*3_2231-2224*3_2231-271*3_2231-273*3_2231-270*3_2231-274*3_2231-269*3_2231-275*3_2231-2223*3_2231-2222*3_2231-2221*3_2231-2220*3_1157-1158*4_1157-1155*4_1157-1159*4_1157-1154*4_1157-1160*4_1157-1439*4_1157-1438*4_1157-1153*4_1157-1161*4_1157-1437*4_1157-1152*4_1157-1162*4_1157-1343*4_1157-1342*4_1157-1341*4_1157-1163*4_1496-674*4_1496-673*4_1496-672*4_1496-1304*4_1496-1303*4_1496-1302*4_1496-1301*4_1496-1300*4_1376-1279*5_1376-1278*5_1376-1277*5_1376-1276*5_1376-291*5_1376-1275*5_1376-290*5_1376-1274*5_1376-289*5_1376-1273*5_1376-288*5_1376-1272*5_1376-1271*5_1376-1270*5_1376-1269*5_1376-1268*5_312-1543*5_312-1542*5_312-1541*5_312-1540*5_141-1733*5_141-1732*5_141-134*5_141-1731*5_141-1730*5_141-45*5_141-133*5_141-44*5_141-46*5_141-43*5_141-42*5_141-1729*5_141-41*5_141-40*5_141-1728*5_141-39*5_141-38*5_141-37*5_141-36*5_141-35*5_141-1637*5_141-34*5_141-1636*5_141-1635*5_141-1634*5_141-33*5_141-1633*5_141-32*5_141-1632*5_141-31*5_141-30*5_141-29*5_141-28*5_141-27*5_420-228*4_420-227*4_420-1645*4_1546-121*6_1546-122*6_1546-123*6_1546-124*6_1546-125*6_1546-126*6_1546-1539*6_1546-127*6_1546-1538*6_1546-1642*6_1546-1641*6_1546-1643*6_1546-128*6_1546-1640*6_1546-1644*6_1546-1639*6_1546-1638*6_1546-1537*6_1546-129*6_1546-1445*6_1546-24*6_1546-1444*6_1546-1536*6_1546-23*6_1546-25*6_1546-22*6_1546-26*6_1546-130*6_1546-21*6_1546-1443*6_1546-20*6_1546-19*6_1546-131*6_1546-1442*6_1546-18*6_1546-1441*6_1546-132*6_1546-17*6_1546-16*6_1546-1440*6_1546-15*6_1546-14*6_1546-13*6_1546-12*6_1546-1351*6_1546-11*6_1546-1350*6_1546-1349*6_1546-1348*6_1546-103*6_1546-10*6_1546-1347*6_1546-1346*6_1546-9*6_1546-102*6_1546-1345*6_1546-8*6_1546-1344*6_1546-101*6_1546-7*6_386-1261*5_1262-1259*6_1262-1258*6_1262-1257*6_1262-96*6_1262-1256*6_1262-97*6_1262-98*6_1262-99*6_1262-1255*6_1262-1254*6_1262-1253*6_1262-1252*6_1262-1251*6_1262-1250*6_1262-1249*6_1262-0*6_1262-1248*6_1262-1*6_1262-2*6_1262-3*6_1262-4*6_196-1260*6_196-100*6_196-5*6_196-6*6_
0,1,500,500,0,2496,64,2496,64,-669.375,2.9375,2.28125,192,2496,1950,1700,2090,25,2089_2091_928_2088_2092_927_929_926_930_2087_2093_925_931_2086_2094_924_932_2085_2095_923_933_1024_2084_2096_1023_1025_922_934_1022_1026_1021_1027_2083_2097_1020_1028_921_935_1019_1029_1994_2082_2098_2186_1993_1995_2185_2187_920_936_1992_1996_2184_2188_1018_1030_1991_1997_2183_2189_1990_1998_2182_2190_2081_2099_919_937_1017_1031_1989_1999_2181_2191_832_1016_1032_1988_2000_2080_2100_2180_2192_831_833_830_834_918_938_829_835_1987_2001_2179_2193_828_836_1015_1033_2079_2101_827_837_917_939_1986_2002_2178_2194_826_838_1014_1034_2078_2102_1985_2003_2177_2195_916_940_825_839_1013_1035_824_840_1984_2004_2176_2196_2077_2103_915_941_1012_1036_823_841_1983_2005_2175_2197_1120_2076_2104_1119_1121_822_842_914_942_1118_1122_1011_1037_1117_1123_1982_2006_2174_2198_1116_1124_821_843_1115_1125_2075_2105_913_943_1010_1038_1114_1126_1981_2007_2173_2199_820_844_1113_1127_1898_2074_2106_2282_1897_1899_2281_2283_912_944_1112_1128_1896_1900_1980_2008_2172_2200_2280_2284_1009_1039_1895_1901_2279_2285_819_845_1894_1902_2278_2286_1111_1129_1893_1903_2277_2287_1979_2009_2073_2107_2171_2201_1008_1040_1892_1904_2276_2288_911_945_818_846_1110_1130_1891_1905_2275_2289_1109_1131_1890_1906_1978_2010_2170_2202_2274_2290_736_2072_2108_735_737_817_847_1007_1041_734_738_910_946_733_739_1889_1907_2273_2291_732_740_1108_1132_731_741_1977_2011_2169_2203_816_848_1888_1908_2272_2292_730_742_1006_1042_2071_2109_909_947_1107_1133_729_743_1887_1909_2271_2293_728_744_1976_2012_2168_2204_815_849_1106_1134_1005_1043_1886_1910_2070_2110_2270_2294_2269_2268_748_2267_749_850_2266_750_2265_751_851_752_2264_852_753_2263_1971_853_754_2262_1099_1970_755_1813_854_2261_1098_1877_1814_756_948_1969_2260_1097_1876_855_1815_757_949_1096_1816_632_1968_631_633_1875_2259_630_634_856_2368_2367_2369_629_635_997_2366_2370_1140_758_950_2365_2371_628_636_1817_1095_1874_2364_2372_2258_627_1967_2363_2373_649_857_650_996_1818_626_651_759_951_2362_2374_1141_1094_652_715_1873_653_2257_2361_2375_625_1966_654_1819_760_858_952_2360_2376_2159_995_1093_655_624_1872_1142_714_656_2256_1236_2359_2377_1820_623_1965_657_761_953_1092_1871_859_2158_2358_2378_994_713_1143_622_1237_658_2255_1821_2357_2379_1964_1787_762_954_1091_1786_1870_2062_659_621_1785_860_2157_993_712_1784_2356_2380_1046_1144_1238_2392_2391_2393_1822_2254_2390_2394_660_1783_2389_2395_1196_620_2388_2396_1869_1963_2061_1090_763_955_1782_899_1195_2355_2381_2387_2397_661_861_1713_992_1712_1714_1047_1239_711_1781_1711_1715_1823_1194_1145_2386_2398_1710_1716_619_1709_1717_1780_1868_2060_1089_1193_2385_2399_898_1962_1708_1718_1048_1240_2384_1192_1779_991_1707_1719_618_710_1146_2383_1867_2059_1088_1706_1720_897_1191_1778_1961_617_1049_1241_1705_1721_2382_990_1190_709_805_1777_1147_1866_2058_896_1704_1722_1087_1189_536_616_1776_1960_1703_1723_989_1188_895_1086_1702_1724_1187_1701_1725_1044_2013_1045_2014_905_2015_904_1800_1799_1801_1798_1208_1916_1207_1209_1797_1206_1210_1205_1211_1917_903_1204_1212_1203_1213_1918_1202_1214_902_2295_1919_2111_1201_1215_1050_1138_1137_1139_901_1200_1216_1136_2296_1135_1199_1217_1051_900_2297_1198_1218_1052_2298_1197_1219_1053_1220_804_2299_1221_803_1054_2300_956_1148_802_1055_2301_957_1149_2480_2479_2481_2302_2478_2482_2477_2483_958_1150_2476_2484_2475_2485_2303_2474_2486_959_1151_2473_2487_2153_2251_1234_1233_1235_1232_2472_2488_1231_1230_2471_2489_552_2152_535_537_551_553_1229_534_538_550_554_2250_533_539_549_555_1228_2470_2490_532_556_1227_531_557_1865_1959_663_2151_2249_2469_2491_530_558_1226_1242_529_559_2353_1243_2468_2492_528_1864_560_664_2248_2352_1958_2150_1244_527_1775_561_2351_2467_2493_1245_615_1863_665_2247_526_1774_562_2350_1957_2149_2466_2494_862_1246_525_1773_563_2349_614_1862_666_2246_524_708_1772_1956_564_764_2148_2348_988_987_986_998_985_999_1085_1617_1809_984_1000_1084_1616_1618_1808_1810_1615_1619_1807_1811_1614_1620_1806_1812_1083_1613_1621_1805_983_1001_894_1082_1612_1622_1804_893_892_1081_1611_1623_1803_982_1002_891_1080_1610_1624_1802_890_981_1003_1609_1625_889_1079_888_980_1004_1608_1626_1078_887_1607_1627_1700_1726_979_1077_886_906_1606_1628_1076_1100_1699_1727_978_885_907_1605_1629_1075_1101_884_908_1184_1698_977_1183_1185_1182_1186_1604_1630_1796_1181_1180_1074_1102_883_1179_1521_1697_976_1520_1522_1519_1523_1603_1631_1795_1178_1518_1524_1517_1525_1073_1103_1177_882_1516_1526_800_1176_1602_1696_1794_799_801_975_1515_1527_1911_798_797_796_1072_1104_1514_1528_1912_881_1175_795_1513_1529_1601_1793_1913_1695_794_806_974_1174_880_1512_1530_1914_793_807_1071_1105_1173_792_808_1600_1792_1511_1531_1915_1694_973_1172_791_809_879_1070_1510_1532_1599_1791_790_810_1171_1509_1533_1693_1247_2495_1225_1224_2207_2206_2205_1223_1222_2465_863_2464_2463_2462_2461_2460_2459_2458_811_812_1790_1789_2068_2067_1974_2066_1973_2165_1972_2164_2065_724_2163_640_2064_639_641_638_642_637_643_723_2162_644_645_2063_646_722_2161_647_1885_648_1884_2160_721_1883_1882_1881_720_1880_1879_1878_719_718_2156_717_716_1788_707_706_705_704_1688_1687_1689_1686_1690_613_1685_1691_612_1684_1692_703_611_813_1683_610_702_814_1682_609_1681_701_608_1680_700_607_1679_606_1678_699_725_1771_605_1677_698_726_1770_604_1676_697_727_1769_603_1675_520_696_1592_1768_519_521_1591_1593_1975_518_522_602_1590_1594_1674_517_523_1589_1595_516_1588_1596_2451_515_1587_1597_456_2144_601_695_1673_1767_514_1586_1598_2452_2143_513_1585_455_2453_512_600_1584_1672_694_1766_2142_511_1583_454_2454_765_2234_599_1671_2141_510_1582_548_693_1765_766_2455_453_509_1581_767_2140_598_1670_2233_547_508_692_1580_1764_2456_452_2139_368_2232_367_369_2457_366_370_546_365_371_451_2138_364_372_363_373_2231_545_362_374_450_2137_361_375_2054_2230_2053_2055_360_376_544_2052_2056_2136_2328_449_2051_2057_2050_359_377_2049_2135_2229_2327_448_2048_543_358_378_2047_357_379_2046_2134_2326_2228_447_542_2045_356_380_2133_2325_2044_446_2227_355_381_541_2043_2132_2324_354_382_445_2042_2226_2426_2090_1499_1059_1405_1498_1058_1404_1332_1333_1497_1057_1334_1403_1335_771_688_1496_687_689_1056_1336_686_690_1402_685_691_1337_684_770_683_1495_1338_1401_682_1315_681_769_1157_1339_1314_680_1400_1494_1313_1156_1340_768_1312_679_1311_1399_1493_678_1310_677_1398_1309_1492_676_1308_1397_675_1307_1491_2155_2154_2252_2147_2146_2245_2244_2145_540_2243_457_458_459_565_2242_460_461_462_566_2241_463_464_2240_567_2347_2346_465_2345_2239_568_2344_466_2343_467_2238_2342_569_2341_444_468_2237_2340_570_443_469_1955_2339_2236_442_470_571_1954_2338_668_669_2450_670_2449_671_2448_789_788_787_786_785_784_1504_1503_1505_1502_1506_1501_1507_783_1500_1508_782_781_780_779_878_778_877_876_777_875_776_1408_1407_1409_1406_1410_1411_874_1412_1413_775_1414_1490_873_1415_774_872_1416_1489_594_1417_593_773_871_592_1488_1418_591_1419_590_870_772_1487_589_1396_1420_869_588_972_1486_1395_1421_587_971_868_1394_1422_1485_586_970_2321_279_349_280_2320_348_281_2319_282_347_2318_283_406_500_1565_346_319_2317_284_476_318_383_1564_1655_2219_1949_317_405_1948_345_499_2316_1947_285_477_1946_316_1563_255_1945_2424_1654_2423_2425_404_2218_2422_2031_2253_315_344_1944_2315_2421_2427_498_254_286_478_1562_2420_2428_1749_1943_314_2419_2429_253_1653_403_1942_2030_2217_343_1561_2314_2418_2430_287_479_313_337_497_1941_252_2417_2431_2029_178_177_179_1940_176_180_2216_2416_2432_342_2313_251_175_181_174_182_1939_2415_2433_173_183_2028_250_172_184_2312_341_2215_1938_2414_2434_171_185_2413_2435_170_186_2121_2311_2214_169_187_2412_2436_168_188_572_2120_2310_2213_2411_2437_167_189_573_2119_2410_2438_2309_166_190_574_1069_1068_1067_1066_1534_1427_1428_1429_1065_1535_1170_1430_1169_1431_1064_1168_1432_1167_1433_1063_1166_1434_1165_1435_1062_1164_1436_1324_1325_1389_1326_1388_1327_1291_1387_960_1328_961_962_963_1290_1386_1329_1289_1385_484_483_485_482_486_1330_481_487_480_488_1288_1384_489_490_1331_1287_1383_1286_1382_1285_1381_2069_667_2354_662_2447_2446_2445_2444_2443_2442_2441_575_2440_2439_2337_473_472_474_2336_471_475_747_746_2335_745_2166_2334_2333_1579_1578_507_506_1577_505_504_1576_503_1575_502_1574_501_1669_1573_1668_1572_1667_1571_1666_1570_1665_1479_1569_413_412_414_411_415_410_416_1664_1478_409_417_408_418_1568_1477_1763_407_419_1663_420_1476_1567_1762_421_1662_422_1475_1761_1566_423_1474_1661_402_424_1760_1473_401_425_1953_440_1952_439_441_438_437_1951_436_1950_435_434_1860_433_1859_1861_1858_1857_432_1856_1855_431_1854_1853_430_1852_429_1851_340_428_1850_339_338_427_1849_336_1848_426_335_1847_334_1846_333_1759_332_1845_1758_1757_331_1756_1844_1755_330_1843_2035_1754_1937_329_1753_1842_2034_248_328_1752_1936_260_2167_1305_1306_1284_1283_389_388_1282_387_1374_386_1281_385_1373_384_1280_2308_191_2307_2409_2408_2407_2306_2406_2305_2405_2212_2404_88_2304_87_89_86_90_2211_2403_85_91_84_92_2210_2402_83_93_82_94_2209_2401_81_95_80_2208_2400_79_78_77_2123_2122_2124_2125_76_2118_75_2117_2116_74_2115_2114_73_2113_165_72_2112_350_2041_351_352_2040_353_2039_2038_2037_2036_597_596_595_1482_1481_1483_496_1480_1484_495_494_493_492_400_1472_491_399_1471_398_1470_397_1469_396_1468_1660_585_395_1390_1391_1467_1659_584_1380_1392_394_1379_1393_1378_1466_1658_312_1560_311_393_583_310_309_1377_308_307_1465_1657_392_1376_306_582_1559_305_1375_304_320_1464_1656_391_581_1558_969_1423_968_1424_2131_2130_2129_264_2128_263_265_262_266_261_267_268_2127_259_258_2126_257_2033_256_2032_2027_2026_164_163_249_2025_162_161_160_2024_159_1935_247_2023_158_1934_157_1933_246_2022_156_1932_1931_155_245_1930_154_1929_244_153_152_1928_2021_243_151_1927_2020_150_242_1926_149_2019_241_1925_148_2018_1841_240_1840_1924_1839_147_1838_1837_1923_2017_1836_239_146_1835_1834_1922_64_2016_63_65_145_62_66_238_61_67_1833_60_68_59_69_1921_144_1832_58_70_237_57_71_1831_56_1920_143_1830_327_326_325_324_323_1751_322_321_1750_1748_1747_1652_1746_1651_1745_1650_232_1744_2329_2330_2331_2332_2323_2322_278_277_276_867_866_1292_1293_1294_1295_576_1296_577_578_579_580_1297_1298_1299_236_235_142_234_141_233_1829_140_1828_1743_139_1742_1741_1827_1740_231_138_1739_1738_1826_55_137_54_230_53_1737_52_51_1825_136_1736_50_229_49_1735_48_1824_135_1734_303_302_1463_301_1462_1461_1460_1459_1458_1457_1365_1557_208_1364_1456_1556_207_209_206_210_205_211_1363_1555_204_212_1455_203_213_1362_1554_202_214_1454_1361_1553_201_215_200_216_1360_1552_1453_199_217_1359_1551_1452_198_218_1358_1550_197_219_1451_1357_1549_196_220_1450_1356_1548_195_221_1355_1449_1547_194_222_1267_1266_1354_1546_112_1448_111_113_193_223_110_114_109_115_1265_1649_108_116_107_117_1353_1545_192_224_1264_1648_106_118_1447_105_119_1263_1647_104_120_1352_1544_225_1262_1446_1646_865_1318_1317_1319_864_1316_1320_1321_1322_1323_967_966_965_964_1425_1426_1061_1060_2235_47_300_299_298_1372_1371_1370_297_1369_390_296_1368_1367_295_1366_294_293_292_226_2225_272_2224_271_273_270_274_269_275_2223_2222_2221_2220_1158_1155_1159_1154_1160_1439_1438_1153_1161_1437_1152_1162_1343_1342_1341_1163_674_673_672_1304_1303_1302_1301_1300_1279_1278_1277_1276_291_1275_290_1274_289_1273_288_1272_1271_1270_1269_1268_1543_1542_1541_1540_1733_1732_134_1731_1730_45_133_44_46_43_42_1729_41_40_1728_39_38_37_36_35_1637_34_1636_1635_1634_33_1633_32_1632_31_30_29_28_27_228_227_1645_121_122_123_124_125_126_1539_127_1538_1642_1641_1643_128_1640_1644_1639_1638_1537_129_1445_24_1444_1536_23_25_22_26_130_21_1443_20_19_131_1442_18_1441_132_17_16_1440_15_14_13_12_1351_11_1350_1349_1348_103_10_1347_1346_9_102_1345_8_1344_101_7_1261_1259_1258_1257_96_1256_97_98_99_1255_1254_1253_1252_1251_1250_1249_0_1248_1_2_3_4_1260_100_5_6_,0_1_2_3_4_5_6_7_8_9_10_11_12_13_14_15_16_17_18_19_20_21_22_23_24_25_26_27_28_29_30_31_32_33_34_35_36_37_38_39_40_41_42_43_44_45_46_47_48_49_50_51_52_53_54_55_56_57_58_59_60_61_62_63_64_65_66_67_68_69_70_71_72_73_74_75_76_77_78_79_80_81_82_83_84_85_86_87_88_89_90_91_92_93_94_95_96_97_98_99_100_101_102_103_104_105_106_107_108_109_110_111_112_113_114_115_116_117_118_119_120_121_122_123_124_125_126_127_128_129_130_131_132_133_134_135_136_137_138_139_140_141_142_143_144_145_146_147_148_149_150_151_152_153_154_155_156_157_158_159_160_161_162_163_164_165_166_167_168_169_170_171_172_173_174_175_176_177_178_179_180_181_182_183_184_185_186_187_188_189_190_191_192_193_194_195_196_197_198_199_200_201_202_203_204_205_206_207_208_209_210_211_212_213_214_215_216_217_218_219_220_221_222_223_224_225_226_227_228_229_230_231_232_233_234_235_236_237_238_239_240_241_242_243_244_245_246_247_248_249_250_251_252_253_254_255_256_257_258_259_260_261_262_263_264_265_266_267_268_269_270_271_272_273_274_275_276_277_278_279_280_281_282_283_284_285_286_287_288_289_290_291_292_293_294_295_296_297_298_299_300_301_302_303_304_305_306_307_308_309_310_311_312_313_314_315_316_317_318_319_320_321_322_323_324_325_326_327_328_329_330_331_332_333_334_335_336_337_338_339_340_341_342_343_344_345_346_347_348_349_350_351_352_353_354_355_356_357_358_359_360_361_362_363_364_365_366_367_368_369_370_371_372_373_374_375_376_377_378_379_380_381_382_383_384_385_386_387_388_389_390_391_392_393_394_395_396_397_398_399_400_401_402_403_404_405_406_407_408_409_410_411_412_413_414_415_416_417_418_419_420_421_422_423_424_425_426_427_428_429_430_431_432_433_434_435_436_437_438_439_440_441_442_443_444_445_446_447_448_449_450_451_452_453_454_455_456_457_458_459_460_461_462_463_464_465_466_467_468_469_470_471_472_473_474_475_476_477_478_479_480_481_482_483_484_485_486_487_488_489_490_491_492_493_494_495_496_497_498_499_500_501_502_503_504_505_506_507_508_509_510_511_512_513_514_515_516_517_518_519_520_521_522_523_524_525_526_527_528_529_530_531_532_533_534_535_536_537_538_539_540_541_542_543_544_545_546_547_548_549_550_551_552_553_554_555_556_557_558_559_560_561_562_563_564_565_566_567_568_569_570_571_572_573_574_575_576_577_578_579_580_581_582_583_584_585_586_587_588_589_590_591_592_593_594_595_596_597_598_599_600_601_602_603_604_605_606_607_608_609_610_611_612_613_614_615_616_617_618_619_620_621_622_623_624_625_626_627_628_629_630_631_632_633_634_635_636_637_638_639_640_641_642_643_644_645_646_647_648_649_650_651_652_653_654_655_656_657_658_659_660_661_662_663_664_665_666_667_668_669_670_671_672_673_674_675_676_677_678_679_680_681_682_683_684_685_686_687_688_689_690_691_692_693_694_695_696_697_698_699_700_701_702_703_704_705_706_707_708_709_710_711_712_713_714_715_716_717_718_719_720_721_722_723_724_725_726_727_728_729_730_731_732_733_734_735_736_737_738_739_740_741_742_743_744_745_746_747_748_749_750_751_752_753_754_755_756_757_758_759_760_761_762_763_764_765_766_767_768_769_770_771_772_773_774_775_776_777_778_779_780_781_782_783_784_785_786_787_788_789_790_791_792_793_794_795_796_797_798_799_800_801_802_803_804_805_806_807_808_809_810_811_812_813_814_815_816_817_818_819_820_821_822_823_824_825_826_827_828_829_830_831_832_833_834_835_836_837_838_839_840_841_842_843_844_845_846_847_848_849_850_851_852_853_854_855_856_857_858_859_860_861_862_863_864_865_866_867_868_869_870_871_872_873_874_875_876_877_878_879_880_881_882_883_884_885_886_887_888_889_890_891_892_893_894_895_896_897_898_899_900_901_902_903_904_905_906_907_908_909_910_911_912_913_914_915_916_917_918_919_920_921_922_923_924_925_926_927_928_929_930_931_932_933_934_935_936_937_938_939_940_941_942_943_944_945_946_947_948_949_950_951_952_953_954_955_956_957_958_959_960_961_962_963_964_965_966_967_968_969_970_971_972_973_974_975_976_977_978_979_980_981_982_983_984_985_986_987_988_989_990_991_992_993_994_995_996_997_998_999_1000_1001_1002_1003_1004_1005_1006_1007_1008_1009_1010_1011_1012_1013_1014_1015_1016_1017_1018_1019_1020_1021_1022_1023_1024_1025_1026_1027_1028_1029_1030_1031_1032_1033_1034_1035_1036_1037_1038_1039_1040_1041_1042_1043_1044_1045_1046_1047_1048_1049_1050_1051_1052_1053_1054_1055_1056_1057_1058_1059_1060_1061_1062_1063_1064_1065_1066_1067_1068_1069_1070_1071_1072_1073_1074_1075_1076_1077_1078_1079_1080_1081_1082_1083_1084_1085_1086_1087_1088_1089_1090_1091_1092_1093_1094_1095_1096_1097_1098_1099_1100_1101_1102_1103_1104_1105_1106_1107_1108_1109_1110_1111_1112_1113_1114_1115_1116_1117_1118_1119_1120_1121_1122_1123_1124_1125_1126_1127_1128_1129_1130_1131_1132_1133_1134_1135_1136_1137_1138_1139_1140_1141_1142_1143_1144_1145_1146_1147_1148_1149_1150_1151_1152_1153_1154_1155_1156_1157_1158_1159_1160_1161_1162_1163_1164_1165_1166_1167_1168_1169_1170_1171_1172_1173_1174_1175_1176_1177_1178_1179_1180_1181_1182_1183_1184_1185_1186_1187_1188_1189_1190_1191_1192_1193_1194_1195_1196_1197_1198_1199_1200_1201_1202_1203_1204_1205_1206_1207_1208_1209_1210_1211_1212_1213_1214_1215_1216_1217_1218_1219_1220_1221_1222_1223_1224_1225_1226_1227_1228_1229_1230_1231_1232_1233_1234_1235_1236_1237_1238_1239_1240_1241_1242_1243_1244_1245_1246_1247_1248_1249_1250_1251_1252_1253_1254_1255_1256_1257_1258_1259_1260_1261_1262_1263_1264_1265_1266_1267_1268_1269_1270_1271_1272_1273_1274_1275_1276_1277_1278_1279_1280_1281_1282_1283_1284_1285_1286_1287_1288_1289_1290_1291_1292_1293_1294_1295_1296_1297_1298_1299_1300_1301_1302_1303_1304_1305_1306_1307_1308_1309_1310_1311_1312_1313_1314_1315_1316_1317_1318_1319_1320_1321_1322_1323_1324_1325_1326_1327_1328_1329_1330_1331_1332_1333_1334_1335_1336_1337_1338_1339_1340_1341_1342_1343_1344_1345_1346_1347_1348_1349_1350_1351_1352_1353_1354_1355_1356_1357_1358_1359_1360_1361_1362_1363_1364_1365_1366_1367_1368_1369_1370_1371_1372_1373_1374_1375_1376_1377_1378_1379_1380_1381_1382_1383_1384_1385_1386_1387_1388_1389_1390_1391_1392_1393_1394_1395_1396_1397_1398_1399_1400_1401_1402_1403_1404_1405_1406_1407_1408_1409_1410_1411_1412_1413_1414_1415_1416_1417_1418_1419_1420_1421_1422_1423_1424_1425_1426_1427_1428_1429_1430_1431_1432_1433_1434_1435_1436_1437_1438_1439_1440_1441_1442_1443_1444_1445_1446_1447_1448_1449_1450_1451_1452_1453_1454_1455_1456_1457_1458_1459_1460_1461_1462_1463_1464_1465_1466_1467_1468_1469_1470_1471_1472_1473_1474_1475_1476_1477_1478_1479_1480_1481_1482_1483_1484_1485_1486_1487_1488_1489_1490_1491_1492_1493_1494_1495_1496_1497_1498_1499_1500_1501_1502_1503_1504_1505_1506_1507_1508_1509_1510_1511_1512_1513_1514_1515_1516_1517_1518_1519_1520_1521_1522_1523_1524_1525_1526_1527_1528_1529_1530_1531_1532_1533_1534_1535_1536_1537_1538_1539_1540_1541_1542_1543_1544_1545_1546_1547_1548_1549_1550_1551_1552_1553_1554_1555_1556_1557_1558_1559_1560_1561_1562_1563_1564_1565_1566_1567_1568_1569_1570_1571_1572_1573_1574_1575_1576_1577_1578_1579_1580_1581_1582_1583_1584_1585_1586_1587_1588_1589_1590_1591_1592_1593_1594_1595_1596_1597_1598_1599_1600_1601_1602_1603_1604_1605_1606_1607_1608_1609_1610_1611_1612_1613_1614_1615_1616_1617_1618_1619_1620_1621_1622_1623_1624_1625_1626_1627_1628_1629_1630_1631_1632_1633_1634_1635_1636_1637_1638_1639_1640_1641_1642_1643_1644_1645_1646_1647_1648_1649_1650_1651_1652_1653_1654_1655_1656_1657_1658_1659_1660_1661_1662_1663_1664_1665_1666_1667_1668_1669_1670_1671_1672_1673_1674_1675_1676_1677_1678_1679_1680_1681_1682_1683_1684_1685_1686_1687_1688_1689_1690_1691_1692_1693_1694_1695_1696_1697_1698_1699_1700_1701_1702_1703_1704_1705_1706_1707_1708_1709_1710_1711_1712_1713_1714_1715_1716_1717_1718_1719_1720_1721_1722_1723_1724_1725_1726_1727_1728_1729_1730_1731_1732_1733_1734_1735_1736_1737_1738_1739_1740_1741_1742_1743_1744_1745_1746_1747_1748_1749_1750_1751_1752_1753_1754_1755_1756_1757_1758_1759_1760_1761_1762_1763_1764_1765_1766_1767_1768_1769_1770_1771_1772_1773_1774_1775_1776_1777_1778_1779_1780_1781_1782_1783_1784_1785_1786_1787_1788_1789_1790_1791_1792_1793_1794_1795_1796_1797_1798_1799_1800_1801_1802_1803_1804_1805_1806_1807_1808_1809_1810_1811_1812_1813_1814_1815_1816_1817_1818_1819_1820_1821_1822_1823_1824_1825_1826_1827_1828_1829_1830_1831_1832_1833_1834_1835_1836_1837_1838_1839_1840_1841_1842_1843_1844_1845_1846_1847_1848_1849_1850_1851_1852_1853_1854_1855_1856_1857_1858_1859_1860_1861_1862_1863_1864_1865_1866_1867_1868_1869_1870_1871_1872_1873_1874_1875_1876_1877_1878_1879_1880_1881_1882_1883_1884_1885_1886_1887_1888_1889_1890_1891_1892_1893_1894_1895_1896_1897_1898_1899_1900_1901_1902_1903_1904_1905_1906_1907_1908_1909_1910_1911_1912_1913_1914_1915_1916_1917_1918_1919_1920_1921_1922_1923_1924_1925_1926_1927_1928_1929_1930_1931_1932_1933_1934_1935_1936_1937_1938_1939_1940_1941_1942_1943_1944_1945_1946_1947_1948_1949_1950_1951_1952_1953_1954_1955_1956_1957_1958_1959_1960_1961_1962_1963_1964_1965_1966_1967_1968_1969_1970_1971_1972_1973_1974_1975_1976_1977_1978_1979_1980_1981_1982_1983_1984_1985_1986_1987_1988_1989_1990_1991_1992_1993_1994_1995_1996_1997_1998_1999_2000_2001_2002_2003_2004_2005_2006_2007_2008_2009_2010_2011_2012_2013_2014_2015_2016_2017_2018_2019_2020_2021_2022_2023_2024_2025_2026_2027_2028_2029_2030_2031_2032_2033_2034_2035_2036_2037_2038_2039_2040_2041_2042_2043_2044_2045_2046_2047_2048_2049_2050_2051_2052_2053_2054_2055_2056_2057_2058_2059_2060_2061_2062_2063_2064_2065_2066_2067_2068_2069_2070_2071_2072_2073_2074_2075_2076_2077_2078_2079_2080_2081_2082_2083_2084_2085_2086_2087_2088_2089_2090_2091_2092_2093_2094_2095_2096_2097_2098_2099_2100_2101_2102_2103_2104_2105_2106_2107_2108_2109_2110_2111_2112_2113_2114_2115_2116_2117_2118_2119_2120_2121_2122_2123_2124_2125_2126_2127_2128_2129_2130_2131_2132_2133_2134_2135_2136_2137_2138_2139_2140_2141_2142_2143_2144_2145_2146_2147_2148_2149_2150_2151_2152_2153_2154_2155_2156_2157_2158_2159_2160_2161_2162_2163_2164_2165_2166_2167_2168_2169_2170_2171_2172_2173_2174_2175_2176_2177_2178_2179_2180_2181_2182_2183_2184_2185_2186_2187_2188_2189_2190_2191_2192_2193_2194_2195_2196_2197_2198_2199_2200_2201_2202_2203_2204_2205_2206_2207_2208_2209_2210_2211_2212_2213_2214_2215_2216_2217_2218_2219_2220_2221_2222_2223_2224_2225_2226_2227_2228_2229_2230_2231_2232_2233_2234_2235_2236_2237_2238_2239_2240_2241_2242_2243_2244_2245_2246_2247_2248_2249_2250_2251_2252_2253_2254_2255_2256_2257_2258_2259_2260_2261_2262_2263_2264_2265_2266_2267_2268_2269_2270_2271_2272_2273_2274_2275_2276_2277_2278_2279_2280_2281_2282_2283_2284_2285_2286_2287_2288_2289_2290_2291_2292_2293_2294_2295_2296_2297_2298_2299_2300_2301_2302_2303_2304_2305_2306_2307_2308_2309_2310_2311_2312_2313_2314_2315_2316_2317_2318_2319_2320_2321_2322_2323_2324_2325_2326_2327_2328_2329_2330_2331_2332_2333_2334_2335_2336_2337_2338_2339_2340_2341_2342_2343_2344_2345_2346_2347_2348_2349_2350_2351_2352_2353_2354_2355_2356_2357_2358_2359_2360_2361_2362_2363_2364_2365_2366_2367_2368_2369_2370_2371_2372_2373_2374_2375_2376_2377_2378_2379_2380_2381_2382_2383_2384_2385_2386_2387_2388_2389_2390_2391_2392_2393_2394_2395_2396_2397_2398_2399_2400_2401_2402_2403_2404_2405_2406_2407_2408_2409_2410_2411_2412_2413_2414_2415_2416_2417_2418_2419_2420_2421_2422_2423_2424_2425_2426_2427_2428_2429_2430_2431_2432_2433_2434_2435_2436_2437_2438_2439_2440_2441_2442_2443_2444_2445_2446_2447_2448_2449_2450_2451_2452_2453_2454_2455_2456_2457_2458_2459_2460_2461_2462_2463_2464_2465_2466_2467_2468_2469_2470_2471_2472_2473_2474_2475_2476_2477_2478_2479_2480_2481_2482_2483_2484_2485_2486_2487_2488_2489_2490_2491_2492_2493_2494_2495_,141:{1733;1732;134;1731;1730;45;133;44;46;43;42;1729;41;40;1728;39;38;37;36;35;1637;34;1636;1635;1634;33;1633;32;1632;31;30;29;28;27;}196:{1260;100;5;6;}251:{47;}312:{1543;1542;1541;1540;}370:{2321;279;280;2320;281;2319;282;2318;283;2317;284;476;383;2219;2316;285;477;2424;2423;2425;2218;2422;2315;2421;2427;286;478;2420;2428;2419;2429;2217;2314;2418;2430;287;479;2417;2431;178;177;179;176;180;2216;2416;2432;2313;175;181;174;182;2415;2433;173;183;172;184;2312;2215;2414;2434;171;185;2413;2435;170;186;2121;2311;2214;169;187;2412;2436;168;188;572;2120;2310;2213;2411;2437;167;189;573;2119;2410;2438;2309;166;190;574;}375:{2329;2330;2331;2332;2323;2322;278;277;276;}386:{1261;}406:{300;299;298;1372;1371;1370;297;1369;390;296;1368;1367;295;1366;294;293;292;226;}420:{228;227;1645;}517:{406;500;1565;319;318;1564;1655;317;405;499;316;1563;1654;404;315;498;1562;1749;314;1653;403;1561;313;337;497;}587:{1305;1306;1284;1283;389;388;1282;387;1374;386;1281;385;1373;384;1280;}605:{1579;1578;507;506;1577;505;504;1576;503;1575;502;1574;501;1669;1573;1668;1572;1667;1571;1666;1570;1665;1479;1569;413;412;414;411;415;410;416;1664;1478;409;417;408;418;1568;1477;1763;407;419;1663;420;1476;1567;1762;421;1662;422;1475;1761;1566;423;1474;1661;402;424;1760;1473;401;425;}665:{667;2354;662;2447;2446;2445;2444;2443;2442;2441;575;2440;2439;2337;473;472;474;2336;471;475;747;746;2335;745;2166;2334;2333;}676:{1389;1388;1291;1387;1290;1386;1289;1385;484;483;485;482;486;481;487;480;488;1288;1384;489;490;1287;1383;1286;1382;1285;1381;}712:{716;1788;707;706;705;704;1688;1687;1689;1686;1690;613;1685;1691;612;1684;1692;703;611;813;1683;610;702;814;1682;609;1681;701;608;1680;700;607;1679;606;1678;699;725;1771;605;1677;698;726;1770;604;1676;697;727;1769;603;1675;520;696;1592;1768;519;521;1591;1593;1975;518;522;602;1590;1594;1674;517;523;1589;1595;516;1588;1596;515;1587;1597;601;695;1673;1767;514;1586;1598;513;1585;512;600;1584;1672;694;1766;511;1583;599;1671;510;1582;693;1765;509;1581;598;1670;508;692;1580;1764;}728:{535;537;534;538;533;539;532;531;1865;1959;530;529;528;1864;1958;527;1775;615;1863;526;1774;1957;525;1773;614;1862;524;708;1772;1956;}744:{2153;2251;552;2152;551;553;550;554;2250;549;555;556;557;663;2151;2249;558;559;2353;560;664;2248;2352;2150;561;2351;665;2247;562;2350;2149;563;2349;666;2246;564;764;2148;2348;}756:{2167;}790:{789;788;787;786;785;784;1504;1503;1505;1502;1506;1501;1507;783;1500;1508;782;781;780;779;878;778;877;876;777;875;776;1408;1407;1409;1406;1410;1411;874;1412;1413;775;1414;1490;873;1415;774;872;1416;1489;594;1417;593;773;871;592;1488;1418;591;1419;590;870;772;1487;589;1396;1420;869;588;972;1486;1395;1421;587;971;868;1394;1422;1485;586;970;}841:{2269;2268;748;2267;749;850;2266;750;2265;751;851;752;2264;852;753;2263;853;754;2262;755;854;2261;756;948;2260;855;757;949;2259;856;2368;2367;2369;2366;2370;758;950;2365;2371;2364;2372;2258;2363;2373;649;857;650;651;759;951;2362;2374;652;653;2257;2361;2375;654;760;858;952;2360;2376;2159;655;656;2256;2359;2377;657;761;953;859;2158;2358;2378;658;2255;2357;2379;762;954;659;860;2157;2356;2380;2254;660;763;955;2355;2381;661;861;}852:{668;669;2450;670;2449;671;2448;}886:{867;866;}890:{969;1423;968;1424;}916:{905;904;1800;1799;1801;1798;1797;903;902;901;900;804;803;802;}937:{2090;}976:{1059;1058;1332;1333;1057;1334;1335;1056;1336;1337;1338;1157;1339;1156;1340;}995:{811;812;1790;1789;}1042:{1044;1045;2295;1050;1138;1137;1139;1136;2296;1135;1051;2297;1052;2298;1053;2299;1054;2300;956;1148;1055;2301;957;1149;2480;2479;2481;2302;2478;2482;2477;2483;958;1150;2476;2484;2475;2485;2303;2474;2486;959;1151;2473;2487;1234;1233;1235;1232;2472;2488;1231;1230;2471;2489;1229;1228;2470;2490;1227;2469;2491;1226;1242;1243;2468;2492;1244;2467;2493;1245;2466;2494;862;1246;}1127:{1140;1141;1142;1236;1143;1237;1046;1144;1238;2392;2391;2393;2390;2394;2389;2395;2388;2396;2387;2397;1047;1239;1145;2386;2398;2385;2399;1048;1240;2384;1146;2383;1049;1241;2382;1147;}1157:{1158;1155;1159;1154;1160;1439;1438;1153;1161;1437;1152;1162;1343;1342;1341;1163;}1241:{1247;2495;1225;1224;2207;2206;2205;1223;1222;}1262:{1259;1258;1257;96;1256;97;98;99;1255;1254;1253;1252;1251;1250;1249;0;1248;1;2;3;4;}1288:{1292;1293;1294;1295;576;1296;577;578;579;580;1297;1298;1299;}1312:{1324;1325;1326;1327;960;1328;961;962;963;1329;1330;1331;}1376:{1279;1278;1277;1276;291;1275;290;1274;289;1273;288;1272;1271;1270;1269;1268;}1414:{865;1318;1317;1319;864;1316;1320;1321;1322;1323;967;966;965;964;1425;1426;1061;1060;}1466:{303;302;1463;301;1462;1461;1460;1459;1458;1457;1365;1557;208;1364;1456;1556;207;209;206;210;205;211;1363;1555;204;212;1455;203;213;1362;1554;202;214;1454;1361;1553;201;215;200;216;1360;1552;1453;199;217;1359;1551;1452;198;218;1358;1550;197;219;1451;1357;1549;196;220;1450;1356;1548;195;221;1355;1449;1547;194;222;1267;1266;1354;1546;112;1448;111;113;193;223;110;114;109;115;1265;1649;108;116;107;117;1353;1545;192;224;1264;1648;106;118;1447;105;119;1263;1647;104;120;1352;1544;225;1262;1446;1646;}1496:{674;673;672;1304;1303;1302;1301;1300;}1511:{1499;1405;1498;1404;1497;1403;771;688;1496;687;689;686;690;1402;685;691;684;770;683;1495;1401;682;1315;681;769;1314;680;1400;1494;1313;768;1312;679;1311;1399;1493;678;1310;677;1398;1309;1492;676;1308;1397;675;1307;1491;}1546:{121;122;123;124;125;126;1539;127;1538;1642;1641;1643;128;1640;1644;1639;1638;1537;129;1445;24;1444;1536;23;25;22;26;130;21;1443;20;19;131;1442;18;1441;132;17;16;1440;15;14;13;12;1351;11;1350;1349;1348;103;10;1347;1346;9;102;1345;8;1344;101;7;}1578:{597;596;595;1482;1481;1483;496;1480;1484;495;494;493;492;400;1472;491;399;1471;398;1470;397;1469;396;1468;1660;585;395;1390;1391;1467;1659;584;1380;1392;394;1379;1393;1378;1466;1658;312;1560;311;393;583;310;309;1377;308;307;1465;1657;392;1376;306;582;1559;305;1375;304;320;1464;1656;391;581;1558;}1616:{1069;1068;1067;1066;1534;1427;1428;1429;1065;1535;1170;1430;1169;1431;1064;1168;1432;1167;1433;1063;1166;1434;1165;1435;1062;1164;1436;}1713:{988;987;986;998;985;999;1085;1617;1809;984;1000;1084;1616;1618;1808;1810;1615;1619;1807;1811;1614;1620;1806;1812;1083;1613;1621;1805;983;1001;894;1082;1612;1622;1804;893;892;1081;1611;1623;1803;982;1002;891;1080;1610;1624;1802;890;981;1003;1609;1625;889;1079;888;980;1004;1608;1626;1078;887;1607;1627;1700;1726;979;1077;886;906;1606;1628;1076;1100;1699;1727;978;885;907;1605;1629;1075;1101;884;908;1184;1698;977;1183;1185;1182;1186;1604;1630;1796;1181;1180;1074;1102;883;1179;1521;1697;976;1520;1522;1519;1523;1603;1631;1795;1178;1518;1524;1517;1525;1073;1103;1177;882;1516;1526;800;1176;1602;1696;1794;799;801;975;1515;1527;1911;798;797;796;1072;1104;1514;1528;1912;881;1175;795;1513;1529;1601;1793;1913;1695;794;806;974;1174;880;1512;1530;1914;793;807;1071;1105;1173;792;808;1600;1792;1511;1531;1915;1694;973;1172;791;809;879;1070;1510;1532;1599;1791;790;810;1171;1509;1533;1693;}1764:{327;326;325;324;323;1751;322;321;1750;1748;1747;1652;1746;1651;1745;1650;232;1744;}1905:{1099;1813;1098;1814;1097;1815;1096;1816;997;1817;1095;996;1818;1094;1819;995;1093;1820;1092;994;1821;1091;993;1822;1196;1090;899;1195;1713;992;1712;1714;1711;1715;1823;1194;1710;1716;1709;1717;1089;1193;898;1708;1718;1192;991;1707;1719;1088;1706;1720;897;1191;1705;1721;990;1190;896;1704;1722;1087;1189;1703;1723;989;1188;895;1086;1702;1724;1187;1701;1725;}1938:{236;235;142;234;141;233;1829;140;1828;1743;139;1742;1741;1827;1740;231;138;1739;1738;1826;55;137;54;230;53;1737;52;51;1825;136;1736;50;229;49;1735;48;1824;135;1734;}1956:{1953;440;1952;439;441;438;437;1951;436;1950;435;434;1860;433;1859;1861;1858;1857;432;1856;1855;431;1854;1853;430;1852;429;1851;340;428;1850;339;338;427;1849;336;1848;426;335;1847;334;1846;333;1759;332;1845;1758;1757;331;1756;1844;1755;330;1843;2035;1754;1937;329;1753;1842;2034;248;328;1752;1936;}1958:{350;2041;351;352;2040;353;2039;2038;2037;2036;}1980:{1971;1970;1877;1969;1876;632;1968;631;633;1875;630;634;629;635;628;636;1874;627;1967;626;715;1873;625;1966;624;1872;714;623;1965;1871;713;622;1964;1787;1786;1870;2062;621;1785;712;1784;1783;620;1869;1963;2061;1782;711;1781;619;1780;1868;2060;1962;1779;618;710;1867;2059;1778;1961;617;709;805;1777;1866;2058;536;616;1776;1960;}1987:{2069;}2006:{2013;2014;2015;1208;1916;1207;1209;1206;1210;1205;1211;1917;1204;1212;1203;1213;1918;1202;1214;1919;2111;1201;1215;1200;1216;1199;1217;1198;1218;1197;1219;1220;1221;}2034:{1931;155;245;1930;154;1929;244;153;152;1928;2021;243;151;1927;2020;150;242;1926;149;2019;241;1925;148;2018;1841;240;1840;1924;1839;147;1838;1837;1923;2017;1836;239;146;1835;1834;1922;64;2016;63;65;145;62;66;238;61;67;1833;60;68;59;69;1921;144;1832;58;70;237;57;71;1831;56;1920;143;1830;}2078:{2068;2067;1974;2066;1973;2165;1972;2164;2065;724;2163;640;2064;639;641;638;642;637;643;723;2162;644;645;2063;646;722;2161;647;1885;648;1884;2160;721;1883;1882;1881;720;1880;1879;1878;719;718;2156;717;}2090:{2089;2091;928;2088;2092;927;929;926;930;2087;2093;925;931;2086;2094;924;932;2085;2095;923;933;1024;2084;2096;1023;1025;922;934;1022;1026;1021;1027;2083;2097;1020;1028;921;935;1019;1029;1994;2082;2098;2186;1993;1995;2185;2187;920;936;1992;1996;2184;2188;1018;1030;1991;1997;2183;2189;1990;1998;2182;2190;2081;2099;919;937;1017;1031;1989;1999;2181;2191;832;1016;1032;1988;2000;2080;2100;2180;2192;831;833;830;834;918;938;829;835;1987;2001;2179;2193;828;836;1015;1033;2079;2101;827;837;917;939;1986;2002;2178;2194;826;838;1014;1034;2078;2102;1985;2003;2177;2195;916;940;825;839;1013;1035;824;840;1984;2004;2176;2196;2077;2103;915;941;1012;1036;823;841;1983;2005;2175;2197;1120;2076;2104;1119;1121;822;842;914;942;1118;1122;1011;1037;1117;1123;1982;2006;2174;2198;1116;1124;821;843;1115;1125;2075;2105;913;943;1010;1038;1114;1126;1981;2007;2173;2199;820;844;1113;1127;1898;2074;2106;2282;1897;1899;2281;2283;912;944;1112;1128;1896;1900;1980;2008;2172;2200;2280;2284;1009;1039;1895;1901;2279;2285;819;845;1894;1902;2278;2286;1111;1129;1893;1903;2277;2287;1979;2009;2073;2107;2171;2201;1008;1040;1892;1904;2276;2288;911;945;818;846;1110;1130;1891;1905;2275;2289;1109;1131;1890;1906;1978;2010;2170;2202;2274;2290;736;2072;2108;735;737;817;847;1007;1041;734;738;910;946;733;739;1889;1907;2273;2291;732;740;1108;1132;731;741;1977;2011;2169;2203;816;848;1888;1908;2272;2292;730;742;1006;1042;2071;2109;909;947;1107;1133;729;743;1887;1909;2271;2293;728;744;1976;2012;2168;2204;815;849;1106;1134;1005;1043;1886;1910;2070;2110;2270;2294;}2136:{2131;2130;2129;264;2128;263;265;262;266;261;267;268;2127;259;258;2126;257;2033;256;2032;2027;2026;164;163;249;2025;162;161;160;2024;159;1935;247;2023;158;1934;157;1933;246;2022;156;1932;}2142:{349;348;347;346;1949;1948;345;1947;1946;255;1945;2031;2253;344;1944;254;1943;253;1942;2030;343;1941;252;2029;1940;342;251;1939;2028;250;341;1938;}2158:{2155;2154;2252;2147;2146;2245;2244;2145;540;2243;457;458;459;565;2242;460;461;462;566;2241;463;464;2240;567;2347;2346;465;2345;2239;568;2344;466;2343;467;2238;2342;569;2341;444;468;2237;2340;570;443;469;1955;2339;2236;442;470;571;1954;2338;}2231:{2225;272;2224;271;273;270;274;269;275;2223;2222;2221;2220;}2240:{260;}2246:{456;2144;2143;455;2142;454;2234;2141;548;453;2140;2233;547;452;2139;368;2232;367;369;366;370;546;365;371;451;2138;364;372;363;373;2231;545;362;374;450;2137;361;375;2054;2230;2053;2055;360;376;544;2052;2056;2136;2328;449;2051;2057;2050;359;377;2049;2135;2229;2327;448;2048;543;358;378;2047;357;379;2046;2134;2326;2228;447;542;2045;356;380;2133;2325;2044;446;2227;355;381;541;2043;2132;2324;354;382;445;2042;2226;2426;}2315:{2308;191;2307;2409;2408;2407;2306;2406;2305;2405;2212;2404;88;2304;87;89;86;90;2211;2403;85;91;84;92;2210;2402;83;93;82;94;2209;2401;81;95;80;2208;2400;79;78;77;2123;2122;2124;2125;76;2118;75;2117;2116;74;2115;2114;73;2113;165;72;2112;}2324:{2235;}2349:{2451;2452;2453;2454;765;766;2455;767;2456;2457;}2380:{2465;863;2464;2463;2462;2461;2460;2459;2458;},522_523_524_564_565_566_609_610_670_671_700_701_793_794_888_889_984_985_1082_1083_1182_1183_1601_1602_1603_1604_1605_1606_1607_1608_1609_1610_1611_1612_1613_1614_1615_1616_1617_1618_1619_1681_1682_1683_1769_1770_1771_1861_1862_1954_1955_2049_2050_2051_2146_2147_2245_2246_2345_2346_2347_2449_2450_2451_,2090-2089*0_2090-2091*0_2090-928*0_2090-2088*0_2090-2092*0_2090-927*0_2090-929*0_2090-926*0_2090-930*0_2090-2087*0_2090-2093*0_2090-925*0_2090-931*0_2090-2086*0_2090-2094*0_2090-924*0_2090-932*0_2090-2085*0_2090-2095*0_2090-923*0_2090-933*0_2090-1024*0_2090-2084*0_2090-2096*0_2090-1023*0_2090-1025*0_2090-922*0_2090-934*0_2090-1022*0_2090-1026*0_2090-1021*0_2090-1027*0_2090-2083*0_2090-2097*0_2090-1020*0_2090-1028*0_2090-921*0_2090-935*0_2090-1019*0_2090-1029*0_2090-1994*0_2090-2082*0_2090-2098*0_2090-2186*0_2090-1993*0_2090-1995*0_2090-2185*0_2090-2187*0_2090-920*0_2090-936*0_2090-1992*0_2090-1996*0_2090-2184*0_2090-2188*0_2090-1018*0_2090-1030*0_2090-1991*0_2090-1997*0_2090-2183*0_2090-2189*0_2090-1990*0_2090-1998*0_2090-2182*0_2090-2190*0_2090-2081*0_2090-2099*0_2090-919*0_2090-937*0_2090-1017*0_2090-1031*0_2090-1989*0_2090-1999*0_2090-2181*0_2090-2191*0_2090-832*0_2090-1016*0_2090-1032*0_2090-1988*0_2090-2000*0_2090-2080*0_2090-2100*0_2090-2180*0_2090-2192*0_2090-831*0_2090-833*0_2090-830*0_2090-834*0_2090-918*0_2090-938*0_2090-829*0_2090-835*0_2090-1987*0_2090-2001*0_2090-2179*0_2090-2193*0_2090-828*0_2090-836*0_2090-1015*0_2090-1033*0_2090-2079*0_2090-2101*0_2090-827*0_2090-837*0_2090-917*0_2090-939*0_2090-1986*0_2090-2002*0_2090-2178*0_2090-2194*0_2090-826*0_2090-838*0_2090-1014*0_2090-1034*0_2090-2078*0_2090-2102*0_2090-1985*0_2090-2003*0_2090-2177*0_2090-2195*0_2090-916*0_2090-940*0_2090-825*0_2090-839*0_2090-1013*0_2090-1035*0_2090-824*0_2090-840*0_2090-1984*0_2090-2004*0_2090-2176*0_2090-2196*0_2090-2077*0_2090-2103*0_2090-915*0_2090-941*0_2090-1012*0_2090-1036*0_2090-823*0_2090-841*0_2090-1983*0_2090-2005*0_2090-2175*0_2090-2197*0_2090-1120*0_2090-2076*0_2090-2104*0_2090-1119*0_2090-1121*0_2090-822*0_2090-842*0_2090-914*0_2090-942*0_2090-1118*0_2090-1122*0_2090-1011*0_2090-1037*0_2090-1117*0_2090-1123*0_2090-1982*0_2090-2006*0_2090-2174*0_2090-2198*0_2090-1116*0_2090-1124*0_2090-821*0_2090-843*0_2090-1115*0_2090-1125*0_2090-2075*0_2090-2105*0_2090-913*0_2090-943*0_2090-1010*0_2090-1038*0_2090-1114*0_2090-1126*0_2090-1981*0_2090-2007*0_2090-2173*0_2090-2199*0_2090-820*0_2090-844*0_2090-1113*0_2090-1127*0_2090-1898*0_2090-2074*0_2090-2106*0_2090-2282*0_2090-1897*0_2090-1899*0_2090-2281*0_2090-2283*0_2090-912*0_2090-944*0_2090-1112*0_2090-1128*0_2090-1896*0_2090-1900*0_2090-1980*0_2090-2008*0_2090-2172*0_2090-2200*0_2090-2280*0_2090-2284*0_2090-1009*0_2090-1039*0_2090-1895*0_2090-1901*0_2090-2279*0_2090-2285*0_2090-819*0_2090-845*0_2090-1894*0_2090-1902*0_2090-2278*0_2090-2286*0_2090-1111*0_2090-1129*0_2090-1893*0_2090-1903*0_2090-2277*0_2090-2287*0_2090-1979*0_2090-2009*0_2090-2073*0_2090-2107*0_2090-2171*0_2090-2201*0_2090-1008*0_2090-1040*0_2090-1892*0_2090-1904*0_2090-2276*0_2090-2288*0_2090-911*0_2090-945*0_2090-818*0_2090-846*0_2090-1110*0_2090-1130*0_2090-1891*0_2090-1905*0_2090-2275*0_2090-2289*0_2090-1109*0_2090-1131*0_2090-1890*0_2090-1906*0_2090-1978*0_2090-2010*0_2090-2170*0_2090-2202*0_2090-2274*0_2090-2290*0_2090-736*0_2090-2072*0_2090-2108*0_2090-735*0_2090-737*0_2090-817*0_2090-847*0_2090-1007*0_2090-1041*0_2090-734*0_2090-738*0_2090-910*0_2090-946*0_2090-733*0_2090-739*0_2090-1889*0_2090-1907*0_2090-2273*0_2090-2291*0_2090-732*0_2090-740*0_2090-1108*0_2090-1132*0_2090-731*0_2090-741*0_2090-1977*0_2090-2011*0_2090-2169*0_2090-2203*0_2090-816*0_2090-848*0_2090-1888*0_2090-1908*0_2090-2272*0_2090-2292*0_2090-730*0_2090-742*0_2090-1006*0_2090-1042*0_2090-2071*0_2090-2109*0_2090-909*0_2090-947*0_2090-1107*0_2090-1133*0_2090-729*0_2090-743*0_2090-1887*0_2090-1909*0_2090-2271*0_2090-2293*0_2090-728*0_2090-744*0_2090-1976*0_2090-2012*0_2090-2168*0_2090-2204*0_2090-815*0_2090-849*0_2090-1106*0_2090-1134*0_2090-1005*0_2090-1043*0_2090-1886*0_2090-1910*0_2090-2070*0_2090-2110*0_2090-2270*0_2090-2294*0_841-2269*1_841-2268*1_841-748*1_841-2267*1_841-749*1_841-850*1_841-2266*1_841-750*1_841-2265*1_841-751*1_841-851*1_841-752*1_841-2264*1_841-852*1_841-753*1_841-2263*1_1980-1971*1_841-853*1_841-754*1_841-2262*1_1905-1099*1_1980-1970*1_841-755*1_1905-1813*1_841-854*1_841-2261*1_1905-1098*1_1980-1877*1_1905-1814*1_841-756*1_841-948*1_1980-1969*1_841-2260*1_1905-1097*1_1980-1876*1_841-855*1_1905-1815*1_841-757*1_841-949*1_1905-1096*1_1905-1816*1_1980-632*1_1980-1968*1_1980-631*1_1980-633*1_1980-1875*1_841-2259*1_1980-630*1_1980-634*1_841-856*1_841-2368*1_841-2367*1_841-2369*1_1980-629*1_1980-635*1_1905-997*1_841-2366*1_841-2370*1_1127-1140*1_841-758*1_841-950*1_841-2365*1_841-2371*1_1980-628*1_1980-636*1_1905-1817*1_1905-1095*1_1980-1874*1_841-2364*1_841-2372*1_841-2258*1_1980-627*1_1980-1967*1_841-2363*1_841-2373*1_841-649*1_841-857*1_841-650*1_1905-996*1_1905-1818*1_1980-626*1_841-651*1_841-759*1_841-951*1_841-2362*1_841-2374*1_1127-1141*1_1905-1094*1_841-652*1_1980-715*1_1980-1873*1_841-653*1_841-2257*1_841-2361*1_841-2375*1_1980-625*1_1980-1966*1_841-654*1_1905-1819*1_841-760*1_841-858*1_841-952*1_841-2360*1_841-2376*1_841-2159*1_1905-995*1_1905-1093*1_841-655*1_1980-624*1_1980-1872*1_1127-1142*1_1980-714*1_841-656*1_841-2256*1_1127-1236*1_841-2359*1_841-2377*1_1905-1820*1_1980-623*1_1980-1965*1_841-657*1_841-761*1_841-953*1_1905-1092*1_1980-1871*1_841-859*1_841-2158*1_841-2358*1_841-2378*1_1905-994*1_1980-713*1_1127-1143*1_1980-622*1_1127-1237*1_841-658*1_841-2255*1_1905-1821*1_841-2357*1_841-2379*1_1980-1964*1_1980-1787*1_841-762*1_841-954*1_1905-1091*1_1980-1786*1_1980-1870*1_1980-2062*1_841-659*1_1980-621*1_1980-1785*1_841-860*1_841-2157*1_1905-993*1_1980-712*1_1980-1784*1_841-2356*1_841-2380*1_1127-1046*1_1127-1144*1_1127-1238*1_1127-2392*1_1127-2391*1_1127-2393*1_1905-1822*1_841-2254*1_1127-2390*1_1127-2394*1_841-660*1_1980-1783*1_1127-2389*1_1127-2395*1_1905-1196*1_1980-620*1_1127-2388*1_1127-2396*1_1980-1869*1_1980-1963*1_1980-2061*1_1905-1090*1_841-763*1_841-955*1_1980-1782*1_1905-899*1_1905-1195*1_841-2355*1_841-2381*1_1127-2387*1_1127-2397*1_841-661*1_841-861*1_1905-1713*1_1905-992*1_1905-1712*1_1905-1714*1_1127-1047*1_1127-1239*1_1980-711*1_1980-1781*1_1905-1711*1_1905-1715*1_1905-1823*1_1905-1194*1_1127-1145*1_1127-2386*1_1127-2398*1_1905-1710*1_1905-1716*1_1980-619*1_1905-1709*1_1905-1717*1_1980-1780*1_1980-1868*1_1980-2060*1_1905-1089*1_1905-1193*1_1127-2385*1_1127-2399*1_1905-898*1_1980-1962*1_1905-1708*1_1905-1718*1_1127-1048*1_1127-1240*1_1127-2384*1_1905-1192*1_1980-1779*1_1905-991*1_1905-1707*1_1905-1719*1_1980-618*1_1980-710*1_1127-1146*1_1127-2383*1_1980-1867*1_1980-2059*1_1905-1088*1_1905-1706*1_1905-1720*1_1905-897*1_1905-1191*1_1980-1778*1_1980-1961*1_1980-617*1_1127-1049*1_1127-1241*1_1905-1705*1_1905-1721*1_1127-2382*1_1905-990*1_1905-1190*1_1980-709*1_1980-805*1_1980-1777*1_1127-1147*1_1980-1866*1_1980-2058*1_1905-896*1_1905-1704*1_1905-1722*1_1905-1087*1_1905-1189*1_1980-536*1_1980-616*1_1980-1776*1_1980-1960*1_1905-1703*1_1905-1723*1_1905-989*1_1905-1188*1_1905-895*1_1905-1086*1_1905-1702*1_1905-1724*1_1905-1187*1_1905-1701*1_1905-1725*1_1042-1044*1_2006-2013*1_1042-1045*1_2006-2014*1_916-905*1_2006-2015*1_916-904*1_916-1800*1_916-1799*1_916-1801*1_916-1798*1_2006-1208*1_2006-1916*1_2006-1207*1_2006-1209*1_916-1797*1_2006-1206*1_2006-1210*1_2006-1205*1_2006-1211*1_2006-1917*1_916-903*1_2006-1204*1_2006-1212*1_2006-1203*1_2006-1213*1_2006-1918*1_2006-1202*1_2006-1214*1_916-902*1_1042-2295*1_2006-1919*1_2006-2111*1_2006-1201*1_2006-1215*1_1042-1050*1_1042-1138*1_1042-1137*1_1042-1139*1_916-901*1_2006-1200*1_2006-1216*1_1042-1136*1_1042-2296*1_1042-1135*1_2006-1199*1_2006-1217*1_1042-1051*1_916-900*1_1042-2297*1_2006-1198*1_2006-1218*1_1042-1052*1_1042-2298*1_2006-1197*1_2006-1219*1_1042-1053*1_2006-1220*1_916-804*1_1042-2299*1_2006-1221*1_916-803*1_1042-1054*1_1042-2300*1_1042-956*1_1042-1148*1_916-802*1_1042-1055*1_1042-2301*1_1042-957*1_1042-1149*1_1042-2480*1_1042-2479*1_1042-2481*1_1042-2302*1_1042-2478*1_1042-2482*1_1042-2477*1_1042-2483*1_1042-958*1_1042-1150*1_1042-2476*1_1042-2484*1_1042-2475*1_1042-2485*1_1042-2303*1_1042-2474*1_1042-2486*1_1042-959*1_1042-1151*1_1042-2473*1_1042-2487*1_744-2153*1_744-2251*1_1042-1234*1_1042-1233*1_1042-1235*1_1042-1232*1_1042-2472*1_1042-2488*1_1042-1231*1_1042-1230*1_1042-2471*1_1042-2489*1_744-552*1_744-2152*1_728-535*1_728-537*1_744-551*1_744-553*1_1042-1229*1_728-534*1_728-538*1_744-550*1_744-554*1_744-2250*1_728-533*1_728-539*1_744-549*1_744-555*1_1042-1228*1_1042-2470*1_1042-2490*1_728-532*1_744-556*1_1042-1227*1_728-531*1_744-557*1_728-1865*1_728-1959*1_744-663*1_744-2151*1_744-2249*1_1042-2469*1_1042-2491*1_728-530*1_744-558*1_1042-1226*1_1042-1242*1_728-529*1_744-559*1_744-2353*1_1042-1243*1_1042-2468*1_1042-2492*1_728-528*1_728-1864*1_744-560*1_744-664*1_744-2248*1_744-2352*1_728-1958*1_744-2150*1_1042-1244*1_728-527*1_728-1775*1_744-561*1_744-2351*1_1042-2467*1_1042-2493*1_1042-1245*1_728-615*1_728-1863*1_744-665*1_744-2247*1_728-526*1_728-1774*1_744-562*1_744-2350*1_728-1957*1_744-2149*1_1042-2466*1_1042-2494*1_1042-862*1_1042-1246*1_728-525*1_728-1773*1_744-563*1_744-2349*1_728-614*1_728-1862*1_744-666*1_744-2246*1_728-524*1_728-708*1_728-1772*1_728-1956*1_744-564*1_744-764*1_744-2148*1_744-2348*1_1713-988*2_1713-987*2_1713-986*2_1713-998*2_1713-985*2_1713-999*2_1713-1085*2_1713-1617*2_1713-1809*2_1713-984*2_1713-1000*2_1713-1084*2_1713-1616*2_1713-1618*2_1713-1808*2_1713-1810*2_1713-1615*2_1713-1619*2_1713-1807*2_1713-1811*2_1713-1614*2_1713-1620*2_1713-1806*2_1713-1812*2_1713-1083*2_1713-1613*2_1713-1621*2_1713-1805*2_1713-983*2_1713-1001*2_1713-894*2_1713-1082*2_1713-1612*2_1713-1622*2_1713-1804*2_1713-893*2_1713-892*2_1713-1081*2_1713-1611*2_1713-1623*2_1713-1803*2_1713-982*2_1713-1002*2_1713-891*2_1713-1080*2_1713-1610*2_1713-1624*2_1713-1802*2_1713-890*2_1713-981*2_1713-1003*2_1713-1609*2_1713-1625*2_1713-889*2_1713-1079*2_1713-888*2_1713-980*2_1713-1004*2_1713-1608*2_1713-1626*2_1713-1078*2_1713-887*2_1713-1607*2_1713-1627*2_1713-1700*2_1713-1726*2_1713-979*2_1713-1077*2_1713-886*2_1713-906*2_1713-1606*2_1713-1628*2_1713-1076*2_1713-1100*2_1713-1699*2_1713-1727*2_1713-978*2_1713-885*2_1713-907*2_1713-1605*2_1713-1629*2_1713-1075*2_1713-1101*2_1713-884*2_1713-908*2_1713-1184*2_1713-1698*2_1713-977*2_1713-1183*2_1713-1185*2_1713-1182*2_1713-1186*2_1713-1604*2_1713-1630*2_1713-1796*2_1713-1181*2_1713-1180*2_1713-1074*2_1713-1102*2_1713-883*2_1713-1179*2_1713-1521*2_1713-1697*2_1713-976*2_1713-1520*2_1713-1522*2_1713-1519*2_1713-1523*2_1713-1603*2_1713-1631*2_1713-1795*2_1713-1178*2_1713-1518*2_1713-1524*2_1713-1517*2_1713-1525*2_1713-1073*2_1713-1103*2_1713-1177*2_1713-882*2_1713-1516*2_1713-1526*2_1713-800*2_1713-1176*2_1713-1602*2_1713-1696*2_1713-1794*2_1713-799*2_1713-801*2_1713-975*2_1713-1515*2_1713-1527*2_1713-1911*2_1713-798*2_1713-797*2_1713-796*2_1713-1072*2_1713-1104*2_1713-1514*2_1713-1528*2_1713-1912*2_1713-881*2_1713-1175*2_1713-795*2_1713-1513*2_1713-1529*2_1713-1601*2_1713-1793*2_1713-1913*2_1713-1695*2_1713-794*2_1713-806*2_1713-974*2_1713-1174*2_1713-880*2_1713-1512*2_1713-1530*2_1713-1914*2_1713-793*2_1713-807*2_1713-1071*2_1713-1105*2_1713-1173*2_1713-792*2_1713-808*2_1713-1600*2_1713-1792*2_1713-1511*2_1713-1531*2_1713-1915*2_1713-1694*2_1713-973*2_1713-1172*2_1713-791*2_1713-809*2_1713-879*2_1713-1070*2_1713-1510*2_1713-1532*2_1713-1599*2_1713-1791*2_1713-790*2_1713-810*2_1713-1171*2_1713-1509*2_1713-1533*2_1713-1693*2_1241-1247*2_1241-2495*2_1241-1225*2_1241-1224*2_1241-2207*2_1241-2206*2_1241-2205*2_1241-1223*2_1241-1222*2_2380-2465*2_2380-863*2_2380-2464*2_2380-2463*2_2380-2462*2_2380-2461*2_2380-2460*2_2380-2459*2_2380-2458*2_995-811*2_995-812*2_995-1790*2_995-1789*2_2078-2068*1_2078-2067*1_2078-1974*1_2078-2066*1_2078-1973*1_2078-2165*1_2078-1972*1_2078-2164*1_2078-2065*1_2078-724*1_2078-2163*1_2078-640*1_2078-2064*1_2078-639*1_2078-641*1_2078-638*1_2078-642*1_2078-637*1_2078-643*1_2078-723*1_2078-2162*1_2078-644*1_2078-645*1_2078-2063*1_2078-646*1_2078-722*1_2078-2161*1_2078-647*1_2078-1885*1_2078-648*1_2078-1884*1_2078-2160*1_2078-721*1_2078-1883*1_2078-1882*1_2078-1881*1_2078-720*1_2078-1880*1_2078-1879*1_2078-1878*1_2078-719*1_2078-718*1_2078-2156*1_2078-717*1_712-716*2_712-1788*2_712-707*2_712-706*2_712-705*2_712-704*2_712-1688*2_712-1687*2_712-1689*2_712-1686*2_712-1690*2_712-613*2_712-1685*2_712-1691*2_712-612*2_712-1684*2_712-1692*2_712-703*2_712-611*2_712-813*2_712-1683*2_712-610*2_712-702*2_712-814*2_712-1682*2_712-609*2_712-1681*2_712-701*2_712-608*2_712-1680*2_712-700*2_712-607*2_712-1679*2_712-606*2_712-1678*2_712-699*2_712-725*2_712-1771*2_712-605*2_712-1677*2_712-698*2_712-726*2_712-1770*2_712-604*2_712-1676*2_712-697*2_712-727*2_712-1769*2_712-603*2_712-1675*2_712-520*2_712-696*2_712-1592*2_712-1768*2_712-519*2_712-521*2_712-1591*2_712-1593*2_712-1975*2_712-518*2_712-522*2_712-602*2_712-1590*2_712-1594*2_712-1674*2_712-517*2_712-523*2_712-1589*2_712-1595*2_712-516*2_712-1588*2_712-1596*2_2349-2451*2_712-515*2_712-1587*2_712-1597*2_2246-456*2_2246-2144*2_712-601*2_712-695*2_712-1673*2_712-1767*2_712-514*2_712-1586*2_712-1598*2_2349-2452*2_2246-2143*2_712-513*2_712-1585*2_2246-455*2_2349-2453*2_712-512*2_712-600*2_712-1584*2_712-1672*2_712-694*2_712-1766*2_2246-2142*2_712-511*2_712-1583*2_2246-454*2_2349-2454*2_2349-765*2_2246-2234*2_712-599*2_712-1671*2_2246-2141*2_712-510*2_712-1582*2_2246-548*2_712-693*2_712-1765*2_2349-766*2_2349-2455*2_2246-453*2_712-509*2_712-1581*2_2349-767*2_2246-2140*2_712-598*2_712-1670*2_2246-2233*2_2246-547*2_712-508*2_712-692*2_712-1580*2_712-1764*2_2349-2456*2_2246-452*2_2246-2139*2_2246-368*2_2246-2232*2_2246-367*2_2246-369*2_2349-2457*2_2246-366*2_2246-370*2_2246-546*2_2246-365*2_2246-371*2_2246-451*2_2246-2138*2_2246-364*2_2246-372*2_2246-363*2_2246-373*2_2246-2231*2_2246-545*2_2246-362*2_2246-374*2_2246-450*2_2246-2137*2_2246-361*2_2246-375*2_2246-2054*2_2246-2230*2_2246-2053*2_2246-2055*2_2246-360*2_2246-376*2_2246-544*2_2246-2052*2_2246-2056*2_2246-2136*2_2246-2328*2_2246-449*2_2246-2051*2_2246-2057*2_2246-2050*2_2246-359*2_2246-377*2_2246-2049*2_2246-2135*2_2246-2229*2_2246-2327*2_2246-448*2_2246-2048*2_2246-543*2_2246-358*2_2246-378*2_2246-2047*2_2246-357*2_2246-379*2_2246-2046*2_2246-2134*2_2246-2326*2_2246-2228*2_2246-447*2_2246-542*2_2246-2045*2_2246-356*2_2246-380*2_2246-2133*2_2246-2325*2_2246-2044*2_2246-446*2_2246-2227*2_2246-355*2_2246-381*2_2246-541*2_2246-2043*2_2246-2132*2_2246-2324*2_2246-354*2_2246-382*2_2246-445*2_2246-2042*2_2246-2226*2_2246-2426*2_937-2090*1_1511-1499*3_976-1059*3_1511-1405*3_1511-1498*3_976-1058*3_1511-1404*3_976-1332*3_976-1333*3_1511-1497*3_976-1057*3_976-1334*3_1511-1403*3_976-1335*3_1511-771*3_1511-688*3_1511-1496*3_1511-687*3_1511-689*3_976-1056*3_976-1336*3_1511-686*3_1511-690*3_1511-1402*3_1511-685*3_1511-691*3_976-1337*3_1511-684*3_1511-770*3_1511-683*3_1511-1495*3_976-1338*3_1511-1401*3_1511-682*3_1511-1315*3_1511-681*3_1511-769*3_976-1157*3_976-1339*3_1511-1314*3_1511-680*3_1511-1400*3_1511-1494*3_1511-1313*3_976-1156*3_976-1340*3_1511-768*3_1511-1312*3_1511-679*3_1511-1311*3_1511-1399*3_1511-1493*3_1511-678*3_1511-1310*3_1511-677*3_1511-1398*3_1511-1309*3_1511-1492*3_1511-676*3_1511-1308*3_1511-1397*3_1511-675*3_1511-1307*3_1511-1491*3_2158-2155*2_2158-2154*2_2158-2252*2_2158-2147*2_2158-2146*2_2158-2245*2_2158-2244*2_2158-2145*2_2158-540*2_2158-2243*2_2158-457*2_2158-458*2_2158-459*2_2158-565*2_2158-2242*2_2158-460*2_2158-461*2_2158-462*2_2158-566*2_2158-2241*2_2158-463*2_2158-464*2_2158-2240*2_2158-567*2_2158-2347*2_2158-2346*2_2158-465*2_2158-2345*2_2158-2239*2_2158-568*2_2158-2344*2_2158-466*2_2158-2343*2_2158-467*2_2158-2238*2_2158-2342*2_2158-569*2_2158-2341*2_2158-444*2_2158-468*2_2158-2237*2_2158-2340*2_2158-570*2_2158-443*2_2158-469*2_2158-1955*2_2158-2339*2_2158-2236*2_2158-442*2_2158-470*2_2158-571*2_2158-1954*2_2158-2338*2_852-668*2_852-669*2_852-2450*2_852-670*2_852-2449*2_852-671*2_852-2448*2_790-789*3_790-788*3_790-787*3_790-786*3_790-785*3_790-784*3_790-1504*3_790-1503*3_790-1505*3_790-1502*3_790-1506*3_790-1501*3_790-1507*3_790-783*3_790-1500*3_790-1508*3_790-782*3_790-781*3_790-780*3_790-779*3_790-878*3_790-778*3_790-877*3_790-876*3_790-777*3_790-875*3_790-776*3_790-1408*3_790-1407*3_790-1409*3_790-1406*3_790-1410*3_790-1411*3_790-874*3_790-1412*3_790-1413*3_790-775*3_790-1414*3_790-1490*3_790-873*3_790-1415*3_790-774*3_790-872*3_790-1416*3_790-1489*3_790-594*3_790-1417*3_790-593*3_790-773*3_790-871*3_790-592*3_790-1488*3_790-1418*3_790-591*3_790-1419*3_790-590*3_790-870*3_790-772*3_790-1487*3_790-589*3_790-1396*3_790-1420*3_790-869*3_790-588*3_790-972*3_790-1486*3_790-1395*3_790-1421*3_790-587*3_790-971*3_790-868*3_790-1394*3_790-1422*3_790-1485*3_790-586*3_790-970*3_370-2321*3_370-279*3_2142-349*3_370-280*3_370-2320*3_2142-348*3_370-281*3_370-2319*3_370-282*3_2142-347*3_370-2318*3_370-283*3_517-406*3_517-500*3_517-1565*3_2142-346*3_517-319*3_370-2317*3_370-284*3_370-476*3_517-318*3_370-383*3_517-1564*3_517-1655*3_370-2219*3_2142-1949*3_517-317*3_517-405*3_2142-1948*3_2142-345*3_517-499*3_370-2316*3_2142-1947*3_370-285*3_370-477*3_2142-1946*3_517-316*3_517-1563*3_2142-255*3_2142-1945*3_370-2424*3_517-1654*3_370-2423*3_370-2425*3_517-404*3_370-2218*3_370-2422*3_2142-2031*3_2142-2253*3_517-315*3_2142-344*3_2142-1944*3_370-2315*3_370-2421*3_370-2427*3_517-498*3_2142-254*3_370-286*3_370-478*3_517-1562*3_370-2420*3_370-2428*3_517-1749*3_2142-1943*3_517-314*3_370-2419*3_370-2429*3_2142-253*3_517-1653*3_517-403*3_2142-1942*3_2142-2030*3_370-2217*3_2142-343*3_517-1561*3_370-2314*3_370-2418*3_370-2430*3_370-287*3_370-479*3_517-313*3_517-337*3_517-497*3_2142-1941*3_2142-252*3_370-2417*3_370-2431*3_2142-2029*3_370-178*3_370-177*3_370-179*3_2142-1940*3_370-176*3_370-180*3_370-2216*3_370-2416*3_370-2432*3_2142-342*3_370-2313*3_2142-251*3_370-175*3_370-181*3_370-174*3_370-182*3_2142-1939*3_370-2415*3_370-2433*3_370-173*3_370-183*3_2142-2028*3_2142-250*3_370-172*3_370-184*3_370-2312*3_2142-341*3_370-2215*3_2142-1938*3_370-2414*3_370-2434*3_370-171*3_370-185*3_370-2413*3_370-2435*3_370-170*3_370-186*3_370-2121*3_370-2311*3_370-2214*3_370-169*3_370-187*3_370-2412*3_370-2436*3_370-168*3_370-188*3_370-572*3_370-2120*3_370-2310*3_370-2213*3_370-2411*3_370-2437*3_370-167*3_370-189*3_370-573*3_370-2119*3_370-2410*3_370-2438*3_370-2309*3_370-166*3_370-190*3_370-574*3_1616-1069*3_1616-1068*3_1616-1067*3_1616-1066*3_1616-1534*3_1616-1427*3_1616-1428*3_1616-1429*3_1616-1065*3_1616-1535*3_1616-1170*3_1616-1430*3_1616-1169*3_1616-1431*3_1616-1064*3_1616-1168*3_1616-1432*3_1616-1167*3_1616-1433*3_1616-1063*3_1616-1166*3_1616-1434*3_1616-1165*3_1616-1435*3_1616-1062*3_1616-1164*3_1616-1436*3_1312-1324*4_1312-1325*4_676-1389*4_1312-1326*4_676-1388*4_1312-1327*4_676-1291*4_676-1387*4_1312-960*4_1312-1328*4_1312-961*4_1312-962*4_1312-963*4_676-1290*4_676-1386*4_1312-1329*4_676-1289*4_676-1385*4_676-484*4_676-483*4_676-485*4_676-482*4_676-486*4_1312-1330*4_676-481*4_676-487*4_676-480*4_676-488*4_676-1288*4_676-1384*4_676-489*4_676-490*4_1312-1331*4_676-1287*4_676-1383*4_676-1286*4_676-1382*4_676-1285*4_676-1381*4_1987-2069*1_665-667*2_665-2354*2_665-662*2_665-2447*2_665-2446*2_665-2445*2_665-2444*2_665-2443*2_665-2442*2_665-2441*2_665-575*2_665-2440*2_665-2439*2_665-2337*2_665-473*2_665-472*2_665-474*2_665-2336*2_665-471*2_665-475*2_665-747*2_665-746*2_665-2335*2_665-745*2_665-2166*2_665-2334*2_665-2333*2_605-1579*3_605-1578*3_605-507*3_605-506*3_605-1577*3_605-505*3_605-504*3_605-1576*3_605-503*3_605-1575*3_605-502*3_605-1574*3_605-501*3_605-1669*3_605-1573*3_605-1668*3_605-1572*3_605-1667*3_605-1571*3_605-1666*3_605-1570*3_605-1665*3_605-1479*3_605-1569*3_605-413*3_605-412*3_605-414*3_605-411*3_605-415*3_605-410*3_605-416*3_605-1664*3_605-1478*3_605-409*3_605-417*3_605-408*3_605-418*3_605-1568*3_605-1477*3_605-1763*3_605-407*3_605-419*3_605-1663*3_605-420*3_605-1476*3_605-1567*3_605-1762*3_605-421*3_605-1662*3_605-422*3_605-1475*3_605-1761*3_605-1566*3_605-423*3_605-1474*3_605-1661*3_605-402*3_605-424*3_605-1760*3_605-1473*3_605-401*3_605-425*3_1956-1953*2_1956-440*2_1956-1952*2_1956-439*2_1956-441*2_1956-438*2_1956-437*2_1956-1951*2_1956-436*2_1956-1950*2_1956-435*2_1956-434*2_1956-1860*2_1956-433*2_1956-1859*2_1956-1861*2_1956-1858*2_1956-1857*2_1956-432*2_1956-1856*2_1956-1855*2_1956-431*2_1956-1854*2_1956-1853*2_1956-430*2_1956-1852*2_1956-429*2_1956-1851*2_1956-340*2_1956-428*2_1956-1850*2_1956-339*2_1956-338*2_1956-427*2_1956-1849*2_1956-336*2_1956-1848*2_1956-426*2_1956-335*2_1956-1847*2_1956-334*2_1956-1846*2_1956-333*2_1956-1759*2_1956-332*2_1956-1845*2_1956-1758*2_1956-1757*2_1956-331*2_1956-1756*2_1956-1844*2_1956-1755*2_1956-330*2_1956-1843*2_1956-2035*2_1956-1754*2_1956-1937*2_1956-329*2_1956-1753*2_1956-1842*2_1956-2034*2_1956-248*2_1956-328*2_1956-1752*2_1956-1936*2_2240-260*3_756-2167*2_587-1305*4_587-1306*4_587-1284*4_587-1283*4_587-389*4_587-388*4_587-1282*4_587-387*4_587-1374*4_587-386*4_587-1281*4_587-385*4_587-1373*4_587-384*4_587-1280*4_2315-2308*4_2315-191*4_2315-2307*4_2315-2409*4_2315-2408*4_2315-2407*4_2315-2306*4_2315-2406*4_2315-2305*4_2315-2405*4_2315-2212*4_2315-2404*4_2315-88*4_2315-2304*4_2315-87*4_2315-89*4_2315-86*4_2315-90*4_2315-2211*4_2315-2403*4_2315-85*4_2315-91*4_2315-84*4_2315-92*4_2315-2210*4_2315-2402*4_2315-83*4_2315-93*4_2315-82*4_2315-94*4_2315-2209*4_2315-2401*4_2315-81*4_2315-95*4_2315-80*4_2315-2208*4_2315-2400*4_2315-79*4_2315-78*4_2315-77*4_2315-2123*4_2315-2122*4_2315-2124*4_2315-2125*4_2315-76*4_2315-2118*4_2315-75*4_2315-2117*4_2315-2116*4_2315-74*4_2315-2115*4_2315-2114*4_2315-73*4_2315-2113*4_2315-165*4_2315-72*4_2315-2112*4_1958-350*2_1958-2041*2_1958-351*2_1958-352*2_1958-2040*2_1958-353*2_1958-2039*2_1958-2038*2_1958-2037*2_1958-2036*2_1578-597*4_1578-596*4_1578-595*4_1578-1482*4_1578-1481*4_1578-1483*4_1578-496*4_1578-1480*4_1578-1484*4_1578-495*4_1578-494*4_1578-493*4_1578-492*4_1578-400*4_1578-1472*4_1578-491*4_1578-399*4_1578-1471*4_1578-398*4_1578-1470*4_1578-397*4_1578-1469*4_1578-396*4_1578-1468*4_1578-1660*4_1578-585*4_1578-395*4_1578-1390*4_1578-1391*4_1578-1467*4_1578-1659*4_1578-584*4_1578-1380*4_1578-1392*4_1578-394*4_1578-1379*4_1578-1393*4_1578-1378*4_1578-1466*4_1578-1658*4_1578-312*4_1578-1560*4_1578-311*4_1578-393*4_1578-583*4_1578-310*4_1578-309*4_1578-1377*4_1578-308*4_1578-307*4_1578-1465*4_1578-1657*4_1578-392*4_1578-1376*4_1578-306*4_1578-582*4_1578-1559*4_1578-305*4_1578-1375*4_1578-304*4_1578-320*4_1578-1464*4_1578-1656*4_1578-391*4_1578-581*4_1578-1558*4_890-969*3_890-1423*3_890-968*3_890-1424*3_2136-2131*3_2136-2130*3_2136-2129*3_2136-264*3_2136-2128*3_2136-263*3_2136-265*3_2136-262*3_2136-266*3_2136-261*3_2136-267*3_2136-268*3_2136-2127*3_2136-259*3_2136-258*3_2136-2126*3_2136-257*3_2136-2033*3_2136-256*3_2136-2032*3_2136-2027*3_2136-2026*3_2136-164*3_2136-163*3_2136-249*3_2136-2025*3_2136-162*3_2136-161*3_2136-160*3_2136-2024*3_2136-159*3_2136-1935*3_2136-247*3_2136-2023*3_2136-158*3_2136-1934*3_2136-157*3_2136-1933*3_2136-246*3_2136-2022*3_2136-156*3_2136-1932*3_2034-1931*3_2034-155*3_2034-245*3_2034-1930*3_2034-154*3_2034-1929*3_2034-244*3_2034-153*3_2034-152*3_2034-1928*3_2034-2021*3_2034-243*3_2034-151*3_2034-1927*3_2034-2020*3_2034-150*3_2034-242*3_2034-1926*3_2034-149*3_2034-2019*3_2034-241*3_2034-1925*3_2034-148*3_2034-2018*3_2034-1841*3_2034-240*3_2034-1840*3_2034-1924*3_2034-1839*3_2034-147*3_2034-1838*3_2034-1837*3_2034-1923*3_2034-2017*3_2034-1836*3_2034-239*3_2034-146*3_2034-1835*3_2034-1834*3_2034-1922*3_2034-64*3_2034-2016*3_2034-63*3_2034-65*3_2034-145*3_2034-62*3_2034-66*3_2034-238*3_2034-61*3_2034-67*3_2034-1833*3_2034-60*3_2034-68*3_2034-59*3_2034-69*3_2034-1921*3_2034-144*3_2034-1832*3_2034-58*3_2034-70*3_2034-237*3_2034-57*3_2034-71*3_2034-1831*3_2034-56*3_2034-1920*3_2034-143*3_2034-1830*3_1764-327*3_1764-326*3_1764-325*3_1764-324*3_1764-323*3_1764-1751*3_1764-322*3_1764-321*3_1764-1750*3_1764-1748*3_1764-1747*3_1764-1652*3_1764-1746*3_1764-1651*3_1764-1745*3_1764-1650*3_1764-232*3_1764-1744*3_375-2329*3_375-2330*3_375-2331*3_375-2332*3_375-2323*3_375-2322*3_375-278*3_375-277*3_375-276*3_886-867*3_886-866*3_1288-1292*5_1288-1293*5_1288-1294*5_1288-1295*5_1288-576*5_1288-1296*5_1288-577*5_1288-578*5_1288-579*5_1288-580*5_1288-1297*5_1288-1298*5_1288-1299*5_1938-236*4_1938-235*4_1938-142*4_1938-234*4_1938-141*4_1938-233*4_1938-1829*4_1938-140*4_1938-1828*4_1938-1743*4_1938-139*4_1938-1742*4_1938-1741*4_1938-1827*4_1938-1740*4_1938-231*4_1938-138*4_1938-1739*4_1938-1738*4_1938-1826*4_1938-55*4_1938-137*4_1938-54*4_1938-230*4_1938-53*4_1938-1737*4_1938-52*4_1938-51*4_1938-1825*4_1938-136*4_1938-1736*4_1938-50*4_1938-229*4_1938-49*4_1938-1735*4_1938-48*4_1938-1824*4_1938-135*4_1938-1734*4_1466-303*5_1466-302*5_1466-1463*5_1466-301*5_1466-1462*5_1466-1461*5_1466-1460*5_1466-1459*5_1466-1458*5_1466-1457*5_1466-1365*5_1466-1557*5_1466-208*5_1466-1364*5_1466-1456*5_1466-1556*5_1466-207*5_1466-209*5_1466-206*5_1466-210*5_1466-205*5_1466-211*5_1466-1363*5_1466-1555*5_1466-204*5_1466-212*5_1466-1455*5_1466-203*5_1466-213*5_1466-1362*5_1466-1554*5_1466-202*5_1466-214*5_1466-1454*5_1466-1361*5_1466-1553*5_1466-201*5_1466-215*5_1466-200*5_1466-216*5_1466-1360*5_1466-1552*5_1466-1453*5_1466-199*5_1466-217*5_1466-1359*5_1466-1551*5_1466-1452*5_1466-198*5_1466-218*5_1466-1358*5_1466-1550*5_1466-197*5_1466-219*5_1466-1451*5_1466-1357*5_1466-1549*5_1466-196*5_1466-220*5_1466-1450*5_1466-1356*5_1466-1548*5_1466-195*5_1466-221*5_1466-1355*5_1466-1449*5_1466-1547*5_1466-194*5_1466-222*5_1466-1267*5_1466-1266*5_1466-1354*5_1466-1546*5_1466-112*5_1466-1448*5_1466-111*5_1466-113*5_1466-193*5_1466-223*5_1466-110*5_1466-114*5_1466-109*5_1466-115*5_1466-1265*5_1466-1649*5_1466-108*5_1466-116*5_1466-107*5_1466-117*5_1466-1353*5_1466-1545*5_1466-192*5_1466-224*5_1466-1264*5_1466-1648*5_1466-106*5_1466-118*5_1466-1447*5_1466-105*5_1466-119*5_1466-1263*5_1466-1647*5_1466-104*5_1466-120*5_1466-1352*5_1466-1544*5_1466-225*5_1466-1262*5_1466-1446*5_1466-1646*5_1414-865*4_1414-1318*4_1414-1317*4_1414-1319*4_1414-864*4_1414-1316*4_1414-1320*4_1414-1321*4_1414-1322*4_1414-1323*4_1414-967*4_1414-966*4_1414-965*4_1414-964*4_1414-1425*4_1414-1426*4_1414-1061*4_1414-1060*4_2324-2235*3_251-47*4_406-300*4_406-299*4_406-298*4_406-1372*4_406-1371*4_406-1370*4_406-297*4_406-1369*4_406-390*4_406-296*4_406-1368*4_406-1367*4_406-295*4_406-1366*4_406-294*4_406-293*4_406-292*4_406-226*4_2231-2225*3_2231-272*3_2231-2224*3_2231-271*3_2231-273*3_2231-270*3_2231-274*3_2231-269*3_2231-275*3_2231-2223*3_2231-2222*3_2231-2221*3_2231-2220*3_1157-1158*4_1157-1155*4_1157-1159*4_1157-1154*4_1157-1160*4_1157-1439*4_1157-1438*4_1157-1153*4_1157-1161*4_1157-1437*4_1157-1152*4_1157-1162*4_1157-1343*4_1157-1342*4_1157-1341*4_1157-1163*4_1496-674*4_1496-673*4_1496-672*4_1496-1304*4_1496-1303*4_1496-1302*4_1496-1301*4_1496-1300*4_1376-1279*5_1376-1278*5_1376-1277*5_1376-1276*5_1376-291*5_1376-1275*5_1376-290*5_1376-1274*5_1376-289*5_1376-1273*5_1376-288*5_1376-1272*5_1376-1271*5_1376-1270*5_1376-1269*5_1376-1268*5_312-1543*5_312-1542*5_312-1541*5_312-1540*5_141-1733*5_141-1732*5_141-134*5_141-1731*5_141-1730*5_141-45*5_141-133*5_141-44*5_141-46*5_141-43*5_141-42*5_141-1729*5_141-41*5_141-40*5_141-1728*5_141-39*5_141-38*5_141-37*5_141-36*5_141-35*5_141-1637*5_141-34*5_141-1636*5_141-1635*5_141-1634*5_141-33*5_141-1633*5_141-32*5_141-1632*5_141-31*5_141-30*5_141-29*5_141-28*5_141-27*5_420-228*4_420-227*4_420-1645*4_1546-121*6_1546-122*6_1546-123*6_1546-124*6_1546-125*6_1546-126*6_1546-1539*6_1546-127*6_1546-1538*6_1546-1642*6_1546-1641*6_1546-1643*6_1546-128*6_1546-1640*6_1546-1644*6_1546-1639*6_1546-1638*6_1546-1537*6_1546-129*6_1546-1445*6_1546-24*6_1546-1444*6_1546-1536*6_1546-23*6_1546-25*6_1546-22*6_1546-26*6_1546-130*6_1546-21*6_1546-1443*6_1546-20*6_1546-19*6_1546-131*6_1546-1442*6_1546-18*6_1546-1441*6_1546-132*6_1546-17*6_1546-16*6_1546-1440*6_1546-15*6_1546-14*6_1546-13*6_1546-12*6_1546-1351*6_1546-11*6_1546-1350*6_1546-1349*6_1546-1348*6_1546-103*6_1546-10*6_1546-1347*6_1546-1346*6_1546-9*6_1546-102*6_1546-1345*6_1546-8*6_1546-1344*6_1546-101*6_1546-7*6_386-1261*5_1262-1259*6_1262-1258*6_1262-1257*6_1262-96*6_1262-1256*6_1262-97*6_1262-98*6_1262-99*6_1262-1255*6_1262-1254*6_1262-1253*6_1262-1252*6_1262-1251*6_1262-1250*6_1262-1249*6_1262-0*6_1262-1248*6_1262-1*6_1262-2*6_1262-3*6_1262-4*6_196-1260*6_196-100*6_196-5*6_196-6*6_
