"id","Scenario","Actual Range","Protocol","Buildings","Total nodes","Nodes on circ","Total coverage","Coverage on circ","Alert received mean time","Hops","Slots","Messages sent","Messages received", "Starting x", "Starting y","Starting node", "Vehicle distance", "Received node ids", "Node ids", "Transmission map", "Received on circ nodes", "Transmission vector"
0,1,300,100,1,1776,80,733,37,64442.1,9.05405,61.7838,341,733,1153.84,1884.7,310,25,309_311_308_312_314_274_315_273_316_272_279_310_271_281_848_849_270_278_850_282_259_268_277_257_276_263_288_256_275_289_294_290_331_292_332_216_217_218_317_318_319_320_321_1195_1460_1461_1462_1463_229_333_228_264_262_265_261_260_1191_1464_1459_1458_735_221_220_219_847_175_176_173_177_178_181_174_179_215_214_203_212_204_184_205_1473_1474_1471_337_341_338_339_340_751_343_140_139_206_138_141_207_137_142_208_143_209_172_171_201_170_334_342_168_222_226_266_227_223_750_267_749_1469_185_183_186_182_187_8_9_10_74_1740_11_211_12_210_1741_1742_13_15_145_605_134_144_606_135_607_1470_1472_1563_7_188_189_100_671_101_16_103_17_684_685_133_99_190_98_192_97_96_193_95_194_94_195_6_70_117_5_68_75_1775_4_67_76_112_66_77_1737_65_78_124_126_123_122_656_612_724_742_743_835_73_18_83_1711_1712_82_1709_19_20_21_22_1708_1707_679_1736_1735_1706_681_1705_86_71_93_87_92_88_89_85_64_84_655_121_120_119_611_610_118_658_609_115_659_660_661_608_614_616_1494_1495_649_33_35_34_1713_60_52_51_615_642_617_641_618_640_619_639_620_116_638_621_637_622_623_625_626_632_631_167_166_165_53_1704_1703_682_1702_1689_1701_1690_23_1695_24_1694_26_27_1664_28_1667_1625_29_1714_30_32_31_54_37_38_63_61_62_59_46_48_49_39_81_79_824_744_745_846_857_870_865_871_872_873_874_875_55_741_867_531_532_533_561_562_563_564_627_628_630_643_629_633_636_644_634_645_57_648_1668_344_345_346_351_348_352_593_594_381_647_672_111_675_43_869_50_40_56_41_42_45_44_678_109_108_379_567_383_592_571_572_676_677_528_529_530_503_504_505_90_72_683_864_868_813_355_802_354_359_568_372_378_595_384_104_1738_382_385_441_440_156_155_596_575_152_501_422_570_353_587_357_163_356_162_161_588_160_589_159_590_157_154_151_164_576_577_582_581_500_494_499_493_492_490_506_507_459_373_350_153_519_421_420_1468_1562_1561_1560_150_518_419_517_418_417_105_106_107_670_586_439_432_431_430_442_110_585_433_434_429_436_443_437_444_428_438_427_426_425_423_415_604_573_574_410_412_397_403_392_404_390_405_389_560_388_387_414_395_396_394_416_393_374_375_376_1399_445_448_411_409_386_196_667_566_565_398_1496_1497_1498_1500_603_650_230_255_516_515_1190_1189_1187_1186_1174_377_827_1388_828_1014_1013_1012_1002_1001_998_997_1501_1502_1503_1528_996_950_1130_1163_1164_1185_1527_1774_1739_1734_1457_1465_666_665_664_673_674_1504_1526_1531_1530_349_371_360_361_1505_1525_1551_1524_1529_949_943_948_946_947_962_1026_1027_1028_1029_370_961_959_979_958_945_974_942_364_1519_1691_368_367_366_365_408_407_406_1520_1522_1518_748_362_363_980_976_978_981_964_965_963_967_960_994_995_941_970_940_971_939_1467_1517_975_983_982_973_972_984_985_986_987_956_954_747_559_556_555_554_534_1541_1516_1377_1344_149_584_148_146_1188_1177_1010_933_1355_1009_1025_1366_1008_1007_1006_1017_922_944_900_955_911_1011_966_1022_1033_1044_977_988_1000_993_1024_992_1023_991_1021_1020_953_957_1005_1055_889_1310_877_866_779_668_557_1199_1210_1542_1515_1533_1534_1221_1332_1443_1554_1110_1_0_888_999_1540_1539_1066_1077_446_1088_335_1099_224_1111_113_1122_2_1133_1665_1144_969_968_990_1155_1166_989_,0_1_2_3_4_5_6_7_8_9_10_11_12_13_14_15_16_17_18_19_20_21_22_23_24_25_26_27_28_29_30_31_32_33_34_35_36_37_38_39_40_41_42_43_44_45_46_47_48_49_50_51_52_53_54_55_56_57_58_59_60_61_62_63_64_65_66_67_68_69_70_71_72_73_74_75_76_77_78_79_80_81_82_83_84_85_86_87_88_89_90_91_92_93_94_95_96_97_98_99_100_101_102_103_104_105_106_107_108_109_110_111_112_113_114_115_116_117_118_119_120_121_122_123_124_125_126_127_128_129_130_131_132_133_134_135_136_137_138_139_140_141_142_143_144_145_146_147_148_149_150_151_152_153_154_155_156_157_158_159_160_161_162_163_164_165_166_167_168_169_170_171_172_173_174_175_176_177_178_179_180_181_182_183_184_185_186_187_188_189_190_191_192_193_194_195_196_197_198_199_200_201_202_203_204_205_206_207_208_209_210_211_212_213_214_215_216_217_218_219_220_221_222_223_224_225_226_227_228_229_230_231_232_233_234_235_236_237_238_239_240_241_242_243_244_245_246_247_248_249_250_251_252_253_254_255_256_257_258_259_260_261_262_263_264_265_266_267_268_269_270_271_272_273_274_275_276_277_278_279_280_281_282_283_284_285_286_287_288_289_290_291_292_293_294_295_296_297_298_299_300_301_302_303_304_305_306_307_308_309_310_311_312_313_314_315_316_317_318_319_320_321_322_323_324_325_326_327_328_329_330_331_332_333_334_335_336_337_338_339_340_341_342_343_344_345_346_347_348_349_350_351_352_353_354_355_356_357_358_359_360_361_362_363_364_365_366_367_368_369_370_371_372_373_374_375_376_377_378_379_380_381_382_383_384_385_386_387_388_389_390_391_392_393_394_395_396_397_398_399_400_401_402_403_404_405_406_407_408_409_410_411_412_413_414_415_416_417_418_419_420_421_422_423_424_425_426_427_428_429_430_431_432_433_434_435_436_437_438_439_440_441_442_443_444_445_446_447_448_449_450_451_452_453_454_455_456_457_458_459_460_461_462_463_464_465_466_467_468_469_470_471_472_473_474_475_476_477_478_479_480_481_482_483_484_485_486_487_488_489_490_491_492_493_494_495_496_497_498_499_500_501_502_503_504_505_506_507_508_509_510_511_512_513_514_515_516_517_518_519_520_521_522_523_524_525_526_527_528_529_530_531_532_533_534_535_536_537_538_539_540_541_542_543_544_545_546_547_548_549_550_551_552_553_554_555_556_557_558_559_560_561_562_563_564_565_566_567_568_569_570_571_572_573_574_575_576_577_578_579_580_581_582_583_584_585_586_587_588_589_590_591_592_593_594_595_596_597_598_599_600_601_602_603_604_605_606_607_608_609_610_611_612_613_614_615_616_617_618_619_620_621_622_623_624_625_626_627_628_629_630_631_632_633_634_635_636_637_638_639_640_641_642_643_644_645_646_647_648_649_650_651_652_653_654_655_656_657_658_659_660_661_662_663_664_665_666_667_668_669_670_671_672_673_674_675_676_677_678_679_680_681_682_683_684_685_686_687_688_689_690_691_692_693_694_695_696_697_698_699_700_701_702_703_704_705_706_707_708_709_710_711_712_713_714_715_716_717_718_719_720_721_722_723_724_725_726_727_728_729_730_731_732_733_734_735_736_737_738_739_740_741_742_743_744_745_746_747_748_749_750_751_752_753_754_755_756_757_758_759_760_761_762_763_764_765_766_767_768_769_770_771_772_773_774_775_776_777_778_779_780_781_782_783_784_785_786_787_788_789_790_791_792_793_794_795_796_797_798_799_800_801_802_803_804_805_806_807_808_809_810_811_812_813_814_815_816_817_818_819_820_821_822_823_824_825_826_827_828_829_830_831_832_833_834_835_836_837_838_839_840_841_842_843_844_845_846_847_848_849_850_851_852_853_854_855_856_857_858_859_860_861_862_863_864_865_866_867_868_869_870_871_872_873_874_875_876_877_878_879_880_881_882_883_884_885_886_887_888_889_890_891_892_893_894_895_896_897_898_899_900_901_902_903_904_905_906_907_908_909_910_911_912_913_914_915_916_917_918_919_920_921_922_923_924_925_926_927_928_929_930_931_932_933_934_935_936_937_938_939_940_941_942_943_944_945_946_947_948_949_950_951_952_953_954_955_956_957_958_959_960_961_962_963_964_965_966_967_968_969_970_971_972_973_974_975_976_977_978_979_980_981_982_983_984_985_986_987_988_989_990_991_992_993_994_995_996_997_998_999_1000_1001_1002_1003_1004_1005_1006_1007_1008_1009_1010_1011_1012_1013_1014_1015_1016_1017_1018_1019_1020_1021_1022_1023_1024_1025_1026_1027_1028_1029_1030_1031_1032_1033_1034_1035_1036_1037_1038_1039_1040_1041_1042_1043_1044_1045_1046_1047_1048_1049_1050_1051_1052_1053_1054_1055_1056_1057_1058_1059_1060_1061_1062_1063_1064_1065_1066_1067_1068_1069_1070_1071_1072_1073_1074_1075_1076_1077_1078_1079_1080_1081_1082_1083_1084_1085_1086_1087_1088_1089_1090_1091_1092_1093_1094_1095_1096_1097_1098_1099_1100_1101_1102_1103_1104_1105_1106_1107_1108_1109_1110_1111_1112_1113_1114_1115_1116_1117_1118_1119_1120_1121_1122_1123_1124_1125_1126_1127_1128_1129_1130_1131_1132_1133_1134_1135_1136_1137_1138_1139_1140_1141_1142_1143_1144_1145_1146_1147_1148_1149_1150_1151_1152_1153_1154_1155_1156_1157_1158_1159_1160_1161_1162_1163_1164_1165_1166_1167_1168_1169_1170_1171_1172_1173_1174_1175_1176_1177_1178_1179_1180_1181_1182_1183_1184_1185_1186_1187_1188_1189_1190_1191_1192_1193_1194_1195_1196_1197_1198_1199_1200_1201_1202_1203_1204_1205_1206_1207_1208_1209_1210_1211_1212_1213_1214_1215_1216_1217_1218_1219_1220_1221_1222_1223_1224_1225_1226_1227_1228_1229_1230_1231_1232_1233_1234_1235_1236_1237_1238_1239_1240_1241_1242_1243_1244_1245_1246_1247_1248_1249_1250_1251_1252_1253_1254_1255_1256_1257_1258_1259_1260_1261_1262_1263_1264_1265_1266_1267_1268_1269_1270_1271_1272_1273_1274_1275_1276_1277_1278_1279_1280_1281_1282_1283_1284_1285_1286_1287_1288_1289_1290_1291_1292_1293_1294_1295_1296_1297_1298_1299_1300_1301_1302_1303_1304_1305_1306_1307_1308_1309_1310_1311_1312_1313_1314_1315_1316_1317_1318_1319_1320_1321_1322_1323_1324_1325_1326_1327_1328_1329_1330_1331_1332_1333_1334_1335_1336_1337_1338_1339_1340_1341_1342_1343_1344_1345_1346_1347_1348_1349_1350_1351_1352_1353_1354_1355_1356_1357_1358_1359_1360_1361_1362_1363_1364_1365_1366_1367_1368_1369_1370_1371_1372_1373_1374_1375_1376_1377_1378_1379_1380_1381_1382_1383_1384_1385_1386_1387_1388_1389_1390_1391_1392_1393_1394_1395_1396_1397_1398_1399_1400_1401_1402_1403_1404_1405_1406_1407_1408_1409_1410_1411_1412_1413_1414_1415_1416_1417_1418_1419_1420_1421_1422_1423_1424_1425_1426_1427_1428_1429_1430_1431_1432_1433_1434_1435_1436_1437_1438_1439_1440_1441_1442_1443_1444_1445_1446_1447_1448_1449_1450_1451_1452_1453_1454_1455_1456_1457_1458_1459_1460_1461_1462_1463_1464_1465_1466_1467_1468_1469_1470_1471_1472_1473_1474_1475_1476_1477_1478_1479_1480_1481_1482_1483_1484_1485_1486_1487_1488_1489_1490_1491_1492_1493_1494_1495_1496_1497_1498_1499_1500_1501_1502_1503_1504_1505_1506_1507_1508_1509_1510_1511_1512_1513_1514_1515_1516_1517_1518_1519_1520_1521_1522_1523_1524_1525_1526_1527_1528_1529_1530_1531_1532_1533_1534_1535_1536_1537_1538_1539_1540_1541_1542_1543_1544_1545_1546_1547_1548_1549_1550_1551_1552_1553_1554_1555_1556_1557_1558_1559_1560_1561_1562_1563_1564_1565_1566_1567_1568_1569_1570_1571_1572_1573_1574_1575_1576_1577_1578_1579_1580_1581_1582_1583_1584_1585_1586_1587_1588_1589_1590_1591_1592_1593_1594_1595_1596_1597_1598_1599_1600_1601_1602_1603_1604_1605_1606_1607_1608_1609_1610_1611_1612_1613_1614_1615_1616_1617_1618_1619_1620_1621_1622_1623_1624_1625_1626_1627_1628_1629_1630_1631_1632_1633_1634_1635_1636_1637_1638_1639_1640_1641_1642_1643_1644_1645_1646_1647_1648_1649_1650_1651_1652_1653_1654_1655_1656_1657_1658_1659_1660_1661_1662_1663_1664_1665_1666_1667_1668_1669_1670_1671_1672_1673_1674_1675_1676_1677_1678_1679_1680_1681_1682_1683_1684_1685_1686_1687_1688_1689_1690_1691_1692_1693_1694_1695_1696_1697_1698_1699_1700_1701_1702_1703_1704_1705_1706_1707_1708_1709_1710_1711_1712_1713_1714_1715_1716_1717_1718_1719_1720_1721_1722_1723_1724_1725_1726_1727_1728_1729_1730_1731_1732_1733_1734_1735_1736_1737_1738_1739_1740_1741_1742_1743_1744_1745_1746_1747_1748_1749_1750_1751_1752_1753_1754_1755_1756_1757_1758_1759_1760_1761_1762_1763_1764_1765_1766_1767_1768_1769_1770_1771_1772_1773_1774_1775_,11:{684;685;}15:{73;18;83;1711;1712;82;1709;19;20;21;22;1708;1707;679;1736;1735;1706;681;1705;}19:{1713;60;}23:{39;81;79;}28:{55;}33:{32;31;54;37;38;63;61;62;59;46;48;49;}48:{43;}49:{676;677;}53:{50;40;56;41;42;45;44;678;109;108;}65:{35;34;52;51;}76:{33;}77:{53;}84:{57;648;}89:{90;72;683;}100:{104;1738;}104:{105;106;107;670;}107:{110;}124:{655;121;120;119;611;610;118;658;609;115;659;660;661;608;614;616;}142:{145;605;134;144;606;135;607;}145:{133;}152:{604;}154:{585;}156:{149;584;148;146;}157:{150;}167:{573;574;}168:{167;166;165;}173:{172;171;201;170;334;342;168;222;226;266;227;}181:{1774;1739;1734;}184:{185;183;186;182;187;8;9;10;74;1740;11;211;12;210;1741;1742;13;15;}186:{7;188;189;100;671;101;16;103;17;}189:{99;190;98;192;97;96;193;95;194;94;195;6;70;117;5;68;75;1775;4;67;76;112;66;77;1737;65;78;}195:{86;71;93;87;92;88;89;85;64;84;}214:{124;126;123;122;656;612;}217:{337;341;338;339;340;751;343;140;139;206;138;141;207;137;142;208;143;209;}218:{748;}219:{223;750;267;749;}256:{230;255;}274:{272;279;310;}279:{271;281;848;849;270;278;850;282;259;268;277;257;276;263;288;256;275;289;294;290;331;292;332;216;217;218;}290:{221;220;219;847;175;176;173;177;178;181;174;179;215;214;203;212;204;184;205;}310:{309;311;308;312;314;274;315;273;316;}316:{317;318;319;320;321;1195;1460;1461;1462;1463;}321:{1191;1464;1459;1458;}331:{229;333;228;264;262;265;261;260;}332:{735;}343:{344;345;346;351;348;352;593;594;381;}350:{349;371;360;361;}359:{370;}361:{362;363;}371:{368;367;366;365;408;407;406;}373:{374;375;376;}376:{377;}377:{364;}378:{373;350;}381:{382;385;441;440;156;155;596;575;152;}385:{386;}416:{445;448;411;409;}422:{518;419;517;418;417;}423:{414;395;396;394;416;393;}425:{412;392;390;389;388;387;}428:{410;397;403;404;405;560;}431:{566;565;398;}432:{433;434;429;436;443;437;444;428;438;427;426;425;423;415;}501:{500;494;499;493;492;490;506;507;459;}505:{519;421;420;}517:{516;515;}530:{501;422;}560:{559;556;555;554;534;}564:{528;529;530;503;504;505;}575:{586;439;432;431;430;442;}589:{164;576;577;582;581;}590:{153;}593:{570;353;587;357;163;356;162;161;588;160;589;159;590;157;154;151;}594:{379;567;383;592;571;572;}604:{603;650;}606:{649;}608:{615;642;617;641;618;640;619;639;620;116;638;621;637;622;623;625;626;632;631;}609:{196;667;}625:{627;628;630;643;629;633;636;644;634;645;}648:{647;672;111;675;}671:{666;665;664;673;674;}682:{1691;}735:{724;742;743;835;}743:{824;744;745;846;857;870;865;871;872;873;874;875;}748:{747;}824:{869;}835:{741;867;}857:{864;868;813;355;802;354;359;568;372;378;595;384;}873:{531;532;533;561;562;563;564;}900:{889;1310;877;866;779;668;557;}933:{922;944;900;955;911;1011;966;1022;1033;1044;}950:{949;943;948;946;947;962;1026;1027;1028;1029;}954:{957;}962:{994;995;941;970;940;971;939;}965:{990;}966:{977;988;1000;993;1024;992;1023;991;1021;1020;953;}974:{975;983;982;973;972;984;985;986;987;}979:{980;976;978;981;964;965;963;967;960;}997:{996;950;}1006:{1005;}1007:{1017;}1028:{961;959;979;958;945;974;942;}1029:{956;954;}1044:{1055;}1055:{1066;1077;446;1088;335;1099;224;1111;113;1122;2;1133;1665;}1133:{1144;969;968;}1144:{1155;1166;989;}1174:{1130;1163;1164;1185;}1188:{1199;1210;}1191:{1190;1189;1187;1186;1174;}1332:{1110;1;0;888;999;1540;1539;}1344:{1188;1177;1010;933;1355;1009;1025;1366;1008;1007;1006;}1388:{1377;1344;}1399:{827;1388;828;1014;1013;1012;1002;1001;998;997;}1458:{1457;1465;}1460:{1473;1474;1471;}1465:{1467;}1469:{1468;1562;1561;1560;}1471:{1470;1472;1563;}1472:{1399;}1473:{1469;}1474:{1494;1495;}1495:{1496;1497;1498;1500;}1500:{1501;1502;1503;1528;}1501:{1527;}1502:{1504;1526;1531;1530;}1517:{1541;1516;}1519:{1517;}1524:{1520;1522;1518;}1526:{1519;}1528:{1505;1525;1551;1524;1529;}1534:{1221;1332;1443;1554;}1541:{1542;1515;1533;1534;}1701:{1668;}1706:{1704;1703;682;1702;1689;1701;1690;23;1695;24;1694;26;27;1664;28;1667;1625;29;1714;30;},1_29_30_39_51_52_53_54_392_397_398_403_404_405_432_433_434_562_563_565_566_608_615_616_617_642_645_1002_1021_1023_1199_1210_1344_1533_1534_1664_1667_,310-309*0_310-311*0_310-308*0_310-312*0_310-314*0_310-274*0_310-315*0_310-273*0_310-316*0_274-272*1_274-279*1_274-310*1_279-271*2_279-281*2_279-848*2_279-849*2_279-270*2_279-278*2_279-850*2_279-282*2_279-259*2_279-268*2_279-277*2_279-257*2_279-276*2_279-263*2_279-288*2_279-256*2_279-275*2_279-289*2_279-294*2_279-290*2_279-331*2_279-292*2_279-332*2_279-216*2_279-217*2_279-218*2_316-317*1_316-318*1_316-319*1_316-320*1_316-321*1_316-1195*1_316-1460*1_316-1461*1_316-1462*1_316-1463*1_331-229*3_331-333*3_331-228*3_331-264*3_331-262*3_331-265*3_331-261*3_331-260*3_321-1191*2_321-1464*2_321-1459*2_321-1458*2_332-735*3_290-221*3_290-220*3_290-219*3_290-847*3_290-175*3_290-176*3_290-173*3_290-177*3_290-178*3_290-181*3_290-174*3_290-179*3_290-215*3_290-214*3_290-203*3_290-212*3_290-204*3_290-184*3_290-205*3_1460-1473*2_1460-1474*2_1460-1471*2_217-337*3_217-341*3_217-338*3_217-339*3_217-340*3_217-751*3_217-343*3_217-140*3_217-139*3_217-206*3_217-138*3_217-141*3_217-207*3_217-137*3_217-142*3_217-208*3_217-143*3_217-209*3_173-172*4_173-171*4_173-201*4_173-170*4_173-334*4_173-342*4_173-168*4_173-222*4_173-226*4_173-266*4_173-227*4_219-223*4_219-750*4_219-267*4_219-749*4_1473-1469*3_184-185*4_184-183*4_184-186*4_184-182*4_184-187*4_184-8*4_184-9*4_184-10*4_184-74*4_184-1740*4_184-11*4_184-211*4_184-12*4_184-210*4_184-1741*4_184-1742*4_184-13*4_184-15*4_142-145*4_142-605*4_142-134*4_142-144*4_142-606*4_142-135*4_142-607*4_1471-1470*3_1471-1472*3_1471-1563*3_186-7*5_186-188*5_186-189*5_186-100*5_186-671*5_186-101*5_186-16*5_186-103*5_186-17*5_11-684*5_11-685*5_145-133*5_189-99*6_189-190*6_189-98*6_189-192*6_189-97*6_189-96*6_189-193*6_189-95*6_189-194*6_189-94*6_189-195*6_189-6*6_189-70*6_189-117*6_189-5*6_189-68*6_189-75*6_189-1775*6_189-4*6_189-67*6_189-76*6_189-112*6_189-66*6_189-77*6_189-1737*6_189-65*6_189-78*6_214-124*6_214-126*6_214-123*6_214-122*6_214-656*6_214-612*6_735-724*4_735-742*4_735-743*4_735-835*4_15-73*6_15-18*6_15-83*6_15-1711*6_15-1712*6_15-82*6_15-1709*6_15-19*6_15-20*6_15-21*6_15-22*6_15-1708*6_15-1707*6_15-679*6_15-1736*6_15-1735*6_15-1706*6_15-681*6_15-1705*6_195-86*7_195-71*7_195-93*7_195-87*7_195-92*7_195-88*7_195-89*7_195-85*7_195-64*7_195-84*7_124-655*7_124-121*7_124-120*7_124-119*7_124-611*7_124-610*7_124-118*7_124-658*7_124-609*7_124-115*7_124-659*7_124-660*7_124-661*7_124-608*7_124-614*7_124-616*7_1474-1494*4_1474-1495*4_606-649*5_76-33*7_65-35*7_65-34*7_19-1713*7_19-60*7_65-52*7_65-51*7_608-615*8_608-642*8_608-617*8_608-641*8_608-618*8_608-640*8_608-619*8_608-639*8_608-620*8_608-116*8_608-638*8_608-621*8_608-637*8_608-622*8_608-623*8_608-625*8_608-626*8_608-632*8_608-631*8_168-167*5_168-166*5_168-165*5_77-53*8_1706-1704*7_1706-1703*7_1706-682*7_1706-1702*7_1706-1689*7_1706-1701*7_1706-1690*7_1706-23*7_1706-1695*7_1706-24*7_1706-1694*7_1706-26*7_1706-27*7_1706-1664*7_1706-28*7_1706-1667*7_1706-1625*7_1706-29*7_1706-1714*7_1706-30*7_33-32*8_33-31*8_33-54*8_33-37*8_33-38*8_33-63*8_33-61*8_33-62*8_33-59*8_33-46*8_33-48*8_33-49*8_23-39*8_23-81*8_23-79*8_743-824*5_743-744*5_743-745*5_743-846*5_743-857*5_743-870*5_743-865*5_743-871*5_743-872*5_743-873*5_743-874*5_743-875*5_28-55*8_835-741*5_835-867*5_873-531*6_873-532*6_873-533*6_873-561*6_873-562*6_873-563*6_873-564*6_625-627*9_625-628*9_625-630*9_625-643*9_625-629*9_625-633*9_625-636*9_625-644*9_625-634*9_625-645*9_84-57*8_84-648*8_1701-1668*9_343-344*4_343-345*4_343-346*4_343-351*4_343-348*4_343-352*4_343-593*4_343-594*4_343-381*4_648-647*9_648-672*9_648-111*9_648-675*9_48-43*9_824-869*6_53-50*9_53-40*9_53-56*9_53-41*9_53-42*9_53-45*9_53-44*9_53-678*9_53-109*9_53-108*9_594-379*5_594-567*5_594-383*5_594-592*5_594-571*5_594-572*5_49-676*9_49-677*9_564-528*7_564-529*7_564-530*7_564-503*7_564-504*7_564-505*7_89-90*8_89-72*8_89-683*8_857-864*6_857-868*6_857-813*6_857-355*6_857-802*6_857-354*6_857-359*6_857-568*6_857-372*6_857-378*6_857-595*6_857-384*6_100-104*6_100-1738*6_381-382*5_381-385*5_381-441*5_381-440*5_381-156*5_381-155*5_381-596*5_381-575*5_381-152*5_530-501*8_530-422*8_593-570*7_593-353*7_593-587*7_593-357*7_593-163*7_593-356*7_593-162*7_593-161*7_593-588*7_593-160*7_593-589*7_593-159*7_593-590*7_593-157*7_593-154*7_593-151*7_589-164*8_589-576*8_589-577*8_589-582*8_589-581*8_501-500*9_501-494*9_501-499*9_501-493*9_501-492*9_501-490*9_501-506*9_501-507*9_501-459*9_378-373*7_378-350*7_590-153*8_505-519*9_505-421*9_505-420*9_1469-1468*4_1469-1562*4_1469-1561*4_1469-1560*4_157-150*8_422-518*9_422-419*9_422-517*9_422-418*9_422-417*9_104-105*7_104-106*7_104-107*7_104-670*7_575-586*6_575-439*6_575-432*6_575-431*6_575-430*6_575-442*6_107-110*8_154-585*8_432-433*7_432-434*7_432-429*7_432-436*7_432-443*7_432-437*7_432-444*7_432-428*7_432-438*7_432-427*7_432-426*7_432-425*7_432-423*7_432-415*7_152-604*8_167-573*6_167-574*6_428-410*8_425-412*8_428-397*8_428-403*8_425-392*8_428-404*8_425-390*8_428-405*8_425-389*8_428-560*8_425-388*8_425-387*8_423-414*8_423-395*8_423-396*8_423-394*8_423-416*8_423-393*8_373-374*8_373-375*8_373-376*8_1472-1399*4_416-445*9_416-448*9_416-411*9_416-409*9_385-386*6_609-196*10_609-667*10_431-566*10_431-565*10_431-398*10_1495-1496*5_1495-1497*5_1495-1498*5_1495-1500*5_604-603*9_604-650*9_256-230*5_256-255*5_517-516*10_517-515*10_1191-1190*3_1191-1189*3_1191-1187*3_1191-1186*3_1191-1174*3_376-377*9_1399-827*5_1399-1388*5_1399-828*5_1399-1014*5_1399-1013*5_1399-1012*5_1399-1002*5_1399-1001*5_1399-998*5_1399-997*5_1500-1501*6_1500-1502*6_1500-1503*6_1500-1528*6_997-996*6_997-950*6_1174-1130*4_1174-1163*4_1174-1164*4_1174-1185*4_1501-1527*7_181-1774*8_181-1739*8_181-1734*8_1458-1457*5_1458-1465*5_671-666*11_671-665*11_671-664*11_671-673*11_671-674*11_1502-1504*8_1502-1526*8_1502-1531*8_1502-1530*8_350-349*10_350-371*10_350-360*10_350-361*10_1528-1505*7_1528-1525*7_1528-1551*7_1528-1524*7_1528-1529*7_950-949*7_950-943*7_950-948*7_950-946*7_950-947*7_950-962*7_950-1026*7_950-1027*7_950-1028*7_950-1029*7_359-370*11_1028-961*8_1028-959*8_1028-979*8_1028-958*8_1028-945*8_1028-974*8_1028-942*8_377-364*10_1526-1519*9_682-1691*13_371-368*11_371-367*11_371-366*11_371-365*11_371-408*11_371-407*11_371-406*11_1524-1520*8_1524-1522*8_1524-1518*8_218-748*11_361-362*11_361-363*11_979-980*9_979-976*9_979-978*9_979-981*9_979-964*9_979-965*9_979-963*9_979-967*9_979-960*9_962-994*8_962-995*8_962-941*8_962-970*8_962-940*8_962-971*8_962-939*8_1465-1467*6_1519-1517*10_974-975*9_974-983*9_974-982*9_974-973*9_974-972*9_974-984*9_974-985*9_974-986*9_974-987*9_1029-956*8_1029-954*8_748-747*12_560-559*13_560-556*13_560-555*13_560-554*13_560-534*13_1517-1541*11_1517-1516*11_1388-1377*6_1388-1344*6_156-149*14_156-584*14_156-148*14_156-146*14_1344-1188*7_1344-1177*7_1344-1010*7_1344-933*7_1344-1355*7_1344-1009*7_1344-1025*7_1344-1366*7_1344-1008*7_1344-1007*7_1344-1006*7_1007-1017*8_933-922*8_933-944*8_933-900*8_933-955*8_933-911*8_933-1011*8_933-966*8_933-1022*8_933-1033*8_933-1044*8_966-977*9_966-988*9_966-1000*9_966-993*9_966-1024*9_966-992*9_966-1023*9_966-991*9_966-1021*9_966-1020*9_966-953*9_954-957*10_1006-1005*8_1044-1055*10_900-889*9_900-1310*9_900-877*9_900-866*9_900-779*9_900-668*9_900-557*9_1188-1199*8_1188-1210*8_1541-1542*12_1541-1515*12_1541-1533*12_1541-1534*12_1534-1221*13_1534-1332*13_1534-1443*13_1534-1554*13_1332-1110*14_1332-1*14_1332-0*14_1332-888*14_1332-999*14_1332-1540*14_1332-1539*14_1055-1066*11_1055-1077*11_1055-446*11_1055-1088*11_1055-335*11_1055-1099*11_1055-224*11_1055-1111*11_1055-113*11_1055-1122*11_1055-2*11_1055-1133*11_1055-1665*11_1133-1144*12_1133-969*12_1133-968*12_965-990*13_1144-1155*13_1144-1166*13_1144-989*13_
