"id","Scenario","Actual Range","Protocol","Buildings","Total nodes","Nodes on circ","Total coverage","Coverage on circ","Alert received mean time","Hops","Slots","Messages sent","Messages received", "Starting x", "Starting y","Starting node", "Vehicle distance", "Received node ids", "Node ids", "Transmission map", "Received on circ nodes", "Transmission vector"
0,1,300,100,0,1776,80,1776,80,10009.2,5.75,8.4,1457,1776,1153.84,1884.7,310,25,309_311_308_312_294_314_293_275_274_315_276_287_273_277_316_286_272_699_249_285_317_278_851_250_698_700_248_284_318_850_852_251_325_697_701_271_1196_252_849_279_283_323_1197_853_296_295_319_297_270_244_253_1198_298_847_848_281_233_268_1200_245_320_259_299_254_260_232_703_231_1201_282_307_306_300_261_321_257_1202_704_1190_1189_1191_1747_263_262_1220_255_234_330_230_326_1223_256_327_235_246_1759_237_1203_1219_238_1758_331_229_1204_328_239_332_1757_264_1218_1205_240_322_329_228_333_1756_265_241_1217_1206_202_227_1755_242_266_1207_1216_191_1753_226_243_267_696_480_1214_469_491_1215_458_695_502_447_1208_513_694_1240_1751_1752_1213_646_288_435_1760_693_223_236_1750_1761_1239_1211_1212_1209_692_1224_1762_1749_690_1238_1260_1225_1763_1259_1237_1261_1226_1258_1262_1263_1257_1227_1764_1236_1766_1228_1256_1269_1235_1268_1270_1229_1267_1254_1264_1271_1234_1265_1272_1253_1230_1232_1773_1772_1231_1241_1771_1286_1601_1273_1285_1770_1252_1284_1769_1283_1242_1274_1282_1251_1613_1627_1281_1275_1243_289_222_290_221_292_342_220_334_341_337_338_216_751_750_749_339_217_340_747_1614_1768_1615_1626_1767_1616_1625_1725_1617_1618_1619_1724_1624_1620_1628_1726_1723_1622_1623_1629_1727_1602_1722_1693_1630_1728_1603_1280_1692_1631_1604_1279_1276_1691_748_745_744_724_218_735_1575_1574_1573_1572_1576_1245_1571_1570_1578_1246_1569_1579_1429_1568_1247_1428_1427_1426_1248_1567_1580_524_742_535_746_743_680_757_669_835_546_824_635_657_768_780_761_791_343_558_802_846_741_624_752_344_868_869_569_758_759_755_1278_1605_1606_1633_1287_1607_1634_1289_1608_1635_1609_1290_1636_225_301_180_213_303_304_310_169_1184_1175_1176_305_1178_1179_1174_1180_158_713_1130_1080_1195_1460_1461_1187_1462_1186_1463_1192_1464_1193_1185_1165_1459_1452_1453_1451_1454_1450_1690_1689_1687_1686_1708_1707_1706_1681_1682_1680_1705_1679_1704_1683_1678_1703_1700_1676_1709_1698_1702_22_1697_1711_679_21_1675_1684_20_1701_681_1696_19_1712_1674_1685_18_1713_1695_682_1673_1637_83_1714_1694_1638_756_760_883_733_882_884_754_753_771_885_770_580_553_813_881_769_591_552_870_602_880_767_871_551_886_872_879_613_766_691_873_550_867_887_878_857_874_765_702_548_734_547_545_549_876_865_544_875_543_890_864_764_736_542_541_732_147_891_136_763_540_737_125_114_539_731_102_762_738_892_538_355_91_531_716_247_258_80_537_725_532_356_1611_1292_1249_1739_1740_1738_269_380_715_739_391_280_893_726_727_402_58_354_1194_1167_1170_1169_1168_1171_1164_1456_1457_1172_1458_1140_1173_1141_1134_1142_1131_1132_1135_1143_1465_705_1467_1492_1136_1491_1448_1662_1661_1663_687_1660_1664_688_1672_1659_1667_689_1670_1671_1668_1669_1658_1657_1656_23_1639_1640_24_1641_1647_1642_26_27_1650_1079_1078_841_1073_1072_1250_1425_1430_1424_1423_1431_1422_1291_1433_1420_1434_1293_1296_1295_1396_1435_1297_1294_1303_1409_1411_1412_1600_1301_1074_291_313_324_1612_840_839_838_837_836_834_833_832_831_219_175_173_176_172_174_171_177_215_178_203_214_204_170_179_201_212_181_200_168_205_140_139_211_199_182_167_599_206_345_138_210_574_141_198_183_654_579_573_207_197_137_142_598_578_346_653_196_208_351_348_143_842_845_843_1076_844_1181_1075_1071_1070_1182_1069_1183_783_1068_1061_1067_782_1062_1060_302_1129_1065_1125_1063_781_1059_1126_1163_1064_1127_1128_1124_710_778_1081_1058_709_1082_1123_777_1057_352_166_349_165_350_353_357_570_571_572_595_592_587_577_581_730_723_728_722_721_729_720_894_895_719_896_464_463_465_897_462_466_526_461_898_467_714_525_460_899_455_903_712_459_468_456_523_904_901_905_457_902_906_711_522_718_507_470_740_717_907_521_454_506_471_536_472_908_527_520_25_453_489_474_475_534_14_487_1468_1473_1469_1563_1562_1561_1474_1470_1560_1449_1494_1471_1447_1472_1495_1581_1564_1475_1446_1582_1490_1496_1565_1489_1476_1445_1556_1485_1145_1497_1484_1553_1442_1486_1552_1146_1478_1498_1147_1441_1551_1487_1148_1149_1506_1479_1150_1137_1138_1139_1156_1157_1161_1158_1121_28_48_49_29_30_371_359_370_568_360_372_368_361_378_367_362_379_593_384_373_594_366_363_374_567_383_381_365_375_376_382_377_408_1436_1413_1437_1414_1398_1438_1395_1415_1394_1439_1397_1419_1416_1400_1585_1417_1586_1393_1401_1418_1392_1391_473_476_477_478_479_481_482_483_1151_1152_1159_1162_1160_1153_1480_1092_1093_1091_1154_1094_1481_1090_1108_1482_1116_1089_1095_1117_1483_1120_1107_1087_1097_1109_1096_1118_809_1112_1098_803_1493_1056_1113_1119_1114_808_1115_1100_801_1644_1645_1646_1648_1649_1651_1652_163_576_162_164_588_582_161_589_583_909_209_652_133_130_651_597_146_145_129_148_131_605_128_134_144_584_132_127_600_606_135_585_149_601_649_586_150_650_655_124_603_123_590_126_122_157_151_656_154_604_607_152_121_159_612_36_69_47_910_369_3_358_1765_413_347_424_1754_153_160_155_596_120_1653_1386_1404_1385_1403_1384_1402_1387_1383_533_561_554_452_490_184_706_1054_707_708_1655_562_555_563_556_564_559_560_406_407_405_528_404_364_450_492_451_529_493_403_494_499_401_400_449_530_500_488_498_397_495_448_399_497_496_611_119_610_118_658_609_115_116_1083_784_785_786_1084_776_787_336_788_1085_789_775_1053_1052_1086_790_774_773_772_1688_792_1710_794_1643_1721_1654_1050_1440_1583_1584_1513_793_1743_1732_912_913_914_1699_915_916_917_1677_918_46_1302_1298_501_486_804_807_805_485_806_503_800_1101_1399_826_484_504_799_1102_1410_505_1388_827_798_508_509_1421_445_510_1103_828_511_825_512_1377_1432_514_797_1444_1104_1455_515_823_1014_796_1018_1466_1105_1013_1741_1742_1735_1737_1300_1304_1315_1311_1312_1313_1314_1322_1316_575_156_439_440_438_437_441_436_1382_1381_1380_1389_1379_1390_1373_1374_1378_1375_1408_1405_1376_863_1372_1598_1371_1597_862_1596_1370_1591_1592_861_1587_1590_1593_1406_1589_1362_860_1309_1407_1594_1361_1364_1365_1595_859_1360_1363_1359_1367_1341_858_1336_1308_1337_1368_1343_1335_1338_1307_1369_856_855_854_1500_1501_1502_1746_1666_919_920_1040_1039_921_1632_1038_923_1621_1037_924_1610_1036_1041_925_1599_1035_1042_926_1047_1048_1034_1032_1049_1588_1043_822_1051_927_1577_1045_821_928_1566_820_1366_1019_1355_1020_1012_1002_385_1001_998_1488_1544_1545_1546_1515_1514_1547_1516_1548_1541_1517_1512_1549_1518_1559_1523_1339_1334_1342_1306_1340_1305_1325_1326_1346_1021_1023_1344_1024_1188_1010_1199_1015_1025_1009_1210_1000_1177_1222_1233_1016_944_1244_1008_955_1017_933_1255_922_1007_966_1003_1266_911_1310_977_1004_1299_1288_900_1006_1005_1277_988_997_1321_993_889_992_877_1011_829_830_659_660_661_608_112_614_104_117_616_103_615_105_642_617_101_106_641_618_107_671_640_619_670_667_108_639_100_620_666_662_665_109_621_637_1345_422_421_420_419_519_418_518_417_517_516_416_415_414_412_411_663_99_664_189_98_190_97_90_192_188_673_96_89_110_92_193_95_674_187_87_1477_1499_795_1510_1521_812_814_810_398_409_410_396_395_565_394_393_392_390_444_389_566_423_388_425_387_443_1324_426_427_442_428_430_429_431_432_433_386_434_42_43_41_39_40_45_44_678_50_676_31_51_677_32_52_33_53_34_54_35_37_55_84_38_56_63_62_64_61_79_60_81_59_57_78_82_648_65_672_647_995_991_85_77_17_996_950_994_953_952_951_949_989_948_939_940_941_938_811_942_937_936_1347_1348_815_1532_816_1543_817_1106_935_818_934_1555_932_819_931_943_111_88_675_93_94_194_70_638_68_195_86_645_67_622_75_644_66_71_685_623_929_625_626_930_16_15_13_683_76_73_684_72_1327_1328_1329_1323_1330_1349_627_632_631_628_630_643_629_633_636_634_1505_1507_1508_1526_1509_1531_1525_1557_1558_1522_1524_1511_1530_1520_1529_1519_1046_1319_954_956_957_990_946_947_958_1133_1122_945_1111_962_961_1144_969_959_960_1099_968_1088_1155_963_1022_967_1077_964_1030_1033_965_1066_1166_1055_1031_970_1331_1320_1356_1318_1354_1317_1353_1350_1352_1351_1357_1358_1_1333_0_1110_866_1221_779_1332_668_1443_557_1528_1554_1503_1527_1665_2_113_224_335_1504_1044_446_888_1748_1745_1729_1730_1720_1731_1719_1744_1733_1718_1717_1542_1550_1535_1533_1534_1536_1537_999_1538_1539_1540_686_1716_1715_1734_1736_1774_1775_4_12_11_10_5_74_9_1026_1027_1028_1029_981_985_986_971_984_987_980_982_972_973_983_979_974_975_976_978_6_8_7_186_185_,0_1_2_3_4_5_6_7_8_9_10_11_12_13_14_15_16_17_18_19_20_21_22_23_24_25_26_27_28_29_30_31_32_33_34_35_36_37_38_39_40_41_42_43_44_45_46_47_48_49_50_51_52_53_54_55_56_57_58_59_60_61_62_63_64_65_66_67_68_69_70_71_72_73_74_75_76_77_78_79_80_81_82_83_84_85_86_87_88_89_90_91_92_93_94_95_96_97_98_99_100_101_102_103_104_105_106_107_108_109_110_111_112_113_114_115_116_117_118_119_120_121_122_123_124_125_126_127_128_129_130_131_132_133_134_135_136_137_138_139_140_141_142_143_144_145_146_147_148_149_150_151_152_153_154_155_156_157_158_159_160_161_162_163_164_165_166_167_168_169_170_171_172_173_174_175_176_177_178_179_180_181_182_183_184_185_186_187_188_189_190_191_192_193_194_195_196_197_198_199_200_201_202_203_204_205_206_207_208_209_210_211_212_213_214_215_216_217_218_219_220_221_222_223_224_225_226_227_228_229_230_231_232_233_234_235_236_237_238_239_240_241_242_243_244_245_246_247_248_249_250_251_252_253_254_255_256_257_258_259_260_261_262_263_264_265_266_267_268_269_270_271_272_273_274_275_276_277_278_279_280_281_282_283_284_285_286_287_288_289_290_291_292_293_294_295_296_297_298_299_300_301_302_303_304_305_306_307_308_309_310_311_312_313_314_315_316_317_318_319_320_321_322_323_324_325_326_327_328_329_330_331_332_333_334_335_336_337_338_339_340_341_342_343_344_345_346_347_348_349_350_351_352_353_354_355_356_357_358_359_360_361_362_363_364_365_366_367_368_369_370_371_372_373_374_375_376_377_378_379_380_381_382_383_384_385_386_387_388_389_390_391_392_393_394_395_396_397_398_399_400_401_402_403_404_405_406_407_408_409_410_411_412_413_414_415_416_417_418_419_420_421_422_423_424_425_426_427_428_429_430_431_432_433_434_435_436_437_438_439_440_441_442_443_444_445_446_447_448_449_450_451_452_453_454_455_456_457_458_459_460_461_462_463_464_465_466_467_468_469_470_471_472_473_474_475_476_477_478_479_480_481_482_483_484_485_486_487_488_489_490_491_492_493_494_495_496_497_498_499_500_501_502_503_504_505_506_507_508_509_510_511_512_513_514_515_516_517_518_519_520_521_522_523_524_525_526_527_528_529_530_531_532_533_534_535_536_537_538_539_540_541_542_543_544_545_546_547_548_549_550_551_552_553_554_555_556_557_558_559_560_561_562_563_564_565_566_567_568_569_570_571_572_573_574_575_576_577_578_579_580_581_582_583_584_585_586_587_588_589_590_591_592_593_594_595_596_597_598_599_600_601_602_603_604_605_606_607_608_609_610_611_612_613_614_615_616_617_618_619_620_621_622_623_624_625_626_627_628_629_630_631_632_633_634_635_636_637_638_639_640_641_642_643_644_645_646_647_648_649_650_651_652_653_654_655_656_657_658_659_660_661_662_663_664_665_666_667_668_669_670_671_672_673_674_675_676_677_678_679_680_681_682_683_684_685_686_687_688_689_690_691_692_693_694_695_696_697_698_699_700_701_702_703_704_705_706_707_708_709_710_711_712_713_714_715_716_717_718_719_720_721_722_723_724_725_726_727_728_729_730_731_732_733_734_735_736_737_738_739_740_741_742_743_744_745_746_747_748_749_750_751_752_753_754_755_756_757_758_759_760_761_762_763_764_765_766_767_768_769_770_771_772_773_774_775_776_777_778_779_780_781_782_783_784_785_786_787_788_789_790_791_792_793_794_795_796_797_798_799_800_801_802_803_804_805_806_807_808_809_810_811_812_813_814_815_816_817_818_819_820_821_822_823_824_825_826_827_828_829_830_831_832_833_834_835_836_837_838_839_840_841_842_843_844_845_846_847_848_849_850_851_852_853_854_855_856_857_858_859_860_861_862_863_864_865_866_867_868_869_870_871_872_873_874_875_876_877_878_879_880_881_882_883_884_885_886_887_888_889_890_891_892_893_894_895_896_897_898_899_900_901_902_903_904_905_906_907_908_909_910_911_912_913_914_915_916_917_918_919_920_921_922_923_924_925_926_927_928_929_930_931_932_933_934_935_936_937_938_939_940_941_942_943_944_945_946_947_948_949_950_951_952_953_954_955_956_957_958_959_960_961_962_963_964_965_966_967_968_969_970_971_972_973_974_975_976_977_978_979_980_981_982_983_984_985_986_987_988_989_990_991_992_993_994_995_996_997_998_999_1000_1001_1002_1003_1004_1005_1006_1007_1008_1009_1010_1011_1012_1013_1014_1015_1016_1017_1018_1019_1020_1021_1022_1023_1024_1025_1026_1027_1028_1029_1030_1031_1032_1033_1034_1035_1036_1037_1038_1039_1040_1041_1042_1043_1044_1045_1046_1047_1048_1049_1050_1051_1052_1053_1054_1055_1056_1057_1058_1059_1060_1061_1062_1063_1064_1065_1066_1067_1068_1069_1070_1071_1072_1073_1074_1075_1076_1077_1078_1079_1080_1081_1082_1083_1084_1085_1086_1087_1088_1089_1090_1091_1092_1093_1094_1095_1096_1097_1098_1099_1100_1101_1102_1103_1104_1105_1106_1107_1108_1109_1110_1111_1112_1113_1114_1115_1116_1117_1118_1119_1120_1121_1122_1123_1124_1125_1126_1127_1128_1129_1130_1131_1132_1133_1134_1135_1136_1137_1138_1139_1140_1141_1142_1143_1144_1145_1146_1147_1148_1149_1150_1151_1152_1153_1154_1155_1156_1157_1158_1159_1160_1161_1162_1163_1164_1165_1166_1167_1168_1169_1170_1171_1172_1173_1174_1175_1176_1177_1178_1179_1180_1181_1182_1183_1184_1185_1186_1187_1188_1189_1190_1191_1192_1193_1194_1195_1196_1197_1198_1199_1200_1201_1202_1203_1204_1205_1206_1207_1208_1209_1210_1211_1212_1213_1214_1215_1216_1217_1218_1219_1220_1221_1222_1223_1224_1225_1226_1227_1228_1229_1230_1231_1232_1233_1234_1235_1236_1237_1238_1239_1240_1241_1242_1243_1244_1245_1246_1247_1248_1249_1250_1251_1252_1253_1254_1255_1256_1257_1258_1259_1260_1261_1262_1263_1264_1265_1266_1267_1268_1269_1270_1271_1272_1273_1274_1275_1276_1277_1278_1279_1280_1281_1282_1283_1284_1285_1286_1287_1288_1289_1290_1291_1292_1293_1294_1295_1296_1297_1298_1299_1300_1301_1302_1303_1304_1305_1306_1307_1308_1309_1310_1311_1312_1313_1314_1315_1316_1317_1318_1319_1320_1321_1322_1323_1324_1325_1326_1327_1328_1329_1330_1331_1332_1333_1334_1335_1336_1337_1338_1339_1340_1341_1342_1343_1344_1345_1346_1347_1348_1349_1350_1351_1352_1353_1354_1355_1356_1357_1358_1359_1360_1361_1362_1363_1364_1365_1366_1367_1368_1369_1370_1371_1372_1373_1374_1375_1376_1377_1378_1379_1380_1381_1382_1383_1384_1385_1386_1387_1388_1389_1390_1391_1392_1393_1394_1395_1396_1397_1398_1399_1400_1401_1402_1403_1404_1405_1406_1407_1408_1409_1410_1411_1412_1413_1414_1415_1416_1417_1418_1419_1420_1421_1422_1423_1424_1425_1426_1427_1428_1429_1430_1431_1432_1433_1434_1435_1436_1437_1438_1439_1440_1441_1442_1443_1444_1445_1446_1447_1448_1449_1450_1451_1452_1453_1454_1455_1456_1457_1458_1459_1460_1461_1462_1463_1464_1465_1466_1467_1468_1469_1470_1471_1472_1473_1474_1475_1476_1477_1478_1479_1480_1481_1482_1483_1484_1485_1486_1487_1488_1489_1490_1491_1492_1493_1494_1495_1496_1497_1498_1499_1500_1501_1502_1503_1504_1505_1506_1507_1508_1509_1510_1511_1512_1513_1514_1515_1516_1517_1518_1519_1520_1521_1522_1523_1524_1525_1526_1527_1528_1529_1530_1531_1532_1533_1534_1535_1536_1537_1538_1539_1540_1541_1542_1543_1544_1545_1546_1547_1548_1549_1550_1551_1552_1553_1554_1555_1556_1557_1558_1559_1560_1561_1562_1563_1564_1565_1566_1567_1568_1569_1570_1571_1572_1573_1574_1575_1576_1577_1578_1579_1580_1581_1582_1583_1584_1585_1586_1587_1588_1589_1590_1591_1592_1593_1594_1595_1596_1597_1598_1599_1600_1601_1602_1603_1604_1605_1606_1607_1608_1609_1610_1611_1612_1613_1614_1615_1616_1617_1618_1619_1620_1621_1622_1623_1624_1625_1626_1627_1628_1629_1630_1631_1632_1633_1634_1635_1636_1637_1638_1639_1640_1641_1642_1643_1644_1645_1646_1647_1648_1649_1650_1651_1652_1653_1654_1655_1656_1657_1658_1659_1660_1661_1662_1663_1664_1665_1666_1667_1668_1669_1670_1671_1672_1673_1674_1675_1676_1677_1678_1679_1680_1681_1682_1683_1684_1685_1686_1687_1688_1689_1690_1691_1692_1693_1694_1695_1696_1697_1698_1699_1700_1701_1702_1703_1704_1705_1706_1707_1708_1709_1710_1711_1712_1713_1714_1715_1716_1717_1718_1719_1720_1721_1722_1723_1724_1725_1726_1727_1728_1729_1730_1731_1732_1733_1734_1735_1736_1737_1738_1739_1740_1741_1742_1743_1744_1745_1746_1747_1748_1749_1750_1751_1752_1753_1754_1755_1756_1757_1758_1759_1760_1761_1762_1763_1764_1765_1766_1767_1768_1769_1770_1771_1772_1773_1774_1775_,19:{16;15;13;683;76;73;684;72;}26:{85;77;17;}30:{38;56;63;62;64;61;79;60;81;59;57;78;82;648;65;672;647;}46:{42;43;41;39;40;45;44;678;50;676;31;51;677;32;52;33;53;34;54;35;37;55;84;}105:{111;88;675;93;94;194;70;638;68;195;86;645;67;622;75;644;66;71;685;623;}118:{663;99;664;189;98;190;97;90;192;188;673;96;89;110;92;193;95;674;187;87;}138:{153;160;155;596;120;}139:{209;652;133;130;651;597;146;145;129;148;131;605;128;134;144;584;132;127;600;606;135;585;149;601;649;586;150;650;655;124;603;123;590;126;122;157;151;656;154;604;607;152;121;159;612;}213:{842;845;843;1076;844;1181;1075;1071;1070;1182;1069;1183;783;1068;1061;1067;782;1062;1060;302;1129;1065;1125;1063;781;1059;1126;1163;1064;1127;1128;1124;710;778;1081;1058;709;1082;1123;777;1057;}215:{185;}217:{219;175;173;176;172;174;171;177;215;178;203;214;204;170;179;201;212;181;200;168;205;140;139;211;199;182;167;599;206;345;138;210;574;141;198;183;654;579;573;207;197;137;142;598;578;346;653;196;208;351;348;143;}218:{184;}235:{1079;1078;841;1073;1072;}236:{1074;291;313;324;}244:{225;301;180;213;303;304;310;169;1184;1175;1176;305;1178;1179;1174;1180;158;713;1130;1080;}251:{255;234;330;230;326;256;327;235;246;237;238;331;229;328;239;332;264;240;322;329;228;333;265;241;202;227;242;266;191;226;243;267;480;469;491;458;502;447;513;646;288;435;223;236;}261:{748;745;744;724;218;735;}268:{289;222;290;221;292;342;220;334;341;337;338;216;751;750;749;339;217;340;747;}310:{309;311;308;312;294;314;293;275;274;315;276;287;273;277;316;286;272;699;249;285;317;278;851;250;698;700;248;284;318;850;852;251;325;697;701;271;1196;252;849;279;283;323;1197;853;296;295;319;297;270;244;253;1198;298;847;848;281;233;268;1200;245;320;259;299;254;260;232;703;231;1201;282;307;306;300;261;321;257;1202;704;1190;1189;1191;1747;263;262;}321:{1194;1167;1170;1169;1168;1171;1164;1456;1457;1172;1458;1140;1173;1141;1134;1142;1131;1132;1135;1143;1465;705;1467;1492;1136;1491;1448;}332:{524;742;535;746;743;680;757;669;835;546;824;635;657;768;780;761;791;343;558;802;846;741;624;752;344;868;869;569;758;759;755;}343:{163;576;162;164;588;582;161;589;583;}402:{793;1743;1732;912;913;914;1699;915;916;917;1677;918;}403:{426;427;442;428;430;429;431;432;433;386;434;}453:{501;486;485;503;484;504;505;508;509;445;510;511;512;514;515;}467:{909;}527:{473;476;477;478;479;481;482;483;}530:{422;421;420;419;519;418;518;417;517;516;416;415;414;412;411;}534:{562;555;563;556;564;559;560;406;407;405;528;404;364;450;492;451;529;493;403;494;499;401;400;449;530;500;488;498;397;495;448;399;497;496;}549:{533;561;554;452;490;}559:{398;409;410;396;395;565;394;393;392;390;444;389;566;423;388;425;387;443;}582:{385;}604:{575;156;439;440;438;437;441;436;}608:{625;626;}609:{659;660;661;608;112;614;104;117;616;103;615;105;642;617;101;106;641;618;107;671;640;619;670;667;108;639;100;620;666;662;665;109;621;637;}639:{627;632;631;628;630;643;629;633;636;634;}651:{611;119;610;118;658;609;115;116;}695:{1257;1227;1764;1236;1766;1228;1256;1269;1235;1268;1270;1229;1267;1254;1264;1271;1234;1265;1272;1253;1230;1232;1773;1772;1231;1241;1771;1286;1601;1273;1285;1770;1252;1284;1769;1283;1242;1274;1282;1251;1613;1627;1281;1275;1243;}704:{1220;1223;1759;1203;1219;1758;1204;1757;1218;1205;1756;1217;1206;1755;1207;1216;1753;696;1214;1215;695;1208;694;1240;1751;1752;1213;1760;693;1750;1761;1239;1211;1212;1209;692;1224;1762;1749;690;1238;1260;1225;1763;1259;1237;1261;1226;1258;1262;1263;}724:{354;}726:{730;723;728;722;721;729;720;894;895;719;896;464;463;465;897;462;466;526;461;898;467;714;525;460;899;455;903;712;459;468;456;523;904;901;905;457;902;906;711;522;718;507;470;740;717;907;521;454;506;471;536;472;908;527;520;25;453;489;474;475;534;14;487;}751:{352;166;349;165;350;353;357;570;571;572;595;592;587;577;581;}758:{756;760;883;733;882;884;754;753;771;885;770;580;553;813;881;769;591;552;870;602;880;767;871;551;886;872;879;613;766;691;873;550;867;887;878;857;874;765;702;548;734;547;545;549;876;865;544;875;543;890;864;764;736;542;541;732;147;891;136;763;540;737;125;114;539;731;102;762;738;892;538;355;91;531;716;247;258;80;537;725;532;356;}759:{269;380;715;739;391;280;893;726;727;402;58;}825:{815;1532;816;1543;817;1106;935;818;934;1555;932;819;931;943;}827:{995;991;}843:{1083;784;785;786;1084;776;787;336;788;1085;789;775;1053;1052;1086;790;774;773;772;1688;792;1710;794;1643;1721;1654;1050;}846:{371;359;370;568;360;372;368;361;378;367;362;379;593;384;373;594;366;363;374;567;383;381;365;375;376;382;377;408;}847:{1741;1742;1735;1737;}851:{1746;}853:{1739;1740;1738;}893:{36;69;47;910;369;3;358;1765;413;347;424;1754;}942:{1026;1027;1028;1029;}954:{981;985;986;971;984;987;980;982;972;973;983;979;974;975;976;978;}1004:{954;956;957;990;946;947;958;1133;1122;945;1111;962;961;1144;969;959;960;1099;968;1088;1155;963;1022;967;1077;964;1030;1033;965;1066;1166;1055;1031;970;}1014:{939;940;941;938;811;942;937;936;}1020:{996;950;994;953;952;951;949;989;948;}1032:{930;}1113:{929;}1119:{1477;1499;795;1510;1521;812;814;810;}1132:{706;1054;707;708;}1152:{804;807;805;806;800;1101;1399;826;799;1102;1410;1388;827;798;1421;1103;828;825;1377;1432;797;1444;1104;1455;823;1014;796;1018;1466;1105;1013;}1186:{1137;1138;1139;1156;1157;1161;1158;1121;}1197:{1195;1460;1461;1187;1462;1186;1463;1192;1464;1193;1185;1165;1459;1452;1453;1451;1454;1450;}1225:{1575;1574;1573;1572;1576;1245;1571;1570;1578;1246;1569;1579;1429;1568;1247;1428;1427;1426;1248;1567;1580;}1249:{1302;1298;}1262:{1614;1768;1615;1626;1767;1616;1625;1725;1617;1618;1619;1724;1624;1620;1628;1726;1723;1622;1623;1629;1727;1602;1722;1693;1630;1728;1603;1280;1692;1631;1604;1279;1276;1691;}1269:{1278;1605;1606;1633;1287;1607;1634;1289;1608;1635;1609;1290;1636;}1270:{1611;1292;1249;}1288:{1;1333;0;1110;866;1221;779;1332;668;1443;557;1528;1554;1503;1527;1665;2;113;224;335;1504;1044;446;888;}1297:{1300;1304;1315;1311;1312;1313;1314;1322;1316;}1328:{1331;1320;1356;1318;1354;1317;1353;1350;1352;1351;1357;1358;}1338:{1319;}1368:{1345;}1369:{1347;1348;}1377:{1021;1023;1344;1024;1188;1010;1199;1015;1025;1009;1210;1000;1177;1222;1233;1016;944;1244;1008;955;1017;933;1255;922;1007;966;1003;1266;911;1310;977;1004;1299;1288;900;1006;1005;1277;988;997;1321;993;889;992;877;1011;}1383:{1382;1381;1380;1389;1379;1390;1373;1374;1378;1375;1408;1405;1376;863;1372;1598;1371;1597;862;1596;1370;1591;1592;861;1587;1590;1593;1406;1589;1362;860;1309;1407;1594;1361;1364;1365;1595;859;1360;1363;1359;1367;1341;858;1336;1308;1337;1368;1343;1335;1338;1307;1369;}1387:{1339;1334;1342;1306;1340;1305;1325;1326;1346;}1396:{1386;1404;1385;1403;1384;1402;1387;1383;}1410:{1001;998;1488;}1414:{1544;1545;1546;1515;1514;1547;1516;1548;1541;1517;1512;1549;1518;1559;1523;}1425:{1436;1413;1437;1414;1398;1438;1395;1415;1394;1439;1397;1419;1416;1400;1585;1417;1586;1393;1401;1418;1392;1391;}1429:{1250;1425;1430;1424;1423;1431;1422;1291;1433;1420;1434;1293;1296;1295;1396;1435;1297;1294;1303;1409;1411;1412;1600;1301;}1433:{1440;1583;1584;1513;}1456:{1468;1473;1469;1563;1562;1561;1474;1470;1560;1449;1494;1471;1447;1472;1495;1581;1564;1475;1446;1582;1490;1496;1565;1489;1476;1445;1556;1485;1145;1497;1484;1553;1442;1486;1552;1146;1478;1498;1147;1441;1551;1487;1148;1149;1506;1479;1150;}1481:{1366;1019;1355;1020;1012;1002;}1484:{1500;1501;1502;}1491:{1151;1152;1159;1162;1160;1153;1480;1092;1093;1091;1154;1094;1481;1090;1108;1482;1116;1089;1095;1117;1483;1120;1107;1087;1097;1109;1096;1118;809;1112;1098;803;1493;1056;1113;1119;1114;808;1115;1100;801;}1497:{1505;1507;1508;1526;1509;1531;1525;1557;1558;1522;1524;1511;1530;1520;1529;1519;}1545:{1542;1550;1535;1533;1534;1536;1537;999;1538;1539;1540;}1586:{1324;}1597:{1327;1328;1329;1323;1330;1349;}1605:{1612;840;839;838;837;836;834;833;832;831;}1647:{856;855;854;}1651:{829;830;}1658:{1655;}1659:{1653;}1677:{1046;}1678:{1644;1645;1646;1648;1649;1651;1652;}1688:{1666;919;920;1040;1039;921;1632;1038;923;1621;1037;924;1610;1036;1041;925;1599;1035;1042;926;1047;1048;1034;1032;1049;1588;1043;822;1051;927;1577;1045;821;928;1566;820;}1691:{1690;1689;1687;1686;1708;1707;1706;1681;1682;1680;1705;1679;1704;1683;1678;1703;1700;1676;1709;1698;1702;22;1697;1711;679;21;1675;1684;20;1701;681;1696;19;1712;1674;1685;18;1713;1695;682;1673;1637;83;1714;1694;1638;}1695:{46;}1698:{1662;1661;1663;687;1660;1664;688;1672;1659;1667;689;1670;1671;1668;1669;1658;1657;1656;23;1639;1640;24;1641;1647;1642;26;27;1650;}1701:{28;48;49;29;30;}1716:{6;8;7;186;}1720:{686;1716;1715;1734;1736;1774;1775;4;12;11;10;5;74;9;}1751:{1717;}1760:{1748;1745;1729;1730;1720;1731;1719;1744;1733;1718;},1_29_30_39_51_52_53_54_392_397_398_401_403_404_405_432_433_434_454_455_462_463_464_465_466_467_562_563_565_566_608_615_616_617_642_645_688_689_810_811_833_834_836_897_898_899_901_935_936_937_1002_1021_1023_1041_1042_1199_1210_1222_1233_1288_1302_1303_1344_1396_1398_1415_1533_1534_1546_1547_1548_1549_1550_1642_1644_1658_1659_1664_1667_1671_,310-309*0_310-311*0_310-308*0_310-312*0_310-294*0_310-314*0_310-293*0_310-275*0_310-274*0_310-315*0_310-276*0_310-287*0_310-273*0_310-277*0_310-316*0_310-286*0_310-272*0_310-699*0_310-249*0_310-285*0_310-317*0_310-278*0_310-851*0_310-250*0_310-698*0_310-700*0_310-248*0_310-284*0_310-318*0_310-850*0_310-852*0_310-251*0_310-325*0_310-697*0_310-701*0_310-271*0_310-1196*0_310-252*0_310-849*0_310-279*0_310-283*0_310-323*0_310-1197*0_310-853*0_310-296*0_310-295*0_310-319*0_310-297*0_310-270*0_310-244*0_310-253*0_310-1198*0_310-298*0_310-847*0_310-848*0_310-281*0_310-233*0_310-268*0_310-1200*0_310-245*0_310-320*0_310-259*0_310-299*0_310-254*0_310-260*0_310-232*0_310-703*0_310-231*0_310-1201*0_310-282*0_310-307*0_310-306*0_310-300*0_310-261*0_310-321*0_310-257*0_310-1202*0_310-704*0_310-1190*0_310-1189*0_310-1191*0_310-1747*0_310-263*0_310-262*0_704-1220*1_251-255*1_251-234*1_251-330*1_251-230*1_251-326*1_704-1223*1_251-256*1_251-327*1_251-235*1_251-246*1_704-1759*1_251-237*1_704-1203*1_704-1219*1_251-238*1_704-1758*1_251-331*1_251-229*1_704-1204*1_251-328*1_251-239*1_251-332*1_704-1757*1_251-264*1_704-1218*1_704-1205*1_251-240*1_251-322*1_251-329*1_251-228*1_251-333*1_704-1756*1_251-265*1_251-241*1_704-1217*1_704-1206*1_251-202*1_251-227*1_704-1755*1_251-242*1_251-266*1_704-1207*1_704-1216*1_251-191*1_704-1753*1_251-226*1_251-243*1_251-267*1_704-696*1_251-480*1_704-1214*1_251-469*1_251-491*1_704-1215*1_251-458*1_704-695*1_251-502*1_251-447*1_704-1208*1_251-513*1_704-694*1_704-1240*1_704-1751*1_704-1752*1_704-1213*1_251-646*1_251-288*1_251-435*1_704-1760*1_704-693*1_251-223*1_251-236*1_704-1750*1_704-1761*1_704-1239*1_704-1211*1_704-1212*1_704-1209*1_704-692*1_704-1224*1_704-1762*1_704-1749*1_704-690*1_704-1238*1_704-1260*1_704-1225*1_704-1763*1_704-1259*1_704-1237*1_704-1261*1_704-1226*1_704-1258*1_704-1262*1_704-1263*1_695-1257*2_695-1227*2_695-1764*2_695-1236*2_695-1766*2_695-1228*2_695-1256*2_695-1269*2_695-1235*2_695-1268*2_695-1270*2_695-1229*2_695-1267*2_695-1254*2_695-1264*2_695-1271*2_695-1234*2_695-1265*2_695-1272*2_695-1253*2_695-1230*2_695-1232*2_695-1773*2_695-1772*2_695-1231*2_695-1241*2_695-1771*2_695-1286*2_695-1601*2_695-1273*2_695-1285*2_695-1770*2_695-1252*2_695-1284*2_695-1769*2_695-1283*2_695-1242*2_695-1274*2_695-1282*2_695-1251*2_695-1613*2_695-1627*2_695-1281*2_695-1275*2_695-1243*2_268-289*2_268-222*2_268-290*2_268-221*2_268-292*2_268-342*2_268-220*2_268-334*2_268-341*2_268-337*2_268-338*2_268-216*2_268-751*2_268-750*2_268-749*2_268-339*2_268-217*2_268-340*2_268-747*2_1262-1614*2_1262-1768*2_1262-1615*2_1262-1626*2_1262-1767*2_1262-1616*2_1262-1625*2_1262-1725*2_1262-1617*2_1262-1618*2_1262-1619*2_1262-1724*2_1262-1624*2_1262-1620*2_1262-1628*2_1262-1726*2_1262-1723*2_1262-1622*2_1262-1623*2_1262-1629*2_1262-1727*2_1262-1602*2_1262-1722*2_1262-1693*2_1262-1630*2_1262-1728*2_1262-1603*2_1262-1280*2_1262-1692*2_1262-1631*2_1262-1604*2_1262-1279*2_1262-1276*2_1262-1691*2_261-748*2_261-745*2_261-744*2_261-724*2_261-218*2_261-735*2_1225-1575*2_1225-1574*2_1225-1573*2_1225-1572*2_1225-1576*2_1225-1245*2_1225-1571*2_1225-1570*2_1225-1578*2_1225-1246*2_1225-1569*2_1225-1579*2_1225-1429*2_1225-1568*2_1225-1247*2_1225-1428*2_1225-1427*2_1225-1426*2_1225-1248*2_1225-1567*2_1225-1580*2_332-524*2_332-742*2_332-535*2_332-746*2_332-743*2_332-680*2_332-757*2_332-669*2_332-835*2_332-546*2_332-824*2_332-635*2_332-657*2_332-768*2_332-780*2_332-761*2_332-791*2_332-343*2_332-558*2_332-802*2_332-846*2_332-741*2_332-624*2_332-752*2_332-344*2_332-868*2_332-869*2_332-569*2_332-758*2_332-759*2_332-755*2_1269-1278*3_1269-1605*3_1269-1606*3_1269-1633*3_1269-1287*3_1269-1607*3_1269-1634*3_1269-1289*3_1269-1608*3_1269-1635*3_1269-1609*3_1269-1290*3_1269-1636*3_244-225*2_244-301*2_244-180*2_244-213*2_244-303*2_244-304*2_244-310*2_244-169*2_244-1184*2_244-1175*2_244-1176*2_244-305*2_244-1178*2_244-1179*2_244-1174*2_244-1180*2_244-158*2_244-713*2_244-1130*2_244-1080*2_1197-1195*1_1197-1460*1_1197-1461*1_1197-1187*1_1197-1462*1_1197-1186*1_1197-1463*1_1197-1192*1_1197-1464*1_1197-1193*1_1197-1185*1_1197-1165*1_1197-1459*1_1197-1452*1_1197-1453*1_1197-1451*1_1197-1454*1_1197-1450*1_1691-1690*3_1691-1689*3_1691-1687*3_1691-1686*3_1691-1708*3_1691-1707*3_1691-1706*3_1691-1681*3_1691-1682*3_1691-1680*3_1691-1705*3_1691-1679*3_1691-1704*3_1691-1683*3_1691-1678*3_1691-1703*3_1691-1700*3_1691-1676*3_1691-1709*3_1691-1698*3_1691-1702*3_1691-22*3_1691-1697*3_1691-1711*3_1691-679*3_1691-21*3_1691-1675*3_1691-1684*3_1691-20*3_1691-1701*3_1691-681*3_1691-1696*3_1691-19*3_1691-1712*3_1691-1674*3_1691-1685*3_1691-18*3_1691-1713*3_1691-1695*3_1691-682*3_1691-1673*3_1691-1637*3_1691-83*3_1691-1714*3_1691-1694*3_1691-1638*3_758-756*3_758-760*3_758-883*3_758-733*3_758-882*3_758-884*3_758-754*3_758-753*3_758-771*3_758-885*3_758-770*3_758-580*3_758-553*3_758-813*3_758-881*3_758-769*3_758-591*3_758-552*3_758-870*3_758-602*3_758-880*3_758-767*3_758-871*3_758-551*3_758-886*3_758-872*3_758-879*3_758-613*3_758-766*3_758-691*3_758-873*3_758-550*3_758-867*3_758-887*3_758-878*3_758-857*3_758-874*3_758-765*3_758-702*3_758-548*3_758-734*3_758-547*3_758-545*3_758-549*3_758-876*3_758-865*3_758-544*3_758-875*3_758-543*3_758-890*3_758-864*3_758-764*3_758-736*3_758-542*3_758-541*3_758-732*3_758-147*3_758-891*3_758-136*3_758-763*3_758-540*3_758-737*3_758-125*3_758-114*3_758-539*3_758-731*3_758-102*3_758-762*3_758-738*3_758-892*3_758-538*3_758-355*3_758-91*3_758-531*3_758-716*3_758-247*3_758-258*3_758-80*3_758-537*3_758-725*3_758-532*3_758-356*3_1270-1611*3_1270-1292*3_1270-1249*3_853-1739*2_853-1740*2_853-1738*2_759-269*3_759-380*3_759-715*3_759-739*3_759-391*3_759-280*3_759-893*3_759-726*3_759-727*3_759-402*3_759-58*3_724-354*3_321-1194*1_321-1167*1_321-1170*1_321-1169*1_321-1168*1_321-1171*1_321-1164*1_321-1456*1_321-1457*1_321-1172*1_321-1458*1_321-1140*1_321-1173*1_321-1141*1_321-1134*1_321-1142*1_321-1131*1_321-1132*1_321-1135*1_321-1143*1_321-1465*1_321-705*1_321-1467*1_321-1492*1_321-1136*1_321-1491*1_321-1448*1_1698-1662*4_1698-1661*4_1698-1663*4_1698-687*4_1698-1660*4_1698-1664*4_1698-688*4_1698-1672*4_1698-1659*4_1698-1667*4_1698-689*4_1698-1670*4_1698-1671*4_1698-1668*4_1698-1669*4_1698-1658*4_1698-1657*4_1698-1656*4_1698-23*4_1698-1639*4_1698-1640*4_1698-24*4_1698-1641*4_1698-1647*4_1698-1642*4_1698-26*4_1698-27*4_1698-1650*4_235-1079*3_235-1078*3_235-841*3_235-1073*3_235-1072*3_1429-1250*3_1429-1425*3_1429-1430*3_1429-1424*3_1429-1423*3_1429-1431*3_1429-1422*3_1429-1291*3_1429-1433*3_1429-1420*3_1429-1434*3_1429-1293*3_1429-1296*3_1429-1295*3_1429-1396*3_1429-1435*3_1429-1297*3_1429-1294*3_1429-1303*3_1429-1409*3_1429-1411*3_1429-1412*3_1429-1600*3_1429-1301*3_236-1074*3_236-291*3_236-313*3_236-324*3_1605-1612*4_1605-840*4_1605-839*4_1605-838*4_1605-837*4_1605-836*4_1605-834*4_1605-833*4_1605-832*4_1605-831*4_217-219*3_217-175*3_217-173*3_217-176*3_217-172*3_217-174*3_217-171*3_217-177*3_217-215*3_217-178*3_217-203*3_217-214*3_217-204*3_217-170*3_217-179*3_217-201*3_217-212*3_217-181*3_217-200*3_217-168*3_217-205*3_217-140*3_217-139*3_217-211*3_217-199*3_217-182*3_217-167*3_217-599*3_217-206*3_217-345*3_217-138*3_217-210*3_217-574*3_217-141*3_217-198*3_217-183*3_217-654*3_217-579*3_217-573*3_217-207*3_217-197*3_217-137*3_217-142*3_217-598*3_217-578*3_217-346*3_217-653*3_217-196*3_217-208*3_217-351*3_217-348*3_217-143*3_213-842*3_213-845*3_213-843*3_213-1076*3_213-844*3_213-1181*3_213-1075*3_213-1071*3_213-1070*3_213-1182*3_213-1069*3_213-1183*3_213-783*3_213-1068*3_213-1061*3_213-1067*3_213-782*3_213-1062*3_213-1060*3_213-302*3_213-1129*3_213-1065*3_213-1125*3_213-1063*3_213-781*3_213-1059*3_213-1126*3_213-1163*3_213-1064*3_213-1127*3_213-1128*3_213-1124*3_213-710*3_213-778*3_213-1081*3_213-1058*3_213-709*3_213-1082*3_213-1123*3_213-777*3_213-1057*3_751-352*3_751-166*3_751-349*3_751-165*3_751-350*3_751-353*3_751-357*3_751-570*3_751-571*3_751-572*3_751-595*3_751-592*3_751-587*3_751-577*3_751-581*3_726-730*4_726-723*4_726-728*4_726-722*4_726-721*4_726-729*4_726-720*4_726-894*4_726-895*4_726-719*4_726-896*4_726-464*4_726-463*4_726-465*4_726-897*4_726-462*4_726-466*4_726-526*4_726-461*4_726-898*4_726-467*4_726-714*4_726-525*4_726-460*4_726-899*4_726-455*4_726-903*4_726-712*4_726-459*4_726-468*4_726-456*4_726-523*4_726-904*4_726-901*4_726-905*4_726-457*4_726-902*4_726-906*4_726-711*4_726-522*4_726-718*4_726-507*4_726-470*4_726-740*4_726-717*4_726-907*4_726-521*4_726-454*4_726-506*4_726-471*4_726-536*4_726-472*4_726-908*4_726-527*4_726-520*4_726-25*4_726-453*4_726-489*4_726-474*4_726-475*4_726-534*4_726-14*4_726-487*4_1456-1468*2_1456-1473*2_1456-1469*2_1456-1563*2_1456-1562*2_1456-1561*2_1456-1474*2_1456-1470*2_1456-1560*2_1456-1449*2_1456-1494*2_1456-1471*2_1456-1447*2_1456-1472*2_1456-1495*2_1456-1581*2_1456-1564*2_1456-1475*2_1456-1446*2_1456-1582*2_1456-1490*2_1456-1496*2_1456-1565*2_1456-1489*2_1456-1476*2_1456-1445*2_1456-1556*2_1456-1485*2_1456-1145*2_1456-1497*2_1456-1484*2_1456-1553*2_1456-1442*2_1456-1486*2_1456-1552*2_1456-1146*2_1456-1478*2_1456-1498*2_1456-1147*2_1456-1441*2_1456-1551*2_1456-1487*2_1456-1148*2_1456-1149*2_1456-1506*2_1456-1479*2_1456-1150*2_1186-1137*2_1186-1138*2_1186-1139*2_1186-1156*2_1186-1157*2_1186-1161*2_1186-1158*2_1186-1121*2_1701-28*5_1701-48*5_1701-49*5_1701-29*5_1701-30*5_846-371*4_846-359*4_846-370*4_846-568*4_846-360*4_846-372*4_846-368*4_846-361*4_846-378*4_846-367*4_846-362*4_846-379*4_846-593*4_846-384*4_846-373*4_846-594*4_846-366*4_846-363*4_846-374*4_846-567*4_846-383*4_846-381*4_846-365*4_846-375*4_846-376*4_846-382*4_846-377*4_846-408*4_1425-1436*4_1425-1413*4_1425-1437*4_1425-1414*4_1425-1398*4_1425-1438*4_1425-1395*4_1425-1415*4_1425-1394*4_1425-1439*4_1425-1397*4_1425-1419*4_1425-1416*4_1425-1400*4_1425-1585*4_1425-1417*4_1425-1586*4_1425-1393*4_1425-1401*4_1425-1418*4_1425-1392*4_1425-1391*4_527-473*5_527-476*5_527-477*5_527-478*5_527-479*5_527-481*5_527-482*5_527-483*5_1491-1151*2_1491-1152*2_1491-1159*2_1491-1162*2_1491-1160*2_1491-1153*2_1491-1480*2_1491-1092*2_1491-1093*2_1491-1091*2_1491-1154*2_1491-1094*2_1491-1481*2_1491-1090*2_1491-1108*2_1491-1482*2_1491-1116*2_1491-1089*2_1491-1095*2_1491-1117*2_1491-1483*2_1491-1120*2_1491-1107*2_1491-1087*2_1491-1097*2_1491-1109*2_1491-1096*2_1491-1118*2_1491-809*2_1491-1112*2_1491-1098*2_1491-803*2_1491-1493*2_1491-1056*2_1491-1113*2_1491-1119*2_1491-1114*2_1491-808*2_1491-1115*2_1491-1100*2_1491-801*2_1678-1644*4_1678-1645*4_1678-1646*4_1678-1648*4_1678-1649*4_1678-1651*4_1678-1652*4_343-163*3_343-576*3_343-162*3_343-164*3_343-588*3_343-582*3_343-161*3_343-589*3_343-583*3_467-909*5_139-209*4_139-652*4_139-133*4_139-130*4_139-651*4_139-597*4_139-146*4_139-145*4_139-129*4_139-148*4_139-131*4_139-605*4_139-128*4_139-134*4_139-144*4_139-584*4_139-132*4_139-127*4_139-600*4_139-606*4_139-135*4_139-585*4_139-149*4_139-601*4_139-649*4_139-586*4_139-150*4_139-650*4_139-655*4_139-124*4_139-603*4_139-123*4_139-590*4_139-126*4_139-122*4_139-157*4_139-151*4_139-656*4_139-154*4_139-604*4_139-607*4_139-152*4_139-121*4_139-159*4_139-612*4_893-36*4_893-69*4_893-47*4_893-910*4_893-369*4_893-3*4_893-358*4_893-1765*4_893-413*4_893-347*4_893-424*4_893-1754*4_138-153*4_138-160*4_138-155*4_138-596*4_138-120*4_1659-1653*5_1396-1386*5_1396-1404*5_1396-1385*5_1396-1403*5_1396-1384*5_1396-1402*5_1396-1387*5_1396-1383*5_549-533*4_549-561*4_549-554*4_549-452*4_549-490*4_218-184*4_1132-706*2_1132-1054*2_1132-707*2_1132-708*2_1658-1655*6_534-562*5_534-555*5_534-563*5_534-556*5_534-564*5_534-559*5_534-560*5_534-406*5_534-407*5_534-405*5_534-528*5_534-404*5_534-364*5_534-450*5_534-492*5_534-451*5_534-529*5_534-493*5_534-403*5_534-494*5_534-499*5_534-401*5_534-400*5_534-449*5_534-530*5_534-500*5_534-488*5_534-498*5_534-397*5_534-495*5_534-448*5_534-399*5_534-497*5_534-496*5_651-611*5_651-119*5_651-610*5_651-118*5_651-658*5_651-609*5_651-115*5_651-116*5_843-1083*4_843-784*4_843-785*4_843-786*4_843-1084*4_843-776*4_843-787*4_843-336*4_843-788*4_843-1085*4_843-789*4_843-775*4_843-1053*4_843-1052*4_843-1086*4_843-790*4_843-774*4_843-773*4_843-772*4_843-1688*4_843-792*4_843-1710*4_843-794*4_843-1643*4_843-1721*4_843-1654*4_843-1050*4_1433-1440*4_1433-1583*4_1433-1584*4_1433-1513*4_402-793*4_402-1743*4_402-1732*4_402-912*4_402-913*4_402-914*4_402-1699*4_402-915*4_402-916*4_402-917*4_402-1677*4_402-918*4_1695-46*5_1249-1302*4_1249-1298*4_453-501*5_453-486*5_1152-804*3_1152-807*3_1152-805*3_453-485*5_1152-806*3_453-503*5_1152-800*3_1152-1101*3_1152-1399*3_1152-826*3_453-484*5_453-504*5_1152-799*3_1152-1102*3_1152-1410*3_453-505*5_1152-1388*3_1152-827*3_1152-798*3_453-508*5_453-509*5_1152-1421*3_453-445*5_453-510*5_1152-1103*3_1152-828*3_453-511*5_1152-825*3_453-512*5_1152-1377*3_1152-1432*3_453-514*5_1152-797*3_1152-1444*3_1152-1104*3_1152-1455*3_453-515*5_1152-823*3_1152-1014*3_1152-796*3_1152-1018*3_1152-1466*3_1152-1105*3_1152-1013*3_847-1741*1_847-1742*1_847-1735*1_847-1737*1_1297-1300*5_1297-1304*5_1297-1315*5_1297-1311*5_1297-1312*5_1297-1313*5_1297-1314*5_1297-1322*5_1297-1316*5_604-575*6_604-156*6_604-439*6_604-440*6_604-438*6_604-437*6_604-441*6_604-436*6_1383-1382*6_1383-1381*6_1383-1380*6_1383-1389*6_1383-1379*6_1383-1390*6_1383-1373*6_1383-1374*6_1383-1378*6_1383-1375*6_1383-1408*6_1383-1405*6_1383-1376*6_1383-863*6_1383-1372*6_1383-1598*6_1383-1371*6_1383-1597*6_1383-862*6_1383-1596*6_1383-1370*6_1383-1591*6_1383-1592*6_1383-861*6_1383-1587*6_1383-1590*6_1383-1593*6_1383-1406*6_1383-1589*6_1383-1362*6_1383-860*6_1383-1309*6_1383-1407*6_1383-1594*6_1383-1361*6_1383-1364*6_1383-1365*6_1383-1595*6_1383-859*6_1383-1360*6_1383-1363*6_1383-1359*6_1383-1367*6_1383-1341*6_1383-858*6_1383-1336*6_1383-1308*6_1383-1337*6_1383-1368*6_1383-1343*6_1383-1335*6_1383-1338*6_1383-1307*6_1383-1369*6_1647-856*5_1647-855*5_1647-854*5_1484-1500*3_1484-1501*3_1484-1502*3_851-1746*1_1688-1666*5_1688-919*5_1688-920*5_1688-1040*5_1688-1039*5_1688-921*5_1688-1632*5_1688-1038*5_1688-923*5_1688-1621*5_1688-1037*5_1688-924*5_1688-1610*5_1688-1036*5_1688-1041*5_1688-925*5_1688-1599*5_1688-1035*5_1688-1042*5_1688-926*5_1688-1047*5_1688-1048*5_1688-1034*5_1688-1032*5_1688-1049*5_1688-1588*5_1688-1043*5_1688-822*5_1688-1051*5_1688-927*5_1688-1577*5_1688-1045*5_1688-821*5_1688-928*5_1688-1566*5_1688-820*5_1481-1366*4_1481-1019*4_1481-1355*4_1481-1020*4_1481-1012*4_1481-1002*4_582-385*5_1410-1001*4_1410-998*4_1410-1488*4_1414-1544*5_1414-1545*5_1414-1546*5_1414-1515*5_1414-1514*5_1414-1547*5_1414-1516*5_1414-1548*5_1414-1541*5_1414-1517*5_1414-1512*5_1414-1549*5_1414-1518*5_1414-1559*5_1414-1523*5_1387-1339*6_1387-1334*6_1387-1342*6_1387-1306*6_1387-1340*6_1387-1305*6_1387-1325*6_1387-1326*6_1387-1346*6_1377-1021*4_1377-1023*4_1377-1344*4_1377-1024*4_1377-1188*4_1377-1010*4_1377-1199*4_1377-1015*4_1377-1025*4_1377-1009*4_1377-1210*4_1377-1000*4_1377-1177*4_1377-1222*4_1377-1233*4_1377-1016*4_1377-944*4_1377-1244*4_1377-1008*4_1377-955*4_1377-1017*4_1377-933*4_1377-1255*4_1377-922*4_1377-1007*4_1377-966*4_1377-1003*4_1377-1266*4_1377-911*4_1377-1310*4_1377-977*4_1377-1004*4_1377-1299*4_1377-1288*4_1377-900*4_1377-1006*4_1377-1005*4_1377-1277*4_1377-988*4_1377-997*4_1377-1321*4_1377-993*4_1377-889*4_1377-992*4_1377-877*4_1377-1011*4_1651-829*5_1651-830*5_609-659*6_609-660*6_609-661*6_609-608*6_609-112*6_609-614*6_609-104*6_609-117*6_609-616*6_609-103*6_609-615*6_609-105*6_609-642*6_609-617*6_609-101*6_609-106*6_609-641*6_609-618*6_609-107*6_609-671*6_609-640*6_609-619*6_609-670*6_609-667*6_609-108*6_609-639*6_609-100*6_609-620*6_609-666*6_609-662*6_609-665*6_609-109*6_609-621*6_609-637*6_1368-1345*7_530-422*6_530-421*6_530-420*6_530-419*6_530-519*6_530-418*6_530-518*6_530-417*6_530-517*6_530-516*6_530-416*6_530-415*6_530-414*6_530-412*6_530-411*6_118-663*6_118-99*6_118-664*6_118-189*6_118-98*6_118-190*6_118-97*6_118-90*6_118-192*6_118-188*6_118-673*6_118-96*6_118-89*6_118-110*6_118-92*6_118-193*6_118-95*6_118-674*6_118-187*6_118-87*6_1119-1477*3_1119-1499*3_1119-795*3_1119-1510*3_1119-1521*3_1119-812*3_1119-814*3_1119-810*3_559-398*6_559-409*6_559-410*6_559-396*6_559-395*6_559-565*6_559-394*6_559-393*6_559-392*6_559-390*6_559-444*6_559-389*6_559-566*6_559-423*6_559-388*6_559-425*6_559-387*6_559-443*6_1586-1324*5_403-426*6_403-427*6_403-442*6_403-428*6_403-430*6_403-429*6_403-431*6_403-432*6_403-433*6_403-386*6_403-434*6_46-42*6_46-43*6_46-41*6_46-39*6_46-40*6_46-45*6_46-44*6_46-678*6_46-50*6_46-676*6_46-31*6_46-51*6_46-677*6_46-32*6_46-52*6_46-33*6_46-53*6_46-34*6_46-54*6_46-35*6_46-37*6_46-55*6_46-84*6_30-38*6_30-56*6_30-63*6_30-62*6_30-64*6_30-61*6_30-79*6_30-60*6_30-81*6_30-59*6_30-57*6_30-78*6_30-82*6_30-648*6_30-65*6_30-672*6_30-647*6_827-995*4_827-991*4_26-85*5_26-77*5_26-17*5_1020-996*5_1020-950*5_1020-994*5_1020-953*5_1020-952*5_1020-951*5_1020-949*5_1020-989*5_1020-948*5_1014-939*5_1014-940*5_1014-941*5_1014-938*5_1014-811*5_1014-942*5_1014-937*5_1014-936*5_1369-1347*7_1369-1348*7_825-815*5_825-1532*5_825-816*5_825-1543*5_825-817*5_825-1106*5_825-935*5_825-818*5_825-934*5_825-1555*5_825-932*5_825-819*5_825-931*5_825-943*5_105-111*7_105-88*7_105-675*7_105-93*7_105-94*7_105-194*7_105-70*7_105-638*7_105-68*7_105-195*7_105-86*7_105-645*7_105-67*7_105-622*7_105-75*7_105-644*7_105-66*7_105-71*7_105-685*7_105-623*7_1113-929*4_608-625*7_608-626*7_1032-930*6_19-16*4_19-15*4_19-13*4_19-683*4_19-76*4_19-73*4_19-684*4_19-72*4_1597-1327*7_1597-1328*7_1597-1329*7_1597-1323*7_1597-1330*7_1597-1349*7_639-627*7_639-632*7_639-631*7_639-628*7_639-630*7_639-643*7_639-629*7_639-633*7_639-636*7_639-634*7_1497-1505*3_1497-1507*3_1497-1508*3_1497-1526*3_1497-1509*3_1497-1531*3_1497-1525*3_1497-1557*3_1497-1558*3_1497-1522*3_1497-1524*3_1497-1511*3_1497-1530*3_1497-1520*3_1497-1529*3_1497-1519*3_1677-1046*5_1338-1319*7_1004-954*6_1004-956*6_1004-957*6_1004-990*6_1004-946*6_1004-947*6_1004-958*6_1004-1133*6_1004-1122*6_1004-945*6_1004-1111*6_1004-962*6_1004-961*6_1004-1144*6_1004-969*6_1004-959*6_1004-960*6_1004-1099*6_1004-968*6_1004-1088*6_1004-1155*6_1004-963*6_1004-1022*6_1004-967*6_1004-1077*6_1004-964*6_1004-1030*6_1004-1033*6_1004-965*6_1004-1066*6_1004-1166*6_1004-1055*6_1004-1031*6_1004-970*6_1328-1331*8_1328-1320*8_1328-1356*8_1328-1318*8_1328-1354*8_1328-1317*8_1328-1353*8_1328-1350*8_1328-1352*8_1328-1351*8_1328-1357*8_1328-1358*8_1288-1*5_1288-1333*5_1288-0*5_1288-1110*5_1288-866*5_1288-1221*5_1288-779*5_1288-1332*5_1288-668*5_1288-1443*5_1288-557*5_1288-1528*5_1288-1554*5_1288-1503*5_1288-1527*5_1288-1665*5_1288-2*5_1288-113*5_1288-224*5_1288-335*5_1288-1504*5_1288-1044*5_1288-446*5_1288-888*5_1760-1748*2_1760-1745*2_1760-1729*2_1760-1730*2_1760-1720*2_1760-1731*2_1760-1719*2_1760-1744*2_1760-1733*2_1760-1718*2_1751-1717*2_1545-1542*6_1545-1550*6_1545-1535*6_1545-1533*6_1545-1534*6_1545-1536*6_1545-1537*6_1545-999*6_1545-1538*6_1545-1539*6_1545-1540*6_1720-686*3_1720-1716*3_1720-1715*3_1720-1734*3_1720-1736*3_1720-1774*3_1720-1775*3_1720-4*3_1720-12*3_1720-11*3_1720-10*3_1720-5*3_1720-74*3_1720-9*3_942-1026*6_942-1027*6_942-1028*6_942-1029*6_954-981*7_954-985*7_954-986*7_954-971*7_954-984*7_954-987*7_954-980*7_954-982*7_954-972*7_954-973*7_954-983*7_954-979*7_954-974*7_954-975*7_954-976*7_954-978*7_1716-6*4_1716-8*4_1716-7*4_1716-186*4_215-185*4_
