"id","Scenario","Actual Range","Protocol","Buildings","Total nodes","Nodes on circ","Total coverage","Coverage on circ","Alert received mean time","Hops","Slots","Messages sent","Messages received", "Starting x", "Starting y","Starting node", "Vehicle distance", "Received node ids", "Node ids", "Transmission map", "Received on circ nodes", "Transmission vector"
0,1,100,500,0,1344,39,1162,37,431426,21.4054,328.622,621,1162,1700,800,412,25,411_413_410_414_409_415_408_416_928_412_927_929_926_930_417_418_925_931_419_407_406_405_404_924_923_932_933_934_403_402_401_400_832_935_936_937_831_833_830_834_399_829_835_398_922_921_836_837_397_838_396_395_394_393_839_420_421_422_920_919_918_917_423_424_425_938_939_940_941_426_916_915_942_943_392_391_840_841_512_944_511_513_510_514_945_946_509_515_947_914_842_843_390_427_389_388_387_428_429_430_516_517_518_519_520_521_522_431_432_1024_844_386_385_384_736_735_737_734_738_913_320_912_948_949_845_846_847_733_739_496_848_495_497_494_498_849_493_499_850_523_524_319_321_911_318_322_910_317_323_909_316_324_908_950_951_740_741_742_743_433_1023_1025_434_1022_1026_435_1021_1027_436_1020_1028_744_745_732_731_730_729_525_325_326_327_437_438_439_440_441_442_443_444_492_491_851_490_952_953_852_853_854_855_445_446_447_746_747_748_749_750_489_488_487_328_329_330_331_332_954_448_1120_1019_1018_1017_1016_751_480_752_481_482_753_483_754_333_334_335_336_1008_856_486_485_484_1119_1121_1118_1122_449_1117_1123_450_451_452_453_1029_1030_1031_857_858_728_454_1015_1014_1013_1012_727_726_725_755_756_526_527_1011_1010_1009_528_1040_1039_1041_1038_1042_529_907_906_905_904_1043_530_1044_531_1037_1045_1007_1006_337_903_902_901_1046_1047_1048_1049_757_758_759_760_955_956_957_958_338_339_1005_455_456_457_458_1050_1051_1052_1053_900_899_898_897_724_723_340_341_342_761_762_763_764_765_722_721_288_720_1032_1033_1034_1035_766_767_459_460_461_462_463_532_533_534_289_719_290_718_291_717_292_716_1054_1055_624_535_536_537_538_464_1216_1215_1217_465_1214_1218_466_1213_1219_467_859_860_861_862_468_469_470_623_625_622_626_1036_621_620_619_618_959_608_607_609_606_610_611_612_605_613_863_592_343_344_345_576_577_578_579_224_896_223_225_222_226_895_539_540_541_542_894_221_227_893_220_228_892_614_891_890_889_888_346_347_715_714_713_712_627_628_629_630_580_581_582_543_544_1136_887_229_230_231_232_591_593_590_594_589_595_596_597_598_886_885_884_883_615_588_587_586_1004_1003_1002_1001_585_711_710_471_472_473_348_349_350_351_352_1104_616_617_474_475_476_477_478_479_1312_1311_1313_1310_1314_631_882_881_128_880_127_129_126_130_879_1309_1315_584_583_1308_1307_1306_1305_353_1103_1105_354_1102_1106_355_1101_1107_356_1100_1108_233_234_235_236_1000_999_1135_1137_545_1134_1138_546_1133_1139_547_998_548_549_550_237_238_239_878_125_131_877_124_132_876_551_552_553_709_708_707_554_555_357_358_359_556_557_558_997_996_995_1304_1303_1302_1301_133_134_360_361_362_875_874_873_706_705_192_704_193_194_703_135_136_137_1300_1299_1298_1316_1317_1318_1319_994_138_139_140_195_196_702_197_701_198_700_1297_632_633_1099_1098_1097_1096_240_992_991_993_990_241_989_242_243_244_245_363_364_1296_383_382_1295_381_1294_634_1095_1094_1093_1320_1321_1322_635_636_637_988_987_872_871_870_869_1293_380_1292_559_560_1232_1231_1233_1230_1234_561_1229_1235_562_1092_365_366_367_368_1200_246_1199_1201_1198_1202_369_1197_1203_370_1291_1290_1289_1288_1287_1286_1285_1284_699_698_697_696_695_141_142_143_1236_1237_563_1238_1323_1324_1325_1326_1091_1090_868_144_976_975_977_145_974_978_146_973_979_147_1124_1125_1126_1327_1328_575_574_1329_1089_256_1088_255_257_254_258_1087_253_259_1086_694_693_692_691_638_639_640_1151_1150_641_260_261_1085_262_247_248_249_250_1239_1240_1241_1242_972_971_970_1127_1128_1330_573_1331_969_968_1204_1205_1206_1207_1228_1227_1226_1225_690_689_1243_1244_96_688_564_565_566_1129_1130_371_372_373_263_264_265_266_1283_1282_1281_1280_867_866_865_251_967_966_965_642_643_644_1149_645_986_985_984_983_287_286_1279_285_1278_1245_1246_267_252_1084_1083_1082_1081_572_1332_32_864_1080_374_1079_375_1078_376_646_647_648_649_1247_656_655_657_654_658_653_659_567_568_660_661_569_570_571_1277_284_1276_982_377_378_379_1131_1132_1275_1274_1273_1272_1077_1076_1075_1074_1140_97_687_98_686_99_685_100_684_31_33_30_34_650_651_652_683_682_981_29_35_28_36_37_38_681_1141_1142_1143_980_1144_1145_1146_268_269_270_39_40_41_680_679_678_677_964_963_1333_1334_148_662_1271_1270_149_150_151_1335_1336_1337_1147_1148_1338_1339_1269_1268_1073_160_1072_159_161_158_162_1071_157_163_1070_156_1069_155_676_675_962_663_1267_1266_1265_152_153_674_673_0_672_1068_1067_1066_961_48_960_47_49_46_50_45_51_44_52_1065_271_272_1184_1183_1185_1182_1186_273_1181_1187_274_164_165_166_167_1180_275_1179_154_1064_1063_1062_276_277_278_279_42_43_1178_1177_1176_1175_53_1340_1341_1342_1264_191_190_1263_189_188_1262_187_1261_186_1174_1_2_3_54_55_56_1061_1060_1343_664_57_58_59_665_60_61_62_666_667_668_63_64_1056_280_281_4_669_670_168_169_170_171_1057_65_1058_66_1059_67_671_1173_1172_1171_1170_1169_176_1168_175_177_174_178_1167_282_283_179_1166_180_1165_173_181_182_183_184_185_68_69_172_1260_1259_1258_1257_1256_1220_1221_1222_1164_70_71_72_73_1255_1254_1253_1252_1251_1250_1249_1223_1224_74_75_76_77_1163_1162_1161_1160_1248_95_94_78_79_1159_1158_1157_80_1152_1153_1154_81_1156_82_83_1155_84_1212_1211_1210_1209_93_1188_1208_85_86_87_88_92_89_90_91_,0_1_2_3_4_5_6_7_8_9_10_11_12_13_14_15_16_17_18_19_20_21_22_23_24_25_26_27_28_29_30_31_32_33_34_35_36_37_38_39_40_41_42_43_44_45_46_47_48_49_50_51_52_53_54_55_56_57_58_59_60_61_62_63_64_65_66_67_68_69_70_71_72_73_74_75_76_77_78_79_80_81_82_83_84_85_86_87_88_89_90_91_92_93_94_95_96_97_98_99_100_101_102_103_104_105_106_107_108_109_110_111_112_113_114_115_116_117_118_119_120_121_122_123_124_125_126_127_128_129_130_131_132_133_134_135_136_137_138_139_140_141_142_143_144_145_146_147_148_149_150_151_152_153_154_155_156_157_158_159_160_161_162_163_164_165_166_167_168_169_170_171_172_173_174_175_176_177_178_179_180_181_182_183_184_185_186_187_188_189_190_191_192_193_194_195_196_197_198_199_200_201_202_203_204_205_206_207_208_209_210_211_212_213_214_215_216_217_218_219_220_221_222_223_224_225_226_227_228_229_230_231_232_233_234_235_236_237_238_239_240_241_242_243_244_245_246_247_248_249_250_251_252_253_254_255_256_257_258_259_260_261_262_263_264_265_266_267_268_269_270_271_272_273_274_275_276_277_278_279_280_281_282_283_284_285_286_287_288_289_290_291_292_293_294_295_296_297_298_299_300_301_302_303_304_305_306_307_308_309_310_311_312_313_314_315_316_317_318_319_320_321_322_323_324_325_326_327_328_329_330_331_332_333_334_335_336_337_338_339_340_341_342_343_344_345_346_347_348_349_350_351_352_353_354_355_356_357_358_359_360_361_362_363_364_365_366_367_368_369_370_371_372_373_374_375_376_377_378_379_380_381_382_383_384_385_386_387_388_389_390_391_392_393_394_395_396_397_398_399_400_401_402_403_404_405_406_407_408_409_410_411_412_413_414_415_416_417_418_419_420_421_422_423_424_425_426_427_428_429_430_431_432_433_434_435_436_437_438_439_440_441_442_443_444_445_446_447_448_449_450_451_452_453_454_455_456_457_458_459_460_461_462_463_464_465_466_467_468_469_470_471_472_473_474_475_476_477_478_479_480_481_482_483_484_485_486_487_488_489_490_491_492_493_494_495_496_497_498_499_500_501_502_503_504_505_506_507_508_509_510_511_512_513_514_515_516_517_518_519_520_521_522_523_524_525_526_527_528_529_530_531_532_533_534_535_536_537_538_539_540_541_542_543_544_545_546_547_548_549_550_551_552_553_554_555_556_557_558_559_560_561_562_563_564_565_566_567_568_569_570_571_572_573_574_575_576_577_578_579_580_581_582_583_584_585_586_587_588_589_590_591_592_593_594_595_596_597_598_599_600_601_602_603_604_605_606_607_608_609_610_611_612_613_614_615_616_617_618_619_620_621_622_623_624_625_626_627_628_629_630_631_632_633_634_635_636_637_638_639_640_641_642_643_644_645_646_647_648_649_650_651_652_653_654_655_656_657_658_659_660_661_662_663_664_665_666_667_668_669_670_671_672_673_674_675_676_677_678_679_680_681_682_683_684_685_686_687_688_689_690_691_692_693_694_695_696_697_698_699_700_701_702_703_704_705_706_707_708_709_710_711_712_713_714_715_716_717_718_719_720_721_722_723_724_725_726_727_728_729_730_731_732_733_734_735_736_737_738_739_740_741_742_743_744_745_746_747_748_749_750_751_752_753_754_755_756_757_758_759_760_761_762_763_764_765_766_767_768_769_770_771_772_773_774_775_776_777_778_779_780_781_782_783_784_785_786_787_788_789_790_791_792_793_794_795_796_797_798_799_800_801_802_803_804_805_806_807_808_809_810_811_812_813_814_815_816_817_818_819_820_821_822_823_824_825_826_827_828_829_830_831_832_833_834_835_836_837_838_839_840_841_842_843_844_845_846_847_848_849_850_851_852_853_854_855_856_857_858_859_860_861_862_863_864_865_866_867_868_869_870_871_872_873_874_875_876_877_878_879_880_881_882_883_884_885_886_887_888_889_890_891_892_893_894_895_896_897_898_899_900_901_902_903_904_905_906_907_908_909_910_911_912_913_914_915_916_917_918_919_920_921_922_923_924_925_926_927_928_929_930_931_932_933_934_935_936_937_938_939_940_941_942_943_944_945_946_947_948_949_950_951_952_953_954_955_956_957_958_959_960_961_962_963_964_965_966_967_968_969_970_971_972_973_974_975_976_977_978_979_980_981_982_983_984_985_986_987_988_989_990_991_992_993_994_995_996_997_998_999_1000_1001_1002_1003_1004_1005_1006_1007_1008_1009_1010_1011_1012_1013_1014_1015_1016_1017_1018_1019_1020_1021_1022_1023_1024_1025_1026_1027_1028_1029_1030_1031_1032_1033_1034_1035_1036_1037_1038_1039_1040_1041_1042_1043_1044_1045_1046_1047_1048_1049_1050_1051_1052_1053_1054_1055_1056_1057_1058_1059_1060_1061_1062_1063_1064_1065_1066_1067_1068_1069_1070_1071_1072_1073_1074_1075_1076_1077_1078_1079_1080_1081_1082_1083_1084_1085_1086_1087_1088_1089_1090_1091_1092_1093_1094_1095_1096_1097_1098_1099_1100_1101_1102_1103_1104_1105_1106_1107_1108_1109_1110_1111_1112_1113_1114_1115_1116_1117_1118_1119_1120_1121_1122_1123_1124_1125_1126_1127_1128_1129_1130_1131_1132_1133_1134_1135_1136_1137_1138_1139_1140_1141_1142_1143_1144_1145_1146_1147_1148_1149_1150_1151_1152_1153_1154_1155_1156_1157_1158_1159_1160_1161_1162_1163_1164_1165_1166_1167_1168_1169_1170_1171_1172_1173_1174_1175_1176_1177_1178_1179_1180_1181_1182_1183_1184_1185_1186_1187_1188_1189_1190_1191_1192_1193_1194_1195_1196_1197_1198_1199_1200_1201_1202_1203_1204_1205_1206_1207_1208_1209_1210_1211_1212_1213_1214_1215_1216_1217_1218_1219_1220_1221_1222_1223_1224_1225_1226_1227_1228_1229_1230_1231_1232_1233_1234_1235_1236_1237_1238_1239_1240_1241_1242_1243_1244_1245_1246_1247_1248_1249_1250_1251_1252_1253_1254_1255_1256_1257_1258_1259_1260_1261_1262_1263_1264_1265_1266_1267_1268_1269_1270_1271_1272_1273_1274_1275_1276_1277_1278_1279_1280_1281_1282_1283_1284_1285_1286_1287_1288_1289_1290_1291_1292_1293_1294_1295_1296_1297_1298_1299_1300_1301_1302_1303_1304_1305_1306_1307_1308_1309_1310_1311_1312_1313_1314_1315_1316_1317_1318_1319_1320_1321_1322_1323_1324_1325_1326_1327_1328_1329_1330_1331_1332_1333_1334_1335_1336_1337_1338_1339_1340_1341_1342_1343_,34:{37;38;}37:{39;40;41;}40:{42;43;}49:{53;}52:{54;55;56;}55:{57;58;59;}58:{60;61;62;}60:{63;64;1056;}63:{1057;65;1058;66;1059;67;}65:{68;69;}69:{70;71;72;73;}73:{74;75;76;77;}75:{78;79;}77:{80;1152;1153;1154;81;}80:{82;83;1155;84;}84:{85;86;87;88;}85:{89;}86:{90;}90:{91;}96:{97;687;98;686;99;685;100;684;}130:{133;134;}133:{135;136;137;}136:{138;139;140;}139:{141;142;143;}143:{144;976;975;977;145;974;978;146;973;979;147;}144:{148;}147:{149;150;151;}149:{152;153;}153:{154;}159:{156;1069;155;}163:{164;165;166;167;}167:{168;169;170;171;}168:{172;}177:{179;1166;180;1165;173;181;}178:{182;}182:{183;184;185;}190:{189;188;1262;187;1261;186;}194:{195;196;702;197;701;198;}228:{229;230;231;232;}232:{233;234;235;236;}235:{237;238;239;}236:{240;992;}238:{991;993;990;241;989;242;}241:{243;244;245;}242:{246;}246:{247;248;249;250;}247:{251;}250:{252;}258:{260;261;1085;262;}262:{263;264;265;266;}263:{267;}266:{268;269;270;}270:{271;272;1184;1183;1185;1182;1186;273;1181;1187;274;}272:{1188;}275:{276;277;278;279;}277:{280;281;}279:{282;283;}288:{289;719;290;718;291;717;292;716;}323:{325;326;327;}327:{328;329;330;331;}328:{332;}332:{333;334;335;336;1008;}333:{1007;1006;337;}338:{340;341;342;}341:{343;344;345;}343:{346;347;}347:{348;349;350;351;}348:{352;1104;}355:{357;358;359;}358:{360;361;362;}360:{363;364;}364:{365;366;367;368;1200;}366:{1199;1201;1198;1202;369;1197;1203;370;}369:{371;372;373;}372:{374;375;376;}375:{377;378;379;}386:{733;739;}387:{386;385;384;736;735;737;734;738;}391:{389;388;387;}394:{390;}395:{392;391;}397:{396;395;394;393;}402:{831;833;830;834;399;829;835;398;}404:{403;402;401;400;832;}408:{407;406;405;404;}412:{411;413;410;414;409;415;408;416;928;}413:{412;927;929;926;930;417;}415:{418;925;931;419;}418:{420;421;422;}421:{423;424;425;}422:{426;}423:{427;}426:{428;429;430;}428:{431;432;1024;}432:{433;1023;1025;434;1022;1026;435;1021;1027;436;1020;1028;}436:{437;438;439;440;}440:{441;442;443;444;}443:{445;446;447;}444:{448;1120;}446:{1119;1121;1118;1122;449;1117;1123;450;}449:{451;452;453;}450:{454;}452:{455;456;}454:{457;458;}456:{459;460;}459:{461;462;463;}463:{464;1216;1215;1217;465;1214;1218;466;1213;1219;467;}466:{468;469;470;}469:{471;472;473;}473:{474;475;476;477;}477:{478;479;1312;1311;1313;1310;1314;}478:{1309;1315;}480:{755;756;}487:{486;485;484;}491:{489;488;487;}494:{492;491;851;490;}514:{516;517;518;}518:{519;520;521;522;}520:{523;524;}521:{525;}523:{526;527;}525:{528;1040;1039;1041;1038;1042;529;}530:{532;533;534;}534:{535;536;537;538;}538:{539;540;541;542;}540:{543;544;1136;}543:{1135;1137;545;1134;1138;546;1133;1139;547;}544:{1140;}546:{548;549;550;}547:{551;}549:{552;553;}551:{554;555;}554:{556;557;558;}556:{559;560;1232;}558:{1231;1233;1230;1234;561;1229;1235;562;}562:{564;565;566;}564:{567;568;}568:{569;570;571;}578:{580;581;582;}585:{584;583;}589:{585;}590:{588;587;586;}594:{596;597;598;}609:{611;612;605;613;}610:{614;}611:{615;}614:{616;617;}622:{621;620;619;618;}626:{627;628;629;630;}627:{631;}629:{632;633;}630:{634;}633:{635;636;637;}637:{638;639;640;1151;1150;641;}641:{642;643;644;1149;645;}645:{646;647;648;649;}649:{650;651;652;}657:{660;661;}658:{662;}659:{663;}660:{664;}661:{665;}664:{666;667;668;}666:{669;670;}668:{671;}672:{4;}673:{1;2;3;}676:{674;673;0;672;}679:{676;675;}681:{680;679;678;677;}685:{681;}686:{683;682;}692:{96;688;}693:{690;689;}695:{694;693;692;691;}699:{696;695;}701:{699;698;697;}704:{700;}707:{706;705;192;704;193;194;703;}711:{709;708;707;}714:{711;710;}716:{715;714;713;712;}724:{722;721;288;720;}727:{724;723;}729:{727;726;725;}732:{728;}733:{732;731;730;729;}739:{740;741;742;743;}741:{744;745;}745:{746;747;748;749;}746:{750;}750:{751;480;752;481;482;753;483;754;}756:{757;758;759;760;}760:{761;762;763;764;}761:{765;}763:{766;767;}766:{576;577;578;579;}834:{836;837;397;838;}835:{839;}837:{840;841;}839:{842;843;}840:{844;}843:{845;846;847;}846:{496;848;495;497;494;498;849;493;499;850;}851:{852;853;854;855;}852:{856;}854:{857;858;}858:{859;860;861;862;}860:{863;592;}863:{591;593;590;594;589;595;}864:{29;35;28;36;}867:{31;33;30;34;}868:{32;864;}869:{866;865;}871:{867;}872:{868;}873:{872;871;870;869;}877:{875;874;873;}880:{878;125;131;877;124;132;876;}883:{882;881;128;880;127;129;126;130;879;}887:{886;885;884;883;}891:{887;}892:{891;890;889;888;}896:{894;221;227;893;220;228;892;}899:{224;896;223;225;222;226;895;}901:{900;899;898;897;}905:{903;902;901;}908:{907;906;905;904;}912:{319;321;911;318;322;910;317;323;909;316;324;908;}916:{913;320;912;}918:{914;}919:{916;915;}921:{920;919;918;917;}925:{922;921;}927:{924;923;}930:{932;933;934;}933:{935;936;937;}937:{938;939;940;941;}939:{942;943;}941:{512;944;511;513;510;514;945;}943:{946;509;515;947;}945:{948;949;}947:{950;951;}949:{952;953;}950:{954;}954:{955;956;957;958;}957:{959;608;607;609;606;610;}960:{44;52;}962:{961;48;960;47;49;46;50;45;51;}966:{962;}967:{964;963;}969:{967;966;965;}972:{969;968;}974:{972;971;970;}982:{980;}985:{981;}986:{982;}987:{986;985;984;983;}991:{988;987;}998:{994;}999:{997;996;995;}1002:{998;}1003:{1000;999;}1005:{1004;1003;1002;1001;}1009:{338;339;1005;}1013:{1011;1010;1009;}1016:{1015;1014;1013;1012;}1020:{1019;1018;1017;1016;}1027:{1029;1030;1031;}1031:{1032;1033;1034;1035;}1033:{1036;}1041:{1043;530;1044;531;1037;1045;}1045:{1046;1047;1048;1049;}1049:{1050;1051;1052;1053;}1052:{1054;1055;624;}1053:{623;625;622;626;}1064:{1061;1060;}1066:{1064;1063;1062;}1069:{1065;}1070:{1068;1067;1066;}1074:{1073;160;1072;159;161;158;162;1071;157;163;1070;}1078:{1077;1076;1075;1074;}1082:{1080;1079;1078;}1085:{1084;1083;1082;1081;}1090:{1089;256;1088;255;257;254;258;1087;253;259;1086;}1094:{1091;1090;}1096:{1092;}1097:{1095;1094;1093;}1100:{1099;1098;1097;1096;}1104:{353;1103;1105;354;1102;1106;355;1101;1107;356;1100;1108;}1122:{1124;1125;1126;}1124:{1127;1128;}1126:{1129;1130;}1130:{1131;1132;}1139:{1141;1142;1143;}1142:{1144;1145;1146;}1146:{1147;1148;}1160:{1156;}1161:{1159;1158;1157;}1164:{1163;1162;1161;1160;}1168:{1164;}1171:{1169;176;1168;175;177;174;178;1167;}1174:{1173;1172;1171;1170;}1178:{1174;}1179:{1178;1177;1176;1175;}1183:{1180;275;1179;}1203:{1204;1205;1206;1207;}1209:{1208;}1213:{1212;1211;1210;1209;}1218:{1220;1221;1222;}1221:{1223;1224;}1229:{1228;1227;1226;1225;}1234:{1236;1237;563;1238;}1238:{1239;1240;1241;1242;}1240:{1243;1244;}1242:{1245;1246;}1246:{1247;656;655;657;654;658;653;659;}1248:{92;}1249:{93;}1251:{1248;95;94;}1253:{1251;1250;1249;}1256:{1255;1254;1253;1252;}1260:{1256;}1261:{1258;1257;}1263:{1260;1259;}1267:{1264;191;190;1263;}1269:{1267;1266;1265;}1272:{1269;1268;}1274:{1271;1270;}1276:{1275;1274;1273;1272;}1280:{1277;284;1276;}1282:{287;286;1279;285;1278;}1284:{1283;1282;1281;1280;}1288:{1287;1286;1285;1284;}1292:{1291;1290;1289;1288;}1296:{1293;380;1292;}1298:{1296;383;382;1295;381;1294;}1301:{1297;}1302:{1300;1299;1298;}1305:{1304;1303;1302;1301;}1309:{1308;1307;1306;1305;}1315:{1316;1317;1318;1319;}1318:{1320;1321;1322;}1322:{1323;1324;1325;1326;}1325:{1327;1328;575;574;1329;}1327:{1330;573;1331;}1328:{572;1332;}1330:{1333;1334;}1333:{1335;1336;1337;}1335:{1338;1339;}1338:{1340;1341;1342;}1339:{1343;},195_196_197_243_244_245_352_353_451_452_453_544_545_579_580_581_627_628_629_707_708_764_765_888_889_989_990_1101_1102_1103_1104_1105_1135_1136_1137_1138_1139_,412-411*0_412-413*0_412-410*0_412-414*0_412-409*0_412-415*0_412-408*0_412-416*0_412-928*0_413-412*1_413-927*1_413-929*1_413-926*1_413-930*1_413-417*1_415-418*2_415-925*2_415-931*2_415-419*2_408-407*1_408-406*1_408-405*1_408-404*1_927-924*3_927-923*3_930-932*4_930-933*4_930-934*4_404-403*2_404-402*2_404-401*2_404-400*2_404-832*2_933-935*5_933-936*5_933-937*5_402-831*4_402-833*4_402-830*4_402-834*4_402-399*4_402-829*4_402-835*4_402-398*4_925-922*4_925-921*4_834-836*5_834-837*5_834-397*5_834-838*5_397-396*6_397-395*6_397-394*6_397-393*6_835-839*6_418-420*5_418-421*5_418-422*5_921-920*5_921-919*5_921-918*5_921-917*5_421-423*6_421-424*6_421-425*6_937-938*6_937-939*6_937-940*6_937-941*6_422-426*7_919-916*6_919-915*6_939-942*7_939-943*7_395-392*8_395-391*8_837-840*7_837-841*7_941-512*8_941-944*8_941-511*8_941-513*8_941-510*8_941-514*8_941-945*8_943-946*9_943-509*9_943-515*9_943-947*9_918-914*7_839-842*8_839-843*8_394-390*9_423-427*8_391-389*10_391-388*10_391-387*10_426-428*9_426-429*9_426-430*9_514-516*10_514-517*10_514-518*10_518-519*11_518-520*11_518-521*11_518-522*11_428-431*10_428-432*10_428-1024*10_840-844*9_387-386*11_387-385*11_387-384*11_387-736*11_387-735*11_387-737*11_387-734*11_387-738*11_916-913*8_916-320*8_916-912*8_945-948*11_945-949*11_843-845*10_843-846*10_843-847*10_386-733*12_386-739*12_846-496*11_846-848*11_846-495*11_846-497*11_846-494*11_846-498*11_846-849*11_846-493*11_846-499*11_846-850*11_520-523*12_520-524*12_912-319*9_912-321*9_912-911*9_912-318*9_912-322*9_912-910*9_912-317*9_912-323*9_912-909*9_912-316*9_912-324*9_912-908*9_947-950*12_947-951*12_739-740*13_739-741*13_739-742*13_739-743*13_432-433*11_432-1023*11_432-1025*11_432-434*11_432-1022*11_432-1026*11_432-435*11_432-1021*11_432-1027*11_432-436*11_432-1020*11_432-1028*11_741-744*14_741-745*14_733-732*13_733-731*13_733-730*13_733-729*13_521-525*13_323-325*10_323-326*10_323-327*10_436-437*12_436-438*12_436-439*12_436-440*12_440-441*13_440-442*13_440-443*13_440-444*13_494-492*12_494-491*12_494-851*12_494-490*12_949-952*13_949-953*13_851-852*13_851-853*13_851-854*13_851-855*13_443-445*14_443-446*14_443-447*14_745-746*15_745-747*15_745-748*15_745-749*15_746-750*16_491-489*13_491-488*13_491-487*13_327-328*11_327-329*11_327-330*11_327-331*11_328-332*12_950-954*14_444-448*15_444-1120*15_1020-1019*12_1020-1018*12_1020-1017*12_1020-1016*12_750-751*17_750-480*17_750-752*17_750-481*17_750-482*17_750-753*17_750-483*17_750-754*17_332-333*13_332-334*13_332-335*13_332-336*13_332-1008*13_852-856*14_487-486*14_487-485*14_487-484*14_446-1119*16_446-1121*16_446-1118*16_446-1122*16_446-449*16_446-1117*16_446-1123*16_446-450*16_449-451*17_449-452*17_449-453*17_1027-1029*12_1027-1030*12_1027-1031*12_854-857*15_854-858*15_732-728*14_450-454*18_1016-1015*13_1016-1014*13_1016-1013*13_1016-1012*13_729-727*15_729-726*15_729-725*15_480-755*18_480-756*18_523-526*14_523-527*14_1013-1011*14_1013-1010*14_1013-1009*14_525-528*14_525-1040*14_525-1039*14_525-1041*14_525-1038*14_525-1042*14_525-529*14_908-907*10_908-906*10_908-905*10_908-904*10_1041-1043*15_1041-530*15_1041-1044*15_1041-531*15_1041-1037*15_1041-1045*15_333-1007*14_333-1006*14_333-337*14_905-903*11_905-902*11_905-901*11_1045-1046*16_1045-1047*16_1045-1048*16_1045-1049*16_756-757*19_756-758*19_756-759*19_756-760*19_954-955*15_954-956*15_954-957*15_954-958*15_1009-338*15_1009-339*15_1009-1005*15_452-455*19_452-456*19_454-457*20_454-458*20_1049-1050*17_1049-1051*17_1049-1052*17_1049-1053*17_901-900*12_901-899*12_901-898*12_901-897*12_727-724*16_727-723*16_338-340*16_338-341*16_338-342*16_760-761*20_760-762*20_760-763*20_760-764*20_761-765*21_724-722*17_724-721*17_724-288*17_724-720*17_1031-1032*13_1031-1033*13_1031-1034*13_1031-1035*13_763-766*22_763-767*22_456-459*21_456-460*21_459-461*22_459-462*22_459-463*22_530-532*16_530-533*16_530-534*16_288-289*18_288-719*18_288-290*18_288-718*18_288-291*18_288-717*18_288-292*18_288-716*18_1052-1054*18_1052-1055*18_1052-624*18_534-535*17_534-536*17_534-537*17_534-538*17_463-464*23_463-1216*23_463-1215*23_463-1217*23_463-465*23_463-1214*23_463-1218*23_463-466*23_463-1213*23_463-1219*23_463-467*23_858-859*16_858-860*16_858-861*16_858-862*16_466-468*24_466-469*24_466-470*24_1053-623*19_1053-625*19_1053-622*19_1053-626*19_1033-1036*14_622-621*20_622-620*20_622-619*20_622-618*20_957-959*16_957-608*16_957-607*16_957-609*16_957-606*16_957-610*16_609-611*17_609-612*17_609-605*17_609-613*17_860-863*17_860-592*17_341-343*17_341-344*17_341-345*17_766-576*23_766-577*23_766-578*23_766-579*23_899-224*13_899-896*13_899-223*13_899-225*13_899-222*13_899-226*13_899-895*13_538-539*18_538-540*18_538-541*18_538-542*18_896-894*15_896-221*15_896-227*15_896-893*15_896-220*15_896-228*15_896-892*15_610-614*18_892-891*16_892-890*16_892-889*16_892-888*16_343-346*18_343-347*18_716-715*19_716-714*19_716-713*19_716-712*19_626-627*21_626-628*21_626-629*21_626-630*21_578-580*24_578-581*24_578-582*24_540-543*19_540-544*19_540-1136*19_891-887*17_228-229*16_228-230*16_228-231*16_228-232*16_863-591*18_863-593*18_863-590*18_863-594*18_863-589*18_863-595*18_594-596*19_594-597*19_594-598*19_887-886*18_887-885*18_887-884*18_887-883*18_611-615*19_590-588*20_590-587*20_590-586*20_1005-1004*17_1005-1003*17_1005-1002*17_1005-1001*17_589-585*21_714-711*20_714-710*20_469-471*25_469-472*25_469-473*25_347-348*19_347-349*19_347-350*19_347-351*19_348-352*20_348-1104*20_614-616*20_614-617*20_473-474*26_473-475*26_473-476*26_473-477*26_477-478*27_477-479*27_477-1312*27_477-1311*27_477-1313*27_477-1310*27_477-1314*27_627-631*22_883-882*19_883-881*19_883-128*19_883-880*19_883-127*19_883-129*19_883-126*19_883-130*19_883-879*19_478-1309*28_478-1315*28_585-584*22_585-583*22_1309-1308*29_1309-1307*29_1309-1306*29_1309-1305*29_1104-353*21_1104-1103*21_1104-1105*21_1104-354*21_1104-1102*21_1104-1106*21_1104-355*21_1104-1101*21_1104-1107*21_1104-356*21_1104-1100*21_1104-1108*21_232-233*17_232-234*17_232-235*17_232-236*17_1003-1000*18_1003-999*18_543-1135*20_543-1137*20_543-545*20_543-1134*20_543-1138*20_543-546*20_543-1133*20_543-1139*20_543-547*20_1002-998*19_546-548*21_546-549*21_546-550*21_235-237*18_235-238*18_235-239*18_880-878*20_880-125*20_880-131*20_880-877*20_880-124*20_880-132*20_880-876*20_547-551*22_549-552*22_549-553*22_711-709*21_711-708*21_711-707*21_551-554*23_551-555*23_355-357*22_355-358*22_355-359*22_554-556*24_554-557*24_554-558*24_999-997*20_999-996*20_999-995*20_1305-1304*30_1305-1303*30_1305-1302*30_1305-1301*30_130-133*21_130-134*21_358-360*23_358-361*23_358-362*23_877-875*22_877-874*22_877-873*22_707-706*22_707-705*22_707-192*22_707-704*22_707-193*22_707-194*22_707-703*22_133-135*22_133-136*22_133-137*22_1302-1300*31_1302-1299*31_1302-1298*31_1315-1316*29_1315-1317*29_1315-1318*29_1315-1319*29_998-994*21_136-138*23_136-139*23_136-140*23_194-195*23_194-196*23_194-702*23_194-197*23_194-701*23_194-198*23_704-700*24_1301-1297*32_629-632*23_629-633*23_1100-1099*22_1100-1098*22_1100-1097*22_1100-1096*22_236-240*19_236-992*19_238-991*20_238-993*20_238-990*20_238-241*20_238-989*20_238-242*20_241-243*21_241-244*21_241-245*21_360-363*24_360-364*24_1298-1296*33_1298-383*33_1298-382*33_1298-1295*33_1298-381*33_1298-1294*33_630-634*24_1097-1095*23_1097-1094*23_1097-1093*23_1318-1320*30_1318-1321*30_1318-1322*30_633-635*25_633-636*25_633-637*25_991-988*22_991-987*22_873-872*23_873-871*23_873-870*23_873-869*23_1296-1293*34_1296-380*34_1296-1292*34_556-559*25_556-560*25_556-1232*25_558-1231*26_558-1233*26_558-1230*26_558-1234*26_558-561*26_558-1229*26_558-1235*26_558-562*26_1096-1092*24_364-365*25_364-366*25_364-367*25_364-368*25_364-1200*25_242-246*23_366-1199*26_366-1201*26_366-1198*26_366-1202*26_366-369*26_366-1197*26_366-1203*26_366-370*26_1292-1291*35_1292-1290*35_1292-1289*35_1292-1288*35_1288-1287*36_1288-1286*36_1288-1285*36_1288-1284*36_701-699*25_701-698*25_701-697*25_699-696*26_699-695*26_139-141*24_139-142*24_139-143*24_1234-1236*27_1234-1237*27_1234-563*27_1234-1238*27_1322-1323*31_1322-1324*31_1322-1325*31_1322-1326*31_1094-1091*25_1094-1090*25_872-868*24_143-144*25_143-976*25_143-975*25_143-977*25_143-145*25_143-974*25_143-978*25_143-146*25_143-973*25_143-979*25_143-147*25_1122-1124*18_1122-1125*18_1122-1126*18_1325-1327*32_1325-1328*32_1325-575*32_1325-574*32_1325-1329*32_1090-1089*26_1090-256*26_1090-1088*26_1090-255*26_1090-257*26_1090-254*26_1090-258*26_1090-1087*26_1090-253*26_1090-259*26_1090-1086*26_695-694*27_695-693*27_695-692*27_695-691*27_637-638*26_637-639*26_637-640*26_637-1151*26_637-1150*26_637-641*26_258-260*27_258-261*27_258-1085*27_258-262*27_246-247*24_246-248*24_246-249*24_246-250*24_1238-1239*28_1238-1240*28_1238-1241*28_1238-1242*28_974-972*26_974-971*26_974-970*26_1124-1127*19_1124-1128*19_1327-1330*33_1327-573*33_1327-1331*33_972-969*27_972-968*27_1203-1204*27_1203-1205*27_1203-1206*27_1203-1207*27_1229-1228*27_1229-1227*27_1229-1226*27_1229-1225*27_693-690*28_693-689*28_1240-1243*29_1240-1244*29_692-96*29_692-688*29_562-564*28_562-565*28_562-566*28_1126-1129*20_1126-1130*20_369-371*28_369-372*28_369-373*28_262-263*28_262-264*28_262-265*28_262-266*28_1284-1283*37_1284-1282*37_1284-1281*37_1284-1280*37_871-867*25_869-866*26_869-865*26_247-251*25_969-967*28_969-966*28_969-965*28_641-642*27_641-643*27_641-644*27_641-1149*27_641-645*27_987-986*23_987-985*23_987-984*23_987-983*23_1282-287*38_1282-286*38_1282-1279*38_1282-285*38_1282-1278*38_1242-1245*30_1242-1246*30_263-267*29_250-252*26_1085-1084*28_1085-1083*28_1085-1082*28_1085-1081*28_1328-572*34_1328-1332*34_868-32*27_868-864*27_1082-1080*29_372-374*29_1082-1079*29_372-375*29_1082-1078*29_372-376*29_645-646*28_645-647*28_645-648*28_645-649*28_1246-1247*31_1246-656*31_1246-655*31_1246-657*31_1246-654*31_1246-658*31_1246-653*31_1246-659*31_564-567*29_564-568*29_657-660*32_657-661*32_568-569*30_568-570*30_568-571*30_1280-1277*39_1280-284*39_1280-1276*39_986-982*25_375-377*30_375-378*30_375-379*30_1130-1131*21_1130-1132*21_1276-1275*40_1276-1274*40_1276-1273*40_1276-1272*40_1078-1077*30_1078-1076*30_1078-1075*30_1078-1074*30_544-1140*23_96-97*30_96-687*30_96-98*30_96-686*30_96-99*30_96-685*30_96-100*30_96-684*30_867-31*28_867-33*28_867-30*28_867-34*28_649-650*29_649-651*29_649-652*29_686-683*31_686-682*31_985-981*26_864-29*29_864-35*29_864-28*29_864-36*29_34-37*30_34-38*30_685-681*32_1139-1141*24_1139-1142*24_1139-1143*24_982-980*27_1142-1144*25_1142-1145*25_1142-1146*25_266-268*30_266-269*30_266-270*30_37-39*31_37-40*31_37-41*31_681-680*33_681-679*33_681-678*33_681-677*33_967-964*29_967-963*29_1330-1333*34_1330-1334*34_144-148*29_658-662*33_1274-1271*41_1274-1270*41_147-149*30_147-150*30_147-151*30_1333-1335*35_1333-1336*35_1333-1337*35_1146-1147*26_1146-1148*26_1335-1338*36_1335-1339*36_1272-1269*42_1272-1268*42_1074-1073*31_1074-160*31_1074-1072*31_1074-159*31_1074-161*31_1074-158*31_1074-162*31_1074-1071*31_1074-157*31_1074-163*31_1074-1070*31_159-156*32_159-1069*32_159-155*32_679-676*34_679-675*34_966-962*30_659-663*34_1269-1267*43_1269-1266*43_1269-1265*43_149-152*31_149-153*31_676-674*35_676-673*35_676-0*35_676-672*35_1070-1068*33_1070-1067*33_1070-1066*33_962-961*31_962-48*31_962-960*31_962-47*31_962-49*31_962-46*31_962-50*31_962-45*31_962-51*31_960-44*32_960-52*32_1069-1065*34_270-271*31_270-272*31_270-1184*31_270-1183*31_270-1185*31_270-1182*31_270-1186*31_270-273*31_270-1181*31_270-1187*31_270-274*31_163-164*34_163-165*34_163-166*34_163-167*34_1183-1180*32_1183-275*32_1183-1179*32_153-154*32_1066-1064*35_1066-1063*35_1066-1062*35_275-276*33_275-277*33_275-278*33_275-279*33_40-42*32_40-43*32_1179-1178*33_1179-1177*33_1179-1176*33_1179-1175*33_49-53*33_1338-1340*37_1338-1341*37_1338-1342*37_1267-1264*44_1267-191*44_1267-190*44_1267-1263*44_190-189*45_190-188*45_190-1262*45_190-187*45_190-1261*45_190-186*45_1178-1174*34_673-1*36_673-2*36_673-3*36_52-54*34_52-55*34_52-56*34_1064-1061*36_1064-1060*36_1339-1343*38_660-664*35_55-57*35_55-58*35_55-59*35_661-665*36_58-60*36_58-61*36_58-62*36_664-666*37_664-667*37_664-668*37_60-63*37_60-64*37_60-1056*37_277-280*34_277-281*34_672-4*37_666-669*38_666-670*38_167-168*35_167-169*35_167-170*35_167-171*35_63-1057*38_63-65*38_63-1058*38_63-66*38_63-1059*38_63-67*38_668-671*39_1174-1173*35_1174-1172*35_1174-1171*35_1174-1170*35_1171-1169*36_1171-176*36_1171-1168*36_1171-175*36_1171-177*36_1171-174*36_1171-178*36_1171-1167*36_279-282*35_279-283*35_177-179*37_177-1166*37_177-180*37_177-1165*37_177-173*37_177-181*37_178-182*38_182-183*39_182-184*39_182-185*39_65-68*39_65-69*39_168-172*38_1263-1260*48_1263-1259*48_1261-1258*49_1261-1257*49_1260-1256*50_1218-1220*26_1218-1221*26_1218-1222*26_1168-1164*42_69-70*40_69-71*40_69-72*40_69-73*40_1256-1255*51_1256-1254*51_1256-1253*51_1256-1252*51_1253-1251*52_1253-1250*52_1253-1249*52_1221-1223*27_1221-1224*27_73-74*41_73-75*41_73-76*41_73-77*41_1164-1163*43_1164-1162*43_1164-1161*43_1164-1160*43_1251-1248*53_1251-95*53_1251-94*53_75-78*42_75-79*42_1161-1159*44_1161-1158*44_1161-1157*44_77-80*43_77-1152*43_77-1153*43_77-1154*43_77-81*43_1160-1156*45_80-82*44_80-83*44_80-1155*44_80-84*44_1213-1212*26_1213-1211*26_1213-1210*26_1213-1209*26_1249-93*54_272-1188*34_1209-1208*27_84-85*48_84-86*48_84-87*48_84-88*48_1248-92*55_85-89*49_86-90*50_90-91*51_
