"id","Scenario","Actual Range","Protocol","Buildings","Total nodes","Nodes on circ","Total coverage","Coverage on circ","Alert received mean time","Hops","Slots","Messages sent","Messages received", "Starting x", "Starting y","Starting node", "Vehicle distance", "Received node ids", "Node ids", "Transmission map", "Received on circ nodes", "Transmission vector"
0,1,100,500,0,1344,17,1121,7,316016,17.1429,289.429,566,1121,100,550,18,25,17_19_16_20_768_769_770_15_21_771_14_22_772_18_773_13_774_23_24_25_12_11_10_9_26_27_28_8_7_6_775_776_777_778_29_779_780_781_5_4_3_2_1_0_672_673_674_675_782_30_783_112_784_111_113_110_114_785_109_115_786_676_787_108_116_788_789_790_677_678_679_791_792_793_31_32_864_865_866_33_867_34_35_36_37_38_794_795_796_797_680_681_682_683_684_685_39_40_686_687_96_688_97_98_689_798_799_208_800_690_99_691_41_42_207_209_206_210_801_692_693_43_44_107_106_105_104_694_695_696_802_205_211_803_204_212_804_203_202_201_697_698_200_199_198_103_102_101_45_46_47_699_700_701_702_48_960_961_962_49_963_50_703_51_52_53_805_806_100_54_55_56_197_196_57_58_59_807_808_809_60_61_62_63_810_811_812_813_192_704_193_705_194_706_195_707_708_709_710_814_815_304_816_303_305_302_306_817_711_712_713_714_307_818_308_819_301_309_820_821_822_823_824_825_826_64_1056_1057_65_1058_66_1059_67_1060_1061_1062_1063_827_828_829_830_310_311_312_313_831_400_832_399_401_398_402_833_1064_1065_1066_314_397_834_396_835_395_403_715_716_717_718_315_316_317_68_69_70_71_719_288_720_836_837_1067_1068_1069_1070_1071_160_1072_838_839_840_841_842_159_161_1073_158_162_1074_157_163_1075_318_319_289_290_721_291_722_843_844_845_846_847_72_73_74_75_1076_1077_1078_1079_394_393_392_164_165_166_167_1080_723_724_725_320_912_911_913_910_914_321_915_322_916_323_909_917_76_77_78_79_496_848_495_497_494_498_849_168_169_391_390_726_727_728_729_493_499_850_492_491_851_490_1081_1082_1083_489_488_487_1084_1085_1086_918_919_920_80_1152_1153_1154_81_1155_82_921_922_923_924_925_926_852_853_854_1156_83_1157_855_856_857_858_859_860_170_171_172_1158_84_85_486_485_173_174_1087_730_731_732_256_1088_255_257_254_258_1089_734_735_384_736_927_416_928_415_417_414_418_929_413_419_930_420_931_421_385_733_737_386_738_387_739_86_259_260_1090_261_1091_262_740_741_742_743_422_423_424_175_176_1168_1092_1093_1094_1095_1159_1160_1161_1162_484_483_482_481_389_388_1167_1169_1166_1170_177_1165_1171_178_1164_1163_179_425_180_1172_480_752_751_753_750_754_749_755_181_263_756_757_758_759_861_862_863_760_761_744_745_746_747_87_932_933_934_1096_1097_1098_1099_292_293_294_182_183_184_88_89_90_91_92_93_94_95_1248_1249_1250_1251_426_427_428_1100_1101_1102_429_430_431_185_762_763_432_1024_592_591_593_590_594_589_595_264_433_1023_1025_434_1022_1026_435_1021_1027_436_1020_1028_935_936_937_938_748_186_187_437_438_439_440_939_1103_352_1104_351_353_350_354_1105_349_355_1106_1029_1030_1031_1173_1174_1175_1176_1032_1033_596_597_598_1034_1035_188_189_190_191_441_442_1177_1178_1179_1180_1252_1036_1037_265_266_267_268_1181_1182_1264_1263_1265_1262_1266_348_356_347_357_346_1107_1108_600_601_602_764_1109_1110_1111_588_587_586_1183_272_1184_271_273_270_274_1185_269_275_1186_765_766_767_1038_1039_528_1040_599_603_604_605_585_584_940_443_444_445_1187_1188_358_1189_359_1190_360_1253_1254_1255_446_447_448_1120_1191_1192_1112_1113_606_1193_1194_1195_1196_361_362_363_1119_1121_1118_1122_449_576_577_578_579_941_942_943_512_944_607_580_581_1114_1115_1116_1117_1261_1267_1260_1268_511_513_945_510_514_946_509_515_947_508_516_948_450_451_1123_452_1124_364_365_366_367_527_529_526_530_1041_517_518_1269_1270_1271_1272_583_582_608_959_958_609_957_610_1125_1126_1127_1256_1257_1258_525_524_1042_523_1043_522_1128_949_950_951_276_531_368_1200_1199_1201_369_1198_1202_370_1197_1203_371_611_612_613_1044_1045_1046_1047_1273_1129_1130_453_454_455_456_1048_372_1204_373_1205_374_375_277_532_533_534_535_278_279_280_519_520_521_952_376_377_378_379_457_1259_281_458_459_460_536_537_538_1206_1207_1274_1275_1276_1277_539_540_953_954_955_380_381_956_1208_1278_1279_1280_382_614_615_616_1131_1132_541_542_543_544_1136_617_282_283_284_287_1281_286_1282_285_1283_1049_1050_1051_1052_1053_1054_1209_1210_1211_383_1296_1295_1297_1294_1298_1293_1299_461_462_463_464_1216_1292_1291_1055_624_623_625_622_626_1135_1137_1134_1138_545_621_627_546_1133_1139_547_548_1140_1212_1213_1214_1215_549_550_551_1141_1142_1143_1300_1301_1302_1303_1284_1285_1286_1287_1288_1289_1290_1144_1145_618_619_620_1217_1218_465_1219_466_628_629_1304_1305_1306_630_631_632_1307_1308_1309_467_552_1146_1310_1311_1312_479_478_1313_477_1314_553_554_555_1315_1147_1148_1149_1316_1317_1318_556_633_634_635_468_1220_469_557_558_559_470_471_1319_1320_1321_1322_1323_1221_1222_1223_560_1232_1231_1233_561_1230_1234_562_1229_1235_563_636_637_1236_1237_1224_1225_1226_1150_1324_1325_1326_1327_1227_1228_472_473_474_1151_640_639_641_638_642_643_644_645_646_647_475_476_1328_575_1329_574_1330_573_1331_648_649_564_565_566_567_650_651_652_653_1332_1333_1334_1335_1238_1239_1240_1241_1336_568_569_570_571_572_1337_1338_1339_1340_654_655_656_1247_657_1246_658_1245_659_1242_1243_1244_1341_1342_1343_660_661_662_663_664_665_666_671_670_669_668_667_,0_1_2_3_4_5_6_7_8_9_10_11_12_13_14_15_16_17_18_19_20_21_22_23_24_25_26_27_28_29_30_31_32_33_34_35_36_37_38_39_40_41_42_43_44_45_46_47_48_49_50_51_52_53_54_55_56_57_58_59_60_61_62_63_64_65_66_67_68_69_70_71_72_73_74_75_76_77_78_79_80_81_82_83_84_85_86_87_88_89_90_91_92_93_94_95_96_97_98_99_100_101_102_103_104_105_106_107_108_109_110_111_112_113_114_115_116_117_118_119_120_121_122_123_124_125_126_127_128_129_130_131_132_133_134_135_136_137_138_139_140_141_142_143_144_145_146_147_148_149_150_151_152_153_154_155_156_157_158_159_160_161_162_163_164_165_166_167_168_169_170_171_172_173_174_175_176_177_178_179_180_181_182_183_184_185_186_187_188_189_190_191_192_193_194_195_196_197_198_199_200_201_202_203_204_205_206_207_208_209_210_211_212_213_214_215_216_217_218_219_220_221_222_223_224_225_226_227_228_229_230_231_232_233_234_235_236_237_238_239_240_241_242_243_244_245_246_247_248_249_250_251_252_253_254_255_256_257_258_259_260_261_262_263_264_265_266_267_268_269_270_271_272_273_274_275_276_277_278_279_280_281_282_283_284_285_286_287_288_289_290_291_292_293_294_295_296_297_298_299_300_301_302_303_304_305_306_307_308_309_310_311_312_313_314_315_316_317_318_319_320_321_322_323_324_325_326_327_328_329_330_331_332_333_334_335_336_337_338_339_340_341_342_343_344_345_346_347_348_349_350_351_352_353_354_355_356_357_358_359_360_361_362_363_364_365_366_367_368_369_370_371_372_373_374_375_376_377_378_379_380_381_382_383_384_385_386_387_388_389_390_391_392_393_394_395_396_397_398_399_400_401_402_403_404_405_406_407_408_409_410_411_412_413_414_415_416_417_418_419_420_421_422_423_424_425_426_427_428_429_430_431_432_433_434_435_436_437_438_439_440_441_442_443_444_445_446_447_448_449_450_451_452_453_454_455_456_457_458_459_460_461_462_463_464_465_466_467_468_469_470_471_472_473_474_475_476_477_478_479_480_481_482_483_484_485_486_487_488_489_490_491_492_493_494_495_496_497_498_499_500_501_502_503_504_505_506_507_508_509_510_511_512_513_514_515_516_517_518_519_520_521_522_523_524_525_526_527_528_529_530_531_532_533_534_535_536_537_538_539_540_541_542_543_544_545_546_547_548_549_550_551_552_553_554_555_556_557_558_559_560_561_562_563_564_565_566_567_568_569_570_571_572_573_574_575_576_577_578_579_580_581_582_583_584_585_586_587_588_589_590_591_592_593_594_595_596_597_598_599_600_601_602_603_604_605_606_607_608_609_610_611_612_613_614_615_616_617_618_619_620_621_622_623_624_625_626_627_628_629_630_631_632_633_634_635_636_637_638_639_640_641_642_643_644_645_646_647_648_649_650_651_652_653_654_655_656_657_658_659_660_661_662_663_664_665_666_667_668_669_670_671_672_673_674_675_676_677_678_679_680_681_682_683_684_685_686_687_688_689_690_691_692_693_694_695_696_697_698_699_700_701_702_703_704_705_706_707_708_709_710_711_712_713_714_715_716_717_718_719_720_721_722_723_724_725_726_727_728_729_730_731_732_733_734_735_736_737_738_739_740_741_742_743_744_745_746_747_748_749_750_751_752_753_754_755_756_757_758_759_760_761_762_763_764_765_766_767_768_769_770_771_772_773_774_775_776_777_778_779_780_781_782_783_784_785_786_787_788_789_790_791_792_793_794_795_796_797_798_799_800_801_802_803_804_805_806_807_808_809_810_811_812_813_814_815_816_817_818_819_820_821_822_823_824_825_826_827_828_829_830_831_832_833_834_835_836_837_838_839_840_841_842_843_844_845_846_847_848_849_850_851_852_853_854_855_856_857_858_859_860_861_862_863_864_865_866_867_868_869_870_871_872_873_874_875_876_877_878_879_880_881_882_883_884_885_886_887_888_889_890_891_892_893_894_895_896_897_898_899_900_901_902_903_904_905_906_907_908_909_910_911_912_913_914_915_916_917_918_919_920_921_922_923_924_925_926_927_928_929_930_931_932_933_934_935_936_937_938_939_940_941_942_943_944_945_946_947_948_949_950_951_952_953_954_955_956_957_958_959_960_961_962_963_964_965_966_967_968_969_970_971_972_973_974_975_976_977_978_979_980_981_982_983_984_985_986_987_988_989_990_991_992_993_994_995_996_997_998_999_1000_1001_1002_1003_1004_1005_1006_1007_1008_1009_1010_1011_1012_1013_1014_1015_1016_1017_1018_1019_1020_1021_1022_1023_1024_1025_1026_1027_1028_1029_1030_1031_1032_1033_1034_1035_1036_1037_1038_1039_1040_1041_1042_1043_1044_1045_1046_1047_1048_1049_1050_1051_1052_1053_1054_1055_1056_1057_1058_1059_1060_1061_1062_1063_1064_1065_1066_1067_1068_1069_1070_1071_1072_1073_1074_1075_1076_1077_1078_1079_1080_1081_1082_1083_1084_1085_1086_1087_1088_1089_1090_1091_1092_1093_1094_1095_1096_1097_1098_1099_1100_1101_1102_1103_1104_1105_1106_1107_1108_1109_1110_1111_1112_1113_1114_1115_1116_1117_1118_1119_1120_1121_1122_1123_1124_1125_1126_1127_1128_1129_1130_1131_1132_1133_1134_1135_1136_1137_1138_1139_1140_1141_1142_1143_1144_1145_1146_1147_1148_1149_1150_1151_1152_1153_1154_1155_1156_1157_1158_1159_1160_1161_1162_1163_1164_1165_1166_1167_1168_1169_1170_1171_1172_1173_1174_1175_1176_1177_1178_1179_1180_1181_1182_1183_1184_1185_1186_1187_1188_1189_1190_1191_1192_1193_1194_1195_1196_1197_1198_1199_1200_1201_1202_1203_1204_1205_1206_1207_1208_1209_1210_1211_1212_1213_1214_1215_1216_1217_1218_1219_1220_1221_1222_1223_1224_1225_1226_1227_1228_1229_1230_1231_1232_1233_1234_1235_1236_1237_1238_1239_1240_1241_1242_1243_1244_1245_1246_1247_1248_1249_1250_1251_1252_1253_1254_1255_1256_1257_1258_1259_1260_1261_1262_1263_1264_1265_1266_1267_1268_1269_1270_1271_1272_1273_1274_1275_1276_1277_1278_1279_1280_1281_1282_1283_1284_1285_1286_1287_1288_1289_1290_1291_1292_1293_1294_1295_1296_1297_1298_1299_1300_1301_1302_1303_1304_1305_1306_1307_1308_1309_1310_1311_1312_1313_1314_1315_1316_1317_1318_1319_1320_1321_1322_1323_1324_1325_1326_1327_1328_1329_1330_1331_1332_1333_1334_1335_1336_1337_1338_1339_1340_1341_1342_1343_,2:{0;672;673;674;675;}5:{2;1;}7:{3;}8:{5;4;}10:{8;7;6;}13:{12;11;10;9;}18:{17;19;16;20;768;769;770;15;21;771;14;22;}21:{23;24;25;}24:{26;27;28;}25:{29;}26:{30;}30:{31;32;864;865;866;33;867;34;}34:{35;36;37;38;}36:{39;40;}38:{41;42;}40:{43;44;}43:{45;46;47;}46:{48;960;961;962;49;963;50;}49:{51;52;53;}52:{54;55;56;}55:{57;58;59;}59:{60;61;62;63;}63:{64;1056;1057;65;1058;66;1059;67;}66:{68;69;70;}67:{71;}71:{72;73;74;75;}72:{76;}75:{77;78;79;}78:{80;1152;1153;1154;81;1155;82;}81:{84;85;}82:{86;}83:{87;}87:{88;89;90;91;}89:{92;93;}92:{94;95;1248;}94:{1249;1250;1251;}101:{100;}105:{103;102;101;}108:{107;106;105;104;}112:{787;108;116;788;}163:{164;165;166;167;}165:{168;169;}168:{170;171;172;}170:{173;174;}172:{175;176;1168;}174:{1167;1169;1166;1170;177;1165;1171;178;}176:{180;1172;}177:{181;}180:{182;183;184;}181:{185;}183:{186;187;}187:{188;189;190;191;}189:{1264;1263;1265;1262;1266;}200:{197;196;}202:{200;199;198;}205:{203;202;201;}208:{802;205;211;803;204;212;804;}258:{259;260;1090;261;1091;262;}259:{263;}260:{264;}264:{265;266;267;268;}271:{1187;}273:{277;}276:{278;279;280;}277:{281;}280:{282;283;284;}290:{292;293;294;}305:{307;818;308;819;301;309;}309:{310;311;312;313;}310:{314;}313:{315;316;317;}315:{318;319;}317:{320;912;911;913;910;914;321;}350:{348;347;346;}352:{1107;1108;}353:{356;357;}356:{358;359;360;}359:{361;362;363;}363:{364;365;366;367;}367:{368;1200;1199;1201;369;1198;1202;370;1197;1203;371;}371:{372;373;374;375;}375:{376;377;378;379;}377:{380;381;}378:{382;}382:{383;1296;1295;1297;1294;1298;1293;1299;}391:{389;388;}394:{391;390;}396:{394;393;392;}399:{397;834;396;835;395;403;}417:{420;931;421;}419:{422;423;}420:{424;}421:{425;}423:{426;427;}424:{428;}425:{429;}427:{430;431;}428:{432;1024;}432:{433;1023;1025;434;1022;1026;435;1021;1027;436;1020;1028;}436:{437;438;439;440;}438:{441;442;}441:{443;444;445;}444:{446;447;448;1120;}445:{1119;1121;1118;1122;449;}452:{453;454;455;456;}453:{457;}456:{458;459;460;}460:{461;462;463;464;1216;}462:{1217;1218;465;1219;466;}463:{467;}465:{469;}467:{470;471;}470:{472;473;474;}473:{475;476;}481:{480;752;751;753;750;754;749;755;}485:{484;483;482;481;}489:{486;485;}491:{489;488;487;}494:{492;491;851;490;}512:{511;513;945;510;514;946;509;515;947;508;516;948;}514:{517;518;}518:{519;520;521;}526:{525;524;1042;523;1043;522;}527:{531;}531:{532;533;534;535;}534:{536;537;538;}536:{539;540;}540:{541;542;543;544;1136;}541:{1135;1137;1134;1138;545;}543:{546;1133;1139;547;}544:{548;1140;}547:{549;550;551;}548:{552;}551:{553;554;555;}552:{556;}555:{557;558;559;}559:{560;1232;1231;1233;561;1230;1234;562;1229;1235;563;}563:{564;565;566;567;}566:{568;569;570;}569:{571;572;}577:{580;581;}583:{582;}587:{583;}588:{585;584;}590:{588;587;586;}594:{596;597;598;}597:{599;}598:{600;601;602;}601:{603;604;605;}602:{606;}603:{607;}606:{608;959;958;609;957;610;}609:{611;612;613;}610:{614;}612:{615;616;}613:{617;}617:{618;619;620;}625:{628;629;}628:{630;631;632;}631:{633;634;635;}633:{636;637;}642:{644;645;646;}643:{647;}645:{648;649;}649:{650;651;652;653;}651:{654;655;}655:{656;1247;657;1246;658;1245;659;}659:{660;661;662;663;}662:{664;665;666;}671:{668;667;}672:{676;}675:{677;678;679;}678:{680;681;682;}681:{683;684;685;}685:{686;687;96;688;97;98;689;}687:{690;99;691;}689:{692;693;}692:{694;695;696;}694:{697;698;}698:{699;700;701;702;}699:{703;}703:{192;704;193;705;194;706;195;707;}706:{708;709;710;}710:{711;712;713;714;}712:{715;716;}714:{717;718;}716:{719;288;720;}718:{289;290;721;291;722;}721:{723;724;725;}725:{726;727;728;729;}728:{730;731;732;}732:{734;735;384;736;}735:{385;733;737;386;738;387;739;}739:{740;741;742;743;}743:{744;745;746;747;}747:{748;}755:{756;757;758;759;}757:{760;761;}759:{762;763;}760:{764;}763:{765;766;767;}767:{576;577;578;579;}770:{772;18;773;13;774;}774:{775;776;777;778;}775:{779;}777:{780;781;}778:{782;}782:{783;112;784;111;113;110;114;785;109;115;786;}786:{789;790;}789:{791;792;793;}793:{794;795;796;797;}796:{798;799;208;800;}797:{207;209;206;210;801;}801:{805;}802:{806;}805:{807;808;809;}809:{810;811;812;813;}813:{814;815;304;816;303;305;302;306;817;}818:{820;821;822;}822:{823;824;825;826;}826:{827;828;829;830;}829:{831;400;832;399;401;398;402;833;}833:{836;837;}835:{838;839;}838:{840;841;842;}842:{843;844;845;846;}843:{847;}845:{496;848;495;497;494;498;849;}846:{493;499;850;}850:{852;853;854;}852:{855;856;}856:{857;858;859;860;}859:{861;862;863;}863:{592;591;593;590;594;589;595;}913:{915;322;916;323;909;917;}916:{918;919;920;}920:{921;922;923;924;}922:{925;926;}926:{927;416;928;415;417;414;418;929;413;419;930;}930:{932;933;934;}934:{935;936;937;938;}935:{939;}936:{940;}940:{941;942;943;512;944;}947:{949;950;951;}948:{952;}951:{953;954;955;}955:{956;}1027:{1029;1030;1031;}1029:{1032;1033;}1031:{1034;1035;}1033:{1036;1037;}1036:{1038;1039;528;1040;}1037:{527;529;526;530;1041;}1043:{1044;1045;1046;1047;}1044:{1048;}1046:{1049;1050;}1050:{1051;1052;1053;1054;}1053:{1055;624;623;625;622;626;}1055:{621;627;}1059:{1060;1061;1062;1063;}1062:{1064;1065;1066;}1064:{1067;1068;}1068:{1069;1070;1071;160;1072;}1071:{159;161;1073;158;162;1074;157;163;1075;}1075:{1076;1077;1078;1079;}1076:{1080;}1079:{1081;1082;1083;}1082:{1084;1085;1086;}1083:{1087;}1085:{256;1088;255;257;254;258;1089;}1091:{1092;1093;1094;1095;}1095:{1096;1097;1098;1099;}1098:{1100;1101;1102;}1102:{1103;352;1104;351;353;350;354;1105;349;355;1106;}1107:{1109;1110;1111;}1109:{1112;1113;}1113:{1114;1115;1116;1117;}1120:{450;451;1123;452;1124;}1123:{1125;1126;1127;}1124:{1128;}1126:{1129;1130;}1128:{1131;1132;}1139:{1141;1142;1143;}1141:{1144;1145;}1142:{1146;}1145:{1147;1148;1149;}1146:{1150;}1150:{1151;640;639;641;638;642;643;}1153:{1156;83;1157;}1154:{1158;}1158:{1159;1160;1161;1162;}1166:{1164;1163;179;}1172:{1173;1174;1175;1176;}1176:{1177;1178;1179;1180;}1178:{1181;1182;}1182:{1183;272;1184;271;273;270;274;1185;269;275;1186;}1184:{276;}1186:{1188;1189;1190;}1188:{1191;1192;}1192:{1193;1194;1195;1196;}1201:{1204;1205;}1203:{1206;1207;}1204:{1208;}1207:{1209;1210;1211;}1211:{1212;1213;1214;1215;}1216:{468;1220;}1219:{1221;1222;1223;}1222:{1224;1225;1226;}1225:{1227;1228;}1233:{1236;1237;}1237:{1238;1239;1240;1241;}1238:{1242;}1239:{1243;}1243:{1244;}1248:{1252;}1251:{1253;1254;1255;}1254:{1256;1257;1258;}1257:{1259;}1264:{1261;1267;1260;1268;}1268:{1269;1270;1271;1272;}1269:{1273;}1273:{1274;1275;1276;1277;}1276:{1278;1279;1280;}1279:{287;1281;286;1282;285;1283;}1282:{1284;1285;1286;}1286:{1287;1288;1289;1290;}1295:{1292;1291;}1299:{1300;1301;1302;1303;}1300:{1304;}1302:{1305;1306;}1305:{1307;1308;1309;}1308:{1310;1311;1312;}1310:{479;478;1313;477;1314;}1311:{1315;}1314:{1316;1317;1318;}1316:{1319;1320;}1319:{1321;1322;1323;}1323:{1324;1325;1326;1327;}1327:{1328;575;1329;574;1330;573;1331;}1331:{1332;1333;1334;1335;}1332:{1336;}1336:{1337;1338;1339;1340;}1340:{1341;1342;1343;}1343:{671;670;669;},57_58_59_707_708_807_808_,18-17*0_18-19*0_18-16*0_18-20*0_18-768*0_18-769*0_18-770*0_18-15*0_18-21*0_18-771*0_18-14*0_18-22*0_770-772*1_770-18*1_770-773*1_770-13*1_770-774*1_21-23*1_21-24*1_21-25*1_13-12*2_13-11*2_13-10*2_13-9*2_24-26*2_24-27*2_24-28*2_10-8*3_10-7*3_10-6*3_774-775*2_774-776*2_774-777*2_774-778*2_25-29*3_775-779*3_777-780*4_777-781*4_8-5*4_8-4*4_7-3*4_5-2*5_5-1*5_2-0*6_2-672*6_2-673*6_2-674*6_2-675*6_778-782*5_26-30*4_782-783*6_782-112*6_782-784*6_782-111*6_782-113*6_782-110*6_782-114*6_782-785*6_782-109*6_782-115*6_782-786*6_672-676*7_112-787*7_112-108*7_112-116*7_112-788*7_786-789*8_786-790*8_675-677*8_675-678*8_675-679*8_789-791*9_789-792*9_789-793*9_30-31*5_30-32*5_30-864*5_30-865*5_30-866*5_30-33*5_30-867*5_30-34*5_34-35*6_34-36*6_34-37*6_34-38*6_793-794*10_793-795*10_793-796*10_793-797*10_678-680*9_678-681*9_678-682*9_681-683*10_681-684*10_681-685*10_36-39*7_36-40*7_685-686*11_685-687*11_685-96*11_685-688*11_685-97*11_685-98*11_685-689*11_796-798*11_796-799*11_796-208*11_796-800*11_687-690*12_687-99*12_687-691*12_38-41*8_38-42*8_797-207*12_797-209*12_797-206*12_797-210*12_797-801*12_689-692*13_689-693*13_40-43*9_40-44*9_108-107*8_108-106*8_108-105*8_108-104*8_692-694*14_692-695*14_692-696*14_208-802*13_208-205*13_208-211*13_208-803*13_208-204*13_208-212*13_208-804*13_205-203*14_205-202*14_205-201*14_694-697*15_694-698*15_202-200*15_202-199*15_202-198*15_105-103*9_105-102*9_105-101*9_43-45*10_43-46*10_43-47*10_698-699*16_698-700*16_698-701*16_698-702*16_46-48*11_46-960*11_46-961*11_46-962*11_46-49*11_46-963*11_46-50*11_699-703*17_49-51*12_49-52*12_49-53*12_801-805*15_802-806*16_101-100*10_52-54*13_52-55*13_52-56*13_200-197*16_200-196*16_55-57*14_55-58*14_55-59*14_805-807*17_805-808*17_805-809*17_59-60*15_59-61*15_59-62*15_59-63*15_809-810*18_809-811*18_809-812*18_809-813*18_703-192*18_703-704*18_703-193*18_703-705*18_703-194*18_703-706*18_703-195*18_703-707*18_706-708*19_706-709*19_706-710*19_813-814*19_813-815*19_813-304*19_813-816*19_813-303*19_813-305*19_813-302*19_813-306*19_813-817*19_710-711*20_710-712*20_710-713*20_710-714*20_305-307*20_305-818*20_305-308*20_305-819*20_305-301*20_305-309*20_818-820*21_818-821*21_818-822*21_822-823*22_822-824*22_822-825*22_822-826*22_63-64*16_63-1056*16_63-1057*16_63-65*16_63-1058*16_63-66*16_63-1059*16_63-67*16_1059-1060*17_1059-1061*17_1059-1062*17_1059-1063*17_826-827*23_826-828*23_826-829*23_826-830*23_309-310*21_309-311*21_309-312*21_309-313*21_829-831*24_829-400*24_829-832*24_829-399*24_829-401*24_829-398*24_829-402*24_829-833*24_1062-1064*18_1062-1065*18_1062-1066*18_310-314*22_399-397*25_399-834*25_399-396*25_399-835*25_399-395*25_399-403*25_712-715*21_712-716*21_714-717*22_714-718*22_313-315*23_313-316*23_313-317*23_66-68*18_66-69*18_66-70*18_67-71*19_716-719*23_716-288*23_716-720*23_833-836*26_833-837*26_1064-1067*19_1064-1068*19_1068-1069*20_1068-1070*20_1068-1071*20_1068-160*20_1068-1072*20_835-838*27_835-839*27_838-840*28_838-841*28_838-842*28_1071-159*21_1071-161*21_1071-1073*21_1071-158*21_1071-162*21_1071-1074*21_1071-157*21_1071-163*21_1071-1075*21_315-318*24_315-319*24_718-289*24_718-290*24_718-721*24_718-291*24_718-722*24_842-843*29_842-844*29_842-845*29_842-846*29_843-847*30_71-72*20_71-73*20_71-74*20_71-75*20_1075-1076*22_1075-1077*22_1075-1078*22_1075-1079*22_396-394*26_396-393*26_396-392*26_163-164*22_163-165*22_163-166*22_163-167*22_1076-1080*23_721-723*25_721-724*25_721-725*25_317-320*25_317-912*25_317-911*25_317-913*25_317-910*25_317-914*25_317-321*25_913-915*26_913-322*26_913-916*26_913-323*26_913-909*26_913-917*26_72-76*21_75-77*22_75-78*22_75-79*22_845-496*31_845-848*31_845-495*31_845-497*31_845-494*31_845-498*31_845-849*31_165-168*23_165-169*23_394-391*27_394-390*27_725-726*26_725-727*26_725-728*26_725-729*26_846-493*32_846-499*32_846-850*32_494-492*33_494-491*33_494-851*33_494-490*33_1079-1081*24_1079-1082*24_1079-1083*24_491-489*34_491-488*34_491-487*34_1082-1084*25_1082-1085*25_1082-1086*25_916-918*27_916-919*27_916-920*27_78-80*23_78-1152*23_78-1153*23_78-1154*23_78-81*23_78-1155*23_78-82*23_920-921*28_920-922*28_920-923*28_920-924*28_922-925*29_922-926*29_850-852*34_850-853*34_850-854*34_1153-1156*24_1153-83*24_1153-1157*24_852-855*35_852-856*35_856-857*36_856-858*36_856-859*36_856-860*36_168-170*24_168-171*24_168-172*24_1154-1158*25_81-84*26_81-85*26_489-486*35_489-485*35_170-173*25_170-174*25_1083-1087*26_728-730*27_728-731*27_728-732*27_1085-256*27_1085-1088*27_1085-255*27_1085-257*27_1085-254*27_1085-258*27_1085-1089*27_732-734*28_732-735*28_732-384*28_732-736*28_926-927*30_926-416*30_926-928*30_926-415*30_926-417*30_926-414*30_926-418*30_926-929*30_926-413*30_926-419*30_926-930*30_417-420*31_417-931*31_417-421*31_735-385*29_735-733*29_735-737*29_735-386*29_735-738*29_735-387*29_735-739*29_82-86*27_258-259*28_258-260*28_258-1090*28_258-261*28_258-1091*28_258-262*28_739-740*30_739-741*30_739-742*30_739-743*30_419-422*32_419-423*32_420-424*32_172-175*26_172-176*26_172-1168*26_1091-1092*29_1091-1093*29_1091-1094*29_1091-1095*29_1158-1159*26_1158-1160*26_1158-1161*26_1158-1162*26_485-484*36_485-483*36_485-482*36_485-481*36_391-389*28_391-388*28_174-1167*27_174-1169*27_174-1166*27_174-1170*27_174-177*27_174-1165*27_174-1171*27_174-178*27_1166-1164*28_1166-1163*28_1166-179*28_421-425*33_176-180*29_176-1172*29_481-480*37_481-752*37_481-751*37_481-753*37_481-750*37_481-754*37_481-749*37_481-755*37_177-181*30_259-263*29_755-756*38_755-757*38_755-758*38_755-759*38_859-861*37_859-862*37_859-863*37_757-760*39_757-761*39_743-744*31_743-745*31_743-746*31_743-747*31_83-87*28_930-932*33_930-933*33_930-934*33_1095-1096*30_1095-1097*30_1095-1098*30_1095-1099*30_290-292*28_290-293*28_290-294*28_180-182*31_180-183*31_180-184*31_87-88*29_87-89*29_87-90*29_87-91*29_89-92*30_89-93*30_92-94*31_92-95*31_92-1248*31_94-1249*32_94-1250*32_94-1251*32_423-426*34_423-427*34_424-428*35_1098-1100*31_1098-1101*31_1098-1102*31_425-429*36_427-430*37_427-431*37_181-185*32_759-762*40_759-763*40_428-432*38_428-1024*38_863-592*38_863-591*38_863-593*38_863-590*38_863-594*38_863-589*38_863-595*38_260-264*30_432-433*39_432-1023*39_432-1025*39_432-434*39_432-1022*39_432-1026*39_432-435*39_432-1021*39_432-1027*39_432-436*39_432-1020*39_432-1028*39_934-935*34_934-936*34_934-937*34_934-938*34_747-748*32_183-186*33_183-187*33_436-437*40_436-438*40_436-439*40_436-440*40_935-939*35_1102-1103*32_1102-352*32_1102-1104*32_1102-351*32_1102-353*32_1102-350*32_1102-354*32_1102-1105*32_1102-349*32_1102-355*32_1102-1106*32_1027-1029*40_1027-1030*40_1027-1031*40_1172-1173*30_1172-1174*30_1172-1175*30_1172-1176*30_1029-1032*41_1029-1033*41_594-596*39_594-597*39_594-598*39_1031-1034*42_1031-1035*42_187-188*34_187-189*34_187-190*34_187-191*34_438-441*41_438-442*41_1176-1177*31_1176-1178*31_1176-1179*31_1176-1180*31_1248-1252*33_1033-1036*43_1033-1037*43_264-265*31_264-266*31_264-267*31_264-268*31_1178-1181*32_1178-1182*32_189-1264*35_189-1263*35_189-1265*35_189-1262*35_189-1266*35_350-348*33_353-356*33_350-347*33_353-357*33_350-346*33_352-1107*33_352-1108*33_598-600*40_598-601*40_598-602*40_760-764*41_1107-1109*34_1107-1110*34_1107-1111*34_590-588*40_590-587*40_590-586*40_1182-1183*33_1182-272*33_1182-1184*33_1182-271*33_1182-273*33_1182-270*33_1182-274*33_1182-1185*33_1182-269*33_1182-275*33_1182-1186*33_763-765*42_763-766*42_763-767*42_1036-1038*44_1036-1039*44_1036-528*44_1036-1040*44_597-599*40_601-603*41_601-604*41_601-605*41_588-585*41_588-584*41_936-940*36_441-443*42_441-444*42_441-445*42_271-1187*33_1186-1188*34_356-358*34_1186-1189*34_356-359*34_1186-1190*34_356-360*34_1251-1253*34_1251-1254*34_1251-1255*34_444-446*43_444-447*43_444-448*43_444-1120*43_1188-1191*35_1188-1192*35_1109-1112*35_1109-1113*35_602-606*42_1192-1193*36_1192-1194*36_1192-1195*36_1192-1196*36_359-361*35_359-362*35_359-363*35_445-1119*44_445-1121*44_445-1118*44_445-1122*44_445-449*44_767-576*43_767-577*43_767-578*43_767-579*43_940-941*37_940-942*37_940-943*37_940-512*37_940-944*37_603-607*43_577-580*44_577-581*44_1113-1114*36_1113-1115*36_1113-1116*36_1113-1117*36_1264-1261*36_1264-1267*36_1264-1260*36_1264-1268*36_512-511*38_512-513*38_512-945*38_512-510*38_512-514*38_512-946*38_512-509*38_512-515*38_512-947*38_512-508*38_512-516*38_512-948*38_1120-450*45_1120-451*45_1120-1123*45_1120-452*45_1120-1124*45_363-364*36_363-365*36_363-366*36_363-367*36_1037-527*45_1037-529*45_1037-526*45_1037-530*45_1037-1041*45_514-517*39_514-518*39_1268-1269*37_1268-1270*37_1268-1271*37_1268-1272*37_587-583*42_583-582*43_606-608*44_606-959*44_606-958*44_606-609*44_606-957*44_606-610*44_1123-1125*46_1123-1126*46_1123-1127*46_1254-1256*35_1254-1257*35_1254-1258*35_526-525*46_526-524*46_526-1042*46_526-523*46_526-1043*46_526-522*46_1124-1128*47_947-949*40_947-950*40_947-951*40_1184-276*35_527-531*47_367-368*37_367-1200*37_367-1199*37_367-1201*37_367-369*37_367-1198*37_367-1202*37_367-370*37_367-1197*37_367-1203*37_367-371*37_609-611*45_609-612*45_609-613*45_1043-1044*48_1043-1045*48_1043-1046*48_1043-1047*48_1269-1273*38_1126-1129*48_1126-1130*48_452-453*46_452-454*46_452-455*46_452-456*46_1044-1048*49_371-372*40_1201-1204*40_371-373*40_1201-1205*40_371-374*40_371-375*40_273-277*36_531-532*48_531-533*48_531-534*48_531-535*48_276-278*37_276-279*37_276-280*37_518-519*40_518-520*40_518-521*40_948-952*41_375-376*41_375-377*41_375-378*41_375-379*41_453-457*47_1257-1259*36_277-281*38_456-458*48_456-459*48_456-460*48_534-536*49_534-537*49_534-538*49_1203-1206*41_1203-1207*41_1273-1274*39_1273-1275*39_1273-1276*39_1273-1277*39_536-539*50_536-540*50_951-953*42_951-954*42_951-955*42_377-380*42_377-381*42_955-956*43_1204-1208*42_1276-1278*40_1276-1279*40_1276-1280*40_378-382*43_610-614*46_612-615*46_612-616*46_1128-1131*49_1128-1132*49_540-541*51_540-542*51_540-543*51_540-544*51_540-1136*51_613-617*47_280-282*39_280-283*39_280-284*39_1279-287*41_1279-1281*41_1279-286*41_1279-1282*41_1279-285*41_1279-1283*41_1046-1049*50_1046-1050*50_1050-1051*51_1050-1052*51_1050-1053*51_1050-1054*51_1207-1209*43_1207-1210*43_1207-1211*43_382-383*44_382-1296*44_382-1295*44_382-1297*44_382-1294*44_382-1298*44_382-1293*44_382-1299*44_460-461*49_460-462*49_460-463*49_460-464*49_460-1216*49_1295-1292*45_1295-1291*45_1053-1055*52_1053-624*52_1053-623*52_1053-625*52_1053-622*52_1053-626*52_541-1135*52_541-1137*52_541-1134*52_541-1138*52_541-545*52_1055-621*53_1055-627*53_543-546*53_543-1133*53_543-1139*53_543-547*53_544-548*54_544-1140*54_1211-1212*44_1211-1213*44_1211-1214*44_1211-1215*44_547-549*55_547-550*55_547-551*55_1139-1141*55_1139-1142*55_1139-1143*55_1299-1300*46_1299-1301*46_1299-1302*46_1299-1303*46_1282-1284*42_1282-1285*42_1282-1286*42_1286-1287*43_1286-1288*43_1286-1289*43_1286-1290*43_1141-1144*56_1141-1145*56_617-618*48_617-619*48_617-620*48_462-1217*50_462-1218*50_462-465*50_462-1219*50_462-466*50_625-628*54_625-629*54_1300-1304*47_1302-1305*48_1302-1306*48_628-630*55_628-631*55_628-632*55_1305-1307*49_1305-1308*49_1305-1309*49_463-467*51_548-552*55_1142-1146*57_1308-1310*50_1308-1311*50_1308-1312*50_1310-479*51_1310-478*51_1310-1313*51_1310-477*51_1310-1314*51_551-553*56_551-554*56_551-555*56_1311-1315*52_1145-1147*58_1145-1148*58_1145-1149*58_1314-1316*53_1314-1317*53_1314-1318*53_552-556*57_631-633*56_631-634*56_631-635*56_1216-468*51_1216-1220*51_465-469*52_555-557*58_555-558*58_555-559*58_467-470*53_467-471*53_1316-1319*54_1316-1320*54_1319-1321*55_1319-1322*55_1319-1323*55_1219-1221*53_1219-1222*53_1219-1223*53_559-560*59_559-1232*59_559-1231*59_559-1233*59_559-561*59_559-1230*59_559-1234*59_559-562*59_559-1229*59_559-1235*59_559-563*59_633-636*57_633-637*57_1233-1236*60_1233-1237*60_1222-1224*54_1222-1225*54_1222-1226*54_1146-1150*59_1323-1324*56_1323-1325*56_1323-1326*56_1323-1327*56_1225-1227*55_1225-1228*55_470-472*54_470-473*54_470-474*54_1150-1151*60_1150-640*60_1150-639*60_1150-641*60_1150-638*60_1150-642*60_1150-643*60_642-644*61_642-645*61_642-646*61_643-647*62_473-475*55_473-476*55_1327-1328*57_1327-575*57_1327-1329*57_1327-574*57_1327-1330*57_1327-573*57_1327-1331*57_645-648*63_645-649*63_563-564*61_563-565*61_563-566*61_563-567*61_649-650*64_649-651*64_649-652*64_649-653*64_1331-1332*58_1331-1333*58_1331-1334*58_1331-1335*58_1237-1238*61_1237-1239*61_1237-1240*61_1237-1241*61_1332-1336*59_566-568*62_566-569*62_566-570*62_569-571*63_569-572*63_1336-1337*60_1336-1338*60_1336-1339*60_1336-1340*60_651-654*65_651-655*65_655-656*66_655-1247*66_655-657*66_655-1246*66_655-658*66_655-1245*66_655-659*66_1238-1242*62_1239-1243*63_1243-1244*64_1340-1341*61_1340-1342*61_1340-1343*61_659-660*67_659-661*67_659-662*67_659-663*67_662-664*68_662-665*68_662-666*68_1343-671*62_1343-670*62_1343-669*62_671-668*63_671-667*63_
