"id","Scenario","Actual Range","Protocol","Buildings","Total nodes","Nodes on circ","Total coverage","Coverage on circ","Alert received mean time","Hops","Slots","Messages sent","Messages received", "Starting x", "Starting y","Starting node", "Vehicle distance", "Received node ids", "Node ids", "Transmission map", "Received on circ nodes", "Transmission vector"
0,1,500,100,0,2496,122,2496,122,-3098.22,3.10656,2.2541,471,2496,1900,1300,1896,25,912_911_913_1895_1897_910_914_1894_1898_909_915_1893_1899_908_916_1892_1900_907_917_1891_1901_906_918_1890_1902_905_919_1889_1903_816_904_920_1008_1800_1888_1904_1992_815_817_1007_1009_1799_1801_1991_1993_814_818_1006_1010_1798_1802_1990_1994_813_819_1005_1011_1797_1803_1989_1995_812_820_1004_1012_1796_1804_1988_1996_903_921_1887_1905_811_821_1003_1013_1795_1805_1987_1997_810_822_902_922_1002_1014_1794_1806_1886_1906_1986_1998_809_823_1001_1015_1793_1807_1985_1999_901_923_1885_1907_808_824_1000_1016_1792_1808_1984_2000_900_924_1884_1908_807_825_999_1017_1791_1809_1983_2001_806_826_998_1018_1790_1810_1982_2002_899_925_1883_1909_805_827_997_1019_1789_1811_1981_2003_898_926_1882_1910_804_828_996_1020_1788_1812_1980_2004_897_927_1881_1911_803_829_995_1021_1787_1813_1979_2005_720_896_928_1104_1704_1880_1912_2088_719_721_1103_1105_1703_1705_2087_2089_718_722_802_830_994_1022_1102_1106_1702_1706_1786_1814_1978_2006_2086_2090_717_723_1101_1107_1701_1707_2085_2091_716_724_1100_1108_1700_1708_2084_2092_715_725_1099_1109_1699_1709_2083_2093_801_831_895_929_993_1023_1785_1815_1879_1913_1977_2007_714_726_1098_1110_1698_1710_2082_2094_713_727_1097_1111_1697_1711_2081_2095_712_728_800_832_992_1024_1096_1112_1696_1712_1784_1816_1976_2008_2080_2096_894_930_1878_1914_711_729_1095_1113_1695_1713_2079_2097_799_833_991_1025_1783_1817_1975_2009_710_730_1094_1114_1694_1714_2078_2098_893_931_1877_1915_709_731_1093_1115_1693_1715_2077_2099_798_834_990_1026_1782_1818_1974_2010_708_732_892_932_1092_1116_1692_1716_1876_1916_2076_2100_1027_1028_1029_2185_2186_1030_2187_2188_2189_937_1031_2190_2191_938_1032_2192_2193_1033_939_2194_2195_1034_940_2196_1124_1035_2197_941_1125_2057_542_2159_1958_599_1072_1528_1583_688_1496_517_598_1495_1529_597_1071_1494_1582_687_1530_875_1493_596_1531_1070_1174_1581_1492_780_686_595_874_1173_1532_1491_1069_1580_1172_594_779_685_1533_1490_873_1171_1068_1219_1534_970_1170_604_603_785_1221_1505_1222_602_1589_2207_1588_784_1504_750_1223_1587_1503_601_1586_1224_783_1502_1585_2266_751_1225_2265_600_1584_1501_1175_782_752_2264_512_1672_2295_876_1500_948_1860_973_511_648_2160_2263_544_2056_1136_2296_649_753_510_1671_2262_949_1859_650_509_2261_1670_508_1764_1956_1858_1579_507_691_1763_1955_1857_877_872_878_1416_1415_1417_1414_1418_871_879_1413_1419_870_880_1412_1420_1512_1511_1513_1510_1514_1411_1421_1509_1515_869_881_1508_1516_1410_1422_868_882_1507_1517_1409_1423_1506_1518_867_883_971_778_972_777_781_969_776_968_974_1408_1424_1519_775_967_975_866_884_774_966_976_1520_1407_1425_773_865_885_965_977_1521_1406_1426_772_786_964_978_864_886_1320_1319_1321_1318_1322_1522_771_787_963_979_1317_1323_1405_1427_1316_1324_887_770_788_962_980_1315_1325_1523_1404_1428_1314_1326_769_789_961_981_888_1524_1608_1313_1327_1607_1609_1606_1610_1403_1429_1605_1611_768_790_960_982_1312_1328_1604_1612_1499_1525_1603_1613_889_1311_1329_1402_1430_1602_1614_791_983_1601_1615_1310_1330_1498_1526_890_792_984_1600_1616_1401_1431_1309_1331_1497_1527_1599_1617_683_891_1067_682_684_1066_681_793_985_1065_680_1064_1308_1332_1400_1432_1598_1618_679_1063_678_1062_794_986_1307_1333_1597_1619_677_689_1061_1073_1399_1433_676_690_1060_1074_1596_1620_1306_1334_675_795_987_1059_1075_1398_1434_674_692_1058_1076_1595_1621_1305_1335_796_988_673_693_1057_1077_1594_1622_1397_1435_672_694_1056_1078_1304_1336_797_989_1593_1623_695_1079_1578_1577_504_1576_503_505_502_506_501_1575_500_593_499_1486_1574_1485_1487_592_1484_1488_1676_498_1483_1489_1675_1482_1674_1573_497_591_1481_1673_496_1480_1572_590_1479_495_513_1571_589_1478_494_514_1570_1477_1669_588_493_515_1476_1668_1569_587_492_516_1475_1667_408_1568_407_409_406_410_586_405_411_491_1474_1666_404_412_403_413_1567_585_402_414_490_518_1473_1665_401_415_1390_1566_1389_1391_400_416_584_1388_1392_1472_1664_1772_489_519_1387_1393_1771_1386_1394_1770_399_417_1385_1395_1769_1471_1565_1663_488_520_1384_1396_1768_583_398_418_1383_1767_397_419_1382_1470_1662_1766_1564_487_521_582_1381_1765_396_420_1469_1661_1380_486_1563_395_421_581_1379_1468_1660_394_422_485_1378_1562_1762_541_543_540_2055_2054_2058_539_545_2053_2059_538_546_2052_2060_537_547_2051_2061_536_548_1960_1959_1961_1962_2050_2062_1957_1963_535_549_1964_2049_2063_446_534_550_638_445_447_639_444_448_640_2048_2064_1954_443_449_641_442_450_642_533_551_1953_2047_2065_441_451_643_440_452_532_552_644_1952_2152_2151_2153_2046_2066_2150_2154_2149_2155_439_453_645_2148_2156_1951_531_553_2045_2147_2157_438_454_646_1950_2146_2158_530_554_437_455_647_2044_2145_1949_436_456_2144_529_555_2043_1948_2143_2161_435_457_528_556_1864_1863_1865_1862_1866_2042_2142_2162_1861_1947_434_458_2141_2163_527_557_2041_1946_433_459_651_2140_2164_350_526_558_349_351_348_352_432_460_652_1856_2040_1945_347_353_2139_346_354_1855_345_355_431_461_525_559_653_344_356_1944_2039_1854_2138_343_357_1853_342_358_430_462_654_524_560_2248_1943_2137_2247_2249_2038_2246_2250_2245_2251_341_359_1852_2244_2252_2243_2253_429_463_655_340_360_2136_1942_2242_2254_561_1851_2037_2241_2255_339_361_428_464_656_2240_2256_2135_1850_1941_338_362_562_933_934_935_936_2184_2183_2182_2181_2180_2179_836_2178_837_838_2177_839_840_2176_841_2175_842_2174_942_843_2173_844_1036_943_2172_845_1037_944_2280_2279_2281_2278_2282_2171_2277_2283_846_1038_2276_2284_2275_2285_945_2170_2198_2274_2286_847_1039_2273_2287_946_848_1040_2272_2288_2199_1126_2271_2289_1127_849_947_1041_1128_2200_2270_2290_1129_2269_2291_850_1042_1130_2201_747_1131_2268_2292_851_1043_748_1132_2202_2267_2293_749_1133_852_1044_2294_2203_950_1134_1535_1168_1167_1169_1166_1165_1164_1436_1163_1437_1162_1438_1161_1439_1160_1159_1158_1157_1156_1155_1337_1154_1338_1339_1340_1341_1153_1342_1343_1152_1213_1214_2108_2109_1215_2110_2111_1216_1217_1218_860_958_2362_861_758_959_2361_759_862_1240_760_2360_2472_1148_1241_1242_1149_1243_1208_1150_1244_1207_1151_1245_1206_2488_2487_2489_1246_2486_2490_2485_2491_2484_2492_2483_2493_1205_1055_1247_2482_2494_2481_2495_2480_1204_2479_2478_1203_2477_1202_2476_1201_1200_1919_1918_1917_1199_1080_1624_1625_1626_1627_1628_1081_1629_1082_1630_1631_1083_1176_1084_1177_1178_1085_1179_1086_1180_1087_1181_1088_1720_1719_1721_1182_1718_1722_1717_1723_1724_1725_1089_1183_1726_1727_1184_1090_1185_1091_1186_1973_1875_1972_1874_1971_1781_1873_1970_1780_626_625_627_624_628_1872_1969_623_629_1779_622_630_621_631_707_620_632_1968_1871_1778_2070_619_633_2069_618_634_706_1777_1967_1870_617_635_2068_1691_705_616_636_1776_1690_1966_1869_2067_1689_615_637_704_1688_1775_1965_614_700_701_1286_702_1285_1198_1197_1196_1195_1819_2011_1820_2012_1194_1821_2013_1822_2014_1193_1823_2015_1192_1191_1209_1190_1210_1189_1211_1188_1212_1187_605_606_607_609_1681_610_1682_611_1683_1590_612_1684_1591_613_696_1592_697_698_699_393_1377_392_1376_1375_391_1374_1373_390_300_484_1372_1653_1652_1651_1650_1649_224_1648_223_225_1555_222_226_221_227_220_228_1554_219_229_1647_218_1553_217_1646_216_1552_215_1645_1551_214_1644_1550_213_212_1549_1643_1461_211_1460_1548_1642_1459_210_1547_1739_1458_1641_209_1457_1546_1738_128_208_1456_1640_1045_1135_1046_1137_2297_1047_1138_2204_2380_2379_2381_2298_2378_2382_1139_2383_1048_2384_2385_1140_2205_2299_2386_1049_2387_1141_2300_2388_2206_2389_1050_1142_2301_2390_1143_955_1051_2391_2302_1144_2392_1835_373_275_1834_147_374_276_468_1833_146_2219_145_277_375_469_144_1832_2218_173_143_174_278_470_1831_376_2328_2217_2327_2329_142_2326_2330_1925_2020_2325_2331_175_2324_2332_141_2323_2333_279_471_176_2216_1830_2322_2334_377_2117_140_1924_2321_2335_177_280_472_2320_2336_2215_178_378_746_754_2260_755_2259_756_2258_757_2257_657_658_659_660_2359_2358_2357_2363_661_2356_2364_761_2355_2365_662_2354_2366_762_663_2353_2367_664_2352_763_2351_665_857_764_2350_666_858_2349_765_667_859_2348_766_668_2347_563_669_767_564_2346_565_566_670_2456_2345_2455_2457_2454_2458_2453_2459_567_2452_2460_2451_2461_671_863_568_2344_2450_2462_2449_2463_569_2448_2464_2343_570_733_734_735_736_2072_2071_2073_2074_2075_737_1868_835_523_522_2303_1230_1229_1231_1228_1232_1227_1233_1226_1234_1235_1236_2393_2394_2395_1237_2396_1123_1145_2397_1238_2398_1122_1146_1239_2399_1220_1121_1147_1120_2104_2103_2105_2102_2106_2101_2107_1119_1118_1052_1053_1117_1054_483_482_481_480_1288_1287_1289_1290_1291_1284_1292_1283_389_388_1282_387_386_1281_385_384_1280_1279_1278_1277_1371_1276_1370_1275_1369_1274_294_293_295_292_296_1368_1273_291_297_1467_290_298_289_299_288_1272_1367_1466_301_302_1271_1465_1366_303_304_1464_1270_1365_305_1463_1269_306_703_1687_1686_1685_745_2447_2167_2166_2446_2165_2445_743_2444_742_2443_571_741_572_2442_573_574_740_2441_2342_575_2440_739_2341_2439_738_1773_1774_318_317_316_315_1836_314_1931_1930_1929_148_149_150_1740_151_152_1928_153_154_1927_139_155_138_1737_1926_137_1829_136_1736_135_2377_951_952_2376_953_2375_954_2475_2474_580_579_578_1293_1294_577_1295_576_1296_1297_1298_1299_1300_1301_1302_1303_475_476_477_478_179_282_2022_2214_180_2116_2316_608_1680_1679_1678_1677_1545_120_1544_119_121_118_122_1543_117_123_116_124_1542_115_125_1541_114_126_1540_113_127_1451_1539_1450_1452_1449_1453_112_1448_1454_1447_1455_1639_1538_1446_1638_111_129_1445_1537_1637_207_110_130_1444_1636_24_1536_23_25_22_26_206_1443_1635_21_27_109_131_20_28_1442_1634_19_29_205_108_132_18_30_1441_1633_204_17_31_107_133_16_32_1440_1632_203_15_33_106_134_14_34_202_105_13_35_201_1355_1354_1356_1353_1357_1741_12_36_104_1352_1358_1351_1359_1735_200_1350_1360_1734_11_37_1349_1361_1733_103_1348_1362_1732_199_10_38_1347_1363_1731_102_1346_1364_1730_9_39_198_1345_1729_101_8_40_1344_1728_197_956_2374_957_2373_2372_2371_2473_2471_2370_2470_2369_2469_2468_856_2368_855_854_2467_853_2466_2465_255_254_253_2031_252_251_2030_250_1937_249_2029_248_1936_247_423_424_1760_1759_1761_1758_1757_1756_425_1755_426_1754_1753_427_328_1752_329_330_331_332_333_334_335_1847_1846_1845_236_1844_2169_744_2168_1268_1267_1266_1265_192_1264_193_194_195_196_1263_1262_1261_1260_1259_1258_1257_96_1256_97_98_99_100_1255_1254_274_273_272_2224_2223_2319_2222_2318_281_2221_2317_2220_2315_283_2314_284_181_2313_182_183_184_2312_285_185_2311_186_286_187_2310_287_172_188_2213_2309_2416_189_2415_2417_2414_2418_2413_2419_2212_2308_2412_2420_190_2411_2421_2410_191_2211_2307_2409_2408_2210_2306_2407_2209_2305_2406_84_83_85_82_86_81_87_2405_80_88_2208_2304_79_89_2404_78_90_77_91_2403_76_92_75_93_2402_74_94_2401_73_95_2400_1867_2438_2437_2436_2435_2434_2433_2340_1932_1933_1934_1935_156_246_157_245_244_158_1938_243_159_242_1923_1939_2027_2026_2028_1837_2025_160_1838_2024_241_1839_2023_1922_1940_240_256_1840_2032_161_1841_1921_2021_2033_257_1828_1842_2034_56_1920_55_57_54_58_258_1827_1843_2019_2035_53_59_52_60_1826_2018_2036_51_61_259_50_62_1825_2017_260_49_63_48_64_1824_2016_261_47_65_337_46_66_262_336_1848_45_67_263_1849_2125_44_68_2126_2127_264_2128_43_69_2129_2130_265_42_70_2131_2132_41_71_266_2133_2134_267_1896_379_372_380_381_382_2422_383_2423_2424_2425_2426_2427_2428_2429_473_474_2430_467_2337_2431_466_479_2432_2338_2339_162_163_164_165_239_238_1253_1252_1251_1250_4_1249_3_2_1_0_1248_1751_1750_1749_327_1748_237_1747_235_234_367_1462_307_308_309_310_311_312_1560_1559_1561_1558_1557_1556_313_230_268_319_1657_320_1656_1658_1655_1659_1654_321_322_323_7_6_5_326_325_324_363_364_2115_2114_2113_72_2112_365_366_368_2232_2231_2233_2230_2234_2229_2235_2228_2236_269_369_2227_2237_270_2226_2238_370_271_2225_2239_371_465_1746_1745_231_2124_2123_2122_2121_166_167_168_2120_169_170_2119_171_2118_232_1744_1743_233_1742_,0_1_2_3_4_5_6_7_8_9_10_11_12_13_14_15_16_17_18_19_20_21_22_23_24_25_26_27_28_29_30_31_32_33_34_35_36_37_38_39_40_41_42_43_44_45_46_47_48_49_50_51_52_53_54_55_56_57_58_59_60_61_62_63_64_65_66_67_68_69_70_71_72_73_74_75_76_77_78_79_80_81_82_83_84_85_86_87_88_89_90_91_92_93_94_95_96_97_98_99_100_101_102_103_104_105_106_107_108_109_110_111_112_113_114_115_116_117_118_119_120_121_122_123_124_125_126_127_128_129_130_131_132_133_134_135_136_137_138_139_140_141_142_143_144_145_146_147_148_149_150_151_152_153_154_155_156_157_158_159_160_161_162_163_164_165_166_167_168_169_170_171_172_173_174_175_176_177_178_179_180_181_182_183_184_185_186_187_188_189_190_191_192_193_194_195_196_197_198_199_200_201_202_203_204_205_206_207_208_209_210_211_212_213_214_215_216_217_218_219_220_221_222_223_224_225_226_227_228_229_230_231_232_233_234_235_236_237_238_239_240_241_242_243_244_245_246_247_248_249_250_251_252_253_254_255_256_257_258_259_260_261_262_263_264_265_266_267_268_269_270_271_272_273_274_275_276_277_278_279_280_281_282_283_284_285_286_287_288_289_290_291_292_293_294_295_296_297_298_299_300_301_302_303_304_305_306_307_308_309_310_311_312_313_314_315_316_317_318_319_320_321_322_323_324_325_326_327_328_329_330_331_332_333_334_335_336_337_338_339_340_341_342_343_344_345_346_347_348_349_350_351_352_353_354_355_356_357_358_359_360_361_362_363_364_365_366_367_368_369_370_371_372_373_374_375_376_377_378_379_380_381_382_383_384_385_386_387_388_389_390_391_392_393_394_395_396_397_398_399_400_401_402_403_404_405_406_407_408_409_410_411_412_413_414_415_416_417_418_419_420_421_422_423_424_425_426_427_428_429_430_431_432_433_434_435_436_437_438_439_440_441_442_443_444_445_446_447_448_449_450_451_452_453_454_455_456_457_458_459_460_461_462_463_464_465_466_467_468_469_470_471_472_473_474_475_476_477_478_479_480_481_482_483_484_485_486_487_488_489_490_491_492_493_494_495_496_497_498_499_500_501_502_503_504_505_506_507_508_509_510_511_512_513_514_515_516_517_518_519_520_521_522_523_524_525_526_527_528_529_530_531_532_533_534_535_536_537_538_539_540_541_542_543_544_545_546_547_548_549_550_551_552_553_554_555_556_557_558_559_560_561_562_563_564_565_566_567_568_569_570_571_572_573_574_575_576_577_578_579_580_581_582_583_584_585_586_587_588_589_590_591_592_593_594_595_596_597_598_599_600_601_602_603_604_605_606_607_608_609_610_611_612_613_614_615_616_617_618_619_620_621_622_623_624_625_626_627_628_629_630_631_632_633_634_635_636_637_638_639_640_641_642_643_644_645_646_647_648_649_650_651_652_653_654_655_656_657_658_659_660_661_662_663_664_665_666_667_668_669_670_671_672_673_674_675_676_677_678_679_680_681_682_683_684_685_686_687_688_689_690_691_692_693_694_695_696_697_698_699_700_701_702_703_704_705_706_707_708_709_710_711_712_713_714_715_716_717_718_719_720_721_722_723_724_725_726_727_728_729_730_731_732_733_734_735_736_737_738_739_740_741_742_743_744_745_746_747_748_749_750_751_752_753_754_755_756_757_758_759_760_761_762_763_764_765_766_767_768_769_770_771_772_773_774_775_776_777_778_779_780_781_782_783_784_785_786_787_788_789_790_791_792_793_794_795_796_797_798_799_800_801_802_803_804_805_806_807_808_809_810_811_812_813_814_815_816_817_818_819_820_821_822_823_824_825_826_827_828_829_830_831_832_833_834_835_836_837_838_839_840_841_842_843_844_845_846_847_848_849_850_851_852_853_854_855_856_857_858_859_860_861_862_863_864_865_866_867_868_869_870_871_872_873_874_875_876_877_878_879_880_881_882_883_884_885_886_887_888_889_890_891_892_893_894_895_896_897_898_899_900_901_902_903_904_905_906_907_908_909_910_911_912_913_914_915_916_917_918_919_920_921_922_923_924_925_926_927_928_929_930_931_932_933_934_935_936_937_938_939_940_941_942_943_944_945_946_947_948_949_950_951_952_953_954_955_956_957_958_959_960_961_962_963_964_965_966_967_968_969_970_971_972_973_974_975_976_977_978_979_980_981_982_983_984_985_986_987_988_989_990_991_992_993_994_995_996_997_998_999_1000_1001_1002_1003_1004_1005_1006_1007_1008_1009_1010_1011_1012_1013_1014_1015_1016_1017_1018_1019_1020_1021_1022_1023_1024_1025_1026_1027_1028_1029_1030_1031_1032_1033_1034_1035_1036_1037_1038_1039_1040_1041_1042_1043_1044_1045_1046_1047_1048_1049_1050_1051_1052_1053_1054_1055_1056_1057_1058_1059_1060_1061_1062_1063_1064_1065_1066_1067_1068_1069_1070_1071_1072_1073_1074_1075_1076_1077_1078_1079_1080_1081_1082_1083_1084_1085_1086_1087_1088_1089_1090_1091_1092_1093_1094_1095_1096_1097_1098_1099_1100_1101_1102_1103_1104_1105_1106_1107_1108_1109_1110_1111_1112_1113_1114_1115_1116_1117_1118_1119_1120_1121_1122_1123_1124_1125_1126_1127_1128_1129_1130_1131_1132_1133_1134_1135_1136_1137_1138_1139_1140_1141_1142_1143_1144_1145_1146_1147_1148_1149_1150_1151_1152_1153_1154_1155_1156_1157_1158_1159_1160_1161_1162_1163_1164_1165_1166_1167_1168_1169_1170_1171_1172_1173_1174_1175_1176_1177_1178_1179_1180_1181_1182_1183_1184_1185_1186_1187_1188_1189_1190_1191_1192_1193_1194_1195_1196_1197_1198_1199_1200_1201_1202_1203_1204_1205_1206_1207_1208_1209_1210_1211_1212_1213_1214_1215_1216_1217_1218_1219_1220_1221_1222_1223_1224_1225_1226_1227_1228_1229_1230_1231_1232_1233_1234_1235_1236_1237_1238_1239_1240_1241_1242_1243_1244_1245_1246_1247_1248_1249_1250_1251_1252_1253_1254_1255_1256_1257_1258_1259_1260_1261_1262_1263_1264_1265_1266_1267_1268_1269_1270_1271_1272_1273_1274_1275_1276_1277_1278_1279_1280_1281_1282_1283_1284_1285_1286_1287_1288_1289_1290_1291_1292_1293_1294_1295_1296_1297_1298_1299_1300_1301_1302_1303_1304_1305_1306_1307_1308_1309_1310_1311_1312_1313_1314_1315_1316_1317_1318_1319_1320_1321_1322_1323_1324_1325_1326_1327_1328_1329_1330_1331_1332_1333_1334_1335_1336_1337_1338_1339_1340_1341_1342_1343_1344_1345_1346_1347_1348_1349_1350_1351_1352_1353_1354_1355_1356_1357_1358_1359_1360_1361_1362_1363_1364_1365_1366_1367_1368_1369_1370_1371_1372_1373_1374_1375_1376_1377_1378_1379_1380_1381_1382_1383_1384_1385_1386_1387_1388_1389_1390_1391_1392_1393_1394_1395_1396_1397_1398_1399_1400_1401_1402_1403_1404_1405_1406_1407_1408_1409_1410_1411_1412_1413_1414_1415_1416_1417_1418_1419_1420_1421_1422_1423_1424_1425_1426_1427_1428_1429_1430_1431_1432_1433_1434_1435_1436_1437_1438_1439_1440_1441_1442_1443_1444_1445_1446_1447_1448_1449_1450_1451_1452_1453_1454_1455_1456_1457_1458_1459_1460_1461_1462_1463_1464_1465_1466_1467_1468_1469_1470_1471_1472_1473_1474_1475_1476_1477_1478_1479_1480_1481_1482_1483_1484_1485_1486_1487_1488_1489_1490_1491_1492_1493_1494_1495_1496_1497_1498_1499_1500_1501_1502_1503_1504_1505_1506_1507_1508_1509_1510_1511_1512_1513_1514_1515_1516_1517_1518_1519_1520_1521_1522_1523_1524_1525_1526_1527_1528_1529_1530_1531_1532_1533_1534_1535_1536_1537_1538_1539_1540_1541_1542_1543_1544_1545_1546_1547_1548_1549_1550_1551_1552_1553_1554_1555_1556_1557_1558_1559_1560_1561_1562_1563_1564_1565_1566_1567_1568_1569_1570_1571_1572_1573_1574_1575_1576_1577_1578_1579_1580_1581_1582_1583_1584_1585_1586_1587_1588_1589_1590_1591_1592_1593_1594_1595_1596_1597_1598_1599_1600_1601_1602_1603_1604_1605_1606_1607_1608_1609_1610_1611_1612_1613_1614_1615_1616_1617_1618_1619_1620_1621_1622_1623_1624_1625_1626_1627_1628_1629_1630_1631_1632_1633_1634_1635_1636_1637_1638_1639_1640_1641_1642_1643_1644_1645_1646_1647_1648_1649_1650_1651_1652_1653_1654_1655_1656_1657_1658_1659_1660_1661_1662_1663_1664_1665_1666_1667_1668_1669_1670_1671_1672_1673_1674_1675_1676_1677_1678_1679_1680_1681_1682_1683_1684_1685_1686_1687_1688_1689_1690_1691_1692_1693_1694_1695_1696_1697_1698_1699_1700_1701_1702_1703_1704_1705_1706_1707_1708_1709_1710_1711_1712_1713_1714_1715_1716_1717_1718_1719_1720_1721_1722_1723_1724_1725_1726_1727_1728_1729_1730_1731_1732_1733_1734_1735_1736_1737_1738_1739_1740_1741_1742_1743_1744_1745_1746_1747_1748_1749_1750_1751_1752_1753_1754_1755_1756_1757_1758_1759_1760_1761_1762_1763_1764_1765_1766_1767_1768_1769_1770_1771_1772_1773_1774_1775_1776_1777_1778_1779_1780_1781_1782_1783_1784_1785_1786_1787_1788_1789_1790_1791_1792_1793_1794_1795_1796_1797_1798_1799_1800_1801_1802_1803_1804_1805_1806_1807_1808_1809_1810_1811_1812_1813_1814_1815_1816_1817_1818_1819_1820_1821_1822_1823_1824_1825_1826_1827_1828_1829_1830_1831_1832_1833_1834_1835_1836_1837_1838_1839_1840_1841_1842_1843_1844_1845_1846_1847_1848_1849_1850_1851_1852_1853_1854_1855_1856_1857_1858_1859_1860_1861_1862_1863_1864_1865_1866_1867_1868_1869_1870_1871_1872_1873_1874_1875_1876_1877_1878_1879_1880_1881_1882_1883_1884_1885_1886_1887_1888_1889_1890_1891_1892_1893_1894_1895_1896_1897_1898_1899_1900_1901_1902_1903_1904_1905_1906_1907_1908_1909_1910_1911_1912_1913_1914_1915_1916_1917_1918_1919_1920_1921_1922_1923_1924_1925_1926_1927_1928_1929_1930_1931_1932_1933_1934_1935_1936_1937_1938_1939_1940_1941_1942_1943_1944_1945_1946_1947_1948_1949_1950_1951_1952_1953_1954_1955_1956_1957_1958_1959_1960_1961_1962_1963_1964_1965_1966_1967_1968_1969_1970_1971_1972_1973_1974_1975_1976_1977_1978_1979_1980_1981_1982_1983_1984_1985_1986_1987_1988_1989_1990_1991_1992_1993_1994_1995_1996_1997_1998_1999_2000_2001_2002_2003_2004_2005_2006_2007_2008_2009_2010_2011_2012_2013_2014_2015_2016_2017_2018_2019_2020_2021_2022_2023_2024_2025_2026_2027_2028_2029_2030_2031_2032_2033_2034_2035_2036_2037_2038_2039_2040_2041_2042_2043_2044_2045_2046_2047_2048_2049_2050_2051_2052_2053_2054_2055_2056_2057_2058_2059_2060_2061_2062_2063_2064_2065_2066_2067_2068_2069_2070_2071_2072_2073_2074_2075_2076_2077_2078_2079_2080_2081_2082_2083_2084_2085_2086_2087_2088_2089_2090_2091_2092_2093_2094_2095_2096_2097_2098_2099_2100_2101_2102_2103_2104_2105_2106_2107_2108_2109_2110_2111_2112_2113_2114_2115_2116_2117_2118_2119_2120_2121_2122_2123_2124_2125_2126_2127_2128_2129_2130_2131_2132_2133_2134_2135_2136_2137_2138_2139_2140_2141_2142_2143_2144_2145_2146_2147_2148_2149_2150_2151_2152_2153_2154_2155_2156_2157_2158_2159_2160_2161_2162_2163_2164_2165_2166_2167_2168_2169_2170_2171_2172_2173_2174_2175_2176_2177_2178_2179_2180_2181_2182_2183_2184_2185_2186_2187_2188_2189_2190_2191_2192_2193_2194_2195_2196_2197_2198_2199_2200_2201_2202_2203_2204_2205_2206_2207_2208_2209_2210_2211_2212_2213_2214_2215_2216_2217_2218_2219_2220_2221_2222_2223_2224_2225_2226_2227_2228_2229_2230_2231_2232_2233_2234_2235_2236_2237_2238_2239_2240_2241_2242_2243_2244_2245_2246_2247_2248_2249_2250_2251_2252_2253_2254_2255_2256_2257_2258_2259_2260_2261_2262_2263_2264_2265_2266_2267_2268_2269_2270_2271_2272_2273_2274_2275_2276_2277_2278_2279_2280_2281_2282_2283_2284_2285_2286_2287_2288_2289_2290_2291_2292_2293_2294_2295_2296_2297_2298_2299_2300_2301_2302_2303_2304_2305_2306_2307_2308_2309_2310_2311_2312_2313_2314_2315_2316_2317_2318_2319_2320_2321_2322_2323_2324_2325_2326_2327_2328_2329_2330_2331_2332_2333_2334_2335_2336_2337_2338_2339_2340_2341_2342_2343_2344_2345_2346_2347_2348_2349_2350_2351_2352_2353_2354_2355_2356_2357_2358_2359_2360_2361_2362_2363_2364_2365_2366_2367_2368_2369_2370_2371_2372_2373_2374_2375_2376_2377_2378_2379_2380_2381_2382_2383_2384_2385_2386_2387_2388_2389_2390_2391_2392_2393_2394_2395_2396_2397_2398_2399_2400_2401_2402_2403_2404_2405_2406_2407_2408_2409_2410_2411_2412_2413_2414_2415_2416_2417_2418_2419_2420_2421_2422_2423_2424_2425_2426_2427_2428_2429_2430_2431_2432_2433_2434_2435_2436_2437_2438_2439_2440_2441_2442_2443_2444_2445_2446_2447_2448_2449_2450_2451_2452_2453_2454_2455_2456_2457_2458_2459_2460_2461_2462_2463_2464_2465_2466_2467_2468_2469_2470_2471_2472_2473_2474_2475_2476_2477_2478_2479_2480_2481_2482_2483_2484_2485_2486_2487_2488_2489_2490_2491_2492_2493_2494_2495_,15:{7;6;5;}198:{1253;1252;1251;1250;4;1249;3;2;1;0;1248;}276:{274;273;272;2224;2223;2319;2222;2318;281;2221;2317;2220;2315;283;2314;284;181;2313;182;183;184;2312;285;185;2311;186;286;187;2310;287;172;188;2213;2309;2416;189;2415;2417;2414;2418;2413;2419;2212;2308;2412;2420;190;2411;2421;2410;191;2211;2307;2409;2408;2210;2306;2407;2209;2305;2406;84;83;85;82;86;81;87;2405;80;88;2208;2304;79;89;2404;78;90;77;91;2403;76;92;75;93;2402;74;94;2401;73;95;2400;}335:{1751;1750;1749;327;1748;237;1747;235;234;}339:{1836;1931;1930;1929;148;149;150;1740;151;152;1928;153;154;1927;139;155;138;1737;1926;137;1829;136;1736;135;}352:{2020;}355:{2124;2123;2122;2121;166;167;168;2120;169;170;2119;171;2118;}358:{373;275;374;276;468;2219;277;375;469;2218;173;174;278;470;376;2328;2217;2327;2329;2326;2330;2325;2331;175;2324;2332;2323;2333;279;471;176;2216;2322;2334;377;2117;2321;2335;177;280;472;2320;2336;2215;178;378;}359:{365;366;368;2232;2231;2233;2230;2234;2229;2235;2228;2236;269;369;2227;2237;270;2226;2238;370;271;2225;2239;371;465;}360:{363;364;}416:{423;424;1760;1759;1761;1758;1757;1756;425;1755;426;1754;1753;427;328;1752;329;330;331;332;333;334;335;1847;1846;1845;236;1844;}428:{1773;1774;318;317;316;315;314;}430:{326;325;324;}451:{255;254;253;2031;252;251;2030;250;1937;249;2029;248;1936;247;}458:{475;476;477;478;}462:{268;}486:{483;482;481;480;1288;1287;1289;1290;1291;1284;1292;1283;389;388;1282;387;386;1281;385;384;1280;1279;1278;1277;1371;1276;1370;1275;1369;1274;294;293;295;292;296;1368;1273;291;297;1467;290;298;289;299;288;1272;1367;1466;301;302;1271;1465;1366;303;304;1464;1270;1365;305;1463;1269;306;}542:{541;543;540;2055;2054;2058;539;545;2053;2059;538;546;2052;2060;537;547;2051;2061;536;548;1960;1959;1961;1962;2050;2062;1957;1963;535;549;1964;2049;2063;446;534;550;638;445;447;639;444;448;640;2048;2064;1954;443;449;641;442;450;642;533;551;1953;2047;2065;441;451;643;440;452;532;552;644;1952;2152;2151;2153;2046;2066;2150;2154;2149;2155;439;453;645;2148;2156;1951;531;553;2045;2147;2157;438;454;646;1950;2146;2158;530;554;437;455;647;2044;2145;1949;436;456;2144;529;555;2043;1948;2143;2161;435;457;528;556;1864;1863;1865;1862;1866;2042;2142;2162;1861;1947;434;458;2141;2163;527;557;2041;1946;433;459;651;2140;2164;350;526;558;349;351;348;352;432;460;652;1856;2040;1945;347;353;2139;346;354;1855;345;355;431;461;525;559;653;344;356;1944;2039;1854;2138;343;357;1853;342;358;430;462;654;524;560;2248;1943;2137;2247;2249;2038;2246;2250;2245;2251;341;359;1852;2244;2252;2243;2253;429;463;655;340;360;2136;1942;2242;2254;561;1851;2037;2241;2255;339;361;428;464;656;2240;2256;2135;1850;1941;338;362;562;}549:{367;}677:{1286;1285;}682:{700;701;702;}708:{608;1680;1679;1678;1677;}711:{604;603;602;1589;1588;1587;601;1586;1585;600;1584;512;1672;511;510;1671;509;1670;508;1579;507;691;}721:{1958;517;}724:{544;2056;}725:{733;734;735;736;2072;2071;2073;2074;2075;737;1868;835;523;522;}750:{746;754;2260;755;2259;756;2258;757;2257;657;658;659;660;2359;2358;2357;2363;661;2356;2364;761;2355;2365;662;2354;2366;762;663;2353;2367;664;2352;763;2351;665;857;764;2350;666;858;2349;765;667;859;2348;766;668;2347;563;669;767;564;2346;565;566;670;2456;2345;2455;2457;2454;2458;2453;2459;567;2452;2460;2451;2461;671;863;568;2344;2450;2462;2449;2463;569;2448;2464;2343;570;}758:{745;2447;2167;2166;2446;2165;2445;743;2444;742;2443;571;741;572;2442;573;574;740;2441;2342;575;2440;739;2341;2439;738;}818:{1973;1875;1972;1874;1971;1781;1873;1970;1780;626;625;627;624;628;1872;1969;623;629;1779;622;630;621;631;707;620;632;1968;1871;1778;2070;619;633;2069;618;634;706;1777;1967;1870;617;635;2068;1691;705;616;636;1776;1690;1966;1869;2067;1689;615;637;704;1688;1775;1965;614;}875:{877;872;878;1416;1415;1417;1414;1418;871;879;1413;1419;870;880;1412;1420;1512;1511;1513;1510;1514;1411;1421;1509;1515;869;881;1508;1516;1410;1422;868;882;1507;1517;1409;1423;1506;1518;867;883;971;778;972;777;781;969;776;968;974;1408;1424;1519;775;967;975;866;884;774;966;976;1520;1407;1425;773;865;885;965;977;1521;1406;1426;772;786;964;978;864;886;1320;1319;1321;1318;1322;1522;771;787;963;979;1317;1323;1405;1427;1316;1324;887;770;788;962;980;1315;1325;1523;1404;1428;1314;1326;769;789;961;981;888;1524;1608;1313;1327;1607;1609;1606;1610;1403;1429;1605;1611;768;790;960;982;1312;1328;1604;1612;1499;1525;1603;1613;889;1311;1329;1402;1430;1602;1614;791;983;1601;1615;1310;1330;1498;1526;890;792;984;1600;1616;1401;1431;1309;1331;1497;1527;1599;1617;683;891;1067;682;684;1066;681;793;985;1065;680;1064;1308;1332;1400;1432;1598;1618;679;1063;678;1062;794;986;1307;1333;1597;1619;677;689;1061;1073;1399;1433;676;690;1060;1074;1596;1620;1306;1334;675;795;987;1059;1075;1398;1434;674;692;1058;1076;1595;1621;1305;1335;796;988;673;693;1057;1077;1594;1622;1397;1435;672;694;1056;1078;1304;1336;797;989;1593;1623;695;1079;}893:{875;780;874;779;873;}896:{785;1505;784;1504;1503;783;1502;1501;782;876;1500;}921:{1027;1028;1029;2185;2186;1030;2187;2188;2189;937;1031;2190;2191;938;1032;2192;2193;1033;939;2194;2195;1034;940;2196;1124;1035;2197;941;1125;}929:{948;949;}930:{933;934;935;936;2184;2183;2182;2181;2180;2179;836;2178;837;838;2177;839;840;2176;841;2175;842;2174;942;843;2173;844;1036;943;2172;845;1037;944;2280;2279;2281;2278;2282;2171;2277;2283;846;1038;2276;2284;2275;2285;945;2170;2198;2274;2286;847;1039;2273;2287;946;848;1040;2272;2288;2199;1126;2271;2289;1127;849;947;1041;1128;2200;2270;2290;1129;2269;2291;850;1042;1130;2201;747;1131;2268;2292;851;1043;748;1132;2202;2267;2293;749;1133;852;1044;2294;2203;950;1134;}940:{860;958;2362;861;758;959;2361;759;862;760;2360;2472;}990:{1072;1528;1529;1071;1530;1531;1070;1174;1173;1532;1069;1172;1533;1171;1068;1534;970;1170;}994:{1175;}1021:{1221;1222;2207;1223;1224;1225;}1043:{2377;951;952;2376;953;2375;954;2475;2474;}1072:{1535;1168;1167;1169;1166;1165;1164;1436;1163;1437;1162;1438;1161;1439;1160;1159;1158;1157;1156;1155;1337;1154;1338;1339;1340;1341;1153;1342;1343;1152;}1104:{1213;1214;2108;2109;1215;2110;2111;1216;1217;1218;}1134:{2303;1230;1229;1231;1228;1232;1227;1233;1226;1234;1235;1236;2393;2394;2395;1237;2396;1123;1145;2397;1238;2398;1122;1146;1239;2399;1220;1121;1147;1120;2104;2103;2105;2102;2106;2101;2107;1119;1118;1052;1053;1117;1054;}1219:{1208;1207;1206;1205;1204;1203;1202;1201;1200;1919;1918;1917;1199;}1274:{1268;1267;1266;1265;192;1264;193;194;195;196;1263;1262;1261;1260;1259;1258;1257;96;1256;97;98;99;100;1255;1254;}1387:{580;579;578;1293;1294;577;1295;576;1296;1297;1298;1299;1300;1301;1302;1303;}1464:{1462;307;308;309;310;311;312;1560;1559;1561;1558;1557;1556;313;}1465:{319;1657;320;1656;1658;1655;1659;1654;321;322;323;}1528:{1080;1624;1625;1626;1627;1628;1081;1629;1082;1630;1631;1083;1176;1084;1177;1178;1085;1179;1086;1180;1087;1181;1088;1720;1719;1721;1182;1718;1722;1717;1723;1724;1725;1089;1183;1726;1727;1184;1090;1185;1091;1186;}1547:{1545;120;1544;119;121;118;122;1543;117;123;116;124;1542;115;125;1541;114;126;1540;113;127;1451;1539;1450;1452;1449;1453;112;1448;1454;1447;1455;1639;1538;1446;1638;111;129;1445;1537;1637;207;110;130;1444;1636;24;1536;23;25;22;26;206;1443;1635;21;27;109;131;20;28;1442;1634;19;29;205;108;132;18;30;1441;1633;204;17;31;107;133;16;32;1440;1632;203;15;33;106;134;14;34;202;105;13;35;201;1355;1354;1356;1353;1357;1741;12;36;104;1352;1358;1351;1359;1735;200;1350;1360;1734;11;37;1349;1361;1733;103;1348;1362;1732;199;10;38;1347;1363;1731;102;1346;1364;1730;9;39;198;1345;1729;101;8;40;1344;1728;197;}1576:{605;606;607;609;1681;610;1682;611;1683;1590;612;1684;1591;613;696;1592;697;698;699;393;1377;392;1376;1375;391;1374;1373;390;300;484;1372;}1582:{1578;1577;504;1576;503;505;502;506;501;1575;500;593;499;1486;1574;1485;1487;592;1484;1488;1676;498;1483;1489;1675;1482;1674;1573;497;591;1481;1673;496;1480;1572;590;1479;495;513;1571;589;1478;494;514;1570;1477;1669;588;493;515;1476;1668;1569;587;492;516;1475;1667;408;1568;407;409;406;410;586;405;411;491;1474;1666;404;412;403;413;1567;585;402;414;490;518;1473;1665;401;415;1390;1566;1389;1391;400;416;584;1388;1392;1472;1664;1772;489;519;1387;1393;1771;1386;1394;1770;399;417;1385;1395;1769;1471;1565;1663;488;520;1384;1396;1768;583;398;418;1383;1767;397;419;1382;1470;1662;1766;1564;487;521;582;1381;1765;396;420;1469;1661;1380;486;1563;395;421;581;1379;1468;1660;394;422;485;1378;1562;1762;}1652:{232;1744;1743;233;}1660:{1653;1652;1651;1650;1649;224;1648;223;225;1555;222;226;221;227;220;228;1554;219;229;1647;218;1553;217;1646;216;1552;215;1645;1551;214;1644;1550;213;212;1549;1643;1461;211;1460;1548;1642;1459;210;1547;1739;1458;1641;209;1457;1546;1738;128;208;1456;1640;}1661:{1746;1745;231;}1693:{703;1687;1686;1685;}1694:{599;1583;688;1496;598;1495;597;1494;1582;687;1493;596;1581;1492;686;595;1491;1580;594;685;1490;}1710:{973;}1732:{230;}1802:{1896;}1855:{1742;}1877:{1860;1859;1764;1956;1858;1763;1955;1857;}1878:{1867;}1896:{912;911;913;1895;1897;910;914;1894;1898;909;915;1893;1899;908;916;1892;1900;907;917;1891;1901;906;918;1890;1902;905;919;1889;1903;816;904;920;1008;1800;1888;1904;1992;815;817;1007;1009;1799;1801;1991;1993;814;818;1006;1010;1798;1802;1990;1994;813;819;1005;1011;1797;1803;1989;1995;812;820;1004;1012;1796;1804;1988;1996;903;921;1887;1905;811;821;1003;1013;1795;1805;1987;1997;810;822;902;922;1002;1014;1794;1806;1886;1906;1986;1998;809;823;1001;1015;1793;1807;1985;1999;901;923;1885;1907;808;824;1000;1016;1792;1808;1984;2000;900;924;1884;1908;807;825;999;1017;1791;1809;1983;2001;806;826;998;1018;1790;1810;1982;2002;899;925;1883;1909;805;827;997;1019;1789;1811;1981;2003;898;926;1882;1910;804;828;996;1020;1788;1812;1980;2004;897;927;1881;1911;803;829;995;1021;1787;1813;1979;2005;720;896;928;1104;1704;1880;1912;2088;719;721;1103;1105;1703;1705;2087;2089;718;722;802;830;994;1022;1102;1106;1702;1706;1786;1814;1978;2006;2086;2090;717;723;1101;1107;1701;1707;2085;2091;716;724;1100;1108;1700;1708;2084;2092;715;725;1099;1109;1699;1709;2083;2093;801;831;895;929;993;1023;1785;1815;1879;1913;1977;2007;714;726;1098;1110;1698;1710;2082;2094;713;727;1097;1111;1697;1711;2081;2095;712;728;800;832;992;1024;1096;1112;1696;1712;1784;1816;1976;2008;2080;2096;894;930;1878;1914;711;729;1095;1113;1695;1713;2079;2097;799;833;991;1025;1783;1817;1975;2009;710;730;1094;1114;1694;1714;2078;2098;893;931;1877;1915;709;731;1093;1115;1693;1715;2077;2099;798;834;990;1026;1782;1818;1974;2010;708;732;892;932;1092;1116;1692;1716;1876;1916;2076;2100;}1914:{1198;1197;1196;1195;1819;2011;1820;2012;1194;1821;2013;1822;2014;1193;1823;2015;1192;1191;1209;1190;1210;1189;1211;1188;1212;1187;}1916:{1219;}1928:{2115;2114;2113;72;2112;}1931:{1932;1933;1934;1935;156;246;157;245;244;158;1938;243;159;242;1923;1939;2027;2026;2028;1837;2025;160;1838;2024;241;1839;2023;1922;1940;240;256;1840;2032;161;1841;1921;2021;2033;257;1828;1842;2034;56;1920;55;57;54;58;258;1827;1843;2019;2035;53;59;52;60;1826;2018;2036;51;61;259;50;62;1825;2017;260;49;63;48;64;1824;2016;261;47;65;337;46;66;262;336;1848;45;67;263;1849;2125;44;68;2126;2127;264;2128;43;69;2129;2130;265;42;70;2131;2132;41;71;266;2133;2134;267;}1944:{1835;1834;147;1833;146;145;144;1832;143;1831;142;1925;141;1830;140;1924;}1979:{2057;542;2159;}2039:{162;163;164;165;239;238;}2081:{750;2266;751;2265;752;2264;648;2160;2263;649;753;2262;650;2261;}2092:{2295;1136;2296;}2136:{179;282;2022;2214;180;2116;2316;}2172:{2169;744;2168;}2188:{1045;1135;1046;1137;2297;1047;1138;2204;2380;2379;2381;2298;2378;2382;1139;2383;1048;2384;2385;1140;2205;2299;2386;1049;2387;1141;2300;2388;2206;2389;1050;1142;2301;2390;1143;955;1051;2391;2302;1144;2392;}2296:{1240;1148;1241;1242;1149;1243;1150;1244;1151;1245;2488;2487;2489;1246;2486;2490;2485;2491;2484;2492;2483;2493;1055;1247;2482;2494;2481;2495;2480;2479;2478;2477;2476;}2320:{379;372;380;381;382;2422;383;2423;2424;2425;2426;2427;2428;2429;473;474;2430;467;2337;2431;466;479;2432;2338;2339;}2379:{956;2374;957;2373;2372;2371;2473;2471;2370;2470;2369;2469;2468;856;2368;855;854;2467;853;2466;2465;}2442:{2438;2437;2436;2435;2434;2433;2340;},423_424_425_426_427_428_429_430_431_432_433_434_435_436_437_438_439_440_441_503_504_505_551_552_553_591_592_593_655_656_657_683_684_756_757_776_777_855_856_871_872_873_951_952_953_968_969_1047_1048_1067_1068_1140_1141_1167_1168_1169_1231_1232_1233_1407_1408_1409_1410_1411_1412_1413_1414_1415_1416_1417_1418_1419_1420_1421_1422_1423_1424_1425_1487_1488_1489_1535_1575_1576_1577_1667_1668_1760_1761_1855_1856_1857_1952_1953_2051_2052_2151_2152_2153_2255_2256_2257_2303_2367_2368_2369_2370_2371_2372_2373_2374_2375_2376_2377_2378_2379_2380_2381_2382_2383_2384_2385_,1896-912*0_1896-911*0_1896-913*0_1896-1895*0_1896-1897*0_1896-910*0_1896-914*0_1896-1894*0_1896-1898*0_1896-909*0_1896-915*0_1896-1893*0_1896-1899*0_1896-908*0_1896-916*0_1896-1892*0_1896-1900*0_1896-907*0_1896-917*0_1896-1891*0_1896-1901*0_1896-906*0_1896-918*0_1896-1890*0_1896-1902*0_1896-905*0_1896-919*0_1896-1889*0_1896-1903*0_1896-816*0_1896-904*0_1896-920*0_1896-1008*0_1896-1800*0_1896-1888*0_1896-1904*0_1896-1992*0_1896-815*0_1896-817*0_1896-1007*0_1896-1009*0_1896-1799*0_1896-1801*0_1896-1991*0_1896-1993*0_1896-814*0_1896-818*0_1896-1006*0_1896-1010*0_1896-1798*0_1896-1802*0_1896-1990*0_1896-1994*0_1896-813*0_1896-819*0_1896-1005*0_1896-1011*0_1896-1797*0_1896-1803*0_1896-1989*0_1896-1995*0_1896-812*0_1896-820*0_1896-1004*0_1896-1012*0_1896-1796*0_1896-1804*0_1896-1988*0_1896-1996*0_1896-903*0_1896-921*0_1896-1887*0_1896-1905*0_1896-811*0_1896-821*0_1896-1003*0_1896-1013*0_1896-1795*0_1896-1805*0_1896-1987*0_1896-1997*0_1896-810*0_1896-822*0_1896-902*0_1896-922*0_1896-1002*0_1896-1014*0_1896-1794*0_1896-1806*0_1896-1886*0_1896-1906*0_1896-1986*0_1896-1998*0_1896-809*0_1896-823*0_1896-1001*0_1896-1015*0_1896-1793*0_1896-1807*0_1896-1985*0_1896-1999*0_1896-901*0_1896-923*0_1896-1885*0_1896-1907*0_1896-808*0_1896-824*0_1896-1000*0_1896-1016*0_1896-1792*0_1896-1808*0_1896-1984*0_1896-2000*0_1896-900*0_1896-924*0_1896-1884*0_1896-1908*0_1896-807*0_1896-825*0_1896-999*0_1896-1017*0_1896-1791*0_1896-1809*0_1896-1983*0_1896-2001*0_1896-806*0_1896-826*0_1896-998*0_1896-1018*0_1896-1790*0_1896-1810*0_1896-1982*0_1896-2002*0_1896-899*0_1896-925*0_1896-1883*0_1896-1909*0_1896-805*0_1896-827*0_1896-997*0_1896-1019*0_1896-1789*0_1896-1811*0_1896-1981*0_1896-2003*0_1896-898*0_1896-926*0_1896-1882*0_1896-1910*0_1896-804*0_1896-828*0_1896-996*0_1896-1020*0_1896-1788*0_1896-1812*0_1896-1980*0_1896-2004*0_1896-897*0_1896-927*0_1896-1881*0_1896-1911*0_1896-803*0_1896-829*0_1896-995*0_1896-1021*0_1896-1787*0_1896-1813*0_1896-1979*0_1896-2005*0_1896-720*0_1896-896*0_1896-928*0_1896-1104*0_1896-1704*0_1896-1880*0_1896-1912*0_1896-2088*0_1896-719*0_1896-721*0_1896-1103*0_1896-1105*0_1896-1703*0_1896-1705*0_1896-2087*0_1896-2089*0_1896-718*0_1896-722*0_1896-802*0_1896-830*0_1896-994*0_1896-1022*0_1896-1102*0_1896-1106*0_1896-1702*0_1896-1706*0_1896-1786*0_1896-1814*0_1896-1978*0_1896-2006*0_1896-2086*0_1896-2090*0_1896-717*0_1896-723*0_1896-1101*0_1896-1107*0_1896-1701*0_1896-1707*0_1896-2085*0_1896-2091*0_1896-716*0_1896-724*0_1896-1100*0_1896-1108*0_1896-1700*0_1896-1708*0_1896-2084*0_1896-2092*0_1896-715*0_1896-725*0_1896-1099*0_1896-1109*0_1896-1699*0_1896-1709*0_1896-2083*0_1896-2093*0_1896-801*0_1896-831*0_1896-895*0_1896-929*0_1896-993*0_1896-1023*0_1896-1785*0_1896-1815*0_1896-1879*0_1896-1913*0_1896-1977*0_1896-2007*0_1896-714*0_1896-726*0_1896-1098*0_1896-1110*0_1896-1698*0_1896-1710*0_1896-2082*0_1896-2094*0_1896-713*0_1896-727*0_1896-1097*0_1896-1111*0_1896-1697*0_1896-1711*0_1896-2081*0_1896-2095*0_1896-712*0_1896-728*0_1896-800*0_1896-832*0_1896-992*0_1896-1024*0_1896-1096*0_1896-1112*0_1896-1696*0_1896-1712*0_1896-1784*0_1896-1816*0_1896-1976*0_1896-2008*0_1896-2080*0_1896-2096*0_1896-894*0_1896-930*0_1896-1878*0_1896-1914*0_1896-711*0_1896-729*0_1896-1095*0_1896-1113*0_1896-1695*0_1896-1713*0_1896-2079*0_1896-2097*0_1896-799*0_1896-833*0_1896-991*0_1896-1025*0_1896-1783*0_1896-1817*0_1896-1975*0_1896-2009*0_1896-710*0_1896-730*0_1896-1094*0_1896-1114*0_1896-1694*0_1896-1714*0_1896-2078*0_1896-2098*0_1896-893*0_1896-931*0_1896-1877*0_1896-1915*0_1896-709*0_1896-731*0_1896-1093*0_1896-1115*0_1896-1693*0_1896-1715*0_1896-2077*0_1896-2099*0_1896-798*0_1896-834*0_1896-990*0_1896-1026*0_1896-1782*0_1896-1818*0_1896-1974*0_1896-2010*0_1896-708*0_1896-732*0_1896-892*0_1896-932*0_1896-1092*0_1896-1116*0_1896-1692*0_1896-1716*0_1896-1876*0_1896-1916*0_1896-2076*0_1896-2100*0_921-1027*1_921-1028*1_921-1029*1_921-2185*1_921-2186*1_921-1030*1_921-2187*1_921-2188*1_921-2189*1_921-937*1_921-1031*1_921-2190*1_921-2191*1_921-938*1_921-1032*1_921-2192*1_921-2193*1_921-1033*1_921-939*1_921-2194*1_921-2195*1_921-1034*1_921-940*1_921-2196*1_921-1124*1_921-1035*1_921-2197*1_921-941*1_921-1125*1_1979-2057*1_1979-542*1_1979-2159*1_721-1958*1_1694-599*1_990-1072*1_990-1528*1_1694-1583*1_1694-688*1_1694-1496*1_721-517*1_1694-598*1_1694-1495*1_990-1529*1_1694-597*1_990-1071*1_1694-1494*1_1694-1582*1_1694-687*1_990-1530*1_893-875*1_1694-1493*1_1694-596*1_990-1531*1_990-1070*1_990-1174*1_1694-1581*1_1694-1492*1_893-780*1_1694-686*1_1694-595*1_893-874*1_990-1173*1_990-1532*1_1694-1491*1_990-1069*1_1694-1580*1_990-1172*1_1694-594*1_893-779*1_1694-685*1_990-1533*1_1694-1490*1_893-873*1_990-1171*1_990-1068*1_1916-1219*1_990-1534*1_990-970*1_990-1170*1_711-604*1_711-603*1_896-785*1_1021-1221*1_896-1505*1_1021-1222*1_711-602*1_711-1589*1_1021-2207*1_711-1588*1_896-784*1_896-1504*1_2081-750*1_1021-1223*1_711-1587*1_896-1503*1_711-601*1_711-1586*1_1021-1224*1_896-783*1_896-1502*1_711-1585*1_2081-2266*1_2081-751*1_1021-1225*1_2081-2265*1_711-600*1_711-1584*1_896-1501*1_994-1175*1_896-782*1_2081-752*1_2081-2264*1_711-512*1_711-1672*1_2092-2295*1_896-876*1_896-1500*1_929-948*1_1877-1860*1_1710-973*1_711-511*1_2081-648*1_2081-2160*1_2081-2263*1_724-544*1_724-2056*1_2092-1136*1_2092-2296*1_2081-649*1_2081-753*1_711-510*1_711-1671*1_2081-2262*1_929-949*1_1877-1859*1_2081-650*1_711-509*1_2081-2261*1_711-1670*1_711-508*1_1877-1764*1_1877-1956*1_1877-1858*1_711-1579*1_711-507*1_711-691*1_1877-1763*1_1877-1955*1_1877-1857*1_875-877*2_875-872*2_875-878*2_875-1416*2_875-1415*2_875-1417*2_875-1414*2_875-1418*2_875-871*2_875-879*2_875-1413*2_875-1419*2_875-870*2_875-880*2_875-1412*2_875-1420*2_875-1512*2_875-1511*2_875-1513*2_875-1510*2_875-1514*2_875-1411*2_875-1421*2_875-1509*2_875-1515*2_875-869*2_875-881*2_875-1508*2_875-1516*2_875-1410*2_875-1422*2_875-868*2_875-882*2_875-1507*2_875-1517*2_875-1409*2_875-1423*2_875-1506*2_875-1518*2_875-867*2_875-883*2_875-971*2_875-778*2_875-972*2_875-777*2_875-781*2_875-969*2_875-776*2_875-968*2_875-974*2_875-1408*2_875-1424*2_875-1519*2_875-775*2_875-967*2_875-975*2_875-866*2_875-884*2_875-774*2_875-966*2_875-976*2_875-1520*2_875-1407*2_875-1425*2_875-773*2_875-865*2_875-885*2_875-965*2_875-977*2_875-1521*2_875-1406*2_875-1426*2_875-772*2_875-786*2_875-964*2_875-978*2_875-864*2_875-886*2_875-1320*2_875-1319*2_875-1321*2_875-1318*2_875-1322*2_875-1522*2_875-771*2_875-787*2_875-963*2_875-979*2_875-1317*2_875-1323*2_875-1405*2_875-1427*2_875-1316*2_875-1324*2_875-887*2_875-770*2_875-788*2_875-962*2_875-980*2_875-1315*2_875-1325*2_875-1523*2_875-1404*2_875-1428*2_875-1314*2_875-1326*2_875-769*2_875-789*2_875-961*2_875-981*2_875-888*2_875-1524*2_875-1608*2_875-1313*2_875-1327*2_875-1607*2_875-1609*2_875-1606*2_875-1610*2_875-1403*2_875-1429*2_875-1605*2_875-1611*2_875-768*2_875-790*2_875-960*2_875-982*2_875-1312*2_875-1328*2_875-1604*2_875-1612*2_875-1499*2_875-1525*2_875-1603*2_875-1613*2_875-889*2_875-1311*2_875-1329*2_875-1402*2_875-1430*2_875-1602*2_875-1614*2_875-791*2_875-983*2_875-1601*2_875-1615*2_875-1310*2_875-1330*2_875-1498*2_875-1526*2_875-890*2_875-792*2_875-984*2_875-1600*2_875-1616*2_875-1401*2_875-1431*2_875-1309*2_875-1331*2_875-1497*2_875-1527*2_875-1599*2_875-1617*2_875-683*2_875-891*2_875-1067*2_875-682*2_875-684*2_875-1066*2_875-681*2_875-793*2_875-985*2_875-1065*2_875-680*2_875-1064*2_875-1308*2_875-1332*2_875-1400*2_875-1432*2_875-1598*2_875-1618*2_875-679*2_875-1063*2_875-678*2_875-1062*2_875-794*2_875-986*2_875-1307*2_875-1333*2_875-1597*2_875-1619*2_875-677*2_875-689*2_875-1061*2_875-1073*2_875-1399*2_875-1433*2_875-676*2_875-690*2_875-1060*2_875-1074*2_875-1596*2_875-1620*2_875-1306*2_875-1334*2_875-675*2_875-795*2_875-987*2_875-1059*2_875-1075*2_875-1398*2_875-1434*2_875-674*2_875-692*2_875-1058*2_875-1076*2_875-1595*2_875-1621*2_875-1305*2_875-1335*2_875-796*2_875-988*2_875-673*2_875-693*2_875-1057*2_875-1077*2_875-1594*2_875-1622*2_875-1397*2_875-1435*2_875-672*2_875-694*2_875-1056*2_875-1078*2_875-1304*2_875-1336*2_875-797*2_875-989*2_875-1593*2_875-1623*2_875-695*2_875-1079*2_1582-1578*2_1582-1577*2_1582-504*2_1582-1576*2_1582-503*2_1582-505*2_1582-502*2_1582-506*2_1582-501*2_1582-1575*2_1582-500*2_1582-593*2_1582-499*2_1582-1486*2_1582-1574*2_1582-1485*2_1582-1487*2_1582-592*2_1582-1484*2_1582-1488*2_1582-1676*2_1582-498*2_1582-1483*2_1582-1489*2_1582-1675*2_1582-1482*2_1582-1674*2_1582-1573*2_1582-497*2_1582-591*2_1582-1481*2_1582-1673*2_1582-496*2_1582-1480*2_1582-1572*2_1582-590*2_1582-1479*2_1582-495*2_1582-513*2_1582-1571*2_1582-589*2_1582-1478*2_1582-494*2_1582-514*2_1582-1570*2_1582-1477*2_1582-1669*2_1582-588*2_1582-493*2_1582-515*2_1582-1476*2_1582-1668*2_1582-1569*2_1582-587*2_1582-492*2_1582-516*2_1582-1475*2_1582-1667*2_1582-408*2_1582-1568*2_1582-407*2_1582-409*2_1582-406*2_1582-410*2_1582-586*2_1582-405*2_1582-411*2_1582-491*2_1582-1474*2_1582-1666*2_1582-404*2_1582-412*2_1582-403*2_1582-413*2_1582-1567*2_1582-585*2_1582-402*2_1582-414*2_1582-490*2_1582-518*2_1582-1473*2_1582-1665*2_1582-401*2_1582-415*2_1582-1390*2_1582-1566*2_1582-1389*2_1582-1391*2_1582-400*2_1582-416*2_1582-584*2_1582-1388*2_1582-1392*2_1582-1472*2_1582-1664*2_1582-1772*2_1582-489*2_1582-519*2_1582-1387*2_1582-1393*2_1582-1771*2_1582-1386*2_1582-1394*2_1582-1770*2_1582-399*2_1582-417*2_1582-1385*2_1582-1395*2_1582-1769*2_1582-1471*2_1582-1565*2_1582-1663*2_1582-488*2_1582-520*2_1582-1384*2_1582-1396*2_1582-1768*2_1582-583*2_1582-398*2_1582-418*2_1582-1383*2_1582-1767*2_1582-397*2_1582-419*2_1582-1382*2_1582-1470*2_1582-1662*2_1582-1766*2_1582-1564*2_1582-487*2_1582-521*2_1582-582*2_1582-1381*2_1582-1765*2_1582-396*2_1582-420*2_1582-1469*2_1582-1661*2_1582-1380*2_1582-486*2_1582-1563*2_1582-395*2_1582-421*2_1582-581*2_1582-1379*2_1582-1468*2_1582-1660*2_1582-394*2_1582-422*2_1582-485*2_1582-1378*2_1582-1562*2_1582-1762*2_542-541*2_542-543*2_542-540*2_542-2055*2_542-2054*2_542-2058*2_542-539*2_542-545*2_542-2053*2_542-2059*2_542-538*2_542-546*2_542-2052*2_542-2060*2_542-537*2_542-547*2_542-2051*2_542-2061*2_542-536*2_542-548*2_542-1960*2_542-1959*2_542-1961*2_542-1962*2_542-2050*2_542-2062*2_542-1957*2_542-1963*2_542-535*2_542-549*2_542-1964*2_542-2049*2_542-2063*2_542-446*2_542-534*2_542-550*2_542-638*2_542-445*2_542-447*2_542-639*2_542-444*2_542-448*2_542-640*2_542-2048*2_542-2064*2_542-1954*2_542-443*2_542-449*2_542-641*2_542-442*2_542-450*2_542-642*2_542-533*2_542-551*2_542-1953*2_542-2047*2_542-2065*2_542-441*2_542-451*2_542-643*2_542-440*2_542-452*2_542-532*2_542-552*2_542-644*2_542-1952*2_542-2152*2_542-2151*2_542-2153*2_542-2046*2_542-2066*2_542-2150*2_542-2154*2_542-2149*2_542-2155*2_542-439*2_542-453*2_542-645*2_542-2148*2_542-2156*2_542-1951*2_542-531*2_542-553*2_542-2045*2_542-2147*2_542-2157*2_542-438*2_542-454*2_542-646*2_542-1950*2_542-2146*2_542-2158*2_542-530*2_542-554*2_542-437*2_542-455*2_542-647*2_542-2044*2_542-2145*2_542-1949*2_542-436*2_542-456*2_542-2144*2_542-529*2_542-555*2_542-2043*2_542-1948*2_542-2143*2_542-2161*2_542-435*2_542-457*2_542-528*2_542-556*2_542-1864*2_542-1863*2_542-1865*2_542-1862*2_542-1866*2_542-2042*2_542-2142*2_542-2162*2_542-1861*2_542-1947*2_542-434*2_542-458*2_542-2141*2_542-2163*2_542-527*2_542-557*2_542-2041*2_542-1946*2_542-433*2_542-459*2_542-651*2_542-2140*2_542-2164*2_542-350*2_542-526*2_542-558*2_542-349*2_542-351*2_542-348*2_542-352*2_542-432*2_542-460*2_542-652*2_542-1856*2_542-2040*2_542-1945*2_542-347*2_542-353*2_542-2139*2_542-346*2_542-354*2_542-1855*2_542-345*2_542-355*2_542-431*2_542-461*2_542-525*2_542-559*2_542-653*2_542-344*2_542-356*2_542-1944*2_542-2039*2_542-1854*2_542-2138*2_542-343*2_542-357*2_542-1853*2_542-342*2_542-358*2_542-430*2_542-462*2_542-654*2_542-524*2_542-560*2_542-2248*2_542-1943*2_542-2137*2_542-2247*2_542-2249*2_542-2038*2_542-2246*2_542-2250*2_542-2245*2_542-2251*2_542-341*2_542-359*2_542-1852*2_542-2244*2_542-2252*2_542-2243*2_542-2253*2_542-429*2_542-463*2_542-655*2_542-340*2_542-360*2_542-2136*2_542-1942*2_542-2242*2_542-2254*2_542-561*2_542-1851*2_542-2037*2_542-2241*2_542-2255*2_542-339*2_542-361*2_542-428*2_542-464*2_542-656*2_542-2240*2_542-2256*2_542-2135*2_542-1850*2_542-1941*2_542-338*2_542-362*2_542-562*2_930-933*1_930-934*1_930-935*1_930-936*1_930-2184*1_930-2183*1_930-2182*1_930-2181*1_930-2180*1_930-2179*1_930-836*1_930-2178*1_930-837*1_930-838*1_930-2177*1_930-839*1_930-840*1_930-2176*1_930-841*1_930-2175*1_930-842*1_930-2174*1_930-942*1_930-843*1_930-2173*1_930-844*1_930-1036*1_930-943*1_930-2172*1_930-845*1_930-1037*1_930-944*1_930-2280*1_930-2279*1_930-2281*1_930-2278*1_930-2282*1_930-2171*1_930-2277*1_930-2283*1_930-846*1_930-1038*1_930-2276*1_930-2284*1_930-2275*1_930-2285*1_930-945*1_930-2170*1_930-2198*1_930-2274*1_930-2286*1_930-847*1_930-1039*1_930-2273*1_930-2287*1_930-946*1_930-848*1_930-1040*1_930-2272*1_930-2288*1_930-2199*1_930-1126*1_930-2271*1_930-2289*1_930-1127*1_930-849*1_930-947*1_930-1041*1_930-1128*1_930-2200*1_930-2270*1_930-2290*1_930-1129*1_930-2269*1_930-2291*1_930-850*1_930-1042*1_930-1130*1_930-2201*1_930-747*1_930-1131*1_930-2268*1_930-2292*1_930-851*1_930-1043*1_930-748*1_930-1132*1_930-2202*1_930-2267*1_930-2293*1_930-749*1_930-1133*1_930-852*1_930-1044*1_930-2294*1_930-2203*1_930-950*1_930-1134*1_1072-1535*2_1072-1168*2_1072-1167*2_1072-1169*2_1072-1166*2_1072-1165*2_1072-1164*2_1072-1436*2_1072-1163*2_1072-1437*2_1072-1162*2_1072-1438*2_1072-1161*2_1072-1439*2_1072-1160*2_1072-1159*2_1072-1158*2_1072-1157*2_1072-1156*2_1072-1155*2_1072-1337*2_1072-1154*2_1072-1338*2_1072-1339*2_1072-1340*2_1072-1341*2_1072-1153*2_1072-1342*2_1072-1343*2_1072-1152*2_1104-1213*1_1104-1214*1_1104-2108*1_1104-2109*1_1104-1215*1_1104-2110*1_1104-2111*1_1104-1216*1_1104-1217*1_1104-1218*1_940-860*2_940-958*2_940-2362*2_940-861*2_940-758*2_940-959*2_940-2361*2_940-759*2_940-862*2_2296-1240*2_940-760*2_940-2360*2_940-2472*2_2296-1148*2_2296-1241*2_2296-1242*2_2296-1149*2_2296-1243*2_1219-1208*2_2296-1150*2_2296-1244*2_1219-1207*2_2296-1151*2_2296-1245*2_1219-1206*2_2296-2488*2_2296-2487*2_2296-2489*2_2296-1246*2_2296-2486*2_2296-2490*2_2296-2485*2_2296-2491*2_2296-2484*2_2296-2492*2_2296-2483*2_2296-2493*2_1219-1205*2_2296-1055*2_2296-1247*2_2296-2482*2_2296-2494*2_2296-2481*2_2296-2495*2_2296-2480*2_1219-1204*2_2296-2479*2_2296-2478*2_1219-1203*2_2296-2477*2_1219-1202*2_2296-2476*2_1219-1201*2_1219-1200*2_1219-1919*2_1219-1918*2_1219-1917*2_1219-1199*2_1528-1080*2_1528-1624*2_1528-1625*2_1528-1626*2_1528-1627*2_1528-1628*2_1528-1081*2_1528-1629*2_1528-1082*2_1528-1630*2_1528-1631*2_1528-1083*2_1528-1176*2_1528-1084*2_1528-1177*2_1528-1178*2_1528-1085*2_1528-1179*2_1528-1086*2_1528-1180*2_1528-1087*2_1528-1181*2_1528-1088*2_1528-1720*2_1528-1719*2_1528-1721*2_1528-1182*2_1528-1718*2_1528-1722*2_1528-1717*2_1528-1723*2_1528-1724*2_1528-1725*2_1528-1089*2_1528-1183*2_1528-1726*2_1528-1727*2_1528-1184*2_1528-1090*2_1528-1185*2_1528-1091*2_1528-1186*2_818-1973*1_818-1875*1_818-1972*1_818-1874*1_818-1971*1_818-1781*1_818-1873*1_818-1970*1_818-1780*1_818-626*1_818-625*1_818-627*1_818-624*1_818-628*1_818-1872*1_818-1969*1_818-623*1_818-629*1_818-1779*1_818-622*1_818-630*1_818-621*1_818-631*1_818-707*1_818-620*1_818-632*1_818-1968*1_818-1871*1_818-1778*1_818-2070*1_818-619*1_818-633*1_818-2069*1_818-618*1_818-634*1_818-706*1_818-1777*1_818-1967*1_818-1870*1_818-617*1_818-635*1_818-2068*1_818-1691*1_818-705*1_818-616*1_818-636*1_818-1776*1_818-1690*1_818-1966*1_818-1869*1_818-2067*1_818-1689*1_818-615*1_818-637*1_818-704*1_818-1688*1_818-1775*1_818-1965*1_818-614*1_682-700*3_682-701*3_677-1286*3_682-702*3_677-1285*3_1914-1198*1_1914-1197*1_1914-1196*1_1914-1195*1_1914-1819*1_1914-2011*1_1914-1820*1_1914-2012*1_1914-1194*1_1914-1821*1_1914-2013*1_1914-1822*1_1914-2014*1_1914-1193*1_1914-1823*1_1914-2015*1_1914-1192*1_1914-1191*1_1914-1209*1_1914-1190*1_1914-1210*1_1914-1189*1_1914-1211*1_1914-1188*1_1914-1212*1_1914-1187*1_1576-605*3_1576-606*3_1576-607*3_1576-609*3_1576-1681*3_1576-610*3_1576-1682*3_1576-611*3_1576-1683*3_1576-1590*3_1576-612*3_1576-1684*3_1576-1591*3_1576-613*3_1576-696*3_1576-1592*3_1576-697*3_1576-698*3_1576-699*3_1576-393*3_1576-1377*3_1576-392*3_1576-1376*3_1576-1375*3_1576-391*3_1576-1374*3_1576-1373*3_1576-390*3_1576-300*3_1576-484*3_1576-1372*3_1660-1653*3_1660-1652*3_1660-1651*3_1660-1650*3_1660-1649*3_1660-224*3_1660-1648*3_1660-223*3_1660-225*3_1660-1555*3_1660-222*3_1660-226*3_1660-221*3_1660-227*3_1660-220*3_1660-228*3_1660-1554*3_1660-219*3_1660-229*3_1660-1647*3_1660-218*3_1660-1553*3_1660-217*3_1660-1646*3_1660-216*3_1660-1552*3_1660-215*3_1660-1645*3_1660-1551*3_1660-214*3_1660-1644*3_1660-1550*3_1660-213*3_1660-212*3_1660-1549*3_1660-1643*3_1660-1461*3_1660-211*3_1660-1460*3_1660-1548*3_1660-1642*3_1660-1459*3_1660-210*3_1660-1547*3_1660-1739*3_1660-1458*3_1660-1641*3_1660-209*3_1660-1457*3_1660-1546*3_1660-1738*3_1660-128*3_1660-208*3_1660-1456*3_1660-1640*3_2188-1045*2_2188-1135*2_2188-1046*2_2188-1137*2_2188-2297*2_2188-1047*2_2188-1138*2_2188-2204*2_2188-2380*2_2188-2379*2_2188-2381*2_2188-2298*2_2188-2378*2_2188-2382*2_2188-1139*2_2188-2383*2_2188-1048*2_2188-2384*2_2188-2385*2_2188-1140*2_2188-2205*2_2188-2299*2_2188-2386*2_2188-1049*2_2188-2387*2_2188-1141*2_2188-2300*2_2188-2388*2_2188-2206*2_2188-2389*2_2188-1050*2_2188-1142*2_2188-2301*2_2188-2390*2_2188-1143*2_2188-955*2_2188-1051*2_2188-2391*2_2188-2302*2_2188-1144*2_2188-2392*2_1944-1835*3_358-373*3_358-275*3_1944-1834*3_1944-147*3_358-374*3_358-276*3_358-468*3_1944-1833*3_1944-146*3_358-2219*3_1944-145*3_358-277*3_358-375*3_358-469*3_1944-144*3_1944-1832*3_358-2218*3_358-173*3_1944-143*3_358-174*3_358-278*3_358-470*3_1944-1831*3_358-376*3_358-2328*3_358-2217*3_358-2327*3_358-2329*3_1944-142*3_358-2326*3_358-2330*3_1944-1925*3_352-2020*3_358-2325*3_358-2331*3_358-175*3_358-2324*3_358-2332*3_1944-141*3_358-2323*3_358-2333*3_358-279*3_358-471*3_358-176*3_358-2216*3_1944-1830*3_358-2322*3_358-2334*3_358-377*3_358-2117*3_1944-140*3_1944-1924*3_358-2321*3_358-2335*3_358-177*3_358-280*3_358-472*3_358-2320*3_358-2336*3_358-2215*3_358-178*3_358-378*3_750-746*2_750-754*2_750-2260*2_750-755*2_750-2259*2_750-756*2_750-2258*2_750-757*2_750-2257*2_750-657*2_750-658*2_750-659*2_750-660*2_750-2359*2_750-2358*2_750-2357*2_750-2363*2_750-661*2_750-2356*2_750-2364*2_750-761*2_750-2355*2_750-2365*2_750-662*2_750-2354*2_750-2366*2_750-762*2_750-663*2_750-2353*2_750-2367*2_750-664*2_750-2352*2_750-763*2_750-2351*2_750-665*2_750-857*2_750-764*2_750-2350*2_750-666*2_750-858*2_750-2349*2_750-765*2_750-667*2_750-859*2_750-2348*2_750-766*2_750-668*2_750-2347*2_750-563*2_750-669*2_750-767*2_750-564*2_750-2346*2_750-565*2_750-566*2_750-670*2_750-2456*2_750-2345*2_750-2455*2_750-2457*2_750-2454*2_750-2458*2_750-2453*2_750-2459*2_750-567*2_750-2452*2_750-2460*2_750-2451*2_750-2461*2_750-671*2_750-863*2_750-568*2_750-2344*2_750-2450*2_750-2462*2_750-2449*2_750-2463*2_750-569*2_750-2448*2_750-2464*2_750-2343*2_750-570*2_725-733*1_725-734*1_725-735*1_725-736*1_725-2072*1_725-2071*1_725-2073*1_725-2074*1_725-2075*1_725-737*1_725-1868*1_725-835*1_725-523*1_725-522*1_1134-2303*2_1134-1230*2_1134-1229*2_1134-1231*2_1134-1228*2_1134-1232*2_1134-1227*2_1134-1233*2_1134-1226*2_1134-1234*2_1134-1235*2_1134-1236*2_1134-2393*2_1134-2394*2_1134-2395*2_1134-1237*2_1134-2396*2_1134-1123*2_1134-1145*2_1134-2397*2_1134-1238*2_1134-2398*2_1134-1122*2_1134-1146*2_1134-1239*2_1134-2399*2_1134-1220*2_1134-1121*2_1134-1147*2_1134-1120*2_1134-2104*2_1134-2103*2_1134-2105*2_1134-2102*2_1134-2106*2_1134-2101*2_1134-2107*2_1134-1119*2_1134-1118*2_1134-1052*2_1134-1053*2_1134-1117*2_1134-1054*2_486-483*3_486-482*3_486-481*3_486-480*3_486-1288*3_486-1287*3_486-1289*3_486-1290*3_486-1291*3_486-1284*3_486-1292*3_486-1283*3_486-389*3_486-388*3_486-1282*3_486-387*3_486-386*3_486-1281*3_486-385*3_486-384*3_486-1280*3_486-1279*3_486-1278*3_486-1277*3_486-1371*3_486-1276*3_486-1370*3_486-1275*3_486-1369*3_486-1274*3_486-294*3_486-293*3_486-295*3_486-292*3_486-296*3_486-1368*3_486-1273*3_486-291*3_486-297*3_486-1467*3_486-290*3_486-298*3_486-289*3_486-299*3_486-288*3_486-1272*3_486-1367*3_486-1466*3_486-301*3_486-302*3_486-1271*3_486-1465*3_486-1366*3_486-303*3_486-304*3_486-1464*3_486-1270*3_486-1365*3_486-305*3_486-1463*3_486-1269*3_486-306*3_1693-703*1_1693-1687*1_1693-1686*1_1693-1685*1_758-745*3_758-2447*3_758-2167*3_758-2166*3_758-2446*3_758-2165*3_758-2445*3_758-743*3_758-2444*3_758-742*3_758-2443*3_758-571*3_758-741*3_758-572*3_758-2442*3_758-573*3_758-574*3_758-740*3_758-2441*3_758-2342*3_758-575*3_758-2440*3_758-739*3_758-2341*3_758-2439*3_758-738*3_428-1773*3_428-1774*3_428-318*3_428-317*3_428-316*3_428-315*3_339-1836*3_428-314*3_339-1931*3_339-1930*3_339-1929*3_339-148*3_339-149*3_339-150*3_339-1740*3_339-151*3_339-152*3_339-1928*3_339-153*3_339-154*3_339-1927*3_339-139*3_339-155*3_339-138*3_339-1737*3_339-1926*3_339-137*3_339-1829*3_339-136*3_339-1736*3_339-135*3_1043-2377*2_1043-951*2_1043-952*2_1043-2376*2_1043-953*2_1043-2375*2_1043-954*2_1043-2475*2_1043-2474*2_1387-580*3_1387-579*3_1387-578*3_1387-1293*3_1387-1294*3_1387-577*3_1387-1295*3_1387-576*3_1387-1296*3_1387-1297*3_1387-1298*3_1387-1299*3_1387-1300*3_1387-1301*3_1387-1302*3_1387-1303*3_458-475*3_458-476*3_458-477*3_458-478*3_2136-179*3_2136-282*3_2136-2022*3_2136-2214*3_2136-180*3_2136-2116*3_2136-2316*3_708-608*1_708-1680*1_708-1679*1_708-1678*1_708-1677*1_1547-1545*4_1547-120*4_1547-1544*4_1547-119*4_1547-121*4_1547-118*4_1547-122*4_1547-1543*4_1547-117*4_1547-123*4_1547-116*4_1547-124*4_1547-1542*4_1547-115*4_1547-125*4_1547-1541*4_1547-114*4_1547-126*4_1547-1540*4_1547-113*4_1547-127*4_1547-1451*4_1547-1539*4_1547-1450*4_1547-1452*4_1547-1449*4_1547-1453*4_1547-112*4_1547-1448*4_1547-1454*4_1547-1447*4_1547-1455*4_1547-1639*4_1547-1538*4_1547-1446*4_1547-1638*4_1547-111*4_1547-129*4_1547-1445*4_1547-1537*4_1547-1637*4_1547-207*4_1547-110*4_1547-130*4_1547-1444*4_1547-1636*4_1547-24*4_1547-1536*4_1547-23*4_1547-25*4_1547-22*4_1547-26*4_1547-206*4_1547-1443*4_1547-1635*4_1547-21*4_1547-27*4_1547-109*4_1547-131*4_1547-20*4_1547-28*4_1547-1442*4_1547-1634*4_1547-19*4_1547-29*4_1547-205*4_1547-108*4_1547-132*4_1547-18*4_1547-30*4_1547-1441*4_1547-1633*4_1547-204*4_1547-17*4_1547-31*4_1547-107*4_1547-133*4_1547-16*4_1547-32*4_1547-1440*4_1547-1632*4_1547-203*4_1547-15*4_1547-33*4_1547-106*4_1547-134*4_1547-14*4_1547-34*4_1547-202*4_1547-105*4_1547-13*4_1547-35*4_1547-201*4_1547-1355*4_1547-1354*4_1547-1356*4_1547-1353*4_1547-1357*4_1547-1741*4_1547-12*4_1547-36*4_1547-104*4_1547-1352*4_1547-1358*4_1547-1351*4_1547-1359*4_1547-1735*4_1547-200*4_1547-1350*4_1547-1360*4_1547-1734*4_1547-11*4_1547-37*4_1547-1349*4_1547-1361*4_1547-1733*4_1547-103*4_1547-1348*4_1547-1362*4_1547-1732*4_1547-199*4_1547-10*4_1547-38*4_1547-1347*4_1547-1363*4_1547-1731*4_1547-102*4_1547-1346*4_1547-1364*4_1547-1730*4_1547-9*4_1547-39*4_1547-198*4_1547-1345*4_1547-1729*4_1547-101*4_1547-8*4_1547-40*4_1547-1344*4_1547-1728*4_1547-197*4_2379-956*3_2379-2374*3_2379-957*3_2379-2373*3_2379-2372*3_2379-2371*3_2379-2473*3_2379-2471*3_2379-2370*3_2379-2470*3_2379-2369*3_2379-2469*3_2379-2468*3_2379-856*3_2379-2368*3_2379-855*3_2379-854*3_2379-2467*3_2379-853*3_2379-2466*3_2379-2465*3_451-255*3_451-254*3_451-253*3_451-2031*3_451-252*3_451-251*3_451-2030*3_451-250*3_451-1937*3_451-249*3_451-2029*3_451-248*3_451-1936*3_451-247*3_416-423*3_416-424*3_416-1760*3_416-1759*3_416-1761*3_416-1758*3_416-1757*3_416-1756*3_416-425*3_416-1755*3_416-426*3_416-1754*3_416-1753*3_416-427*3_416-328*3_416-1752*3_416-329*3_416-330*3_416-331*3_416-332*3_416-333*3_416-334*3_416-335*3_416-1847*3_416-1846*3_416-1845*3_416-236*3_416-1844*3_2172-2169*2_2172-744*2_2172-2168*2_1274-1268*4_1274-1267*4_1274-1266*4_1274-1265*4_1274-192*4_1274-1264*4_1274-193*4_1274-194*4_1274-195*4_1274-196*4_1274-1263*4_1274-1262*4_1274-1261*4_1274-1260*4_1274-1259*4_1274-1258*4_1274-1257*4_1274-96*4_1274-1256*4_1274-97*4_1274-98*4_1274-99*4_1274-100*4_1274-1255*4_1274-1254*4_276-274*4_276-273*4_276-272*4_276-2224*4_276-2223*4_276-2319*4_276-2222*4_276-2318*4_276-281*4_276-2221*4_276-2317*4_276-2220*4_276-2315*4_276-283*4_276-2314*4_276-284*4_276-181*4_276-2313*4_276-182*4_276-183*4_276-184*4_276-2312*4_276-285*4_276-185*4_276-2311*4_276-186*4_276-286*4_276-187*4_276-2310*4_276-287*4_276-172*4_276-188*4_276-2213*4_276-2309*4_276-2416*4_276-189*4_276-2415*4_276-2417*4_276-2414*4_276-2418*4_276-2413*4_276-2419*4_276-2212*4_276-2308*4_276-2412*4_276-2420*4_276-190*4_276-2411*4_276-2421*4_276-2410*4_276-191*4_276-2211*4_276-2307*4_276-2409*4_276-2408*4_276-2210*4_276-2306*4_276-2407*4_276-2209*4_276-2305*4_276-2406*4_276-84*4_276-83*4_276-85*4_276-82*4_276-86*4_276-81*4_276-87*4_276-2405*4_276-80*4_276-88*4_276-2208*4_276-2304*4_276-79*4_276-89*4_276-2404*4_276-78*4_276-90*4_276-77*4_276-91*4_276-2403*4_276-76*4_276-92*4_276-75*4_276-93*4_276-2402*4_276-74*4_276-94*4_276-2401*4_276-73*4_276-95*4_276-2400*4_1878-1867*1_2442-2438*4_2442-2437*4_2442-2436*4_2442-2435*4_2442-2434*4_2442-2433*4_2442-2340*4_1931-1932*4_1931-1933*4_1931-1934*4_1931-1935*4_1931-156*4_1931-246*4_1931-157*4_1931-245*4_1931-244*4_1931-158*4_1931-1938*4_1931-243*4_1931-159*4_1931-242*4_1931-1923*4_1931-1939*4_1931-2027*4_1931-2026*4_1931-2028*4_1931-1837*4_1931-2025*4_1931-160*4_1931-1838*4_1931-2024*4_1931-241*4_1931-1839*4_1931-2023*4_1931-1922*4_1931-1940*4_1931-240*4_1931-256*4_1931-1840*4_1931-2032*4_1931-161*4_1931-1841*4_1931-1921*4_1931-2021*4_1931-2033*4_1931-257*4_1931-1828*4_1931-1842*4_1931-2034*4_1931-56*4_1931-1920*4_1931-55*4_1931-57*4_1931-54*4_1931-58*4_1931-258*4_1931-1827*4_1931-1843*4_1931-2019*4_1931-2035*4_1931-53*4_1931-59*4_1931-52*4_1931-60*4_1931-1826*4_1931-2018*4_1931-2036*4_1931-51*4_1931-61*4_1931-259*4_1931-50*4_1931-62*4_1931-1825*4_1931-2017*4_1931-260*4_1931-49*4_1931-63*4_1931-48*4_1931-64*4_1931-1824*4_1931-2016*4_1931-261*4_1931-47*4_1931-65*4_1931-337*4_1931-46*4_1931-66*4_1931-262*4_1931-336*4_1931-1848*4_1931-45*4_1931-67*4_1931-263*4_1931-1849*4_1931-2125*4_1931-44*4_1931-68*4_1931-2126*4_1931-2127*4_1931-264*4_1931-2128*4_1931-43*4_1931-69*4_1931-2129*4_1931-2130*4_1931-265*4_1931-42*4_1931-70*4_1931-2131*4_1931-2132*4_1931-41*4_1931-71*4_1931-266*4_1931-2133*4_1931-2134*4_1931-267*4_1802-1896*1_2320-379*4_2320-372*4_2320-380*4_2320-381*4_2320-382*4_2320-2422*4_2320-383*4_2320-2423*4_2320-2424*4_2320-2425*4_2320-2426*4_2320-2427*4_2320-2428*4_2320-2429*4_2320-473*4_2320-474*4_2320-2430*4_2320-467*4_2320-2337*4_2320-2431*4_2320-466*4_2320-479*4_2320-2432*4_2320-2338*4_2320-2339*4_2039-162*3_2039-163*3_2039-164*3_2039-165*3_2039-239*3_2039-238*3_198-1253*5_198-1252*5_198-1251*5_198-1250*5_198-4*5_198-1249*5_198-3*5_198-2*5_198-1*5_198-0*5_198-1248*5_335-1751*4_335-1750*4_335-1749*4_335-327*4_335-1748*4_335-237*4_335-1747*4_335-235*4_335-234*4_549-367*3_1464-1462*4_1464-307*4_1464-308*4_1464-309*4_1464-310*4_1464-311*4_1464-312*4_1464-1560*4_1464-1559*4_1464-1561*4_1464-1558*4_1464-1557*4_1464-1556*4_1464-313*4_1732-230*5_462-268*3_1465-319*4_1465-1657*4_1465-320*4_1465-1656*4_1465-1658*4_1465-1655*4_1465-1659*4_1465-1654*4_1465-321*4_1465-322*4_1465-323*4_15-7*5_15-6*5_15-5*5_430-326*3_430-325*3_430-324*3_360-363*3_360-364*3_1928-2115*4_1928-2114*4_1928-2113*4_1928-72*4_1928-2112*4_359-365*3_359-366*3_359-368*3_359-2232*3_359-2231*3_359-2233*3_359-2230*3_359-2234*3_359-2229*3_359-2235*3_359-2228*3_359-2236*3_359-269*3_359-369*3_359-2227*3_359-2237*3_359-270*3_359-2226*3_359-2238*3_359-370*3_359-271*3_359-2225*3_359-2239*3_359-371*3_359-465*3_1661-1746*3_1661-1745*3_1661-231*3_355-2124*3_355-2123*3_355-2122*3_355-2121*3_355-166*3_355-167*3_355-168*3_355-2120*3_355-169*3_355-170*3_355-2119*3_355-171*3_355-2118*3_1652-232*4_1652-1744*4_1652-1743*4_1652-233*4_1855-1742*3_
