"id","Scenario","Actual Range","Protocol","Buildings","Total nodes","Nodes on circ","Total coverage","Coverage on circ","Alert received mean time","Hops","Slots","Messages sent","Messages received", "Starting x", "Starting y","Starting node", "Vehicle distance", "Received node ids", "Node ids", "Transmission map", "Received on circ nodes", "Transmission vector"
0,1,300,0,0,1344,44,1344,44,12518.7,6.63636,9.93182,778,1344,900,1375,243,25,242_244_241_245_240_246_992_991_993_990_994_239_247_989_995_238_248_988_996_987_997_237_249_986_998_236_250_985_999_235_251_984_1000_234_252_983_1001_233_253_982_1002_232_254_981_1003_231_255_230_229_228_227_243_226_225_224_896_895_897_894_898_893_899_892_900_223_980_979_978_977_144_976_143_145_142_146_141_147_975_140_148_139_149_974_138_150_973_137_151_136_152_972_135_153_971_134_154_970_155_156_969_157_133_968_158_132_967_159_131_966_160_1072_130_1071_1073_1070_1074_965_1069_1075_161_129_1068_1076_1067_162_1066_163_1065_164_1064_1063_165_1062_166_256_1088_1087_1089_257_1086_1090_258_1085_1091_259_1084_1092_260_1083_1093_261_1094_262_1095_263_1096_264_1097_265_1098_266_1099_267_964_128_880_879_881_963_878_882_127_877_883_962_126_876_884_961_125_875_885_48_960_47_49_46_50_124_45_51_874_886_44_52_43_53_123_873_887_42_54_122_41_55_872_121_871_120_870_119_869_118_901_902_903_904_222_221_905_220_906_219_907_218_908_217_216_909_215_910_214_911_213_320_912_1061_167_1060_168_1059_169_1058_170_1057_171_64_1056_63_65_62_66_172_61_67_60_68_173_59_69_1077_174_58_70_1078_57_71_175_1079_56_72_176_1080_1168_1167_1169_1166_1170_1165_1171_73_1164_1172_1081_177_1163_1173_74_1082_1162_1174_178_888_117_889_116_890_115_891_114_1004_1005_1006_1007_336_1008_335_337_334_338_333_339_1009_332_340_331_341_1010_330_342_329_343_1011_328_344_1012_327_345_1013_1175_1176_1177_1178_1179_1180_179_1181_180_181_1182_182_1183_183_184_272_1184_271_273_270_274_269_275_268_276_185_1185_277_186_278_1186_1100_1101_1102_1103_352_1104_1187_1188_1189_1190_40_39_38_37_36_35_34_326_325_324_323_322_321_913_914_915_319_916_917_318_918_919_317_920_1014_316_921_1015_315_1161_279_1160_280_1159_281_1158_282_1157_283_1156_284_1155_285_1191_1154_286_1192_1153_287_1193_80_1152_79_81_1280_78_82_1279_1281_1194_1278_1282_77_83_1277_1283_76_84_1276_1284_75_85_86_212_211_210_209_208_800_799_801_798_802_797_803_796_804_207_795_805_794_806_206_314_313_312_311_109_108_107_777_106_776_105_775_104_774_103_773_102_205_204_203_202_201_807_200_808_199_809_198_810_197_811_93_94_113_112_784_783_785_782_786_111_781_787_110_780_788_779_789_778_790_791_792_793_187_188_189_190_191_1264_1263_1265_1262_1266_1261_1267_1260_1268_1259_1269_1258_1270_1257_1271_1256_1272_812_813_814_815_304_816_303_305_302_306_301_307_817_300_308_299_309_818_298_310_819_297_296_820_295_821_294_822_362_363_1114_922_923_101_100_99_98_97_96_688_687_689_686_690_685_691_684_692_683_693_682_694_681_695_680_696_679_697_1273_1287_1288_1289_87_88_351_353_1105_350_354_1106_349_355_1107_348_356_1108_357_1109_358_1110_359_1111_360_1112_361_1113_1115_364_1116_1016_1017_1018_1019_1020_1021_1022_1023_432_1024_347_346_92_91_95_90_1248_1249_1250_89_1251_1252_1253_1254_1255_698_699_700_701_702_703_192_704_193_194_195_705_196_706_707_708_709_1117_1118_1119_448_1120_447_449_446_450_445_451_444_452_1121_443_453_442_454_1122_924_925_926_927_416_928_415_417_414_418_413_419_929_412_420_411_930_410_409_931_408_932_407_933_823_824_431_433_430_434_1025_429_435_428_436_1026_427_437_1027_426_438_1028_439_1029_440_1030_441_1031_1032_1033_678_677_676_675_674_673_0_672_1_2_3_4_5_6_7_8_9_1290_1291_1286_1292_1285_1293_1274_1294_1275_1295_1296_383_382_381_1297_380_379_1298_378_377_1299_376_1300_375_1301_293_292_291_290_289_288_720_719_721_718_722_717_723_716_724_715_725_714_726_713_727_712_728_711_729_710_730_455_456_457_1123_1124_458_1125_459_1126_460_1127_1128_461_1129_462_1130_463_1131_464_1216_934_835_836_935_837_936_838_839_937_421_396_395_394_1195_1196_1197_1198_1302_1303_1304_1305_1306_1307_1308_1309_1310_1311_1312_479_374_478_477_476_1313_1035_393_392_391_397_390_398_389_399_388_400_832_831_833_830_834_829_387_401_828_827_386_402_826_385_403_825_384_404_736_840_735_737_734_738_733_739_732_740_841_405_731_741_742_842_406_868_867_866_865_32_864_31_33_30_29_28_27_26_25_24_23_22_1132_1133_1134_1135_544_1136_543_545_542_546_541_547_1137_540_548_1138_539_549_538_550_1139_537_551_1140_536_552_1141_535_553_1142_534_554_1143_743_744_745_746_747_748_749_750_938_939_940_941_423_942_772_424_943_771_425_512_944_511_513_770_510_514_509_515_508_516_945_465_1215_1217_466_1214_1218_467_1213_1219_468_1212_1220_469_1211_1221_470_1210_1222_471_1209_1223_472_1208_1224_473_1207_1225_474_1206_1226_475_1205_1227_1204_1228_21_20_19_18_17_16_768_769_15_10_11_12_751_480_752_481_482_753_483_484_754_485_755_486_756_487_757_488_758_489_759_490_760_491_761_1199_368_1200_367_369_366_370_1201_365_371_372_1202_373_1203_422_1322_1323_1229_1230_1231_560_1232_559_561_558_562_557_563_1233_556_564_1234_555_565_1235_566_1236_567_568_1237_569_1238_570_1239_571_1240_1314_1315_1316_1317_1318_503_526_502_527_501_528_1040_532_531_1147_530_1148_529_1149_1039_1041_1038_1042_1037_1043_1036_1044_492_765_766_767_576_577_578_579_580_581_582_583_584_1319_1320_1321_1324_14_13_1045_1046_1047_1048_525_1049_524_1050_523_533_1051_522_1052_521_1241_520_1053_1242_519_1034_1054_518_1055_517_624_1328_575_574_573_1329_572_1330_1331_1332_1333_1334_500_499_498_504_497_505_496_506_848_847_849_846_850_845_851_495_507_844_852_494_843_853_854_493_855_856_857_858_946_947_948_1325_1326_1327_1335_1336_859_860_861_862_863_592_591_593_590_594_589_595_588_596_587_597_586_598_585_599_600_601_602_623_625_622_626_621_627_620_628_619_629_618_630_617_631_616_632_615_633_614_634_613_635_1337_1338_1150_1151_640_1146_639_641_638_642_1145_637_643_636_644_1144_645_646_647_648_649_650_651_764_763_762_949_950_951_952_953_954_955_1339_1340_1341_1342_1343_671_670_669_668_667_666_665_664_663_662_603_604_605_606_607_608_959_958_957_609_956_610_611_612_661_1243_1244_1245_1246_1247_656_655_657_654_658_653_659_652_660_,0_1_2_3_4_5_6_7_8_9_10_11_12_13_14_15_16_17_18_19_20_21_22_23_24_25_26_27_28_29_30_31_32_33_34_35_36_37_38_39_40_41_42_43_44_45_46_47_48_49_50_51_52_53_54_55_56_57_58_59_60_61_62_63_64_65_66_67_68_69_70_71_72_73_74_75_76_77_78_79_80_81_82_83_84_85_86_87_88_89_90_91_92_93_94_95_96_97_98_99_100_101_102_103_104_105_106_107_108_109_110_111_112_113_114_115_116_117_118_119_120_121_122_123_124_125_126_127_128_129_130_131_132_133_134_135_136_137_138_139_140_141_142_143_144_145_146_147_148_149_150_151_152_153_154_155_156_157_158_159_160_161_162_163_164_165_166_167_168_169_170_171_172_173_174_175_176_177_178_179_180_181_182_183_184_185_186_187_188_189_190_191_192_193_194_195_196_197_198_199_200_201_202_203_204_205_206_207_208_209_210_211_212_213_214_215_216_217_218_219_220_221_222_223_224_225_226_227_228_229_230_231_232_233_234_235_236_237_238_239_240_241_242_243_244_245_246_247_248_249_250_251_252_253_254_255_256_257_258_259_260_261_262_263_264_265_266_267_268_269_270_271_272_273_274_275_276_277_278_279_280_281_282_283_284_285_286_287_288_289_290_291_292_293_294_295_296_297_298_299_300_301_302_303_304_305_306_307_308_309_310_311_312_313_314_315_316_317_318_319_320_321_322_323_324_325_326_327_328_329_330_331_332_333_334_335_336_337_338_339_340_341_342_343_344_345_346_347_348_349_350_351_352_353_354_355_356_357_358_359_360_361_362_363_364_365_366_367_368_369_370_371_372_373_374_375_376_377_378_379_380_381_382_383_384_385_386_387_388_389_390_391_392_393_394_395_396_397_398_399_400_401_402_403_404_405_406_407_408_409_410_411_412_413_414_415_416_417_418_419_420_421_422_423_424_425_426_427_428_429_430_431_432_433_434_435_436_437_438_439_440_441_442_443_444_445_446_447_448_449_450_451_452_453_454_455_456_457_458_459_460_461_462_463_464_465_466_467_468_469_470_471_472_473_474_475_476_477_478_479_480_481_482_483_484_485_486_487_488_489_490_491_492_493_494_495_496_497_498_499_500_501_502_503_504_505_506_507_508_509_510_511_512_513_514_515_516_517_518_519_520_521_522_523_524_525_526_527_528_529_530_531_532_533_534_535_536_537_538_539_540_541_542_543_544_545_546_547_548_549_550_551_552_553_554_555_556_557_558_559_560_561_562_563_564_565_566_567_568_569_570_571_572_573_574_575_576_577_578_579_580_581_582_583_584_585_586_587_588_589_590_591_592_593_594_595_596_597_598_599_600_601_602_603_604_605_606_607_608_609_610_611_612_613_614_615_616_617_618_619_620_621_622_623_624_625_626_627_628_629_630_631_632_633_634_635_636_637_638_639_640_641_642_643_644_645_646_647_648_649_650_651_652_653_654_655_656_657_658_659_660_661_662_663_664_665_666_667_668_669_670_671_672_673_674_675_676_677_678_679_680_681_682_683_684_685_686_687_688_689_690_691_692_693_694_695_696_697_698_699_700_701_702_703_704_705_706_707_708_709_710_711_712_713_714_715_716_717_718_719_720_721_722_723_724_725_726_727_728_729_730_731_732_733_734_735_736_737_738_739_740_741_742_743_744_745_746_747_748_749_750_751_752_753_754_755_756_757_758_759_760_761_762_763_764_765_766_767_768_769_770_771_772_773_774_775_776_777_778_779_780_781_782_783_784_785_786_787_788_789_790_791_792_793_794_795_796_797_798_799_800_801_802_803_804_805_806_807_808_809_810_811_812_813_814_815_816_817_818_819_820_821_822_823_824_825_826_827_828_829_830_831_832_833_834_835_836_837_838_839_840_841_842_843_844_845_846_847_848_849_850_851_852_853_854_855_856_857_858_859_860_861_862_863_864_865_866_867_868_869_870_871_872_873_874_875_876_877_878_879_880_881_882_883_884_885_886_887_888_889_890_891_892_893_894_895_896_897_898_899_900_901_902_903_904_905_906_907_908_909_910_911_912_913_914_915_916_917_918_919_920_921_922_923_924_925_926_927_928_929_930_931_932_933_934_935_936_937_938_939_940_941_942_943_944_945_946_947_948_949_950_951_952_953_954_955_956_957_958_959_960_961_962_963_964_965_966_967_968_969_970_971_972_973_974_975_976_977_978_979_980_981_982_983_984_985_986_987_988_989_990_991_992_993_994_995_996_997_998_999_1000_1001_1002_1003_1004_1005_1006_1007_1008_1009_1010_1011_1012_1013_1014_1015_1016_1017_1018_1019_1020_1021_1022_1023_1024_1025_1026_1027_1028_1029_1030_1031_1032_1033_1034_1035_1036_1037_1038_1039_1040_1041_1042_1043_1044_1045_1046_1047_1048_1049_1050_1051_1052_1053_1054_1055_1056_1057_1058_1059_1060_1061_1062_1063_1064_1065_1066_1067_1068_1069_1070_1071_1072_1073_1074_1075_1076_1077_1078_1079_1080_1081_1082_1083_1084_1085_1086_1087_1088_1089_1090_1091_1092_1093_1094_1095_1096_1097_1098_1099_1100_1101_1102_1103_1104_1105_1106_1107_1108_1109_1110_1111_1112_1113_1114_1115_1116_1117_1118_1119_1120_1121_1122_1123_1124_1125_1126_1127_1128_1129_1130_1131_1132_1133_1134_1135_1136_1137_1138_1139_1140_1141_1142_1143_1144_1145_1146_1147_1148_1149_1150_1151_1152_1153_1154_1155_1156_1157_1158_1159_1160_1161_1162_1163_1164_1165_1166_1167_1168_1169_1170_1171_1172_1173_1174_1175_1176_1177_1178_1179_1180_1181_1182_1183_1184_1185_1186_1187_1188_1189_1190_1191_1192_1193_1194_1195_1196_1197_1198_1199_1200_1201_1202_1203_1204_1205_1206_1207_1208_1209_1210_1211_1212_1213_1214_1215_1216_1217_1218_1219_1220_1221_1222_1223_1224_1225_1226_1227_1228_1229_1230_1231_1232_1233_1234_1235_1236_1237_1238_1239_1240_1241_1242_1243_1244_1245_1246_1247_1248_1249_1250_1251_1252_1253_1254_1255_1256_1257_1258_1259_1260_1261_1262_1263_1264_1265_1266_1267_1268_1269_1270_1271_1272_1273_1274_1275_1276_1277_1278_1279_1280_1281_1282_1283_1284_1285_1286_1287_1288_1289_1290_1291_1292_1293_1294_1295_1296_1297_1298_1299_1300_1301_1302_1303_1304_1305_1306_1307_1308_1309_1310_1311_1312_1313_1314_1315_1316_1317_1318_1319_1320_1321_1322_1323_1324_1325_1326_1327_1328_1329_1330_1331_1332_1333_1334_1335_1336_1337_1338_1339_1340_1341_1342_1343_,0:{10;11;12;}27:{21;20;19;18;17;16;768;769;15;}46:{40;39;38;37;36;35;34;}76:{87;88;}82:{93;94;}93:{92;91;95;90;1248;1249;1250;89;1251;1252;1253;1254;1255;}103:{101;100;99;98;97;96;688;687;689;686;690;685;691;684;692;683;693;682;694;681;695;680;696;679;697;}114:{109;108;107;777;106;776;105;775;104;774;103;773;102;}115:{113;112;784;783;785;782;786;111;781;787;110;780;788;779;789;778;790;791;792;793;}126:{888;117;889;116;890;115;891;114;}130:{128;880;879;881;878;882;127;877;883;126;876;884;125;875;885;124;874;886;123;873;887;122;872;121;871;120;870;119;869;118;}141:{969;133;968;132;967;131;966;130;965;129;}154:{155;156;157;158;159;160;1072;1071;1073;1070;1074;1069;1075;161;1068;1076;1067;162;1066;163;1065;164;1064;1063;165;1062;166;}166:{167;168;169;170;171;172;173;1077;174;1078;175;1079;176;1080;1168;1167;1169;1166;1170;1165;1171;1164;1172;1081;177;1163;1173;1082;1162;1174;178;}184:{187;188;189;190;191;1264;1263;1265;1262;1266;1261;1267;1260;1268;1259;1269;1258;1270;1257;1271;1256;1272;}218:{212;211;210;209;208;800;799;801;798;802;797;803;796;804;207;795;805;794;806;206;}235:{230;229;228;227;243;226;225;224;896;895;897;894;898;893;899;892;900;223;}243:{242;244;241;245;240;246;992;991;993;990;994;239;247;989;995;238;248;988;996;987;997;237;249;986;998;236;250;985;999;235;251;984;1000;234;252;983;1001;233;253;982;1002;232;254;981;1003;231;255;}255:{256;1088;1087;1089;257;1086;1090;258;1085;1091;259;1084;1092;260;1083;1093;261;1094;262;1095;263;1096;264;1097;265;1098;266;1099;267;}262:{1187;1188;1189;1190;}277:{279;280;281;282;283;284;285;1191;286;1192;287;1193;1280;1279;1281;1194;1278;1282;1277;1283;1276;1284;}294:{293;292;291;290;289;288;720;719;721;718;722;717;723;716;724;715;725;714;726;713;727;712;728;711;729;710;730;}312:{823;824;}324:{922;923;}327:{326;325;324;323;322;321;913;914;915;319;916;917;318;918;919;317;920;1014;316;921;1015;315;}394:{393;392;391;397;390;398;389;399;388;400;832;831;833;830;834;829;387;401;828;827;386;402;826;385;403;825;384;404;736;840;735;737;734;738;733;739;732;740;841;405;731;741;742;842;406;}409:{934;835;836;935;837;936;838;839;937;421;}414:{422;}434:{1035;}452:{455;456;457;1123;1124;458;1125;459;1126;460;1127;1128;461;1129;462;1130;463;1131;464;1216;}464:{465;1215;1217;466;1214;1218;467;1213;1219;468;1212;1220;469;1211;1221;470;1210;1222;471;1209;1223;472;1208;1224;473;1207;1225;474;1206;1226;475;1205;1227;1204;1228;}476:{1322;1323;}480:{492;}501:{500;499;498;504;497;505;496;506;848;847;849;846;850;845;851;495;507;844;852;494;843;853;854;493;855;856;857;858;946;947;948;}510:{949;950;951;952;953;954;955;}513:{503;502;501;}516:{526;527;528;1040;}539:{532;531;530;529;1039;1041;1038;1042;1037;1043;1036;1044;}555:{1241;1242;}558:{1243;}571:{1337;1338;}580:{764;763;762;}602:{603;604;605;606;607;608;959;958;957;609;956;610;611;612;}679:{678;677;676;675;674;673;0;672;1;2;3;4;5;6;7;8;9;}697:{698;699;700;701;702;703;192;704;193;194;195;705;196;706;707;708;709;}738:{743;744;745;746;747;748;749;750;}749:{751;480;752;481;482;753;483;484;754;485;755;486;756;487;757;488;758;489;759;490;760;491;761;}760:{765;766;767;576;577;578;579;580;581;582;583;584;}771:{14;13;}782:{772;771;770;}799:{205;204;203;202;201;807;200;808;199;809;198;810;197;811;}810:{812;813;814;815;304;816;303;305;302;306;301;307;817;300;308;299;309;818;298;310;819;297;296;820;295;821;294;822;}822:{396;395;394;}858:{859;860;861;862;863;592;591;593;590;594;589;595;588;596;587;597;586;598;585;599;600;601;602;}870:{868;867;866;865;32;864;31;33;30;29;28;27;26;25;24;23;22;}900:{901;902;903;904;222;221;905;220;906;219;907;218;908;217;216;909;215;910;214;911;213;320;912;}905:{314;313;312;311;}921:{924;925;926;927;416;928;415;417;414;418;413;419;929;412;420;411;930;410;409;931;408;932;407;933;}933:{938;939;940;941;423;942;424;943;425;512;944;511;513;510;514;509;515;508;516;945;}969:{964;963;962;961;48;960;47;49;46;50;45;51;44;52;43;53;42;54;41;55;}982:{980;979;978;977;144;976;143;145;142;146;141;147;975;140;148;139;149;974;138;150;973;137;151;136;152;972;135;153;971;134;154;970;}1001:{1004;1005;1006;1007;336;1008;335;337;334;338;333;339;1009;332;340;331;341;1010;330;342;329;343;1011;328;344;1012;327;345;1013;}1012:{1016;1017;1018;1019;1020;1021;1022;1023;432;1024;}1021:{431;433;430;434;1025;429;435;428;436;1026;427;437;1027;426;438;1028;439;1029;440;1030;441;1031;1032;1033;}1044:{1045;1046;1047;1048;525;1049;524;1050;523;533;1051;522;1052;521;520;1053;519;1034;1054;518;1055;517;624;}1055:{623;625;622;626;621;627;620;628;619;629;618;630;617;631;616;632;615;633;614;634;613;635;}1062:{1061;1060;1059;1058;1057;64;1056;63;65;62;66;61;67;60;68;59;69;58;70;57;71;56;72;73;74;}1092:{1100;1101;1102;1103;352;1104;}1099:{347;346;}1102:{362;363;1114;}1104:{351;353;1105;350;354;1106;349;355;1107;348;356;1108;357;1109;358;1110;359;1111;360;1112;361;1113;1115;364;1116;}1110:{1117;1118;1119;448;1120;447;449;446;450;445;451;444;452;1121;443;453;442;454;1122;}1131:{1132;1133;1134;1135;544;1136;543;545;542;546;541;547;1137;540;548;1138;539;549;538;550;1139;537;551;1140;536;552;1141;535;553;1142;534;554;1143;}1137:{1147;1148;1149;}1149:{1150;1151;640;1146;639;641;638;642;1145;637;643;636;644;1144;645;646;647;648;649;650;651;}1162:{1161;1160;1159;1158;1157;1156;1155;1154;1153;80;1152;79;81;78;82;77;83;76;84;75;85;86;}1174:{1175;1176;1177;1178;1179;1180;179;1181;180;181;1182;182;1183;183;184;272;1184;271;273;270;274;269;275;268;276;185;1185;277;186;278;1186;}1186:{1195;1196;1197;1198;}1197:{1199;368;1200;367;369;366;370;1201;365;371;372;1202;373;1203;}1228:{1229;1230;1231;560;1232;559;561;558;562;557;563;1233;556;564;1234;555;565;1235;566;1236;567;568;1237;569;1238;570;1239;571;1240;}1242:{1244;1245;1246;1247;656;655;657;654;658;653;659;652;660;}1267:{1274;1275;}1277:{1273;1287;1288;1289;}1289:{1290;1291;1286;1292;1285;1293;1294;1295;1296;383;382;381;1297;380;379;1298;378;377;1299;376;1300;375;1301;}1301:{1302;1303;1304;1305;1306;1307;1308;1309;1310;1311;1312;479;374;478;477;476;1313;}1306:{1314;1315;1316;1317;1318;}1312:{1319;1320;1321;1324;}1322:{1328;575;574;573;1329;572;1330;1331;1332;1333;1334;}1324:{1325;1326;1327;1335;1336;}1338:{1339;1340;1341;1342;1343;671;670;669;668;667;666;665;664;663;662;}1340:{661;},26_27_28_74_75_76_110_111_183_184_202_203_204_282_283_284_302_303_375_376_410_411_412_458_459_460_779_780_781_782_818_819_820_821_931_932_1031_1032_1125_1126_1156_1157_1211_1212_,243-242*0_243-244*0_243-241*0_243-245*0_243-240*0_243-246*0_243-992*0_243-991*0_243-993*0_243-990*0_243-994*0_243-239*0_243-247*0_243-989*0_243-995*0_243-238*0_243-248*0_243-988*0_243-996*0_243-987*0_243-997*0_243-237*0_243-249*0_243-986*0_243-998*0_243-236*0_243-250*0_243-985*0_243-999*0_243-235*0_243-251*0_243-984*0_243-1000*0_243-234*0_243-252*0_243-983*0_243-1001*0_243-233*0_243-253*0_243-982*0_243-1002*0_243-232*0_243-254*0_243-981*0_243-1003*0_243-231*0_243-255*0_235-230*1_235-229*1_235-228*1_235-227*1_235-243*1_235-226*1_235-225*1_235-224*1_235-896*1_235-895*1_235-897*1_235-894*1_235-898*1_235-893*1_235-899*1_235-892*1_235-900*1_235-223*1_982-980*2_982-979*2_982-978*2_982-977*2_982-144*2_982-976*2_982-143*2_982-145*2_982-142*2_982-146*2_982-141*2_982-147*2_982-975*2_982-140*2_982-148*2_982-139*2_982-149*2_982-974*2_982-138*2_982-150*2_982-973*2_982-137*2_982-151*2_982-136*2_982-152*2_982-972*2_982-135*2_982-153*2_982-971*2_982-134*2_982-154*2_982-970*2_154-155*3_154-156*3_141-969*3_154-157*3_141-133*3_141-968*3_154-158*3_141-132*3_141-967*3_154-159*3_141-131*3_141-966*3_154-160*3_154-1072*3_141-130*3_154-1071*3_154-1073*3_154-1070*3_154-1074*3_141-965*3_154-1069*3_154-1075*3_154-161*3_141-129*3_154-1068*3_154-1076*3_154-1067*3_154-162*3_154-1066*3_154-163*3_154-1065*3_154-164*3_154-1064*3_154-1063*3_154-165*3_154-1062*3_154-166*3_255-256*1_255-1088*1_255-1087*1_255-1089*1_255-257*1_255-1086*1_255-1090*1_255-258*1_255-1085*1_255-1091*1_255-259*1_255-1084*1_255-1092*1_255-260*1_255-1083*1_255-1093*1_255-261*1_255-1094*1_255-262*1_255-1095*1_255-263*1_255-1096*1_255-264*1_255-1097*1_255-265*1_255-1098*1_255-266*1_255-1099*1_255-267*1_969-964*4_130-128*4_130-880*4_130-879*4_130-881*4_969-963*4_130-878*4_130-882*4_130-127*4_130-877*4_130-883*4_969-962*4_130-126*4_130-876*4_130-884*4_969-961*4_130-125*4_130-875*4_130-885*4_969-48*4_969-960*4_969-47*4_969-49*4_969-46*4_969-50*4_130-124*4_969-45*4_969-51*4_130-874*4_130-886*4_969-44*4_969-52*4_969-43*4_969-53*4_130-123*4_130-873*4_130-887*4_969-42*4_969-54*4_130-122*4_969-41*4_969-55*4_130-872*4_130-121*4_130-871*4_130-120*4_130-870*4_130-119*4_130-869*4_130-118*4_900-901*2_900-902*2_900-903*2_900-904*2_900-222*2_900-221*2_900-905*2_900-220*2_900-906*2_900-219*2_900-907*2_900-218*2_900-908*2_900-217*2_900-216*2_900-909*2_900-215*2_900-910*2_900-214*2_900-911*2_900-213*2_900-320*2_900-912*2_1062-1061*4_166-167*4_1062-1060*4_166-168*4_1062-1059*4_166-169*4_1062-1058*4_166-170*4_1062-1057*4_166-171*4_1062-64*4_1062-1056*4_1062-63*4_1062-65*4_1062-62*4_1062-66*4_166-172*4_1062-61*4_1062-67*4_1062-60*4_1062-68*4_166-173*4_1062-59*4_1062-69*4_166-1077*4_166-174*4_1062-58*4_1062-70*4_166-1078*4_1062-57*4_1062-71*4_166-175*4_166-1079*4_1062-56*4_1062-72*4_166-176*4_166-1080*4_166-1168*4_166-1167*4_166-1169*4_166-1166*4_166-1170*4_166-1165*4_166-1171*4_1062-73*4_166-1164*4_166-1172*4_166-1081*4_166-177*4_166-1163*4_166-1173*4_1062-74*4_166-1082*4_166-1162*4_166-1174*4_166-178*4_126-888*5_126-117*5_126-889*5_126-116*5_126-890*5_126-115*5_126-891*5_126-114*5_1001-1004*2_1001-1005*2_1001-1006*2_1001-1007*2_1001-336*2_1001-1008*2_1001-335*2_1001-337*2_1001-334*2_1001-338*2_1001-333*2_1001-339*2_1001-1009*2_1001-332*2_1001-340*2_1001-331*2_1001-341*2_1001-1010*2_1001-330*2_1001-342*2_1001-329*2_1001-343*2_1001-1011*2_1001-328*2_1001-344*2_1001-1012*2_1001-327*2_1001-345*2_1001-1013*2_1174-1175*5_1174-1176*5_1174-1177*5_1174-1178*5_1174-1179*5_1174-1180*5_1174-179*5_1174-1181*5_1174-180*5_1174-181*5_1174-1182*5_1174-182*5_1174-1183*5_1174-183*5_1174-184*5_1174-272*5_1174-1184*5_1174-271*5_1174-273*5_1174-270*5_1174-274*5_1174-269*5_1174-275*5_1174-268*5_1174-276*5_1174-185*5_1174-1185*5_1174-277*5_1174-186*5_1174-278*5_1174-1186*5_1092-1100*2_1092-1101*2_1092-1102*2_1092-1103*2_1092-352*2_1092-1104*2_262-1187*2_262-1188*2_262-1189*2_262-1190*2_46-40*5_46-39*5_46-38*5_46-37*5_46-36*5_46-35*5_46-34*5_327-326*3_327-325*3_327-324*3_327-323*3_327-322*3_327-321*3_327-913*3_327-914*3_327-915*3_327-319*3_327-916*3_327-917*3_327-318*3_327-918*3_327-919*3_327-317*3_327-920*3_327-1014*3_327-316*3_327-921*3_327-1015*3_327-315*3_1162-1161*6_277-279*6_1162-1160*6_277-280*6_1162-1159*6_277-281*6_1162-1158*6_277-282*6_1162-1157*6_277-283*6_1162-1156*6_277-284*6_1162-1155*6_277-285*6_277-1191*6_1162-1154*6_277-286*6_277-1192*6_1162-1153*6_277-287*6_277-1193*6_1162-80*6_1162-1152*6_1162-79*6_1162-81*6_277-1280*6_1162-78*6_1162-82*6_277-1279*6_277-1281*6_277-1194*6_277-1278*6_277-1282*6_1162-77*6_1162-83*6_277-1277*6_277-1283*6_1162-76*6_1162-84*6_277-1276*6_277-1284*6_1162-75*6_1162-85*6_1162-86*6_218-212*3_218-211*3_218-210*3_218-209*3_218-208*3_218-800*3_218-799*3_218-801*3_218-798*3_218-802*3_218-797*3_218-803*3_218-796*3_218-804*3_218-207*3_218-795*3_218-805*3_218-794*3_218-806*3_218-206*3_905-314*4_905-313*4_905-312*4_905-311*4_114-109*6_114-108*6_114-107*6_114-777*6_114-106*6_114-776*6_114-105*6_114-775*6_114-104*6_114-774*6_114-103*6_114-773*6_114-102*6_799-205*4_799-204*4_799-203*4_799-202*4_799-201*4_799-807*4_799-200*4_799-808*4_799-199*4_799-809*4_799-198*4_799-810*4_799-197*4_799-811*4_82-93*7_82-94*7_115-113*6_115-112*6_115-784*6_115-783*6_115-785*6_115-782*6_115-786*6_115-111*6_115-781*6_115-787*6_115-110*6_115-780*6_115-788*6_115-779*6_115-789*6_115-778*6_115-790*6_115-791*6_115-792*6_115-793*6_184-187*7_184-188*7_184-189*7_184-190*7_184-191*7_184-1264*7_184-1263*7_184-1265*7_184-1262*7_184-1266*7_184-1261*7_184-1267*7_184-1260*7_184-1268*7_184-1259*7_184-1269*7_184-1258*7_184-1270*7_184-1257*7_184-1271*7_184-1256*7_184-1272*7_810-812*5_810-813*5_810-814*5_810-815*5_810-304*5_810-816*5_810-303*5_810-305*5_810-302*5_810-306*5_810-301*5_810-307*5_810-817*5_810-300*5_810-308*5_810-299*5_810-309*5_810-818*5_810-298*5_810-310*5_810-819*5_810-297*5_810-296*5_810-820*5_810-295*5_810-821*5_810-294*5_810-822*5_1102-362*3_1102-363*3_1102-1114*3_324-922*5_324-923*5_103-101*7_103-100*7_103-99*7_103-98*7_103-97*7_103-96*7_103-688*7_103-687*7_103-689*7_103-686*7_103-690*7_103-685*7_103-691*7_103-684*7_103-692*7_103-683*7_103-693*7_103-682*7_103-694*7_103-681*7_103-695*7_103-680*7_103-696*7_103-679*7_103-697*7_1277-1273*7_1277-1287*7_1277-1288*7_1277-1289*7_76-87*7_76-88*7_1104-351*3_1104-353*3_1104-1105*3_1104-350*3_1104-354*3_1104-1106*3_1104-349*3_1104-355*3_1104-1107*3_1104-348*3_1104-356*3_1104-1108*3_1104-357*3_1104-1109*3_1104-358*3_1104-1110*3_1104-359*3_1104-1111*3_1104-360*3_1104-1112*3_1104-361*3_1104-1113*3_1104-1115*3_1104-364*3_1104-1116*3_1012-1016*4_1012-1017*4_1012-1018*4_1012-1019*4_1012-1020*4_1012-1021*4_1012-1022*4_1012-1023*4_1012-432*4_1012-1024*4_1099-347*3_1099-346*3_93-92*8_93-91*8_93-95*8_93-90*8_93-1248*8_93-1249*8_93-1250*8_93-89*8_93-1251*8_93-1252*8_93-1253*8_93-1254*8_93-1255*8_697-698*8_697-699*8_697-700*8_697-701*8_697-702*8_697-703*8_697-192*8_697-704*8_697-193*8_697-194*8_697-195*8_697-705*8_697-196*8_697-706*8_697-707*8_697-708*8_697-709*8_1110-1117*4_1110-1118*4_1110-1119*4_1110-448*4_1110-1120*4_1110-447*4_1110-449*4_1110-446*4_1110-450*4_1110-445*4_1110-451*4_1110-444*4_1110-452*4_1110-1121*4_1110-443*4_1110-453*4_1110-442*4_1110-454*4_1110-1122*4_921-924*6_921-925*6_921-926*6_921-927*6_921-416*6_921-928*6_921-415*6_921-417*6_921-414*6_921-418*6_921-413*6_921-419*6_921-929*6_921-412*6_921-420*6_921-411*6_921-930*6_921-410*6_921-409*6_921-931*6_921-408*6_921-932*6_921-407*6_921-933*6_312-823*6_312-824*6_1021-431*5_1021-433*5_1021-430*5_1021-434*5_1021-1025*5_1021-429*5_1021-435*5_1021-428*5_1021-436*5_1021-1026*5_1021-427*5_1021-437*5_1021-1027*5_1021-426*5_1021-438*5_1021-1028*5_1021-439*5_1021-1029*5_1021-440*5_1021-1030*5_1021-441*5_1021-1031*5_1021-1032*5_1021-1033*5_679-678*8_679-677*8_679-676*8_679-675*8_679-674*8_679-673*8_679-0*8_679-672*8_679-1*8_679-2*8_679-3*8_679-4*8_679-5*8_679-6*8_679-7*8_679-8*8_679-9*8_1289-1290*8_1289-1291*8_1289-1286*8_1289-1292*8_1289-1285*8_1289-1293*8_1267-1274*8_1289-1294*8_1267-1275*8_1289-1295*8_1289-1296*8_1289-383*8_1289-382*8_1289-381*8_1289-1297*8_1289-380*8_1289-379*8_1289-1298*8_1289-378*8_1289-377*8_1289-1299*8_1289-376*8_1289-1300*8_1289-375*8_1289-1301*8_294-293*6_294-292*6_294-291*6_294-290*6_294-289*6_294-288*6_294-720*6_294-719*6_294-721*6_294-718*6_294-722*6_294-717*6_294-723*6_294-716*6_294-724*6_294-715*6_294-725*6_294-714*6_294-726*6_294-713*6_294-727*6_294-712*6_294-728*6_294-711*6_294-729*6_294-710*6_294-730*6_452-455*5_452-456*5_452-457*5_452-1123*5_452-1124*5_452-458*5_452-1125*5_452-459*5_452-1126*5_452-460*5_452-1127*5_452-1128*5_452-461*5_452-1129*5_452-462*5_452-1130*5_452-463*5_452-1131*5_452-464*5_452-1216*5_409-934*7_409-835*7_409-836*7_409-935*7_409-837*7_409-936*7_409-838*7_409-839*7_409-937*7_409-421*7_822-396*7_822-395*7_822-394*7_1186-1195*6_1186-1196*6_1186-1197*6_1186-1198*6_1301-1302*9_1301-1303*9_1301-1304*9_1301-1305*9_1301-1306*9_1301-1307*9_1301-1308*9_1301-1309*9_1301-1310*9_1301-1311*9_1301-1312*9_1301-479*9_1301-374*9_1301-478*9_1301-477*9_1301-476*9_1301-1313*9_434-1035*6_394-393*8_394-392*8_394-391*8_394-397*8_394-390*8_394-398*8_394-389*8_394-399*8_394-388*8_394-400*8_394-832*8_394-831*8_394-833*8_394-830*8_394-834*8_394-829*8_394-387*8_394-401*8_394-828*8_394-827*8_394-386*8_394-402*8_394-826*8_394-385*8_394-403*8_394-825*8_394-384*8_394-404*8_394-736*8_394-840*8_394-735*8_394-737*8_394-734*8_394-738*8_394-733*8_394-739*8_394-732*8_394-740*8_394-841*8_394-405*8_394-731*8_394-741*8_394-742*8_394-842*8_394-406*8_870-868*7_870-867*7_870-866*7_870-865*7_870-32*7_870-864*7_870-31*7_870-33*7_870-30*7_870-29*7_870-28*7_870-27*7_870-26*7_870-25*7_870-24*7_870-23*7_870-22*7_1131-1132*6_1131-1133*6_1131-1134*6_1131-1135*6_1131-544*6_1131-1136*6_1131-543*6_1131-545*6_1131-542*6_1131-546*6_1131-541*6_1131-547*6_1131-1137*6_1131-540*6_1131-548*6_1131-1138*6_1131-539*6_1131-549*6_1131-538*6_1131-550*6_1131-1139*6_1131-537*6_1131-551*6_1131-1140*6_1131-536*6_1131-552*6_1131-1141*6_1131-535*6_1131-553*6_1131-1142*6_1131-534*6_1131-554*6_1131-1143*6_738-743*9_738-744*9_738-745*9_738-746*9_738-747*9_738-748*9_738-749*9_738-750*9_933-938*8_933-939*8_933-940*8_933-941*8_933-423*8_933-942*8_782-772*8_933-424*8_933-943*8_782-771*8_933-425*8_933-512*8_933-944*8_933-511*8_933-513*8_782-770*8_933-510*8_933-514*8_933-509*8_933-515*8_933-508*8_933-516*8_933-945*8_464-465*6_464-1215*6_464-1217*6_464-466*6_464-1214*6_464-1218*6_464-467*6_464-1213*6_464-1219*6_464-468*6_464-1212*6_464-1220*6_464-469*6_464-1211*6_464-1221*6_464-470*6_464-1210*6_464-1222*6_464-471*6_464-1209*6_464-1223*6_464-472*6_464-1208*6_464-1224*6_464-473*6_464-1207*6_464-1225*6_464-474*6_464-1206*6_464-1226*6_464-475*6_464-1205*6_464-1227*6_464-1204*6_464-1228*6_27-21*8_27-20*8_27-19*8_27-18*8_27-17*8_27-16*8_27-768*8_27-769*8_27-15*8_0-10*11_0-11*11_0-12*11_749-751*10_749-480*10_749-752*10_749-481*10_749-482*10_749-753*10_749-483*10_749-484*10_749-754*10_749-485*10_749-755*10_749-486*10_749-756*10_749-487*10_749-757*10_749-488*10_749-758*10_749-489*10_749-759*10_749-490*10_749-760*10_749-491*10_749-761*10_1197-1199*7_1197-368*7_1197-1200*7_1197-367*7_1197-369*7_1197-366*7_1197-370*7_1197-1201*7_1197-365*7_1197-371*7_1197-372*7_1197-1202*7_1197-373*7_1197-1203*7_414-422*7_476-1322*10_476-1323*10_1228-1229*7_1228-1230*7_1228-1231*7_1228-560*7_1228-1232*7_1228-559*7_1228-561*7_1228-558*7_1228-562*7_1228-557*7_1228-563*7_1228-1233*7_1228-556*7_1228-564*7_1228-1234*7_1228-555*7_1228-565*7_1228-1235*7_1228-566*7_1228-1236*7_1228-567*7_1228-568*7_1228-1237*7_1228-569*7_1228-1238*7_1228-570*7_1228-1239*7_1228-571*7_1228-1240*7_1306-1314*10_1306-1315*10_1306-1316*10_1306-1317*10_1306-1318*10_513-503*9_516-526*9_513-502*9_516-527*9_513-501*9_516-528*9_516-1040*9_539-532*7_539-531*7_1137-1147*7_539-530*7_1137-1148*7_539-529*7_1137-1149*7_539-1039*7_539-1041*7_539-1038*7_539-1042*7_539-1037*7_539-1043*7_539-1036*7_539-1044*7_480-492*11_760-765*11_760-766*11_760-767*11_760-576*11_760-577*11_760-578*11_760-579*11_760-580*11_760-581*11_760-582*11_760-583*11_760-584*11_1312-1319*10_1312-1320*10_1312-1321*10_1312-1324*10_771-14*9_771-13*9_1044-1045*8_1044-1046*8_1044-1047*8_1044-1048*8_1044-525*8_1044-1049*8_1044-524*8_1044-1050*8_1044-523*8_1044-533*8_1044-1051*8_1044-522*8_1044-1052*8_1044-521*8_555-1241*8_1044-520*8_1044-1053*8_555-1242*8_1044-519*8_1044-1034*8_1044-1054*8_1044-518*8_1044-1055*8_1044-517*8_1044-624*8_1322-1328*11_1322-575*11_1322-574*11_1322-573*11_1322-1329*11_1322-572*11_1322-1330*11_1322-1331*11_1322-1332*11_1322-1333*11_1322-1334*11_501-500*10_501-499*10_501-498*10_501-504*10_501-497*10_501-505*10_501-496*10_501-506*10_501-848*10_501-847*10_501-849*10_501-846*10_501-850*10_501-845*10_501-851*10_501-495*10_501-507*10_501-844*10_501-852*10_501-494*10_501-843*10_501-853*10_501-854*10_501-493*10_501-855*10_501-856*10_501-857*10_501-858*10_501-946*10_501-947*10_501-948*10_1324-1325*11_1324-1326*11_1324-1327*11_1324-1335*11_1324-1336*11_858-859*11_858-860*11_858-861*11_858-862*11_858-863*11_858-592*11_858-591*11_858-593*11_858-590*11_858-594*11_858-589*11_858-595*11_858-588*11_858-596*11_858-587*11_858-597*11_858-586*11_858-598*11_858-585*11_858-599*11_858-600*11_858-601*11_858-602*11_1055-623*9_1055-625*9_1055-622*9_1055-626*9_1055-621*9_1055-627*9_1055-620*9_1055-628*9_1055-619*9_1055-629*9_1055-618*9_1055-630*9_1055-617*9_1055-631*9_1055-616*9_1055-632*9_1055-615*9_1055-633*9_1055-614*9_1055-634*9_1055-613*9_1055-635*9_571-1337*12_571-1338*12_1149-1150*8_1149-1151*8_1149-640*8_1149-1146*8_1149-639*8_1149-641*8_1149-638*8_1149-642*8_1149-1145*8_1149-637*8_1149-643*8_1149-636*8_1149-644*8_1149-1144*8_1149-645*8_1149-646*8_1149-647*8_1149-648*8_1149-649*8_1149-650*8_1149-651*8_580-764*12_580-763*12_580-762*12_510-949*9_510-950*9_510-951*9_510-952*9_510-953*9_510-954*9_510-955*9_1338-1339*13_1338-1340*13_1338-1341*13_1338-1342*13_1338-1343*13_1338-671*13_1338-670*13_1338-669*13_1338-668*13_1338-667*13_1338-666*13_1338-665*13_1338-664*13_1338-663*13_1338-662*13_602-603*12_602-604*12_602-605*12_602-606*12_602-607*12_602-608*12_602-959*12_602-958*12_602-957*12_602-609*12_602-956*12_602-610*12_602-611*12_602-612*12_1340-661*14_558-1243*10_1242-1244*9_1242-1245*9_1242-1246*9_1242-1247*9_1242-656*9_1242-655*9_1242-657*9_1242-654*9_1242-658*9_1242-653*9_1242-659*9_1242-652*9_1242-660*9_
