"id","Scenario","Actual Range","Protocol","Buildings","Total nodes","Nodes on circ","Total coverage","Coverage on circ","Alert received mean time","Hops","Slots","Messages sent","Messages received", "Starting x", "Starting y","Starting node", "Vehicle distance", "Received node ids", "Node ids", "Transmission map", "Received on circ nodes", "Transmission vector"
0,1,300,300,0,1776,80,1776,80,18943.9,5.6625,21.525,414,1776,1153.84,1884.7,310,25,309_311_308_312_294_314_293_275_274_315_276_287_273_277_316_286_272_699_249_285_317_278_851_250_698_700_248_284_318_850_852_251_325_697_701_271_1196_252_849_279_283_323_1197_853_296_295_319_297_270_244_253_1198_298_847_848_281_233_268_1200_245_320_259_299_254_260_232_703_231_1201_282_307_306_300_246_261_321_257_1202_704_1747_1187_263_1186_1203_301_1175_303_1174_1176_1163_1164_304_1130_1185_1165_1178_1131_322_1129_1167_1179_202_305_1132_191_1128_213_1184_1180_1168_234_1134_705_225_1192_1127_236_1189_1181_235_1126_1169_1135_1193_1140_1182_435_1190_1125_1136_1194_237_447_180_845_1170_1183_1141_310_1137_1191_841_458_1124_1138_169_1061_1060_1171_1078_1142_238_842_1079_844_1195_843_1059_469_1139_1076_1223_1204_1220_1205_1219_1759_1218_1206_1758_1217_1757_1207_1756_1216_1240_1215_1214_1208_1755_696_1239_1213_695_1753_1209_1224_1238_694_1211_1212_1460_1751_693_1752_1225_1237_1760_1750_692_1461_1761_1226_1236_1749_1762_690_1462_1260_1450_1449_1464_1075_1070_1069_1071_783_1068_1072_1080_1067_782_1073_1065_1062_1074_781_1063_291_1064_247_258_302_280_1081_778_269_710_158_313_380_1082_709_777_147_391_136_324_1083_784_713_125_785_402_114_786_1058_776_708_336_1084_707_702_787_706_102_424_1057_413_788_1085_775_1120_1056_1123_91_635_691_624_646_789_1121_347_1087_613_1054_58_790_1053_774_80_657_773_1115_1086_772_1052_358_792_1089_794_602_793_369_1699_1677_47_1732_1051_764_1172_1173_1143_1145_1492_1463_1146_1491_1459_1156_1147_1490_1458_1157_1457_1148_1489_1456_1158_1161_1465_1149_1160_1159_1486_1454_1485_1467_1473_1487_1150_1162_1453_1468_1474_1151_1090_1475_1091_1484_1469_1452_1092_1152_1476_1470_1471_1472_1451_1093_1494_1154_1227_1235_1259_1228_1234_1258_1257_1261_1229_1763_1232_1262_1230_1766_1241_1571_1569_1574_1094_1153_1095_1116_1108_1096_1097_1117_803_1107_809_1109_1098_801_808_1118_804_1112_1100_805_807_800_806_1119_1113_1101_1483_1493_799_826_1482_1114_1481_1102_1480_798_1479_1103_1399_1410_825_1478_797_1421_1104_1444_827_823_1432_1455_1388_828_796_1466_1105_1377_1014_795_1477_1106_1050_1018_1013_1532_1543_1521_1049_1510_1488_1555_1019_1577_814_255_230_256_326_262_229_331_327_330_264_332_228_328_265_333_227_329_239_240_266_241_226_267_242_223_288_243_289_222_502_513_491_480_290_724_524_735_221_342_292_749_748_341_750_334_220_744_747_337_535_745_751_338_680_742_1448_1242_1447_1231_1243_1564_1565_1245_1446_1567_1581_1246_1568_1445_1582_1429_1428_1247_1442_1576_1427_1560_1426_1248_1561_1441_1562_1249_1251_1252_1556_1253_1563_1254_763_765_1256_1250_1553_1557_762_766_1292_734_1552_736_767_737_1495_1291_69_1276_1275_738_1551_1274_1273_1272_739_769_36_740_886_1281_887_770_890_591_714_25_712_580_715_717_891_885_711_771_716_548_907_14_733_892_884_569_908_906_3_547_909_760_893_558_883_1765_905_545_910_729_759_1754_882_546_904_669_728_894_544_550_1743_549_758_551_727_903_761_552_732_895_553_756_726_731_543_912_768_896_730_1721_757_913_542_754_721_722_1688_1666_1654_1643_918_1710_919_917_1039_1040_1632_916_920_1038_915_1621_921_1037_914_1610_923_1036_924_1599_1035_1048_1047_925_1588_1034_926_1032_822_1041_927_821_1042_1566_928_820_216_217_218_339_219_340_173_172_171_175_343_174_176_170_344_177_168_178_345_215_203_167_179_204_214_181_201_346_574_351_212_200_140_205_573_139_166_599_348_579_182_199_211_352_1012_1020_1002_1366_1021_1355_720_1001_1023_1015_723_719_464_998_1024_1016_465_463_1003_725_526_466_997_897_1017_1025_1499_462_1009_1344_1010_1004_1008_898_525_1007_812_467_461_1000_810_996_1005_1188_1006_955_899_815_523_966_1177_468_1199_944_460_938_939_811_816_940_950_937_995_522_901_817_933_993_459_902_992_470_718_456_521_455_457_471_541_472_527_507_520_473_540_474_475_539_506_476_477_538_454_489_478_488_487_537_479_453_490_486_481_452_492_881_1573_1575_1572_1578_1579_1570_1580_1430_1431_1433_1434_1425_1435_1436_349_835_743_1424_1437_350_846_741_356_1438_864_353_857_824_357_355_165_1423_865_354_867_570_1439_571_868_813_595_869_1422_572_1440_802_592_568_593_746_752_870_1583_791_587_359_1412_594_371_780_578_1420_163_871_379_753_378_1413_372_360_1411_370_384_383_482_483_484_508_485_509_510_511_512_497_498_493_496_514_499_495_494_515_501_1764_1263_1269_1268_1270_1267_1264_1265_1271_1773_1772_1771_1601_1286_1770_1285_1769_1284_1283_1768_1613_1627_1282_1614_1767_1725_1626_1280_1617_755_872_873_874_880_879_878_875_876_929_819_930_818_931_932_934_1043_935_1045_936_531_368_367_361_532_1496_1497_1498_1500_1501_1502_1506_1505_1504_1503_1507_1528_1508_1527_1509_1526_1558_1559_1523_1525_1522_381_567_382_373_162_441_385_374_161_440_386_588_375_387_160_439_362_589_438_376_388_363_159_164_437_590_377_366_576_389_157_156_436_364_577_365_390_434_155_596_399_154_575_582_586_392_433_581_408_400_150_398_585_565_566_151_149_432_583_407_401_598_584_393_152_431_405_430_148_941_942_943_945_1031_1030_946_138_206_141_207_137_142_597_208_143_654_209_198_146_653_600_133_197_145_652_130_605_196_1615_1616_1618_1724_1619_1726_1723_1620_1727_1722_1625_1622_1624_1728_1623_1693_1729_1628_1692_1720_1748_1730_1691_1629_1746_1745_1719_1731_1690_1630_1718_1744_1733_1631_1689_1602_1709_1712_1687_1633_144_134_131_601_651_129_606_135_650_132_649_603_604_128_210_127_153_607_991_988_977_953_989_952_954_990_1122_1133_951_1111_956_1099_1088_1144_957_969_1077_1011_994_1155_1022_968_1066_958_1033_1166_949_1055_967_1044_922_959_948_987_965_963_960_964_986_961_947_962_985_900_889_446_877_1210_970_984_866_981_971_911_779_335_1222_668_1310_224_973_983_533_536_655_124_123_656_122_126_612_121_611_120_610_500_503_530_504_529_505_528_516_517_518_519_422_421_420_451_564_450_419_449_563_418_448_417_562_445_561_555_429_442_443_428_444_394_427_395_426_396_425_409_423_410_397_411_412_403_414_404_415_416_1603_1279_1604_1278_1605_1606_1287_1607_1289_1608_1634_1290_1609_1635_1611_1636_1612_1026_1027_1028_1029_980_979_982_978_976_974_972_975_1678_1679_1637_1680_1676_1681_1638_1686_1675_1682_1639_1683_1674_1640_1700_1684_1673_1641_1685_1698_1672_1642_1660_1644_1706_406_560_559_556_554_534_1293_1295_1296_1294_1297_1600_1303_840_1302_839_1301_838_837_1298_836_1300_834_833_832_831_830_829_1414_1409_1415_1419_1416_1396_1417_1398_1397_1395_1418_1401_1394_1400_1404_1403_1585_1393_1392_1402_1586_1386_1391_1385_1407_1406_1544_1545_1384_1515_1405_1514_1584_1546_1383_1547_1516_1587_1513_1408_1382_863_1548_1387_1589_1541_1708_1707_1705_1704_1703_1702_22_1697_1711_679_21_20_1701_681_1696_19_18_1713_1695_682_83_1714_1661_16_557_113_1512_1511_1517_1518_1520_1519_1524_1542_1529_1530_1531_1535_1533_1550_1549_1534_1333_0_888_23_24_17_1694_82_26_81_27_1663_79_1662_1664_15_687_84_28_78_1667_13_64_688_85_29_689_999_1536_1_1321_1537_1277_1540_1538_1266_862_861_860_1379_859_1378_1381_1380_1376_1375_858_1374_1373_1389_1390_1371_1046_1659_183_609_658_659_119_118_660_115_661_116_112_117_103_608_104_614_616_615_105_101_106_642_671_617_670_107_641_618_667_100_662_665_1372_1598_1370_1597_1596_1590_1645_1646_1650_1651_1652_1653_1655_855_854_1668_1669_1670_1671_1658_1657_1656_49_48_46_640_619_666_108_639_663_664_1255_1244_1288_1233_1299_1110_1221_1332_1443_1647_1648_1649_1593_1592_1362_1591_1361_1309_1360_1364_1363_1359_1594_1365_1595_1341_1336_1343_1337_1367_1338_1335_1342_1339_1308_1368_1340_1334_1307_1369_1306_1345_1325_1326_1327_1346_1305_1328_1324_1304_1315_1311_1312_1313_1322_1314_1316_1317_1323_1318_1319_1320_1329_1554_1665_2_1539_1330_1347_1331_1348_1349_1350_1356_1354_1353_1351_1352_1357_1358_30_31_39_32_40_50_41_33_51_42_52_43_34_53_45_35_54_44_678_37_676_677_38_55_62_63_61_56_60_59_65_57_66_856_648_672_620_638_621_637_622_623_625_626_109_644_632_627_645_110_631_111_647_630_628_643_629_633_675_674_673_90_89_634_636_184_185_188_186_189_187_99_7_6_190_98_5_12_683_77_73_684_11_76_72_685_71_75_67_74_10_68_86_70_195_94_1715_9_87_194_93_95_1716_88_193_92_8_96_192_1717_97_686_1775_4_1774_1737_1738_1736_1739_1735_1740_1741_1734_1742_,0_1_2_3_4_5_6_7_8_9_10_11_12_13_14_15_16_17_18_19_20_21_22_23_24_25_26_27_28_29_30_31_32_33_34_35_36_37_38_39_40_41_42_43_44_45_46_47_48_49_50_51_52_53_54_55_56_57_58_59_60_61_62_63_64_65_66_67_68_69_70_71_72_73_74_75_76_77_78_79_80_81_82_83_84_85_86_87_88_89_90_91_92_93_94_95_96_97_98_99_100_101_102_103_104_105_106_107_108_109_110_111_112_113_114_115_116_117_118_119_120_121_122_123_124_125_126_127_128_129_130_131_132_133_134_135_136_137_138_139_140_141_142_143_144_145_146_147_148_149_150_151_152_153_154_155_156_157_158_159_160_161_162_163_164_165_166_167_168_169_170_171_172_173_174_175_176_177_178_179_180_181_182_183_184_185_186_187_188_189_190_191_192_193_194_195_196_197_198_199_200_201_202_203_204_205_206_207_208_209_210_211_212_213_214_215_216_217_218_219_220_221_222_223_224_225_226_227_228_229_230_231_232_233_234_235_236_237_238_239_240_241_242_243_244_245_246_247_248_249_250_251_252_253_254_255_256_257_258_259_260_261_262_263_264_265_266_267_268_269_270_271_272_273_274_275_276_277_278_279_280_281_282_283_284_285_286_287_288_289_290_291_292_293_294_295_296_297_298_299_300_301_302_303_304_305_306_307_308_309_310_311_312_313_314_315_316_317_318_319_320_321_322_323_324_325_326_327_328_329_330_331_332_333_334_335_336_337_338_339_340_341_342_343_344_345_346_347_348_349_350_351_352_353_354_355_356_357_358_359_360_361_362_363_364_365_366_367_368_369_370_371_372_373_374_375_376_377_378_379_380_381_382_383_384_385_386_387_388_389_390_391_392_393_394_395_396_397_398_399_400_401_402_403_404_405_406_407_408_409_410_411_412_413_414_415_416_417_418_419_420_421_422_423_424_425_426_427_428_429_430_431_432_433_434_435_436_437_438_439_440_441_442_443_444_445_446_447_448_449_450_451_452_453_454_455_456_457_458_459_460_461_462_463_464_465_466_467_468_469_470_471_472_473_474_475_476_477_478_479_480_481_482_483_484_485_486_487_488_489_490_491_492_493_494_495_496_497_498_499_500_501_502_503_504_505_506_507_508_509_510_511_512_513_514_515_516_517_518_519_520_521_522_523_524_525_526_527_528_529_530_531_532_533_534_535_536_537_538_539_540_541_542_543_544_545_546_547_548_549_550_551_552_553_554_555_556_557_558_559_560_561_562_563_564_565_566_567_568_569_570_571_572_573_574_575_576_577_578_579_580_581_582_583_584_585_586_587_588_589_590_591_592_593_594_595_596_597_598_599_600_601_602_603_604_605_606_607_608_609_610_611_612_613_614_615_616_617_618_619_620_621_622_623_624_625_626_627_628_629_630_631_632_633_634_635_636_637_638_639_640_641_642_643_644_645_646_647_648_649_650_651_652_653_654_655_656_657_658_659_660_661_662_663_664_665_666_667_668_669_670_671_672_673_674_675_676_677_678_679_680_681_682_683_684_685_686_687_688_689_690_691_692_693_694_695_696_697_698_699_700_701_702_703_704_705_706_707_708_709_710_711_712_713_714_715_716_717_718_719_720_721_722_723_724_725_726_727_728_729_730_731_732_733_734_735_736_737_738_739_740_741_742_743_744_745_746_747_748_749_750_751_752_753_754_755_756_757_758_759_760_761_762_763_764_765_766_767_768_769_770_771_772_773_774_775_776_777_778_779_780_781_782_783_784_785_786_787_788_789_790_791_792_793_794_795_796_797_798_799_800_801_802_803_804_805_806_807_808_809_810_811_812_813_814_815_816_817_818_819_820_821_822_823_824_825_826_827_828_829_830_831_832_833_834_835_836_837_838_839_840_841_842_843_844_845_846_847_848_849_850_851_852_853_854_855_856_857_858_859_860_861_862_863_864_865_866_867_868_869_870_871_872_873_874_875_876_877_878_879_880_881_882_883_884_885_886_887_888_889_890_891_892_893_894_895_896_897_898_899_900_901_902_903_904_905_906_907_908_909_910_911_912_913_914_915_916_917_918_919_920_921_922_923_924_925_926_927_928_929_930_931_932_933_934_935_936_937_938_939_940_941_942_943_944_945_946_947_948_949_950_951_952_953_954_955_956_957_958_959_960_961_962_963_964_965_966_967_968_969_970_971_972_973_974_975_976_977_978_979_980_981_982_983_984_985_986_987_988_989_990_991_992_993_994_995_996_997_998_999_1000_1001_1002_1003_1004_1005_1006_1007_1008_1009_1010_1011_1012_1013_1014_1015_1016_1017_1018_1019_1020_1021_1022_1023_1024_1025_1026_1027_1028_1029_1030_1031_1032_1033_1034_1035_1036_1037_1038_1039_1040_1041_1042_1043_1044_1045_1046_1047_1048_1049_1050_1051_1052_1053_1054_1055_1056_1057_1058_1059_1060_1061_1062_1063_1064_1065_1066_1067_1068_1069_1070_1071_1072_1073_1074_1075_1076_1077_1078_1079_1080_1081_1082_1083_1084_1085_1086_1087_1088_1089_1090_1091_1092_1093_1094_1095_1096_1097_1098_1099_1100_1101_1102_1103_1104_1105_1106_1107_1108_1109_1110_1111_1112_1113_1114_1115_1116_1117_1118_1119_1120_1121_1122_1123_1124_1125_1126_1127_1128_1129_1130_1131_1132_1133_1134_1135_1136_1137_1138_1139_1140_1141_1142_1143_1144_1145_1146_1147_1148_1149_1150_1151_1152_1153_1154_1155_1156_1157_1158_1159_1160_1161_1162_1163_1164_1165_1166_1167_1168_1169_1170_1171_1172_1173_1174_1175_1176_1177_1178_1179_1180_1181_1182_1183_1184_1185_1186_1187_1188_1189_1190_1191_1192_1193_1194_1195_1196_1197_1198_1199_1200_1201_1202_1203_1204_1205_1206_1207_1208_1209_1210_1211_1212_1213_1214_1215_1216_1217_1218_1219_1220_1221_1222_1223_1224_1225_1226_1227_1228_1229_1230_1231_1232_1233_1234_1235_1236_1237_1238_1239_1240_1241_1242_1243_1244_1245_1246_1247_1248_1249_1250_1251_1252_1253_1254_1255_1256_1257_1258_1259_1260_1261_1262_1263_1264_1265_1266_1267_1268_1269_1270_1271_1272_1273_1274_1275_1276_1277_1278_1279_1280_1281_1282_1283_1284_1285_1286_1287_1288_1289_1290_1291_1292_1293_1294_1295_1296_1297_1298_1299_1300_1301_1302_1303_1304_1305_1306_1307_1308_1309_1310_1311_1312_1313_1314_1315_1316_1317_1318_1319_1320_1321_1322_1323_1324_1325_1326_1327_1328_1329_1330_1331_1332_1333_1334_1335_1336_1337_1338_1339_1340_1341_1342_1343_1344_1345_1346_1347_1348_1349_1350_1351_1352_1353_1354_1355_1356_1357_1358_1359_1360_1361_1362_1363_1364_1365_1366_1367_1368_1369_1370_1371_1372_1373_1374_1375_1376_1377_1378_1379_1380_1381_1382_1383_1384_1385_1386_1387_1388_1389_1390_1391_1392_1393_1394_1395_1396_1397_1398_1399_1400_1401_1402_1403_1404_1405_1406_1407_1408_1409_1410_1411_1412_1413_1414_1415_1416_1417_1418_1419_1420_1421_1422_1423_1424_1425_1426_1427_1428_1429_1430_1431_1432_1433_1434_1435_1436_1437_1438_1439_1440_1441_1442_1443_1444_1445_1446_1447_1448_1449_1450_1451_1452_1453_1454_1455_1456_1457_1458_1459_1460_1461_1462_1463_1464_1465_1466_1467_1468_1469_1470_1471_1472_1473_1474_1475_1476_1477_1478_1479_1480_1481_1482_1483_1484_1485_1486_1487_1488_1489_1490_1491_1492_1493_1494_1495_1496_1497_1498_1499_1500_1501_1502_1503_1504_1505_1506_1507_1508_1509_1510_1511_1512_1513_1514_1515_1516_1517_1518_1519_1520_1521_1522_1523_1524_1525_1526_1527_1528_1529_1530_1531_1532_1533_1534_1535_1536_1537_1538_1539_1540_1541_1542_1543_1544_1545_1546_1547_1548_1549_1550_1551_1552_1553_1554_1555_1556_1557_1558_1559_1560_1561_1562_1563_1564_1565_1566_1567_1568_1569_1570_1571_1572_1573_1574_1575_1576_1577_1578_1579_1580_1581_1582_1583_1584_1585_1586_1587_1588_1589_1590_1591_1592_1593_1594_1595_1596_1597_1598_1599_1600_1601_1602_1603_1604_1605_1606_1607_1608_1609_1610_1611_1612_1613_1614_1615_1616_1617_1618_1619_1620_1621_1622_1623_1624_1625_1626_1627_1628_1629_1630_1631_1632_1633_1634_1635_1636_1637_1638_1639_1640_1641_1642_1643_1644_1645_1646_1647_1648_1649_1650_1651_1652_1653_1654_1655_1656_1657_1658_1659_1660_1661_1662_1663_1664_1665_1666_1667_1668_1669_1670_1671_1672_1673_1674_1675_1676_1677_1678_1679_1680_1681_1682_1683_1684_1685_1686_1687_1688_1689_1690_1691_1692_1693_1694_1695_1696_1697_1698_1699_1700_1701_1702_1703_1704_1705_1706_1707_1708_1709_1710_1711_1712_1713_1714_1715_1716_1717_1718_1719_1720_1721_1722_1723_1724_1725_1726_1727_1728_1729_1730_1731_1732_1733_1734_1735_1736_1737_1738_1739_1740_1741_1742_1743_1744_1745_1746_1747_1748_1749_1750_1751_1752_1753_1754_1755_1756_1757_1758_1759_1760_1761_1762_1763_1764_1765_1766_1767_1768_1769_1770_1771_1772_1773_1774_1775_,18:{12;683;77;73;684;11;76;72;685;71;75;67;74;10;68;86;70;195;94;1715;9;87;194;93;95;1716;88;193;92;8;96;192;1717;97;686;}28:{30;31;39;32;40;50;41;33;51;42;52;43;34;53;45;35;54;44;678;37;676;677;38;55;62;63;61;56;60;59;65;57;66;}29:{648;672;}98:{1775;4;1774;1737;1738;1736;1739;1735;}134:{655;124;123;656;122;126;612;121;611;120;610;}170:{138;206;141;207;137;142;597;208;143;654;209;198;146;653;600;133;197;145;652;130;605;196;}174:{183;}185:{1740;1741;1734;1742;}214:{188;186;189;187;99;7;6;190;98;5;}219:{184;185;}254:{255;230;256;326;262;229;331;327;330;264;332;228;328;265;333;227;329;239;240;266;241;226;267;242;223;288;243;289;222;502;513;491;480;290;724;524;735;221;342;292;749;748;341;750;334;220;744;747;337;535;745;751;338;680;742;}299:{301;1175;303;1174;1176;1163;1164;304;1130;1185;1165;1178;1131;322;1129;1167;1179;202;305;1132;191;1128;213;1184;1180;1168;234;1134;705;225;1192;1127;236;1189;1181;235;1126;1169;1135;1193;1140;1182;435;1190;1125;1136;1194;237;447;180;845;1170;1183;1141;310;1137;1191;841;458;1124;1138;169;1061;1060;1171;1078;1142;238;842;1079;844;1195;843;1059;469;1139;1076;}310:{309;311;308;312;294;314;293;275;274;315;276;287;273;277;316;286;272;699;249;285;317;278;851;250;698;700;248;284;318;850;852;251;325;697;701;271;1196;252;849;279;283;323;1197;853;296;295;319;297;270;244;253;1198;298;847;848;281;233;268;1200;245;320;259;299;254;260;232;703;231;1201;282;307;306;300;246;261;321;257;1202;704;1747;1187;263;1186;1203;}342:{216;217;218;339;219;340;173;172;171;175;343;174;176;170;344;177;168;178;345;215;203;167;179;204;214;181;201;346;574;351;212;200;140;205;573;139;166;599;348;579;182;199;211;352;}359:{534;}411:{406;560;559;556;554;}430:{429;442;443;428;444;394;427;395;426;396;425;409;423;410;397;411;412;403;414;404;415;416;}478:{482;483;484;508;485;509;510;511;512;497;498;493;496;514;499;495;494;515;501;}496:{500;503;530;504;529;505;528;516;517;518;519;422;421;420;451;564;450;419;449;563;418;448;417;562;445;561;555;}532:{533;}593:{381;567;382;373;162;441;385;374;161;440;386;588;375;387;160;439;362;589;438;376;388;363;159;164;437;590;377;366;576;389;157;156;436;364;577;365;390;434;155;596;399;154;575;582;586;392;433;581;408;400;150;398;585;565;566;151;149;432;583;407;401;598;584;393;152;431;405;430;148;}599:{144;134;131;601;651;129;606;135;650;132;649;603;604;128;210;127;153;607;}610:{640;619;666;108;639;663;664;}611:{609;658;659;119;118;660;115;661;116;112;117;103;608;104;614;616;615;105;101;106;642;671;617;670;107;641;618;667;100;662;665;}618:{620;638;621;637;622;623;625;626;109;644;632;627;645;110;631;111;647;630;628;643;629;633;675;674;673;90;89;634;}634:{636;}694:{1764;1263;1269;1268;1270;1267;1264;1265;1271;1773;1772;1771;1601;1286;1770;1285;1769;1284;1283;1768;1613;1627;1282;1614;1767;1725;1626;1280;1617;}721:{720;723;719;464;465;463;725;526;466;897;462;898;525;467;461;899;523;468;460;522;901;459;902;470;718;456;521;455;457;471;541;472;527;507;520;473;540;474;475;539;506;476;477;538;454;489;478;488;487;537;479;453;490;486;481;452;492;881;}742:{755;872;873;874;880;879;878;875;876;}749:{349;835;743;350;846;741;356;864;353;857;824;357;355;165;865;354;867;570;571;868;813;595;869;572;802;592;568;593;746;752;870;791;587;359;594;371;780;578;163;871;379;753;378;372;360;370;384;383;}752:{536;}764:{763;765;762;766;734;736;767;737;69;738;739;769;36;740;886;887;770;890;591;714;25;712;580;715;717;891;885;711;771;716;548;907;14;733;892;884;569;908;906;3;547;909;760;893;558;883;1765;905;545;910;729;759;1754;882;546;904;669;728;894;544;550;1743;549;758;551;727;903;761;552;732;895;553;756;726;731;543;912;768;896;730;1721;757;913;542;754;721;722;}787:{1688;1666;1654;1643;918;1710;919;917;1039;1040;1632;916;920;1038;915;1621;921;1037;914;1610;923;1036;924;1599;1035;1048;1047;925;1588;1034;926;1032;822;1041;927;821;1042;1566;928;820;}791:{531;368;367;361;532;}830:{856;}842:{1075;1070;1069;1071;783;1068;1072;1080;1067;782;1073;1065;1062;1074;781;1063;291;1064;247;258;302;280;1081;778;269;710;158;313;380;1082;709;777;147;391;136;324;1083;784;713;125;785;402;114;786;1058;776;708;336;1084;707;702;787;706;102;424;1057;413;788;1085;775;1120;1056;1123;91;635;691;624;646;789;1121;347;1087;613;1054;58;790;1053;774;80;657;773;1115;1086;772;1052;358;792;1089;794;602;793;369;1699;1677;47;1732;1051;764;}914:{1046;}932:{941;942;943;945;1031;1030;946;}961:{1026;1027;1028;1029;980;979;982;978;976;974;972;975;}992:{991;988;977;953;989;952;954;990;1122;1133;951;1111;956;1099;1088;1144;957;969;1077;1011;994;1155;1022;968;1066;958;1033;1166;949;1055;967;1044;922;959;948;987;965;963;960;964;986;961;947;962;985;900;889;446;877;1210;970;984;866;981;971;911;779;335;1222;668;1310;224;973;983;}1036:{929;819;930;818;931;932;934;1043;935;1045;936;}1110:{1554;1665;2;1539;}1111:{557;113;}1154:{1094;1153;1095;1116;1108;1096;1097;1117;803;1107;809;1109;1098;801;808;1118;804;1112;1100;805;807;800;806;1119;1113;1101;1483;1493;799;826;1482;1114;1481;1102;1480;798;1479;1103;1399;1410;825;1478;797;1421;1104;1444;827;823;1432;1455;1388;828;796;1466;1105;1377;1014;795;1477;1106;1050;1018;1013;1532;1543;1521;1049;1510;1488;1555;1019;1577;814;}1194:{1172;1173;1143;1145;1492;1463;1146;1491;1459;1156;1147;1490;1458;1157;1457;1148;1489;1456;1158;1161;1465;1149;1160;1159;1486;1454;1485;1467;1473;1487;1150;1162;1453;1468;1474;1151;1090;1475;1091;1484;1469;1452;1092;1152;1476;1470;1471;1472;1451;1093;1494;1154;}1202:{1223;1204;1220;1205;1219;1759;1218;1206;1758;1217;1757;1207;1756;1216;1240;1215;1214;1208;1755;696;1239;1213;695;1753;1209;1224;1238;694;1211;1212;1460;1751;693;1752;1225;1237;1760;1750;692;1461;1761;1226;1236;1749;1762;690;1462;1260;1450;1449;1464;}1205:{1227;1235;1259;1228;1234;1258;1257;1261;1229;1763;1232;1262;1230;1766;1241;1571;1569;1574;}1241:{1242;1231;1243;1245;1246;1429;1428;1247;1576;1427;1426;1248;1249;1251;1252;1253;1254;1256;1250;1292;1291;1276;1275;1274;1273;1272;1281;}1250:{1293;1295;1296;1294;1297;1600;1303;840;1302;839;1301;838;837;1298;836;1300;}1270:{1603;1279;1604;1278;1605;1606;1287;1607;1289;1608;1634;1290;1609;1635;1611;1636;1612;}1298:{1304;1315;1311;1312;1313;1322;1314;1316;1317;1323;1318;1319;1320;1329;}1321:{1255;1244;1288;1233;1299;1110;1221;1332;1443;}1338:{1330;1347;1331;1348;1349;1350;1356;1354;1353;1351;1352;1357;}1340:{1358;}1390:{1593;1592;1362;1591;1361;1309;1360;1364;1363;1359;1594;1365;1595;1341;1336;1343;1337;1367;1338;1335;1342;1339;1308;1368;1340;1334;1307;1369;1306;1345;1325;1326;1327;1346;1305;1328;1324;}1405:{862;861;860;1379;859;1378;1381;1380;1376;1375;858;1374;1373;1389;1390;1371;}1408:{1372;1598;1370;1597;1596;1590;}1410:{1012;1020;1002;1366;1021;1355;1001;1023;1015;998;1024;1016;1003;997;1017;1025;1499;1009;1344;1010;1004;1008;1007;812;1000;810;996;1005;1188;1006;955;815;966;1177;1199;944;938;939;811;816;940;950;937;995;817;933;993;992;}1412:{1414;1409;1415;1419;1416;1396;1417;1398;1397;1395;1418;1401;1394;1400;1404;1403;1585;1393;1392;1402;1586;1386;1391;1385;1407;1406;1544;1545;1384;1515;1405;1514;1584;1546;1383;1547;1516;1587;1513;1408;1382;863;1548;1387;1589;1541;}1449:{1448;1447;1564;1565;1446;1567;1581;1568;1445;1582;1442;1560;1561;1441;1562;1556;1563;1553;1557;1552;1495;1551;}1471:{1496;1497;1498;1500;1501;1502;1506;1505;1504;1503;1507;1528;1508;1527;1509;1526;1558;1559;1523;1525;1522;}1519:{999;1536;1;1321;1537;1277;1540;1538;1266;}1559:{1512;1511;1517;1518;1520;1519;1524;1542;1529;1530;1531;1535;1533;1550;1549;1534;1333;0;888;}1574:{1573;1575;1572;1578;1579;1570;1580;1430;1431;1433;1434;1425;1435;1436;1424;1437;1438;1423;1439;1422;1440;1583;1412;1420;1413;1411;}1612:{834;833;832;831;830;829;}1630:{1678;1679;1637;1680;1676;1681;1638;1686;1675;1682;1639;1683;1674;1640;1700;1684;1673;1641;1685;1698;1672;1642;1660;1644;1706;}1633:{1659;}1644:{1645;1646;1650;1651;1652;1653;1655;855;854;}1672:{1647;1648;1649;}1691:{1708;1707;1705;1704;1703;1702;22;1697;1711;679;21;20;1701;681;1696;19;18;1713;1695;682;83;1714;1661;16;}1695:{1668;1669;1670;1671;1658;1657;1656;49;48;46;}1706:{23;24;17;1694;82;26;81;27;1663;79;1662;1664;15;687;84;28;78;1667;13;64;688;85;29;689;}1770:{1615;1616;1618;1724;1619;1726;1723;1620;1727;1722;1625;1622;1624;1728;1623;1693;1729;1628;1692;1720;1748;1730;1691;1629;1746;1745;1719;1731;1690;1630;1718;1744;1733;1631;1689;1602;1709;1712;1687;1633;},1_29_30_39_51_52_53_54_392_397_398_401_403_404_405_432_433_434_454_455_462_463_464_465_466_467_562_563_565_566_608_615_616_617_642_645_688_689_810_811_833_834_836_897_898_899_901_935_936_937_1002_1021_1023_1041_1042_1199_1210_1222_1233_1288_1302_1303_1344_1396_1398_1415_1533_1534_1546_1547_1548_1549_1550_1642_1644_1658_1659_1664_1667_1671_,310-309*0_310-311*0_310-308*0_310-312*0_310-294*0_310-314*0_310-293*0_310-275*0_310-274*0_310-315*0_310-276*0_310-287*0_310-273*0_310-277*0_310-316*0_310-286*0_310-272*0_310-699*0_310-249*0_310-285*0_310-317*0_310-278*0_310-851*0_310-250*0_310-698*0_310-700*0_310-248*0_310-284*0_310-318*0_310-850*0_310-852*0_310-251*0_310-325*0_310-697*0_310-701*0_310-271*0_310-1196*0_310-252*0_310-849*0_310-279*0_310-283*0_310-323*0_310-1197*0_310-853*0_310-296*0_310-295*0_310-319*0_310-297*0_310-270*0_310-244*0_310-253*0_310-1198*0_310-298*0_310-847*0_310-848*0_310-281*0_310-233*0_310-268*0_310-1200*0_310-245*0_310-320*0_310-259*0_310-299*0_310-254*0_310-260*0_310-232*0_310-703*0_310-231*0_310-1201*0_310-282*0_310-307*0_310-306*0_310-300*0_310-246*0_310-261*0_310-321*0_310-257*0_310-1202*0_310-704*0_310-1747*0_310-1187*0_310-263*0_310-1186*0_310-1203*0_299-301*1_299-1175*1_299-303*1_299-1174*1_299-1176*1_299-1163*1_299-1164*1_299-304*1_299-1130*1_299-1185*1_299-1165*1_299-1178*1_299-1131*1_299-322*1_299-1129*1_299-1167*1_299-1179*1_299-202*1_299-305*1_299-1132*1_299-191*1_299-1128*1_299-213*1_299-1184*1_299-1180*1_299-1168*1_299-234*1_299-1134*1_299-705*1_299-225*1_299-1192*1_299-1127*1_299-236*1_299-1189*1_299-1181*1_299-235*1_299-1126*1_299-1169*1_299-1135*1_299-1193*1_299-1140*1_299-1182*1_299-435*1_299-1190*1_299-1125*1_299-1136*1_299-1194*1_299-237*1_299-447*1_299-180*1_299-845*1_299-1170*1_299-1183*1_299-1141*1_299-310*1_299-1137*1_299-1191*1_299-841*1_299-458*1_299-1124*1_299-1138*1_299-169*1_299-1061*1_299-1060*1_299-1171*1_299-1078*1_299-1142*1_299-238*1_299-842*1_299-1079*1_299-844*1_299-1195*1_299-843*1_299-1059*1_299-469*1_299-1139*1_299-1076*1_1202-1223*1_1202-1204*1_1202-1220*1_1202-1205*1_1202-1219*1_1202-1759*1_1202-1218*1_1202-1206*1_1202-1758*1_1202-1217*1_1202-1757*1_1202-1207*1_1202-1756*1_1202-1216*1_1202-1240*1_1202-1215*1_1202-1214*1_1202-1208*1_1202-1755*1_1202-696*1_1202-1239*1_1202-1213*1_1202-695*1_1202-1753*1_1202-1209*1_1202-1224*1_1202-1238*1_1202-694*1_1202-1211*1_1202-1212*1_1202-1460*1_1202-1751*1_1202-693*1_1202-1752*1_1202-1225*1_1202-1237*1_1202-1760*1_1202-1750*1_1202-692*1_1202-1461*1_1202-1761*1_1202-1226*1_1202-1236*1_1202-1749*1_1202-1762*1_1202-690*1_1202-1462*1_1202-1260*1_1202-1450*1_1202-1449*1_1202-1464*1_842-1075*2_842-1070*2_842-1069*2_842-1071*2_842-783*2_842-1068*2_842-1072*2_842-1080*2_842-1067*2_842-782*2_842-1073*2_842-1065*2_842-1062*2_842-1074*2_842-781*2_842-1063*2_842-291*2_842-1064*2_842-247*2_842-258*2_842-302*2_842-280*2_842-1081*2_842-778*2_842-269*2_842-710*2_842-158*2_842-313*2_842-380*2_842-1082*2_842-709*2_842-777*2_842-147*2_842-391*2_842-136*2_842-324*2_842-1083*2_842-784*2_842-713*2_842-125*2_842-785*2_842-402*2_842-114*2_842-786*2_842-1058*2_842-776*2_842-708*2_842-336*2_842-1084*2_842-707*2_842-702*2_842-787*2_842-706*2_842-102*2_842-424*2_842-1057*2_842-413*2_842-788*2_842-1085*2_842-775*2_842-1120*2_842-1056*2_842-1123*2_842-91*2_842-635*2_842-691*2_842-624*2_842-646*2_842-789*2_842-1121*2_842-347*2_842-1087*2_842-613*2_842-1054*2_842-58*2_842-790*2_842-1053*2_842-774*2_842-80*2_842-657*2_842-773*2_842-1115*2_842-1086*2_842-772*2_842-1052*2_842-358*2_842-792*2_842-1089*2_842-794*2_842-602*2_842-793*2_842-369*2_842-1699*2_842-1677*2_842-47*2_842-1732*2_842-1051*2_842-764*2_1194-1172*2_1194-1173*2_1194-1143*2_1194-1145*2_1194-1492*2_1194-1463*2_1194-1146*2_1194-1491*2_1194-1459*2_1194-1156*2_1194-1147*2_1194-1490*2_1194-1458*2_1194-1157*2_1194-1457*2_1194-1148*2_1194-1489*2_1194-1456*2_1194-1158*2_1194-1161*2_1194-1465*2_1194-1149*2_1194-1160*2_1194-1159*2_1194-1486*2_1194-1454*2_1194-1485*2_1194-1467*2_1194-1473*2_1194-1487*2_1194-1150*2_1194-1162*2_1194-1453*2_1194-1468*2_1194-1474*2_1194-1151*2_1194-1090*2_1194-1475*2_1194-1091*2_1194-1484*2_1194-1469*2_1194-1452*2_1194-1092*2_1194-1152*2_1194-1476*2_1194-1470*2_1194-1471*2_1194-1472*2_1194-1451*2_1194-1093*2_1194-1494*2_1194-1154*2_1205-1227*2_1205-1235*2_1205-1259*2_1205-1228*2_1205-1234*2_1205-1258*2_1205-1257*2_1205-1261*2_1205-1229*2_1205-1763*2_1205-1232*2_1205-1262*2_1205-1230*2_1205-1766*2_1205-1241*2_1205-1571*2_1205-1569*2_1205-1574*2_1154-1094*3_1154-1153*3_1154-1095*3_1154-1116*3_1154-1108*3_1154-1096*3_1154-1097*3_1154-1117*3_1154-803*3_1154-1107*3_1154-809*3_1154-1109*3_1154-1098*3_1154-801*3_1154-808*3_1154-1118*3_1154-804*3_1154-1112*3_1154-1100*3_1154-805*3_1154-807*3_1154-800*3_1154-806*3_1154-1119*3_1154-1113*3_1154-1101*3_1154-1483*3_1154-1493*3_1154-799*3_1154-826*3_1154-1482*3_1154-1114*3_1154-1481*3_1154-1102*3_1154-1480*3_1154-798*3_1154-1479*3_1154-1103*3_1154-1399*3_1154-1410*3_1154-825*3_1154-1478*3_1154-797*3_1154-1421*3_1154-1104*3_1154-1444*3_1154-827*3_1154-823*3_1154-1432*3_1154-1455*3_1154-1388*3_1154-828*3_1154-796*3_1154-1466*3_1154-1105*3_1154-1377*3_1154-1014*3_1154-795*3_1154-1477*3_1154-1106*3_1154-1050*3_1154-1018*3_1154-1013*3_1154-1532*3_1154-1543*3_1154-1521*3_1154-1049*3_1154-1510*3_1154-1488*3_1154-1555*3_1154-1019*3_1154-1577*3_1154-814*3_254-255*1_254-230*1_254-256*1_254-326*1_254-262*1_254-229*1_254-331*1_254-327*1_254-330*1_254-264*1_254-332*1_254-228*1_254-328*1_254-265*1_254-333*1_254-227*1_254-329*1_254-239*1_254-240*1_254-266*1_254-241*1_254-226*1_254-267*1_254-242*1_254-223*1_254-288*1_254-243*1_254-289*1_254-222*1_254-502*1_254-513*1_254-491*1_254-480*1_254-290*1_254-724*1_254-524*1_254-735*1_254-221*1_254-342*1_254-292*1_254-749*1_254-748*1_254-341*1_254-750*1_254-334*1_254-220*1_254-744*1_254-747*1_254-337*1_254-535*1_254-745*1_254-751*1_254-338*1_254-680*1_254-742*1_1449-1448*3_1241-1242*3_1449-1447*3_1241-1231*3_1241-1243*3_1449-1564*3_1449-1565*3_1241-1245*3_1449-1446*3_1449-1567*3_1449-1581*3_1241-1246*3_1449-1568*3_1449-1445*3_1449-1582*3_1241-1429*3_1241-1428*3_1241-1247*3_1449-1442*3_1241-1576*3_1241-1427*3_1449-1560*3_1241-1426*3_1241-1248*3_1449-1561*3_1449-1441*3_1449-1562*3_1241-1249*3_1241-1251*3_1241-1252*3_1449-1556*3_1241-1253*3_1449-1563*3_1241-1254*3_764-763*3_764-765*3_1241-1256*3_1241-1250*3_1449-1553*3_1449-1557*3_764-762*3_764-766*3_1241-1292*3_764-734*3_1449-1552*3_764-736*3_764-767*3_764-737*3_1449-1495*3_1241-1291*3_764-69*3_1241-1276*3_1241-1275*3_764-738*3_1449-1551*3_1241-1274*3_1241-1273*3_1241-1272*3_764-739*3_764-769*3_764-36*3_764-740*3_764-886*3_1241-1281*3_764-887*3_764-770*3_764-890*3_764-591*3_764-714*3_764-25*3_764-712*3_764-580*3_764-715*3_764-717*3_764-891*3_764-885*3_764-711*3_764-771*3_764-716*3_764-548*3_764-907*3_764-14*3_764-733*3_764-892*3_764-884*3_764-569*3_764-908*3_764-906*3_764-3*3_764-547*3_764-909*3_764-760*3_764-893*3_764-558*3_764-883*3_764-1765*3_764-905*3_764-545*3_764-910*3_764-729*3_764-759*3_764-1754*3_764-882*3_764-546*3_764-904*3_764-669*3_764-728*3_764-894*3_764-544*3_764-550*3_764-1743*3_764-549*3_764-758*3_764-551*3_764-727*3_764-903*3_764-761*3_764-552*3_764-732*3_764-895*3_764-553*3_764-756*3_764-726*3_764-731*3_764-543*3_764-912*3_764-768*3_764-896*3_764-730*3_764-1721*3_764-757*3_764-913*3_764-542*3_764-754*3_764-721*3_764-722*3_787-1688*3_787-1666*3_787-1654*3_787-1643*3_787-918*3_787-1710*3_787-919*3_787-917*3_787-1039*3_787-1040*3_787-1632*3_787-916*3_787-920*3_787-1038*3_787-915*3_787-1621*3_787-921*3_787-1037*3_787-914*3_787-1610*3_787-923*3_787-1036*3_787-924*3_787-1599*3_787-1035*3_787-1048*3_787-1047*3_787-925*3_787-1588*3_787-1034*3_787-926*3_787-1032*3_787-822*3_787-1041*3_787-927*3_787-821*3_787-1042*3_787-1566*3_787-928*3_787-820*3_342-216*2_342-217*2_342-218*2_342-339*2_342-219*2_342-340*2_342-173*2_342-172*2_342-171*2_342-175*2_342-343*2_342-174*2_342-176*2_342-170*2_342-344*2_342-177*2_342-168*2_342-178*2_342-345*2_342-215*2_342-203*2_342-167*2_342-179*2_342-204*2_342-214*2_342-181*2_342-201*2_342-346*2_342-574*2_342-351*2_342-212*2_342-200*2_342-140*2_342-205*2_342-573*2_342-139*2_342-166*2_342-599*2_342-348*2_342-579*2_342-182*2_342-199*2_342-211*2_342-352*2_1410-1012*4_1410-1020*4_1410-1002*4_1410-1366*4_1410-1021*4_1410-1355*4_721-720*4_1410-1001*4_1410-1023*4_1410-1015*4_721-723*4_721-719*4_721-464*4_1410-998*4_1410-1024*4_1410-1016*4_721-465*4_721-463*4_1410-1003*4_721-725*4_721-526*4_721-466*4_1410-997*4_721-897*4_1410-1017*4_1410-1025*4_1410-1499*4_721-462*4_1410-1009*4_1410-1344*4_1410-1010*4_1410-1004*4_1410-1008*4_721-898*4_721-525*4_1410-1007*4_1410-812*4_721-467*4_721-461*4_1410-1000*4_1410-810*4_1410-996*4_1410-1005*4_1410-1188*4_1410-1006*4_1410-955*4_721-899*4_1410-815*4_721-523*4_1410-966*4_1410-1177*4_721-468*4_1410-1199*4_1410-944*4_721-460*4_1410-938*4_1410-939*4_1410-811*4_1410-816*4_1410-940*4_1410-950*4_1410-937*4_1410-995*4_721-522*4_721-901*4_1410-817*4_1410-933*4_1410-993*4_721-459*4_721-902*4_1410-992*4_721-470*4_721-718*4_721-456*4_721-521*4_721-455*4_721-457*4_721-471*4_721-541*4_721-472*4_721-527*4_721-507*4_721-520*4_721-473*4_721-540*4_721-474*4_721-475*4_721-539*4_721-506*4_721-476*4_721-477*4_721-538*4_721-454*4_721-489*4_721-478*4_721-488*4_721-487*4_721-537*4_721-479*4_721-453*4_721-490*4_721-486*4_721-481*4_721-452*4_721-492*4_721-881*4_1574-1573*3_1574-1575*3_1574-1572*3_1574-1578*3_1574-1579*3_1574-1570*3_1574-1580*3_1574-1430*3_1574-1431*3_1574-1433*3_1574-1434*3_1574-1425*3_1574-1435*3_1574-1436*3_749-349*3_749-835*3_749-743*3_1574-1424*3_1574-1437*3_749-350*3_749-846*3_749-741*3_749-356*3_1574-1438*3_749-864*3_749-353*3_749-857*3_749-824*3_749-357*3_749-355*3_749-165*3_1574-1423*3_749-865*3_749-354*3_749-867*3_749-570*3_1574-1439*3_749-571*3_749-868*3_749-813*3_749-595*3_749-869*3_1574-1422*3_749-572*3_1574-1440*3_749-802*3_749-592*3_749-568*3_749-593*3_749-746*3_749-752*3_749-870*3_1574-1583*3_749-791*3_749-587*3_749-359*3_1574-1412*3_749-594*3_749-371*3_749-780*3_749-578*3_1574-1420*3_749-163*3_749-871*3_749-379*3_749-753*3_749-378*3_1574-1413*3_749-372*3_749-360*3_1574-1411*3_749-370*3_749-384*3_749-383*3_478-482*5_478-483*5_478-484*5_478-508*5_478-485*5_478-509*5_478-510*5_478-511*5_478-512*5_478-497*5_478-498*5_478-493*5_478-496*5_478-514*5_478-499*5_478-495*5_478-494*5_478-515*5_478-501*5_694-1764*2_694-1263*2_694-1269*2_694-1268*2_694-1270*2_694-1267*2_694-1264*2_694-1265*2_694-1271*2_694-1773*2_694-1772*2_694-1771*2_694-1601*2_694-1286*2_694-1770*2_694-1285*2_694-1769*2_694-1284*2_694-1283*2_694-1768*2_694-1613*2_694-1627*2_694-1282*2_694-1614*2_694-1767*2_694-1725*2_694-1626*2_694-1280*2_694-1617*2_742-755*2_742-872*2_742-873*2_742-874*2_742-880*2_742-879*2_742-878*2_742-875*2_742-876*2_1036-929*5_1036-819*5_1036-930*5_1036-818*5_1036-931*5_1036-932*5_1036-934*5_1036-1043*5_1036-935*5_1036-1045*5_1036-936*5_791-531*4_791-368*4_791-367*4_791-361*4_791-532*4_1471-1496*3_1471-1497*3_1471-1498*3_1471-1500*3_1471-1501*3_1471-1502*3_1471-1506*3_1471-1505*3_1471-1504*3_1471-1503*3_1471-1507*3_1471-1528*3_1471-1508*3_1471-1527*3_1471-1509*3_1471-1526*3_1471-1558*3_1471-1559*3_1471-1523*3_1471-1525*3_1471-1522*3_593-381*4_593-567*4_593-382*4_593-373*4_593-162*4_593-441*4_593-385*4_593-374*4_593-161*4_593-440*4_593-386*4_593-588*4_593-375*4_593-387*4_593-160*4_593-439*4_593-362*4_593-589*4_593-438*4_593-376*4_593-388*4_593-363*4_593-159*4_593-164*4_593-437*4_593-590*4_593-377*4_593-366*4_593-576*4_593-389*4_593-157*4_593-156*4_593-436*4_593-364*4_593-577*4_593-365*4_593-390*4_593-434*4_593-155*4_593-596*4_593-399*4_593-154*4_593-575*4_593-582*4_593-586*4_593-392*4_593-433*4_593-581*4_593-408*4_593-400*4_593-150*4_593-398*4_593-585*4_593-565*4_593-566*4_593-151*4_593-149*4_593-432*4_593-583*4_593-407*4_593-401*4_593-598*4_593-584*4_593-393*4_593-152*4_593-431*4_593-405*4_593-430*4_593-148*4_932-941*6_932-942*6_932-943*6_932-945*6_932-1031*6_932-1030*6_932-946*6_170-138*3_170-206*3_170-141*3_170-207*3_170-137*3_170-142*3_170-597*3_170-208*3_170-143*3_170-654*3_170-209*3_170-198*3_170-146*3_170-653*3_170-600*3_170-133*3_170-197*3_170-145*3_170-652*3_170-130*3_170-605*3_170-196*3_1770-1615*3_1770-1616*3_1770-1618*3_1770-1724*3_1770-1619*3_1770-1726*3_1770-1723*3_1770-1620*3_1770-1727*3_1770-1722*3_1770-1625*3_1770-1622*3_1770-1624*3_1770-1728*3_1770-1623*3_1770-1693*3_1770-1729*3_1770-1628*3_1770-1692*3_1770-1720*3_1770-1748*3_1770-1730*3_1770-1691*3_1770-1629*3_1770-1746*3_1770-1745*3_1770-1719*3_1770-1731*3_1770-1690*3_1770-1630*3_1770-1718*3_1770-1744*3_1770-1733*3_1770-1631*3_1770-1689*3_1770-1602*3_1770-1709*3_1770-1712*3_1770-1687*3_1770-1633*3_599-144*3_599-134*3_599-131*3_599-601*3_599-651*3_599-129*3_599-606*3_599-135*3_599-650*3_599-132*3_599-649*3_599-603*3_599-604*3_599-128*3_599-210*3_599-127*3_599-153*3_599-607*3_992-991*5_992-988*5_992-977*5_992-953*5_992-989*5_992-952*5_992-954*5_992-990*5_992-1122*5_992-1133*5_992-951*5_992-1111*5_992-956*5_992-1099*5_992-1088*5_992-1144*5_992-957*5_992-969*5_992-1077*5_992-1011*5_992-994*5_992-1155*5_992-1022*5_992-968*5_992-1066*5_992-958*5_992-1033*5_992-1166*5_992-949*5_992-1055*5_992-967*5_992-1044*5_992-922*5_992-959*5_992-948*5_992-987*5_992-965*5_992-963*5_992-960*5_992-964*5_992-986*5_992-961*5_992-947*5_992-962*5_992-985*5_992-900*5_992-889*5_992-446*5_992-877*5_992-1210*5_992-970*5_992-984*5_992-866*5_992-981*5_992-971*5_992-911*5_992-779*5_992-335*5_992-1222*5_992-668*5_992-1310*5_992-224*5_992-973*5_992-983*5_532-533*5_752-536*5_134-655*4_134-124*4_134-123*4_134-656*4_134-122*4_134-126*4_134-612*4_134-121*4_134-611*4_134-120*4_134-610*4_496-500*6_496-503*6_496-530*6_496-504*6_496-529*6_496-505*6_496-528*6_496-516*6_496-517*6_496-518*6_496-519*6_496-422*6_496-421*6_496-420*6_496-451*6_496-564*6_496-450*6_496-419*6_496-449*6_496-563*6_496-418*6_496-448*6_496-417*6_496-562*6_496-445*6_496-561*6_496-555*6_430-429*5_430-442*5_430-443*5_430-428*5_430-444*5_430-394*5_430-427*5_430-395*5_430-426*5_430-396*5_430-425*5_430-409*5_430-423*5_430-410*5_430-397*5_430-411*5_430-412*5_430-403*5_430-414*5_430-404*5_430-415*5_430-416*5_1270-1603*4_1270-1279*4_1270-1604*4_1270-1278*4_1270-1605*4_1270-1606*4_1270-1287*4_1270-1607*4_1270-1289*4_1270-1608*4_1270-1634*4_1270-1290*4_1270-1609*4_1270-1635*4_1270-1611*4_1270-1636*4_1270-1612*4_961-1026*6_961-1027*6_961-1028*6_961-1029*6_961-980*6_961-979*6_961-982*6_961-978*6_961-976*6_961-974*6_961-972*6_961-975*6_1630-1678*4_1630-1679*4_1630-1637*4_1630-1680*4_1630-1676*4_1630-1681*4_1630-1638*4_1630-1686*4_1630-1675*4_1630-1682*4_1630-1639*4_1630-1683*4_1630-1674*4_1630-1640*4_1630-1700*4_1630-1684*4_1630-1673*4_1630-1641*4_1630-1685*4_1630-1698*4_1630-1672*4_1630-1642*4_1630-1660*4_1630-1644*4_1630-1706*4_411-406*6_411-560*6_411-559*6_411-556*6_411-554*6_359-534*4_1250-1293*5_1250-1295*5_1250-1296*5_1250-1294*5_1250-1297*5_1250-1600*5_1250-1303*5_1250-840*5_1250-1302*5_1250-839*5_1250-1301*5_1250-838*5_1250-837*5_1250-1298*5_1250-836*5_1250-1300*5_1612-834*5_1612-833*5_1612-832*5_1612-831*5_1612-830*5_1612-829*5_1412-1414*4_1412-1409*4_1412-1415*4_1412-1419*4_1412-1416*4_1412-1396*4_1412-1417*4_1412-1398*4_1412-1397*4_1412-1395*4_1412-1418*4_1412-1401*4_1412-1394*4_1412-1400*4_1412-1404*4_1412-1403*4_1412-1585*4_1412-1393*4_1412-1392*4_1412-1402*4_1412-1586*4_1412-1386*4_1412-1391*4_1412-1385*4_1412-1407*4_1412-1406*4_1412-1544*4_1412-1545*4_1412-1384*4_1412-1515*4_1412-1405*4_1412-1514*4_1412-1584*4_1412-1546*4_1412-1383*4_1412-1547*4_1412-1516*4_1412-1587*4_1412-1513*4_1412-1408*4_1412-1382*4_1412-863*4_1412-1548*4_1412-1387*4_1412-1589*4_1412-1541*4_1691-1708*5_1691-1707*5_1691-1705*5_1691-1704*5_1691-1703*5_1691-1702*5_1691-22*5_1691-1697*5_1691-1711*5_1691-679*5_1691-21*5_1691-20*5_1691-1701*5_1691-681*5_1691-1696*5_1691-19*5_1691-18*5_1691-1713*5_1691-1695*5_1691-682*5_1691-83*5_1691-1714*5_1691-1661*5_1691-16*5_1111-557*8_1111-113*8_1559-1512*4_1559-1511*4_1559-1517*4_1559-1518*4_1559-1520*4_1559-1519*4_1559-1524*4_1559-1542*4_1559-1529*4_1559-1530*4_1559-1531*4_1559-1535*4_1559-1533*4_1559-1550*4_1559-1549*4_1559-1534*4_1559-1333*4_1559-0*4_1559-888*4_1706-23*5_1706-24*5_1706-17*5_1706-1694*5_1706-82*5_1706-26*5_1706-81*5_1706-27*5_1706-1663*5_1706-79*5_1706-1662*5_1706-1664*5_1706-15*5_1706-687*5_1706-84*5_1706-28*5_1706-78*5_1706-1667*5_1706-13*5_1706-64*5_1706-688*5_1706-85*5_1706-29*5_1706-689*5_1519-999*5_1519-1536*5_1519-1*5_1519-1321*5_1519-1537*5_1519-1277*5_1519-1540*5_1519-1538*5_1519-1266*5_1405-862*5_1405-861*5_1405-860*5_1405-1379*5_1405-859*5_1405-1378*5_1405-1381*5_1405-1380*5_1405-1376*5_1405-1375*5_1405-858*5_1405-1374*5_1405-1373*5_1405-1389*5_1405-1390*5_1405-1371*5_914-1046*5_1633-1659*4_174-183*4_611-609*5_611-658*5_611-659*5_611-119*5_611-118*5_611-660*5_611-115*5_611-661*5_611-116*5_611-112*5_611-117*5_611-103*5_611-608*5_611-104*5_611-614*5_611-616*5_611-615*5_611-105*5_611-101*5_611-106*5_611-642*5_611-671*5_611-617*5_611-670*5_611-107*5_611-641*5_611-618*5_611-667*5_611-100*5_611-662*5_611-665*5_1408-1372*6_1408-1598*6_1408-1370*6_1408-1597*6_1408-1596*6_1408-1590*6_1644-1645*5_1644-1646*5_1644-1650*5_1644-1651*5_1644-1652*5_1644-1653*5_1644-1655*5_1644-855*5_1644-854*5_1695-1668*6_1695-1669*6_1695-1670*6_1695-1671*6_1695-1658*6_1695-1657*6_1695-1656*6_1695-49*6_1695-48*6_1695-46*6_610-640*5_610-619*5_610-666*5_610-108*5_610-639*5_610-663*5_610-664*5_1321-1255*6_1321-1244*6_1321-1288*6_1321-1233*6_1321-1299*6_1321-1110*6_1321-1221*6_1321-1332*6_1321-1443*6_1672-1647*6_1672-1648*6_1672-1649*6_1390-1593*6_1390-1592*6_1390-1362*6_1390-1591*6_1390-1361*6_1390-1309*6_1390-1360*6_1390-1364*6_1390-1363*6_1390-1359*6_1390-1594*6_1390-1365*6_1390-1595*6_1390-1341*6_1390-1336*6_1390-1343*6_1390-1337*6_1390-1367*6_1390-1338*6_1390-1335*6_1390-1342*6_1390-1339*6_1390-1308*6_1390-1368*6_1390-1340*6_1390-1334*6_1390-1307*6_1390-1369*6_1390-1306*6_1390-1345*6_1390-1325*6_1390-1326*6_1390-1327*6_1390-1346*6_1390-1305*6_1390-1328*6_1390-1324*6_1298-1304*6_1298-1315*6_1298-1311*6_1298-1312*6_1298-1313*6_1298-1322*6_1298-1314*6_1298-1316*6_1298-1317*6_1298-1323*6_1298-1318*6_1298-1319*6_1298-1320*6_1298-1329*6_1110-1554*7_1110-1665*7_1110-2*7_1110-1539*7_1338-1330*7_1338-1347*7_1338-1331*7_1338-1348*7_1338-1349*7_1338-1350*7_1338-1356*7_1338-1354*7_1338-1353*7_1338-1351*7_1338-1352*7_1338-1357*7_1340-1358*8_28-30*7_28-31*7_28-39*7_28-32*7_28-40*7_28-50*7_28-41*7_28-33*7_28-51*7_28-42*7_28-52*7_28-43*7_28-34*7_28-53*7_28-45*7_28-35*7_28-54*7_28-44*7_28-678*7_28-37*7_28-676*7_28-677*7_28-38*7_28-55*7_28-62*7_28-63*7_28-61*7_28-56*7_28-60*7_28-59*7_28-65*7_28-57*7_28-66*7_830-856*6_29-648*6_29-672*6_618-620*6_618-638*6_618-621*6_618-637*6_618-622*6_618-623*6_618-625*6_618-626*6_618-109*6_618-644*6_618-632*6_618-627*6_618-645*6_618-110*6_618-631*6_618-111*6_618-647*6_618-630*6_618-628*6_618-643*6_618-629*6_618-633*6_618-675*6_618-674*6_618-673*6_618-90*6_618-89*6_618-634*6_634-636*7_219-184*5_219-185*5_214-188*6_214-186*6_214-189*6_214-187*6_214-99*6_214-7*6_214-6*6_214-190*6_214-98*6_214-5*6_18-12*6_18-683*6_18-77*6_18-73*6_18-684*6_18-11*6_18-76*6_18-72*6_18-685*6_18-71*6_18-75*6_18-67*6_18-74*6_18-10*6_18-68*6_18-86*6_18-70*6_18-195*6_18-94*6_18-1715*6_18-9*6_18-87*6_18-194*6_18-93*6_18-95*6_18-1716*6_18-88*6_18-193*6_18-92*6_18-8*6_18-96*6_18-192*6_18-1717*6_18-97*6_18-686*6_98-1775*7_98-4*7_98-1774*7_98-1737*7_98-1738*7_98-1736*7_98-1739*7_98-1735*7_185-1740*8_185-1741*8_185-1734*8_185-1742*8_
