"id","Scenario","Actual Range","Protocol","Buildings","Total nodes","Nodes on circ","Total coverage","Coverage on circ","Alert received mean time","Hops","Slots","Messages sent","Messages received", "Starting x", "Starting y","Starting node", "Vehicle distance", "Received node ids", "Node ids", "Transmission map", "Received on circ nodes", "Transmission vector"
0,1,500,500,1,1344,19,1344,19,25174.2,3.78947,27.0526,575,1344,1925,100,745,25,744_746_743_747_742_748_741_749_740_750_739_751_480_738_752_481_482_483_737_753_484_485_384_736_754_385_386_387_735_755_734_756_733_757_732_758_731_759_730_760_729_761_728_762_727_763_831_726_764_830_725_765_829_766_767_576_577_578_579_580_581_582_583_745_724_723_722_721_288_720_289_290_291_719_292_293_718_717_716_715_714_713_712_711_710_709_708_707_811_828_827_400_826_832_399_401_398_402_825_833_397_403_396_404_824_834_395_405_823_835_394_406_822_836_393_407_821_837_392_408_820_838_819_839_818_840_817_841_304_816_842_305_306_307_815_843_814_844_813_845_812_846_931_932_933_847_934_935_496_810_848_497_494_498_493_499_492_500_936_491_501_490_502_809_849_937_310_311_486_487_488_489_495_503_504_294_505_295_506_850_296_851_507_852_297_508_853_298_854_509_299_855_510_300_511_301_512_944_302_513_303_514_706_515_705_516_194_193_195_192_388_704_389_390_517_391_703_518_591_308_590_702_589_519_588_309_701_520_521_808_807_806_805_804_803_802_801_208_800_209_210_211_799_798_797_796_795_794_793_792_918_791_895_919_312_313_314_315_316_317_318_319_212_213_214_320_912_913_914_909_915_215_908_916_907_917_216_906_321_905_217_409_904_920_218_322_410_323_324_911_910_325_326_327_328_329_330_331_903_921_332_922_333_923_334_924_335_899_925_336_1008_1009_898_926_1010_1011_1012_1013_337_897_927_1014_1015_226_338_418_225_227_417_419_224_416_420_896_928_1016_223_415_421_222_414_422_1017_423_339_424_929_1018_425_1019_426_340_894_930_427_1020_428_341_893_1021_429_1022_342_430_431_432_1024_1023_1025_1026_433_1027_434_1028_435_1029_436_1030_437_1031_438_1032_439_1033_440_441_442_443_444_445_446_530_531_413_447_532_533_534_412_448_1120_1121_1122_1123_535_1124_1125_536_1126_411_449_1127_537_1128_450_538_957_451_1119_1129_452_1118_1130_453_1117_1131_454_1116_1132_455_1115_1133_1114_1134_1113_1135_544_1112_1136_1111_1137_1110_1138_1109_1139_1108_1140_1107_1141_1106_1142_1105_1143_352_1104_1144_207_206_205_204_203_202_790_201_789_200_788_787_786_785_112_784_113_114_115_783_782_781_780_900_901_779_902_99_691_778_98_690_97_689_777_1145_1146_543_545_542_546_541_547_1147_540_548_1148_539_549_550_1149_551_1150_1151_640_529_1043_1042_1041_528_1040_1039_1038_527_1037_1036_526_525_196_700_197_699_198_698_199_697_696_695_694_693_692_96_688_687_686_685_684_109_877_238_351_353_1103_350_354_1102_349_355_1101_348_356_1100_347_357_1099_346_358_1098_345_359_1097_344_360_1096_343_361_1095_362_1094_363_1093_364_1092_365_1091_366_1090_367_1089_256_368_1088_1200_257_1201_258_1202_259_1203_1204_1205_369_1087_1206_1207_456_1208_370_1086_457_1209_458_1210_371_1085_459_1211_372_460_1084_1212_221_220_228_219_229_230_892_231_891_232_890_233_889_234_888_235_887_236_886_237_885_884_239_883_995_994_996_993_997_240_992_998_991_999_990_1000_882_989_1001_241_1002_1003_881_242_1004_1005_128_880_129_130_131_243_1006_879_1007_244_245_988_246_987_247_986_248_985_249_984_250_983_251_982_252_253_254_979_255_978_977_145_144_146_976_143_147_975_974_260_973_261_943_945_942_946_941_947_940_948_939_949_938_950_951_522_523_524_615_461_462_463_464_1216_1215_1217_1214_1218_465_1213_1219_1220_466_1221_467_1222_468_1223_469_470_471_472_473_474_475_476_477_478_565_566_479_567_568_1312_1083_373_374_262_1082_263_1081_375_376_264_1080_1199_1198_377_1197_265_1079_266_1078_378_379_267_1077_268_1076_380_381_269_1075_382_270_1074_271_1073_383_1296_160_1072_161_162_163_1188_1189_1071_1190_1070_1069_276_1068_1183_1182_1181_111_776_775_774_878_1224_1225_1226_1227_1192_1228_1191_1229_1230_952_953_954_955_956_958_1045_1046_959_1047_608_1048_603_876_587_586_592_863_862_585_593_861_584_594_860_859_595_858_596_857_597_856_598_599_600_601_602_604_605_606_607_609_148_149_150_151_152_153_154_155_142_141_140_1044_1035_556_619_557_558_1034_683_682_681_100_680_101_679_102_678_103_677_104_676_675_674_673_0_672_1_2_3_569_570_571_564_572_563_573_562_574_561_575_560_1232_1328_1231_1233_1327_1329_1234_1326_1330_1235_1325_1331_559_555_554_553_552_614_616_613_617_612_618_611_610_620_621_622_623_624_1055_1054_625_626_627_628_629_630_631_632_633_634_635_639_641_638_642_637_643_636_644_645_646_647_648_164_165_166_159_167_158_168_1067_157_169_1066_156_170_1065_171_1064_172_173_174_175_176_1168_1169_1170_1059_1171_1172_1173_177_1058_1174_1175_178_1176_1057_1177_67_179_66_65_64_1056_1178_63_62_180_1179_61_1180_181_182_183_1311_1313_1310_1314_1193_1194_1195_1196_1187_1186_1185_272_1184_273_274_275_60_59_1060_58_68_1061_57_69_1062_56_70_1063_55_71_54_72_53_73_52_74_51_75_50_76_49_77_48_78_960_961_962_963_47_79_46_80_1152_1153_1154_1155_1156_1157_45_81_1158_1159_1160_44_82_1161_1162_43_83_277_278_279_280_281_282_1167_1281_1282_1283_1284_1166_1285_1286_1287_1165_1288_1289_1164_1290_1163_1291_1292_1293_184_1294_185_1295_186_187_1297_188_1298_189_1299_190_1300_191_1301_1264_1265_1266_1267_1268_1269_1280_1302_1270_1279_1303_1278_1304_283_1305_284_1306_285_1307_1308_1309_773_772_771_770_769_16_768_15_17_14_18_13_19_12_20_11_21_10_22_972_971_970_969_968_139_967_138_966_980_137_965_981_136_964_126_35_867_34_125_866_33_865_1318_1319_127_875_124_132_874_123_133_873_122_134_872_121_135_871_120_870_119_869_118_868_32_864_108_110_107_106_105_116_117_23_24_25_42_41_40_39_31_30_29_1275_1049_1050_1051_1052_1271_1272_286_287_1277_1276_1274_1273_1262_1261_1236_1237_1238_1239_1240_1241_649_1242_650_1243_651_1244_652_1245_653_26_27_28_36_9_37_8_38_7_6_5_4_1246_654_1247_655_656_657_658_659_660_661_662_663_664_665_666_667_668_669_670_671_84_1317_1316_1320_1315_1321_1322_1323_1324_1332_1333_1334_1335_1336_1337_1338_1053_1263_1260_1259_1258_1257_1256_1255_1254_85_86_87_88_89_90_91_92_93_94_95_1248_1253_1343_1342_1341_1340_1339_1252_1251_1250_1249_,0_1_2_3_4_5_6_7_8_9_10_11_12_13_14_15_16_17_18_19_20_21_22_23_24_25_26_27_28_29_30_31_32_33_34_35_36_37_38_39_40_41_42_43_44_45_46_47_48_49_50_51_52_53_54_55_56_57_58_59_60_61_62_63_64_65_66_67_68_69_70_71_72_73_74_75_76_77_78_79_80_81_82_83_84_85_86_87_88_89_90_91_92_93_94_95_96_97_98_99_100_101_102_103_104_105_106_107_108_109_110_111_112_113_114_115_116_117_118_119_120_121_122_123_124_125_126_127_128_129_130_131_132_133_134_135_136_137_138_139_140_141_142_143_144_145_146_147_148_149_150_151_152_153_154_155_156_157_158_159_160_161_162_163_164_165_166_167_168_169_170_171_172_173_174_175_176_177_178_179_180_181_182_183_184_185_186_187_188_189_190_191_192_193_194_195_196_197_198_199_200_201_202_203_204_205_206_207_208_209_210_211_212_213_214_215_216_217_218_219_220_221_222_223_224_225_226_227_228_229_230_231_232_233_234_235_236_237_238_239_240_241_242_243_244_245_246_247_248_249_250_251_252_253_254_255_256_257_258_259_260_261_262_263_264_265_266_267_268_269_270_271_272_273_274_275_276_277_278_279_280_281_282_283_284_285_286_287_288_289_290_291_292_293_294_295_296_297_298_299_300_301_302_303_304_305_306_307_308_309_310_311_312_313_314_315_316_317_318_319_320_321_322_323_324_325_326_327_328_329_330_331_332_333_334_335_336_337_338_339_340_341_342_343_344_345_346_347_348_349_350_351_352_353_354_355_356_357_358_359_360_361_362_363_364_365_366_367_368_369_370_371_372_373_374_375_376_377_378_379_380_381_382_383_384_385_386_387_388_389_390_391_392_393_394_395_396_397_398_399_400_401_402_403_404_405_406_407_408_409_410_411_412_413_414_415_416_417_418_419_420_421_422_423_424_425_426_427_428_429_430_431_432_433_434_435_436_437_438_439_440_441_442_443_444_445_446_447_448_449_450_451_452_453_454_455_456_457_458_459_460_461_462_463_464_465_466_467_468_469_470_471_472_473_474_475_476_477_478_479_480_481_482_483_484_485_486_487_488_489_490_491_492_493_494_495_496_497_498_499_500_501_502_503_504_505_506_507_508_509_510_511_512_513_514_515_516_517_518_519_520_521_522_523_524_525_526_527_528_529_530_531_532_533_534_535_536_537_538_539_540_541_542_543_544_545_546_547_548_549_550_551_552_553_554_555_556_557_558_559_560_561_562_563_564_565_566_567_568_569_570_571_572_573_574_575_576_577_578_579_580_581_582_583_584_585_586_587_588_589_590_591_592_593_594_595_596_597_598_599_600_601_602_603_604_605_606_607_608_609_610_611_612_613_614_615_616_617_618_619_620_621_622_623_624_625_626_627_628_629_630_631_632_633_634_635_636_637_638_639_640_641_642_643_644_645_646_647_648_649_650_651_652_653_654_655_656_657_658_659_660_661_662_663_664_665_666_667_668_669_670_671_672_673_674_675_676_677_678_679_680_681_682_683_684_685_686_687_688_689_690_691_692_693_694_695_696_697_698_699_700_701_702_703_704_705_706_707_708_709_710_711_712_713_714_715_716_717_718_719_720_721_722_723_724_725_726_727_728_729_730_731_732_733_734_735_736_737_738_739_740_741_742_743_744_745_746_747_748_749_750_751_752_753_754_755_756_757_758_759_760_761_762_763_764_765_766_767_768_769_770_771_772_773_774_775_776_777_778_779_780_781_782_783_784_785_786_787_788_789_790_791_792_793_794_795_796_797_798_799_800_801_802_803_804_805_806_807_808_809_810_811_812_813_814_815_816_817_818_819_820_821_822_823_824_825_826_827_828_829_830_831_832_833_834_835_836_837_838_839_840_841_842_843_844_845_846_847_848_849_850_851_852_853_854_855_856_857_858_859_860_861_862_863_864_865_866_867_868_869_870_871_872_873_874_875_876_877_878_879_880_881_882_883_884_885_886_887_888_889_890_891_892_893_894_895_896_897_898_899_900_901_902_903_904_905_906_907_908_909_910_911_912_913_914_915_916_917_918_919_920_921_922_923_924_925_926_927_928_929_930_931_932_933_934_935_936_937_938_939_940_941_942_943_944_945_946_947_948_949_950_951_952_953_954_955_956_957_958_959_960_961_962_963_964_965_966_967_968_969_970_971_972_973_974_975_976_977_978_979_980_981_982_983_984_985_986_987_988_989_990_991_992_993_994_995_996_997_998_999_1000_1001_1002_1003_1004_1005_1006_1007_1008_1009_1010_1011_1012_1013_1014_1015_1016_1017_1018_1019_1020_1021_1022_1023_1024_1025_1026_1027_1028_1029_1030_1031_1032_1033_1034_1035_1036_1037_1038_1039_1040_1041_1042_1043_1044_1045_1046_1047_1048_1049_1050_1051_1052_1053_1054_1055_1056_1057_1058_1059_1060_1061_1062_1063_1064_1065_1066_1067_1068_1069_1070_1071_1072_1073_1074_1075_1076_1077_1078_1079_1080_1081_1082_1083_1084_1085_1086_1087_1088_1089_1090_1091_1092_1093_1094_1095_1096_1097_1098_1099_1100_1101_1102_1103_1104_1105_1106_1107_1108_1109_1110_1111_1112_1113_1114_1115_1116_1117_1118_1119_1120_1121_1122_1123_1124_1125_1126_1127_1128_1129_1130_1131_1132_1133_1134_1135_1136_1137_1138_1139_1140_1141_1142_1143_1144_1145_1146_1147_1148_1149_1150_1151_1152_1153_1154_1155_1156_1157_1158_1159_1160_1161_1162_1163_1164_1165_1166_1167_1168_1169_1170_1171_1172_1173_1174_1175_1176_1177_1178_1179_1180_1181_1182_1183_1184_1185_1186_1187_1188_1189_1190_1191_1192_1193_1194_1195_1196_1197_1198_1199_1200_1201_1202_1203_1204_1205_1206_1207_1208_1209_1210_1211_1212_1213_1214_1215_1216_1217_1218_1219_1220_1221_1222_1223_1224_1225_1226_1227_1228_1229_1230_1231_1232_1233_1234_1235_1236_1237_1238_1239_1240_1241_1242_1243_1244_1245_1246_1247_1248_1249_1250_1251_1252_1253_1254_1255_1256_1257_1258_1259_1260_1261_1262_1263_1264_1265_1266_1267_1268_1269_1270_1271_1272_1273_1274_1275_1276_1277_1278_1279_1280_1281_1282_1283_1284_1285_1286_1287_1288_1289_1290_1291_1292_1293_1294_1295_1296_1297_1298_1299_1300_1301_1302_1303_1304_1305_1306_1307_1308_1309_1310_1311_1312_1313_1314_1315_1316_1317_1318_1319_1320_1321_1322_1323_1324_1325_1326_1327_1328_1329_1330_1331_1332_1333_1334_1335_1336_1337_1338_1339_1340_1341_1342_1343_,23:{26;27;28;36;9;37;8;38;7;6;5;4;}63:{60;59;1060;58;68;1061;57;69;1062;56;70;1063;55;71;54;72;53;73;52;74;51;75;50;76;49;77;48;78;960;961;962;963;47;79;46;80;1152;1153;1154;1155;1156;1157;45;81;1158;1159;1160;44;82;1161;1162;43;83;}64:{84;}84:{85;86;87;88;89;90;91;92;93;94;95;1248;}109:{108;110;107;106;105;116;117;23;24;25;}163:{164;165;166;159;167;158;168;1067;157;169;1066;156;170;1065;171;1064;172;173;174;175;176;1168;1169;1170;1059;1171;1172;1173;177;1058;1174;1175;178;1176;1057;1177;67;179;66;65;64;1056;1178;63;62;180;1179;61;1180;181;182;183;}177:{184;185;186;187;188;189;190;191;1264;1265;1266;1267;1268;1269;1270;283;284;285;}191:{1263;1260;1259;1258;1257;1256;1255;1254;}192:{196;700;197;699;198;698;199;697;696;695;694;693;692;96;688;687;686;685;684;}217:{109;}218:{877;238;}239:{148;149;150;151;152;153;154;155;}241:{244;245;988;246;987;247;986;248;985;249;984;250;983;251;982;252;253;254;979;255;978;977;145;144;146;976;143;147;975;974;260;973;261;}244:{142;141;140;}285:{286;287;1277;1276;1274;1273;1262;1261;}290:{294;295;296;297;298;299;300;301;302;303;706;705;194;193;195;192;388;704;389;390;391;703;308;702;309;701;}291:{310;311;}302:{312;313;314;315;316;317;318;319;212;213;214;320;912;913;914;909;915;215;908;916;907;917;216;906;321;905;217;409;904;920;218;322;410;}322:{323;324;911;910;325;326;327;328;329;330;331;903;921;332;922;333;923;334;924;335;899;925;336;1008;1009;898;926;1010;1011;1012;1013;337;897;927;1014;1015;226;338;418;225;227;417;419;224;416;420;896;928;1016;223;415;421;222;414;422;1017;423;339;424;929;1018;425;1019;426;340;894;930;427;1020;428;341;893;1021;429;1022;342;430;}372:{373;374;375;376;1199;1198;377;1197;378;379;380;381;382;383;1296;1183;1182;1181;}430:{431;432;1024;1023;1025;1026;433;1027;434;1028;435;1029;436;1030;437;1031;438;1032;439;1033;440;441;442;443;444;445;446;530;531;413;447;532;533;534;412;448;1120;1121;1122;1123;535;1124;1125;536;1126;411;449;1127;537;1128;450;538;}460:{461;462;463;464;1216;1215;1217;1214;1218;465;1213;1219;1220;466;1221;467;1222;468;1223;469;470;471;472;473;474;475;476;477;478;565;566;479;567;568;1312;}471:{1311;1313;1310;1314;}484:{486;487;488;489;495;503;504;}501:{505;506;850;851;507;852;508;853;854;509;855;510;511;512;944;513;514;515;516;517;518;591;590;589;519;588;520;521;}507:{943;945;942;946;941;947;940;948;939;949;938;950;951;522;523;524;615;}518:{603;}535:{1044;1035;619;}538:{556;557;558;}545:{1236;1237;1238;1239;1240;1241;649;1242;650;1243;651;1244;652;1245;653;}547:{1246;654;1247;655;}568:{569;570;571;564;572;563;573;562;574;561;575;560;1232;1328;1231;1233;1327;1329;1234;1326;1330;1235;1325;1331;559;555;554;553;552;}589:{587;586;592;863;862;585;593;861;584;594;860;859;595;858;596;857;597;856;598;599;600;601;602;604;605;606;607;609;}615:{614;616;613;617;612;618;611;610;620;621;622;623;624;1055;1054;625;626;627;628;629;630;631;632;633;634;635;}629:{1053;}652:{656;657;658;659;660;661;662;663;664;665;666;667;668;669;670;671;}668:{1343;1342;1341;1340;1339;}685:{683;682;681;100;680;101;679;102;678;103;677;104;676;675;674;673;0;672;1;2;3;}727:{724;723;722;721;288;720;289;290;291;719;292;293;718;717;716;715;714;713;712;711;710;709;708;707;811;}745:{744;746;743;747;742;748;741;749;740;750;739;751;480;738;752;481;482;483;737;753;484;485;384;736;754;385;386;387;735;755;734;756;733;757;732;758;731;759;730;760;729;761;728;762;727;763;831;726;764;830;725;765;829;}764:{766;767;576;577;578;579;580;581;582;583;745;}774:{773;772;771;770;769;16;768;15;17;14;18;13;19;12;20;11;21;10;22;}794:{111;776;775;774;878;}797:{207;206;205;204;203;202;790;201;789;200;788;787;786;785;112;784;113;114;115;783;782;781;780;900;901;779;902;99;691;778;98;690;97;689;777;}811:{808;807;806;805;804;803;802;801;208;800;209;210;211;799;798;797;796;795;794;793;792;918;791;895;919;}829:{828;827;400;826;832;399;401;398;402;825;833;397;403;396;404;824;834;395;405;823;835;394;406;822;836;393;407;821;837;392;408;820;838;819;839;818;840;817;841;304;816;842;305;306;307;815;843;814;844;813;845;812;846;931;932;933;847;934;935;496;810;848;497;494;498;493;499;492;500;936;491;501;490;502;809;849;937;}879:{127;875;124;132;874;123;133;873;122;134;872;121;135;871;120;870;119;869;118;868;32;864;}896:{876;}899:{221;220;228;219;229;230;892;231;891;232;890;233;889;234;888;235;887;236;886;237;885;884;239;883;995;994;996;993;997;240;992;998;991;999;990;1000;882;989;1001;241;1002;1003;881;242;1004;1005;128;880;129;130;131;243;1006;879;1007;}937:{957;}940:{952;953;954;955;956;958;1045;1046;959;1047;608;1048;}962:{42;41;40;39;31;30;29;}973:{972;971;970;969;968;139;967;138;966;980;137;965;981;136;964;126;35;867;34;125;866;33;865;}1020:{1034;}1032:{1049;1050;1051;1052;}1088:{1083;262;1082;263;1081;264;1080;265;1079;266;1078;267;1077;268;1076;269;1075;270;1074;271;1073;160;1072;161;162;163;1188;1189;1071;1190;1070;1069;276;1068;}1104:{351;353;1103;350;354;1102;349;355;1101;348;356;1100;347;357;1099;346;358;1098;345;359;1097;344;360;1096;343;361;1095;362;1094;363;1093;364;1092;365;1091;366;1090;367;1089;256;368;1088;1200;257;1201;258;1202;259;1203;1204;1205;369;1087;1206;1207;456;1208;370;1086;457;1209;458;1210;371;1085;459;1211;372;460;1084;1212;}1124:{451;1119;1129;452;1118;1130;453;1117;1131;454;1116;1132;455;1115;1133;1114;1134;1113;1135;544;1112;1136;1111;1137;1110;1138;1109;1139;1108;1140;1107;1141;1106;1142;1105;1143;352;1104;1144;}1141:{1145;1146;543;545;542;546;541;547;1147;540;548;1148;539;549;550;1149;551;1150;1151;640;529;1043;1042;1041;528;1040;1039;1038;527;1037;1036;526;525;}1149:{639;641;638;642;637;643;636;644;645;646;647;648;}1164:{1271;1272;}1183:{277;278;279;280;281;282;1167;1281;1282;1283;1284;1166;1285;1286;1287;1165;1288;1289;1164;1290;1163;1291;}1191:{1275;}1192:{1193;1194;1195;1196;1187;1186;1185;272;1184;273;274;275;}1210:{1224;1225;1226;1227;1192;1228;1191;1229;1230;}1211:{1318;1319;}1255:{1249;}1270:{1252;1251;1250;}1273:{1253;}1291:{1292;1293;1294;1295;1297;1298;1299;1300;1301;1280;1302;1279;1303;1278;1304;1305;1306;1307;1308;1309;}1318:{1317;1316;1320;1315;1321;1322;1323;1324;1332;1333;1334;1335;1336;1337;1338;},192_318_319_320_422_423_424_519_520_608_609_704_705_706_804_805_912_913_914_,745-744*0_745-746*0_745-743*0_745-747*0_745-742*0_745-748*0_745-741*0_745-749*0_745-740*0_745-750*0_745-739*0_745-751*0_745-480*0_745-738*0_745-752*0_745-481*0_745-482*0_745-483*0_745-737*0_745-753*0_745-484*0_745-485*0_745-384*0_745-736*0_745-754*0_745-385*0_745-386*0_745-387*0_745-735*0_745-755*0_745-734*0_745-756*0_745-733*0_745-757*0_745-732*0_745-758*0_745-731*0_745-759*0_745-730*0_745-760*0_745-729*0_745-761*0_745-728*0_745-762*0_745-727*0_745-763*0_745-831*0_745-726*0_745-764*0_745-830*0_745-725*0_745-765*0_745-829*0_764-766*1_764-767*1_764-576*1_764-577*1_764-578*1_764-579*1_764-580*1_764-581*1_764-582*1_764-583*1_764-745*1_727-724*1_727-723*1_727-722*1_727-721*1_727-288*1_727-720*1_727-289*1_727-290*1_727-291*1_727-719*1_727-292*1_727-293*1_727-718*1_727-717*1_727-716*1_727-715*1_727-714*1_727-713*1_727-712*1_727-711*1_727-710*1_727-709*1_727-708*1_727-707*1_727-811*1_829-828*1_829-827*1_829-400*1_829-826*1_829-832*1_829-399*1_829-401*1_829-398*1_829-402*1_829-825*1_829-833*1_829-397*1_829-403*1_829-396*1_829-404*1_829-824*1_829-834*1_829-395*1_829-405*1_829-823*1_829-835*1_829-394*1_829-406*1_829-822*1_829-836*1_829-393*1_829-407*1_829-821*1_829-837*1_829-392*1_829-408*1_829-820*1_829-838*1_829-819*1_829-839*1_829-818*1_829-840*1_829-817*1_829-841*1_829-304*1_829-816*1_829-842*1_829-305*1_829-306*1_829-307*1_829-815*1_829-843*1_829-814*1_829-844*1_829-813*1_829-845*1_829-812*1_829-846*1_829-931*1_829-932*1_829-933*1_829-847*1_829-934*1_829-935*1_829-496*1_829-810*1_829-848*1_829-497*1_829-494*1_829-498*1_829-493*1_829-499*1_829-492*1_829-500*1_829-936*1_829-491*1_829-501*1_829-490*1_829-502*1_829-809*1_829-849*1_829-937*1_291-310*2_291-311*2_484-486*1_484-487*1_484-488*1_484-489*1_484-495*1_484-503*1_484-504*1_290-294*2_501-505*2_290-295*2_501-506*2_501-850*2_290-296*2_501-851*2_501-507*2_501-852*2_290-297*2_501-508*2_501-853*2_290-298*2_501-854*2_501-509*2_290-299*2_501-855*2_501-510*2_290-300*2_501-511*2_290-301*2_501-512*2_501-944*2_290-302*2_501-513*2_290-303*2_501-514*2_290-706*2_501-515*2_290-705*2_501-516*2_290-194*2_290-193*2_290-195*2_290-192*2_290-388*2_290-704*2_290-389*2_290-390*2_501-517*2_290-391*2_290-703*2_501-518*2_501-591*2_290-308*2_501-590*2_290-702*2_501-589*2_501-519*2_501-588*2_290-309*2_290-701*2_501-520*2_501-521*2_811-808*2_811-807*2_811-806*2_811-805*2_811-804*2_811-803*2_811-802*2_811-801*2_811-208*2_811-800*2_811-209*2_811-210*2_811-211*2_811-799*2_811-798*2_811-797*2_811-796*2_811-795*2_811-794*2_811-793*2_811-792*2_811-918*2_811-791*2_811-895*2_811-919*2_302-312*3_302-313*3_302-314*3_302-315*3_302-316*3_302-317*3_302-318*3_302-319*3_302-212*3_302-213*3_302-214*3_302-320*3_302-912*3_302-913*3_302-914*3_302-909*3_302-915*3_302-215*3_302-908*3_302-916*3_302-907*3_302-917*3_302-216*3_302-906*3_302-321*3_302-905*3_302-217*3_302-409*3_302-904*3_302-920*3_302-218*3_302-322*3_302-410*3_322-323*4_322-324*4_322-911*4_322-910*4_322-325*4_322-326*4_322-327*4_322-328*4_322-329*4_322-330*4_322-331*4_322-903*4_322-921*4_322-332*4_322-922*4_322-333*4_322-923*4_322-334*4_322-924*4_322-335*4_322-899*4_322-925*4_322-336*4_322-1008*4_322-1009*4_322-898*4_322-926*4_322-1010*4_322-1011*4_322-1012*4_322-1013*4_322-337*4_322-897*4_322-927*4_322-1014*4_322-1015*4_322-226*4_322-338*4_322-418*4_322-225*4_322-227*4_322-417*4_322-419*4_322-224*4_322-416*4_322-420*4_322-896*4_322-928*4_322-1016*4_322-223*4_322-415*4_322-421*4_322-222*4_322-414*4_322-422*4_322-1017*4_322-423*4_322-339*4_322-424*4_322-929*4_322-1018*4_322-425*4_322-1019*4_322-426*4_322-340*4_322-894*4_322-930*4_322-427*4_322-1020*4_322-428*4_322-341*4_322-893*4_322-1021*4_322-429*4_322-1022*4_322-342*4_322-430*4_430-431*5_430-432*5_430-1024*5_430-1023*5_430-1025*5_430-1026*5_430-433*5_430-1027*5_430-434*5_430-1028*5_430-435*5_430-1029*5_430-436*5_430-1030*5_430-437*5_430-1031*5_430-438*5_430-1032*5_430-439*5_430-1033*5_430-440*5_430-441*5_430-442*5_430-443*5_430-444*5_430-445*5_430-446*5_430-530*5_430-531*5_430-413*5_430-447*5_430-532*5_430-533*5_430-534*5_430-412*5_430-448*5_430-1120*5_430-1121*5_430-1122*5_430-1123*5_430-535*5_430-1124*5_430-1125*5_430-536*5_430-1126*5_430-411*5_430-449*5_430-1127*5_430-537*5_430-1128*5_430-450*5_430-538*5_937-957*2_1124-451*6_1124-1119*6_1124-1129*6_1124-452*6_1124-1118*6_1124-1130*6_1124-453*6_1124-1117*6_1124-1131*6_1124-454*6_1124-1116*6_1124-1132*6_1124-455*6_1124-1115*6_1124-1133*6_1124-1114*6_1124-1134*6_1124-1113*6_1124-1135*6_1124-544*6_1124-1112*6_1124-1136*6_1124-1111*6_1124-1137*6_1124-1110*6_1124-1138*6_1124-1109*6_1124-1139*6_1124-1108*6_1124-1140*6_1124-1107*6_1124-1141*6_1124-1106*6_1124-1142*6_1124-1105*6_1124-1143*6_1124-352*6_1124-1104*6_1124-1144*6_797-207*4_797-206*4_797-205*4_797-204*4_797-203*4_797-202*4_797-790*4_797-201*4_797-789*4_797-200*4_797-788*4_797-787*4_797-786*4_797-785*4_797-112*4_797-784*4_797-113*4_797-114*4_797-115*4_797-783*4_797-782*4_797-781*4_797-780*4_797-900*4_797-901*4_797-779*4_797-902*4_797-99*4_797-691*4_797-778*4_797-98*4_797-690*4_797-97*4_797-689*4_797-777*4_1141-1145*7_1141-1146*7_1141-543*7_1141-545*7_1141-542*7_1141-546*7_1141-541*7_1141-547*7_1141-1147*7_1141-540*7_1141-548*7_1141-1148*7_1141-539*7_1141-549*7_1141-550*7_1141-1149*7_1141-551*7_1141-1150*7_1141-1151*7_1141-640*7_1141-529*7_1141-1043*7_1141-1042*7_1141-1041*7_1141-528*7_1141-1040*7_1141-1039*7_1141-1038*7_1141-527*7_1141-1037*7_1141-1036*7_1141-526*7_1141-525*7_192-196*3_192-700*3_192-197*3_192-699*3_192-198*3_192-698*3_192-199*3_192-697*3_192-696*3_192-695*3_192-694*3_192-693*3_192-692*3_192-96*3_192-688*3_192-687*3_192-686*3_192-685*3_192-684*3_217-109*4_218-877*4_218-238*4_1104-351*7_1104-353*7_1104-1103*7_1104-350*7_1104-354*7_1104-1102*7_1104-349*7_1104-355*7_1104-1101*7_1104-348*7_1104-356*7_1104-1100*7_1104-347*7_1104-357*7_1104-1099*7_1104-346*7_1104-358*7_1104-1098*7_1104-345*7_1104-359*7_1104-1097*7_1104-344*7_1104-360*7_1104-1096*7_1104-343*7_1104-361*7_1104-1095*7_1104-362*7_1104-1094*7_1104-363*7_1104-1093*7_1104-364*7_1104-1092*7_1104-365*7_1104-1091*7_1104-366*7_1104-1090*7_1104-367*7_1104-1089*7_1104-256*7_1104-368*7_1104-1088*7_1104-1200*7_1104-257*7_1104-1201*7_1104-258*7_1104-1202*7_1104-259*7_1104-1203*7_1104-1204*7_1104-1205*7_1104-369*7_1104-1087*7_1104-1206*7_1104-1207*7_1104-456*7_1104-1208*7_1104-370*7_1104-1086*7_1104-457*7_1104-1209*7_1104-458*7_1104-1210*7_1104-371*7_1104-1085*7_1104-459*7_1104-1211*7_1104-372*7_1104-460*7_1104-1084*7_1104-1212*7_899-221*5_899-220*5_899-228*5_899-219*5_899-229*5_899-230*5_899-892*5_899-231*5_899-891*5_899-232*5_899-890*5_899-233*5_899-889*5_899-234*5_899-888*5_899-235*5_899-887*5_899-236*5_899-886*5_899-237*5_899-885*5_899-884*5_899-239*5_899-883*5_899-995*5_899-994*5_899-996*5_899-993*5_899-997*5_899-240*5_899-992*5_899-998*5_899-991*5_899-999*5_899-990*5_899-1000*5_899-882*5_899-989*5_899-1001*5_899-241*5_899-1002*5_899-1003*5_899-881*5_899-242*5_899-1004*5_899-1005*5_899-128*5_899-880*5_899-129*5_899-130*5_899-131*5_899-243*5_899-1006*5_899-879*5_899-1007*5_241-244*6_241-245*6_241-988*6_241-246*6_241-987*6_241-247*6_241-986*6_241-248*6_241-985*6_241-249*6_241-984*6_241-250*6_241-983*6_241-251*6_241-982*6_241-252*6_241-253*6_241-254*6_241-979*6_241-255*6_241-978*6_241-977*6_241-145*6_241-144*6_241-146*6_241-976*6_241-143*6_241-147*6_241-975*6_241-974*6_241-260*6_241-973*6_241-261*6_507-943*3_507-945*3_507-942*3_507-946*3_507-941*3_507-947*3_507-940*3_507-948*3_507-939*3_507-949*3_507-938*3_507-950*3_507-951*3_507-522*3_507-523*3_507-524*3_507-615*3_460-461*8_460-462*8_460-463*8_460-464*8_460-1216*8_460-1215*8_460-1217*8_460-1214*8_460-1218*8_460-465*8_460-1213*8_460-1219*8_460-1220*8_460-466*8_460-1221*8_460-467*8_460-1222*8_460-468*8_460-1223*8_460-469*8_460-470*8_460-471*8_460-472*8_460-473*8_460-474*8_460-475*8_460-476*8_460-477*8_460-478*8_460-565*8_460-566*8_460-479*8_460-567*8_460-568*8_460-1312*8_1088-1083*8_372-373*8_372-374*8_1088-262*8_1088-1082*8_1088-263*8_1088-1081*8_372-375*8_372-376*8_1088-264*8_1088-1080*8_372-1199*8_372-1198*8_372-377*8_372-1197*8_1088-265*8_1088-1079*8_1088-266*8_1088-1078*8_372-378*8_372-379*8_1088-267*8_1088-1077*8_1088-268*8_1088-1076*8_372-380*8_372-381*8_1088-269*8_1088-1075*8_372-382*8_1088-270*8_1088-1074*8_1088-271*8_1088-1073*8_372-383*8_372-1296*8_1088-160*8_1088-1072*8_1088-161*8_1088-162*8_1088-163*8_1088-1188*8_1088-1189*8_1088-1071*8_1088-1190*8_1088-1070*8_1088-1069*8_1088-276*8_1088-1068*8_372-1183*8_372-1182*8_372-1181*8_794-111*5_794-776*5_794-775*5_794-774*5_794-878*5_1210-1224*7_1210-1225*7_1210-1226*7_1210-1227*7_1210-1192*7_1210-1228*7_1210-1191*7_1210-1229*7_1210-1230*7_940-952*4_940-953*4_940-954*4_940-955*4_940-956*4_940-958*4_940-1045*4_940-1046*4_940-959*4_940-1047*4_940-608*4_940-1048*4_518-603*4_896-876*5_589-587*3_589-586*3_589-592*3_589-863*3_589-862*3_589-585*3_589-593*3_589-861*3_589-584*3_589-594*3_589-860*3_589-859*3_589-595*3_589-858*3_589-596*3_589-857*3_589-597*3_589-856*3_589-598*3_589-599*3_589-600*3_589-601*3_589-602*3_589-604*3_589-605*3_589-606*3_589-607*3_589-609*3_239-148*6_239-149*6_239-150*6_239-151*6_239-152*6_239-153*6_239-154*6_239-155*6_244-142*6_244-141*6_244-140*6_535-1044*6_535-1035*6_538-556*6_535-619*6_538-557*6_538-558*6_1020-1034*5_685-683*5_685-682*5_685-681*5_685-100*5_685-680*5_685-101*5_685-679*5_685-102*5_685-678*5_685-103*5_685-677*5_685-104*5_685-676*5_685-675*5_685-674*5_685-673*5_685-0*5_685-672*5_685-1*5_685-2*5_685-3*5_568-569*9_568-570*9_568-571*9_568-564*9_568-572*9_568-563*9_568-573*9_568-562*9_568-574*9_568-561*9_568-575*9_568-560*9_568-1232*9_568-1328*9_568-1231*9_568-1233*9_568-1327*9_568-1329*9_568-1234*9_568-1326*9_568-1330*9_568-1235*9_568-1325*9_568-1331*9_568-559*9_568-555*9_568-554*9_568-553*9_568-552*9_615-614*4_615-616*4_615-613*4_615-617*4_615-612*4_615-618*4_615-611*4_615-610*4_615-620*4_615-621*4_615-622*4_615-623*4_615-624*4_615-1055*4_615-1054*4_615-625*4_615-626*4_615-627*4_615-628*4_615-629*4_615-630*4_615-631*4_615-632*4_615-633*4_615-634*4_615-635*4_1149-639*8_1149-641*8_1149-638*8_1149-642*8_1149-637*8_1149-643*8_1149-636*8_1149-644*8_1149-645*8_1149-646*8_1149-647*8_1149-648*8_163-164*9_163-165*9_163-166*9_163-159*9_163-167*9_163-158*9_163-168*9_163-1067*9_163-157*9_163-169*9_163-1066*9_163-156*9_163-170*9_163-1065*9_163-171*9_163-1064*9_163-172*9_163-173*9_163-174*9_163-175*9_163-176*9_163-1168*9_163-1169*9_163-1170*9_163-1059*9_163-1171*9_163-1172*9_163-1173*9_163-177*9_163-1058*9_163-1174*9_163-1175*9_163-178*9_163-1176*9_163-1057*9_163-1177*9_163-67*9_163-179*9_163-66*9_163-65*9_163-64*9_163-1056*9_163-1178*9_163-63*9_163-62*9_163-180*9_163-1179*9_163-61*9_163-1180*9_163-181*9_163-182*9_163-183*9_471-1311*9_471-1313*9_471-1310*9_471-1314*9_1192-1193*8_1192-1194*8_1192-1195*8_1192-1196*8_1192-1187*8_1192-1186*8_1192-1185*8_1192-272*8_1192-1184*8_1192-273*8_1192-274*8_1192-275*8_63-60*10_63-59*10_63-1060*10_63-58*10_63-68*10_63-1061*10_63-57*10_63-69*10_63-1062*10_63-56*10_63-70*10_63-1063*10_63-55*10_63-71*10_63-54*10_63-72*10_63-53*10_63-73*10_63-52*10_63-74*10_63-51*10_63-75*10_63-50*10_63-76*10_63-49*10_63-77*10_63-48*10_63-78*10_63-960*10_63-961*10_63-962*10_63-963*10_63-47*10_63-79*10_63-46*10_63-80*10_63-1152*10_63-1153*10_63-1154*10_63-1155*10_63-1156*10_63-1157*10_63-45*10_63-81*10_63-1158*10_63-1159*10_63-1160*10_63-44*10_63-82*10_63-1161*10_63-1162*10_63-43*10_63-83*10_1183-277*10_1183-278*10_1183-279*10_1183-280*10_1183-281*10_1183-282*10_1183-1167*10_1183-1281*10_1183-1282*10_1183-1283*10_1183-1284*10_1183-1166*10_1183-1285*10_1183-1286*10_1183-1287*10_1183-1165*10_1183-1288*10_1183-1289*10_1183-1164*10_1183-1290*10_1183-1163*10_1183-1291*10_1291-1292*11_1291-1293*11_177-184*11_1291-1294*11_177-185*11_1291-1295*11_177-186*11_177-187*11_1291-1297*11_177-188*11_1291-1298*11_177-189*11_1291-1299*11_177-190*11_1291-1300*11_177-191*11_1291-1301*11_177-1264*11_177-1265*11_177-1266*11_177-1267*11_177-1268*11_177-1269*11_1291-1280*11_1291-1302*11_177-1270*11_1291-1279*11_1291-1303*11_1291-1278*11_1291-1304*11_177-283*11_1291-1305*11_177-284*11_1291-1306*11_177-285*11_1291-1307*11_1291-1308*11_1291-1309*11_774-773*6_774-772*6_774-771*6_774-770*6_774-769*6_774-16*6_774-768*6_774-15*6_774-17*6_774-14*6_774-18*6_774-13*6_774-19*6_774-12*6_774-20*6_774-11*6_774-21*6_774-10*6_774-22*6_973-972*7_973-971*7_973-970*7_973-969*7_973-968*7_973-139*7_973-967*7_973-138*7_973-966*7_973-980*7_973-137*7_973-965*7_973-981*7_973-136*7_973-964*7_973-126*7_973-35*7_973-867*7_973-34*7_973-125*7_973-866*7_973-33*7_973-865*7_1211-1318*8_1211-1319*8_879-127*6_879-875*6_879-124*6_879-132*6_879-874*6_879-123*6_879-133*6_879-873*6_879-122*6_879-134*6_879-872*6_879-121*6_879-135*6_879-871*6_879-120*6_879-870*6_879-119*6_879-869*6_879-118*6_879-868*6_879-32*6_879-864*6_109-108*5_109-110*5_109-107*5_109-106*5_109-105*5_109-116*5_109-117*5_109-23*5_109-24*5_109-25*5_962-42*8_962-41*8_962-40*8_962-39*8_962-31*8_962-30*8_962-29*8_1191-1275*9_1032-1049*6_1032-1050*6_1032-1051*6_1032-1052*6_1164-1271*11_1164-1272*11_285-286*12_285-287*12_285-1277*12_285-1276*12_285-1274*12_285-1273*12_285-1262*12_285-1261*12_545-1236*8_545-1237*8_545-1238*8_545-1239*8_545-1240*8_545-1241*8_545-649*8_545-1242*8_545-650*8_545-1243*8_545-651*8_545-1244*8_545-652*8_545-1245*8_545-653*8_23-26*6_23-27*6_23-28*6_23-36*6_23-9*6_23-37*6_23-8*6_23-38*6_23-7*6_23-6*6_23-5*6_23-4*6_547-1246*9_547-654*9_547-1247*9_547-655*9_652-656*10_652-657*10_652-658*10_652-659*10_652-660*10_652-661*10_652-662*10_652-663*10_652-664*10_652-665*10_652-666*10_652-667*10_652-668*10_652-669*10_652-670*10_652-671*10_64-84*10_1318-1317*9_1318-1316*9_1318-1320*9_1318-1315*9_1318-1321*9_1318-1322*9_1318-1323*9_1318-1324*9_1318-1332*9_1318-1333*9_1318-1334*9_1318-1335*9_1318-1336*9_1318-1337*9_1318-1338*9_629-1053*5_191-1263*12_191-1260*12_191-1259*12_191-1258*12_191-1257*12_191-1256*12_191-1255*12_191-1254*12_84-85*11_84-86*11_84-87*11_84-88*11_84-89*11_84-90*11_84-91*11_84-92*11_84-93*11_84-94*11_84-95*11_84-1248*11_1273-1253*13_668-1343*12_668-1342*12_668-1341*12_668-1340*12_668-1339*12_1270-1252*14_1270-1251*14_1270-1250*14_1255-1249*15_
