"id","Scenario","Actual Range","Protocol","Buildings","Total nodes","Nodes on circ","Total coverage","Coverage on circ","Alert received mean time","Hops","Slots","Messages sent","Messages received", "Starting x", "Starting y","Starting node", "Vehicle distance", "Received node ids", "Node ids", "Transmission map", "Received on circ nodes", "Transmission vector"
0,1,300,0,1,1344,18,1344,18,25844.1,7.33333,22.3889,830,1344,2100,2475,575,25,574_1328_1327_1329_573_1326_1330_572_1325_1331_571_1324_1332_570_1323_1333_569_1322_1334_568_1321_1335_567_1320_1336_566_1319_1337_565_564_563_575_1338_1339_1340_1341_1318_1342_1317_1316_1315_1314_1313_1312_479_1311_1310_1309_562_561_560_1232_1231_1233_1230_1234_1229_1235_559_1228_1236_1227_1237_558_557_556_555_554_1226_1238_1225_1239_1240_1241_553_1242_552_1243_551_1244_550_1245_549_1246_548_1247_547_656_655_657_654_658_546_653_659_545_544_1136_1135_1137_1134_1138_1139_543_542_541_540_1343_671_670_669_668_667_666_665_664_539_538_537_1133_536_1132_1140_1131_1141_535_1130_1142_534_1129_1143_533_532_531_530_529_1308_478_1307_477_1306_476_1305_475_1304_474_1303_473_1302_472_1301_1300_1299_1298_528_1040_663_662_661_660_1217_652_651_650_649_648_647_646_645_644_643_1224_1223_1222_1221_1220_1219_1218_464_1216_463_465_462_466_467_1215_1214_1213_1212_642_641_640_639_1151_638_637_1211_461_1210_460_468_1209_459_469_1208_458_470_1207_457_471_1206_456_1205_1204_1203_1202_527_1039_1041_526_1038_1042_525_1037_1043_524_1036_1044_523_1035_1045_522_1034_1046_521_1033_1047_520_1032_1048_519_1031_1049_518_1030_1050_517_1029_1051_516_1028_1052_1150_636_1149_635_1148_634_1147_633_1146_632_1145_631_1144_630_629_628_627_626_625_1286_1027_1026_1025_432_1024_431_433_430_434_435_1023_1022_1021_1020_1297_1296_383_382_381_1295_380_1294_379_1293_378_1292_1291_1290_1289_1288_515_1053_514_1054_513_1055_512_944_624_943_945_623_942_946_622_941_947_511_621_940_948_620_939_949_510_619_509_618_508_507_506_1019_429_1018_428_436_1017_427_437_1016_426_438_1015_425_439_1014_424_440_1013_1012_1011_1010_1190_423_422_421_420_419_441_418_442_505_504_503_935_502_934_957_501_933_958_500_932_959_608_1009_336_1008_335_337_334_338_333_339_1007_332_340_1006_331_341_1005_330_342_1004_1003_1002_1001_1000_999_998_997_996_995_994_993_240_992_1189_1191_1188_1192_1187_1193_1186_1194_1185_1195_272_1184_1196_271_273_270_274_269_275_1183_1197_268_276_267_277_1182_1198_1181_1199_368_1180_1200_1179_1201_1178_1285_1287_1284_1283_1282_1281_1280_287_286_285_1279_284_283_1278_1277_1276_1275_1274_938_937_936_950_931_951_930_952_929_953_455_454_453_452_451_450_449_448_1120_1119_1121_1118_1122_1123_447_446_445_444_1177_1176_1175_1174_1173_266_278_1172_265_1171_1170_1169_176_1168_367_369_366_370_365_371_364_372_363_373_362_374_361_1273_1272_1271_1270_1269_282_1268_1267_1266_1265_1264_416_928_415_417_414_413_927_412_926_411_925_410_924_923_922_921_920_1263_1262_409_408_407_406_1117_1116_1115_1114_1113_443_1112_1124_1111_1125_1110_1126_1109_1127_1108_1128_1107_1106_239_241_238_242_991_237_243_236_244_990_235_245_989_234_246_988_233_247_987_248_986_249_985_250_984_251_983_191_190_189_188_1261_187_1260_186_1259_185_1258_184_1257_1256_1255_1254_499_498_497_496_848_847_849_850_851_495_494_493_919_617_616_615_614_613_612_611_610_609_329_328_327_326_325_324_323_322_321_343_320_344_912_982_981_980_979_978_977_144_976_143_145_142_146_147_975_974_973_972_94_405_404_918_403_917_402_916_401_915_400_832_831_833_834_914_835_399_913_398_397_1105_352_1104_351_353_350_354_1103_349_355_1102_348_356_1101_347_357_1100_346_358_1099_345_359_1098_360_1097_1096_1095_1094_956_955_954_598_597_607_606_605_604_603_602_601_600_599_596_319_911_318_910_317_909_316_908_315_907_314_906_313_905_312_904_311_903_310_902_309_901_308_900_846_845_844_852_843_853_842_854_492_841_855_491_856_490_857_489_858_488_859_487_279_264_280_281_595_594_593_592_863_862_861_591_860_590_589_588_587_586_585_175_177_174_178_173_179_1167_172_1166_1165_1164_1163_899_898_897_224_896_223_225_222_226_221_227_895_220_228_219_229_894_893_892_891_890_307_306_305_304_816_815_817_814_818_813_819_303_820_302_301_300_299_836_837_838_839_396_830_840_395_829_394_828_393_827_826_825_824_823_1093_1092_1091_1090_1089_256_1088_257_258_259_1087_1086_971_970_969_968_141_967_140_148_966_139_149_965_138_150_964_963_962_961_48_960_584_583_582_581_580_579_578_577_576_260_1085_255_261_1084_254_262_1083_253_263_1082_252_1081_1080_1079_1078_1077_1076_1075_1074_137_889_136_888_135_887_134_886_133_885_132_884_126_878_486_485_484_483_482_481_480_752_751_753_750_754_755_1253_1252_1251_1250_1249_1248_95_93_92_91_131_130_129_128_880_879_881_882_877_883_127_876_875_874_125_124_123_122_121_47_49_46_50_45_51_44_52_43_53_42_54_41_55_40_56_39_57_38_58_37_59_36_60_821_822_298_812_297_811_810_809_808_807_120_119_118_117_116_115_114_113_112_784_1073_160_1072_159_161_158_162_157_163_1071_1070_1069_1068_1067_232_231_230_35_34_33_32_864_865_866_867_31_868_30_869_870_29_28_27_26_25_767_766_765_377_376_375_764_763_762_761_760_759_758_757_756_873_872_871_1066_1065_1064_1063_1062_1061_156_164_1060_155_165_154_166_1059_1058_1057_64_1056_65_66_67_1162_1161_1160_1159_180_1158_171_181_1157_170_182_1156_1155_1154_1153_80_1152_749_748_747_746_745_744_743_742_741_218_217_216_63_62_61_79_81_78_82_77_83_76_84_75_85_74_86_90_773_100_772_796_392_391_390_389_296_295_294_806_293_805_292_804_68_69_70_71_87_88_89_183_388_387_386_385_384_736_737_738_739_169_168_73_72_774_771_775_99_101_98_102_770_776_769_777_97_103_16_768_778_96_104_688_15_17_687_689_14_18_686_690_13_19_105_685_691_779_12_20_684_692_780_106_11_21_683_693_10_22_107_781_682_694_782_108_783_109_110_785_111_740_735_734_733_732_731_730_729_728_727_167_151_153_152_786_787_788_789_790_803_802_801_208_800_207_209_210_211_799_798_797_681_680_679_678_677_676_675_695_674_696_673_697_215_214_213_212_206_205_204_0_672_1_2_3_4_5_6_7_8_9_291_290_289_288_720_719_721_718_722_717_723_716_724_715_725_795_794_793_203_792_202_791_201_200_726_199_198_197_196_24_23_714_713_712_711_710_709_708_707_195_194_193_192_704_703_705_702_706_701_700_699_698_,0_1_2_3_4_5_6_7_8_9_10_11_12_13_14_15_16_17_18_19_20_21_22_23_24_25_26_27_28_29_30_31_32_33_34_35_36_37_38_39_40_41_42_43_44_45_46_47_48_49_50_51_52_53_54_55_56_57_58_59_60_61_62_63_64_65_66_67_68_69_70_71_72_73_74_75_76_77_78_79_80_81_82_83_84_85_86_87_88_89_90_91_92_93_94_95_96_97_98_99_100_101_102_103_104_105_106_107_108_109_110_111_112_113_114_115_116_117_118_119_120_121_122_123_124_125_126_127_128_129_130_131_132_133_134_135_136_137_138_139_140_141_142_143_144_145_146_147_148_149_150_151_152_153_154_155_156_157_158_159_160_161_162_163_164_165_166_167_168_169_170_171_172_173_174_175_176_177_178_179_180_181_182_183_184_185_186_187_188_189_190_191_192_193_194_195_196_197_198_199_200_201_202_203_204_205_206_207_208_209_210_211_212_213_214_215_216_217_218_219_220_221_222_223_224_225_226_227_228_229_230_231_232_233_234_235_236_237_238_239_240_241_242_243_244_245_246_247_248_249_250_251_252_253_254_255_256_257_258_259_260_261_262_263_264_265_266_267_268_269_270_271_272_273_274_275_276_277_278_279_280_281_282_283_284_285_286_287_288_289_290_291_292_293_294_295_296_297_298_299_300_301_302_303_304_305_306_307_308_309_310_311_312_313_314_315_316_317_318_319_320_321_322_323_324_325_326_327_328_329_330_331_332_333_334_335_336_337_338_339_340_341_342_343_344_345_346_347_348_349_350_351_352_353_354_355_356_357_358_359_360_361_362_363_364_365_366_367_368_369_370_371_372_373_374_375_376_377_378_379_380_381_382_383_384_385_386_387_388_389_390_391_392_393_394_395_396_397_398_399_400_401_402_403_404_405_406_407_408_409_410_411_412_413_414_415_416_417_418_419_420_421_422_423_424_425_426_427_428_429_430_431_432_433_434_435_436_437_438_439_440_441_442_443_444_445_446_447_448_449_450_451_452_453_454_455_456_457_458_459_460_461_462_463_464_465_466_467_468_469_470_471_472_473_474_475_476_477_478_479_480_481_482_483_484_485_486_487_488_489_490_491_492_493_494_495_496_497_498_499_500_501_502_503_504_505_506_507_508_509_510_511_512_513_514_515_516_517_518_519_520_521_522_523_524_525_526_527_528_529_530_531_532_533_534_535_536_537_538_539_540_541_542_543_544_545_546_547_548_549_550_551_552_553_554_555_556_557_558_559_560_561_562_563_564_565_566_567_568_569_570_571_572_573_574_575_576_577_578_579_580_581_582_583_584_585_586_587_588_589_590_591_592_593_594_595_596_597_598_599_600_601_602_603_604_605_606_607_608_609_610_611_612_613_614_615_616_617_618_619_620_621_622_623_624_625_626_627_628_629_630_631_632_633_634_635_636_637_638_639_640_641_642_643_644_645_646_647_648_649_650_651_652_653_654_655_656_657_658_659_660_661_662_663_664_665_666_667_668_669_670_671_672_673_674_675_676_677_678_679_680_681_682_683_684_685_686_687_688_689_690_691_692_693_694_695_696_697_698_699_700_701_702_703_704_705_706_707_708_709_710_711_712_713_714_715_716_717_718_719_720_721_722_723_724_725_726_727_728_729_730_731_732_733_734_735_736_737_738_739_740_741_742_743_744_745_746_747_748_749_750_751_752_753_754_755_756_757_758_759_760_761_762_763_764_765_766_767_768_769_770_771_772_773_774_775_776_777_778_779_780_781_782_783_784_785_786_787_788_789_790_791_792_793_794_795_796_797_798_799_800_801_802_803_804_805_806_807_808_809_810_811_812_813_814_815_816_817_818_819_820_821_822_823_824_825_826_827_828_829_830_831_832_833_834_835_836_837_838_839_840_841_842_843_844_845_846_847_848_849_850_851_852_853_854_855_856_857_858_859_860_861_862_863_864_865_866_867_868_869_870_871_872_873_874_875_876_877_878_879_880_881_882_883_884_885_886_887_888_889_890_891_892_893_894_895_896_897_898_899_900_901_902_903_904_905_906_907_908_909_910_911_912_913_914_915_916_917_918_919_920_921_922_923_924_925_926_927_928_929_930_931_932_933_934_935_936_937_938_939_940_941_942_943_944_945_946_947_948_949_950_951_952_953_954_955_956_957_958_959_960_961_962_963_964_965_966_967_968_969_970_971_972_973_974_975_976_977_978_979_980_981_982_983_984_985_986_987_988_989_990_991_992_993_994_995_996_997_998_999_1000_1001_1002_1003_1004_1005_1006_1007_1008_1009_1010_1011_1012_1013_1014_1015_1016_1017_1018_1019_1020_1021_1022_1023_1024_1025_1026_1027_1028_1029_1030_1031_1032_1033_1034_1035_1036_1037_1038_1039_1040_1041_1042_1043_1044_1045_1046_1047_1048_1049_1050_1051_1052_1053_1054_1055_1056_1057_1058_1059_1060_1061_1062_1063_1064_1065_1066_1067_1068_1069_1070_1071_1072_1073_1074_1075_1076_1077_1078_1079_1080_1081_1082_1083_1084_1085_1086_1087_1088_1089_1090_1091_1092_1093_1094_1095_1096_1097_1098_1099_1100_1101_1102_1103_1104_1105_1106_1107_1108_1109_1110_1111_1112_1113_1114_1115_1116_1117_1118_1119_1120_1121_1122_1123_1124_1125_1126_1127_1128_1129_1130_1131_1132_1133_1134_1135_1136_1137_1138_1139_1140_1141_1142_1143_1144_1145_1146_1147_1148_1149_1150_1151_1152_1153_1154_1155_1156_1157_1158_1159_1160_1161_1162_1163_1164_1165_1166_1167_1168_1169_1170_1171_1172_1173_1174_1175_1176_1177_1178_1179_1180_1181_1182_1183_1184_1185_1186_1187_1188_1189_1190_1191_1192_1193_1194_1195_1196_1197_1198_1199_1200_1201_1202_1203_1204_1205_1206_1207_1208_1209_1210_1211_1212_1213_1214_1215_1216_1217_1218_1219_1220_1221_1222_1223_1224_1225_1226_1227_1228_1229_1230_1231_1232_1233_1234_1235_1236_1237_1238_1239_1240_1241_1242_1243_1244_1245_1246_1247_1248_1249_1250_1251_1252_1253_1254_1255_1256_1257_1258_1259_1260_1261_1262_1263_1264_1265_1266_1267_1268_1269_1270_1271_1272_1273_1274_1275_1276_1277_1278_1279_1280_1281_1282_1283_1284_1285_1286_1287_1288_1289_1290_1291_1292_1293_1294_1295_1296_1297_1298_1299_1300_1301_1302_1303_1304_1305_1306_1307_1308_1309_1310_1311_1312_1313_1314_1315_1316_1317_1318_1319_1320_1321_1322_1323_1324_1325_1326_1327_1328_1329_1330_1331_1332_1333_1334_1335_1336_1337_1338_1339_1340_1341_1342_1343_,37:{35;34;33;32;864;865;866;867;31;868;30;869;870;29;28;27;26;25;}48:{47;49;46;50;45;51;44;52;43;53;42;54;41;55;40;56;39;57;38;58;37;59;36;60;}61:{68;69;70;71;}77:{73;72;}84:{87;88;89;}100:{99;101;98;102;97;103;96;104;688;687;689;686;690;105;685;691;684;692;106;683;693;107;682;694;108;109;110;111;}112:{773;100;772;796;}117:{786;787;788;789;790;}124:{120;119;118;117;116;115;114;113;112;784;}133:{131;130;129;128;880;879;881;882;877;883;127;876;875;874;125;124;123;122;121;}138:{137;136;135;134;133;132;126;}143:{151;}184:{183;}200:{195;194;193;192;704;703;705;702;706;}216:{215;214;213;212;206;205;204;}228:{218;217;216;}235:{232;231;230;}258:{260;255;261;254;262;253;263;252;}294:{291;290;289;288;720;719;721;718;722;717;723;716;724;715;725;}304:{296;295;294;806;293;805;292;804;}311:{307;306;305;304;816;815;817;814;818;813;819;303;820;302;301;300;299;}332:{329;328;327;326;325;324;323;322;321;343;320;344;912;}380:{377;376;375;}394:{388;387;386;385;384;736;737;738;739;}401:{392;391;390;389;}409:{405;404;403;402;401;400;832;831;833;834;835;399;398;397;}418:{409;408;407;406;}430:{423;422;421;420;419;441;418;442;}456:{455;454;453;452;451;450;449;448;1120;1119;1121;1118;1122;1123;447;446;445;444;}488:{486;485;484;483;482;481;480;752;751;753;750;754;755;}499:{846;845;844;852;843;853;842;854;492;841;855;491;856;490;857;489;858;488;859;487;}505:{497;496;848;847;849;850;851;495;494;493;}510:{499;498;}512:{505;504;503;935;502;934;501;933;500;932;}518:{515;514;513;512;944;943;945;942;946;941;947;511;940;948;939;949;510;509;508;507;506;}540:{528;1040;}541:{539;538;537;1133;536;1132;1140;1131;1141;535;1130;1142;534;1129;1143;533;532;531;530;529;}552:{550;549;548;547;546;545;544;1136;1135;1137;1134;1138;1139;543;542;541;540;}563:{1226;1238;1225;1239;1240;1241;553;1242;552;1243;551;}566:{562;561;560;1232;1231;1233;1230;1234;1229;1235;559;1228;1236;1227;1237;558;557;556;555;554;}575:{574;1328;1327;1329;573;1326;1330;572;1325;1331;571;1324;1332;570;1323;1333;569;1322;1334;568;1321;1335;567;1320;1336;566;1319;1337;565;564;563;}576:{764;763;762;761;760;759;758;757;756;}583:{767;766;765;}586:{584;583;582;581;580;579;578;577;576;}597:{595;594;593;592;863;862;861;591;860;590;589;588;587;586;585;}608:{607;606;605;604;603;602;601;600;599;596;}609:{598;597;}620:{617;616;615;614;613;612;611;610;609;}637:{626;625;}639:{1150;636;1149;635;1148;634;1147;633;1146;632;1145;631;1144;630;629;628;627;}649:{1151;638;637;}651:{642;641;640;639;}655:{652;651;650;649;648;647;646;645;644;643;}668:{663;662;661;660;}674:{0;672;1;2;3;4;5;6;7;8;9;}685:{681;680;679;678;677;676;675;695;674;696;673;697;}710:{701;700;699;698;}719:{714;713;712;711;710;709;708;707;}731:{726;}739:{740;735;734;733;732;731;730;729;728;727;}753:{749;748;747;746;745;744;743;742;741;}770:{23;}773:{774;771;775;770;776;769;777;16;768;778;15;17;14;18;13;19;779;12;20;780;11;21;10;22;781;782;783;785;}798:{795;794;793;203;792;202;791;201;200;}800:{199;198;197;196;}809:{803;802;801;208;800;207;209;210;211;799;798;797;}819:{821;822;298;812;297;811;810;809;808;807;}835:{836;837;838;839;396;830;840;395;829;394;828;393;827;826;825;824;823;}866:{24;}874:{873;872;871;}890:{889;888;887;886;885;884;878;}902:{899;898;897;224;896;223;225;222;226;221;227;895;220;228;219;229;894;893;892;891;890;}912:{319;911;318;910;317;909;316;908;315;907;314;906;313;905;312;904;311;903;310;902;309;901;308;900;}925:{918;917;916;915;914;913;}931:{919;}932:{416;928;415;417;414;413;927;412;926;411;925;410;924;923;922;921;920;}941:{938;937;936;950;931;951;930;952;929;953;}948:{957;958;959;608;}958:{956;955;954;}972:{971;970;969;968;141;967;140;148;966;139;149;965;138;150;964;963;962;961;48;960;}984:{982;981;980;979;978;977;144;976;143;145;142;146;147;975;974;973;972;}995:{239;241;238;242;991;237;243;236;244;990;235;245;989;234;246;988;233;247;987;248;986;249;985;250;984;251;983;}1004:{999;998;997;996;995;994;993;240;992;}1012:{1009;336;1008;335;337;334;338;333;339;1007;332;340;1006;331;341;1005;330;342;1004;1003;1002;1001;1000;}1022:{1019;429;1018;428;436;1017;427;437;1016;426;438;1015;425;439;1014;424;440;1013;1012;1011;1010;}1032:{1027;1026;1025;432;1024;431;433;430;434;435;1023;1022;1021;1020;}1040:{527;1039;1041;526;1038;1042;525;1037;1043;524;1036;1044;523;1035;1045;522;1034;1046;521;1033;1047;520;1032;1048;519;1031;1049;518;1030;1050;517;1029;1051;516;1028;1052;}1052:{1053;1054;1055;624;623;622;621;620;619;618;}1063:{63;62;61;}1067:{1066;1065;1064;1063;1062;1061;156;164;1060;155;165;154;166;1059;1058;1057;64;1056;65;66;67;}1068:{167;}1071:{153;152;}1079:{1073;160;1072;159;161;158;162;157;163;1071;1070;1069;1068;1067;}1086:{1085;1084;1083;1082;1081;1080;1079;1078;1077;1076;1075;1074;}1098:{1093;1092;1091;1090;1089;256;1088;257;258;259;1087;1086;}1106:{1105;352;1104;351;353;350;354;1103;349;355;1102;348;356;1101;347;357;1100;346;358;1099;345;359;1098;360;1097;1096;1095;1094;}1118:{1117;1116;1115;1114;1113;443;1112;1124;1111;1125;1110;1126;1109;1127;1108;1128;1107;1106;}1157:{79;81;78;82;77;83;76;84;75;85;74;86;}1164:{1162;1161;1160;1159;180;1158;171;181;1157;170;182;1156;1155;1154;1153;80;1152;}1166:{169;168;}1175:{175;177;174;178;173;179;1167;172;1166;1165;1164;1163;}1180:{1177;1176;1175;1174;1173;266;278;1172;265;1171;1170;1169;176;1168;}1186:{279;264;280;281;}1190:{1189;1191;1188;1192;1187;1193;1186;1194;1185;1195;272;1184;1196;271;273;270;274;269;275;1183;1197;268;276;267;277;1182;1198;1181;1199;368;1180;1200;1179;1201;1178;}1202:{1190;}1204:{367;369;366;370;365;371;364;372;363;373;362;374;361;}1214:{1211;461;1210;460;468;1209;459;469;1208;458;470;1207;457;471;1206;456;1205;1204;1203;1202;}1224:{1218;464;1216;463;465;462;466;467;1215;1214;1213;1212;}1229:{1217;}1231:{1224;1223;1222;1221;1220;1219;}1241:{1244;1245;1246;1247;656;655;657;654;658;653;659;}1253:{90;}1254:{1253;1252;1251;1250;1249;1248;95;93;92;91;}1256:{94;}1266:{191;190;189;188;1261;187;1260;186;1259;185;1258;184;1257;1256;1255;1254;}1274:{1263;1262;}1276:{1273;1272;1271;1270;1269;282;1268;1267;1266;1265;1264;}1286:{1285;1287;1284;1283;1282;1281;1280;287;286;285;1279;284;283;1278;1277;1276;1275;1274;}1298:{1286;}1300:{1297;1296;383;382;381;1295;380;1294;379;1293;378;1292;1291;1290;1289;1288;}1310:{1308;478;1307;477;1306;476;1305;475;1304;474;1303;473;1302;472;1301;1300;1299;1298;}1321:{1317;1316;1315;1314;1313;1312;479;1311;1310;1309;}1330:{575;1338;1339;1340;1341;1318;1342;}1342:{1343;671;670;669;668;667;666;665;664;},358_359_360_442_443_534_535_536_634_635_1110_1111_1112_1194_1195_1196_1288_1289_,575-574*0_575-1328*0_575-1327*0_575-1329*0_575-573*0_575-1326*0_575-1330*0_575-572*0_575-1325*0_575-1331*0_575-571*0_575-1324*0_575-1332*0_575-570*0_575-1323*0_575-1333*0_575-569*0_575-1322*0_575-1334*0_575-568*0_575-1321*0_575-1335*0_575-567*0_575-1320*0_575-1336*0_575-566*0_575-1319*0_575-1337*0_575-565*0_575-564*0_575-563*0_1330-575*1_1330-1338*1_1330-1339*1_1330-1340*1_1330-1341*1_1330-1318*1_1330-1342*1_1321-1317*2_1321-1316*2_1321-1315*2_1321-1314*2_1321-1313*2_1321-1312*2_1321-479*2_1321-1311*2_1321-1310*2_1321-1309*2_566-562*1_566-561*1_566-560*1_566-1232*1_566-1231*1_566-1233*1_566-1230*1_566-1234*1_566-1229*1_566-1235*1_566-559*1_566-1228*1_566-1236*1_566-1227*1_566-1237*1_566-558*1_566-557*1_566-556*1_566-555*1_566-554*1_563-1226*2_563-1238*2_563-1225*2_563-1239*2_563-1240*2_563-1241*2_563-553*2_563-1242*2_563-552*2_563-1243*2_563-551*2_1241-1244*3_552-550*3_1241-1245*3_552-549*3_1241-1246*3_552-548*3_1241-1247*3_552-547*3_1241-656*3_1241-655*3_1241-657*3_1241-654*3_1241-658*3_552-546*3_1241-653*3_1241-659*3_552-545*3_552-544*3_552-1136*3_552-1135*3_552-1137*3_552-1134*3_552-1138*3_552-1139*3_552-543*3_552-542*3_552-541*3_552-540*3_1342-1343*2_1342-671*2_1342-670*2_1342-669*2_1342-668*2_1342-667*2_1342-666*2_1342-665*2_1342-664*2_541-539*4_541-538*4_541-537*4_541-1133*4_541-536*4_541-1132*4_541-1140*4_541-1131*4_541-1141*4_541-535*4_541-1130*4_541-1142*4_541-534*4_541-1129*4_541-1143*4_541-533*4_541-532*4_541-531*4_541-530*4_541-529*4_1310-1308*3_1310-478*3_1310-1307*3_1310-477*3_1310-1306*3_1310-476*3_1310-1305*3_1310-475*3_1310-1304*3_1310-474*3_1310-1303*3_1310-473*3_1310-1302*3_1310-472*3_1310-1301*3_1310-1300*3_1310-1299*3_1310-1298*3_540-528*5_540-1040*5_668-663*3_668-662*3_668-661*3_668-660*3_1229-1217*3_655-652*4_655-651*4_655-650*4_655-649*4_655-648*4_655-647*4_655-646*4_655-645*4_655-644*4_655-643*4_1231-1224*3_1231-1223*3_1231-1222*3_1231-1221*3_1231-1220*3_1231-1219*3_1224-1218*4_1224-464*4_1224-1216*4_1224-463*4_1224-465*4_1224-462*4_1224-466*4_1224-467*4_1224-1215*4_1224-1214*4_1224-1213*4_1224-1212*4_651-642*5_651-641*5_651-640*5_651-639*5_649-1151*5_649-638*5_649-637*5_1214-1211*5_1214-461*5_1214-1210*5_1214-460*5_1214-468*5_1214-1209*5_1214-459*5_1214-469*5_1214-1208*5_1214-458*5_1214-470*5_1214-1207*5_1214-457*5_1214-471*5_1214-1206*5_1214-456*5_1214-1205*5_1214-1204*5_1214-1203*5_1214-1202*5_1040-527*6_1040-1039*6_1040-1041*6_1040-526*6_1040-1038*6_1040-1042*6_1040-525*6_1040-1037*6_1040-1043*6_1040-524*6_1040-1036*6_1040-1044*6_1040-523*6_1040-1035*6_1040-1045*6_1040-522*6_1040-1034*6_1040-1046*6_1040-521*6_1040-1033*6_1040-1047*6_1040-520*6_1040-1032*6_1040-1048*6_1040-519*6_1040-1031*6_1040-1049*6_1040-518*6_1040-1030*6_1040-1050*6_1040-517*6_1040-1029*6_1040-1051*6_1040-516*6_1040-1028*6_1040-1052*6_639-1150*6_639-636*6_639-1149*6_639-635*6_639-1148*6_639-634*6_639-1147*6_639-633*6_639-1146*6_639-632*6_639-1145*6_639-631*6_639-1144*6_639-630*6_639-629*6_639-628*6_639-627*6_637-626*6_637-625*6_1298-1286*4_1032-1027*7_1032-1026*7_1032-1025*7_1032-432*7_1032-1024*7_1032-431*7_1032-433*7_1032-430*7_1032-434*7_1032-435*7_1032-1023*7_1032-1022*7_1032-1021*7_1032-1020*7_1300-1297*4_1300-1296*4_1300-383*4_1300-382*4_1300-381*4_1300-1295*4_1300-380*4_1300-1294*4_1300-379*4_1300-1293*4_1300-378*4_1300-1292*4_1300-1291*4_1300-1290*4_1300-1289*4_1300-1288*4_518-515*7_1052-1053*7_518-514*7_1052-1054*7_518-513*7_1052-1055*7_518-512*7_518-944*7_1052-624*7_518-943*7_518-945*7_1052-623*7_518-942*7_518-946*7_1052-622*7_518-941*7_518-947*7_518-511*7_1052-621*7_518-940*7_518-948*7_1052-620*7_518-939*7_518-949*7_518-510*7_1052-619*7_518-509*7_1052-618*7_518-508*7_518-507*7_518-506*7_1022-1019*8_1022-429*8_1022-1018*8_1022-428*8_1022-436*8_1022-1017*8_1022-427*8_1022-437*8_1022-1016*8_1022-426*8_1022-438*8_1022-1015*8_1022-425*8_1022-439*8_1022-1014*8_1022-424*8_1022-440*8_1022-1013*8_1022-1012*8_1022-1011*8_1022-1010*8_1202-1190*6_430-423*9_430-422*9_430-421*9_430-420*9_430-419*9_430-441*9_430-418*9_430-442*9_512-505*8_512-504*8_512-503*8_512-935*8_512-502*8_512-934*8_948-957*8_512-501*8_512-933*8_948-958*8_512-500*8_512-932*8_948-959*8_948-608*8_1012-1009*9_1012-336*9_1012-1008*9_1012-335*9_1012-337*9_1012-334*9_1012-338*9_1012-333*9_1012-339*9_1012-1007*9_1012-332*9_1012-340*9_1012-1006*9_1012-331*9_1012-341*9_1012-1005*9_1012-330*9_1012-342*9_1012-1004*9_1012-1003*9_1012-1002*9_1012-1001*9_1012-1000*9_1004-999*10_1004-998*10_1004-997*10_1004-996*10_1004-995*10_1004-994*10_1004-993*10_1004-240*10_1004-992*10_1190-1189*7_1190-1191*7_1190-1188*7_1190-1192*7_1190-1187*7_1190-1193*7_1190-1186*7_1190-1194*7_1190-1185*7_1190-1195*7_1190-272*7_1190-1184*7_1190-1196*7_1190-271*7_1190-273*7_1190-270*7_1190-274*7_1190-269*7_1190-275*7_1190-1183*7_1190-1197*7_1190-268*7_1190-276*7_1190-267*7_1190-277*7_1190-1182*7_1190-1198*7_1190-1181*7_1190-1199*7_1190-368*7_1190-1180*7_1190-1200*7_1190-1179*7_1190-1201*7_1190-1178*7_1286-1285*5_1286-1287*5_1286-1284*5_1286-1283*5_1286-1282*5_1286-1281*5_1286-1280*5_1286-287*5_1286-286*5_1286-285*5_1286-1279*5_1286-284*5_1286-283*5_1286-1278*5_1286-1277*5_1286-1276*5_1286-1275*5_1286-1274*5_941-938*8_941-937*8_941-936*8_941-950*8_941-931*8_941-951*8_941-930*8_941-952*8_941-929*8_941-953*8_456-455*6_456-454*6_456-453*6_456-452*6_456-451*6_456-450*6_456-449*6_456-448*6_456-1120*6_456-1119*6_456-1121*6_456-1118*6_456-1122*6_456-1123*6_456-447*6_456-446*6_456-445*6_456-444*6_1180-1177*8_1180-1176*8_1180-1175*8_1180-1174*8_1180-1173*8_1180-266*8_1180-278*8_1180-1172*8_1180-265*8_1180-1171*8_1180-1170*8_1180-1169*8_1180-176*8_1180-1168*8_1204-367*6_1204-369*6_1204-366*6_1204-370*6_1204-365*6_1204-371*6_1204-364*6_1204-372*6_1204-363*6_1204-373*6_1204-362*6_1204-374*6_1204-361*6_1276-1273*6_1276-1272*6_1276-1271*6_1276-1270*6_1276-1269*6_1276-282*6_1276-1268*6_1276-1267*6_1276-1266*6_1276-1265*6_1276-1264*6_932-416*9_932-928*9_932-415*9_932-417*9_932-414*9_932-413*9_932-927*9_932-412*9_932-926*9_932-411*9_932-925*9_932-410*9_932-924*9_932-923*9_932-922*9_932-921*9_932-920*9_1274-1263*6_1274-1262*6_418-409*10_418-408*10_418-407*10_418-406*10_1118-1117*7_1118-1116*7_1118-1115*7_1118-1114*7_1118-1113*7_1118-443*7_1118-1112*7_1118-1124*7_1118-1111*7_1118-1125*7_1118-1110*7_1118-1126*7_1118-1109*7_1118-1127*7_1118-1108*7_1118-1128*7_1118-1107*7_1118-1106*7_995-239*11_995-241*11_995-238*11_995-242*11_995-991*11_995-237*11_995-243*11_995-236*11_995-244*11_995-990*11_995-235*11_995-245*11_995-989*11_995-234*11_995-246*11_995-988*11_995-233*11_995-247*11_995-987*11_995-248*11_995-986*11_995-249*11_995-985*11_995-250*11_995-984*11_995-251*11_995-983*11_1266-191*7_1266-190*7_1266-189*7_1266-188*7_1266-1261*7_1266-187*7_1266-1260*7_1266-186*7_1266-1259*7_1266-185*7_1266-1258*7_1266-184*7_1266-1257*7_1266-1256*7_1266-1255*7_1266-1254*7_510-499*9_510-498*9_505-497*9_505-496*9_505-848*9_505-847*9_505-849*9_505-850*9_505-851*9_505-495*9_505-494*9_505-493*9_931-919*11_620-617*8_620-616*8_620-615*8_620-614*8_620-613*8_620-612*8_620-611*8_620-610*8_620-609*8_332-329*11_332-328*11_332-327*11_332-326*11_332-325*11_332-324*11_332-323*11_332-322*11_332-321*11_332-343*11_332-320*11_332-344*11_332-912*11_984-982*12_984-981*12_984-980*12_984-979*12_984-978*12_984-977*12_984-144*12_984-976*12_984-143*12_984-145*12_984-142*12_984-146*12_984-147*12_984-975*12_984-974*12_984-973*12_984-972*12_1256-94*8_409-405*12_409-404*12_925-918*12_409-403*12_925-917*12_409-402*12_925-916*12_409-401*12_925-915*12_409-400*12_409-832*12_409-831*12_409-833*12_409-834*12_925-914*12_409-835*12_409-399*12_925-913*12_409-398*12_409-397*12_1106-1105*8_1106-352*8_1106-1104*8_1106-351*8_1106-353*8_1106-350*8_1106-354*8_1106-1103*8_1106-349*8_1106-355*8_1106-1102*8_1106-348*8_1106-356*8_1106-1101*8_1106-347*8_1106-357*8_1106-1100*8_1106-346*8_1106-358*8_1106-1099*8_1106-345*8_1106-359*8_1106-1098*8_1106-360*8_1106-1097*8_1106-1096*8_1106-1095*8_1106-1094*8_958-956*9_958-955*9_958-954*9_609-598*9_609-597*9_608-607*9_608-606*9_608-605*9_608-604*9_608-603*9_608-602*9_608-601*9_608-600*9_608-599*9_608-596*9_912-319*12_912-911*12_912-318*12_912-910*12_912-317*12_912-909*12_912-316*12_912-908*12_912-315*12_912-907*12_912-314*12_912-906*12_912-313*12_912-905*12_912-312*12_912-904*12_912-311*12_912-903*12_912-310*12_912-902*12_912-309*12_912-901*12_912-308*12_912-900*12_499-846*10_499-845*10_499-844*10_499-852*10_499-843*10_499-853*10_499-842*10_499-854*10_499-492*10_499-841*10_499-855*10_499-491*10_499-856*10_499-490*10_499-857*10_499-489*10_499-858*10_499-488*10_499-859*10_499-487*10_1186-279*8_1186-264*8_1186-280*8_1186-281*8_597-595*10_597-594*10_597-593*10_597-592*10_597-863*10_597-862*10_597-861*10_597-591*10_597-860*10_597-590*10_597-589*10_597-588*10_597-587*10_597-586*10_597-585*10_1175-175*9_1175-177*9_1175-174*9_1175-178*9_1175-173*9_1175-179*9_1175-1167*9_1175-172*9_1175-1166*9_1175-1165*9_1175-1164*9_1175-1163*9_902-899*13_902-898*13_902-897*13_902-224*13_902-896*13_902-223*13_902-225*13_902-222*13_902-226*13_902-221*13_902-227*13_902-895*13_902-220*13_902-228*13_902-219*13_902-229*13_902-894*13_902-893*13_902-892*13_902-891*13_902-890*13_311-307*13_311-306*13_311-305*13_311-304*13_311-816*13_311-815*13_311-817*13_311-814*13_311-818*13_311-813*13_311-819*13_311-303*13_311-820*13_311-302*13_311-301*13_311-300*13_311-299*13_835-836*13_835-837*13_835-838*13_835-839*13_835-396*13_835-830*13_835-840*13_835-395*13_835-829*13_835-394*13_835-828*13_835-393*13_835-827*13_835-826*13_835-825*13_835-824*13_835-823*13_1098-1093*9_1098-1092*9_1098-1091*9_1098-1090*9_1098-1089*9_1098-256*9_1098-1088*9_1098-257*9_1098-258*9_1098-259*9_1098-1087*9_1098-1086*9_972-971*13_972-970*13_972-969*13_972-968*13_972-141*13_972-967*13_972-140*13_972-148*13_972-966*13_972-139*13_972-149*13_972-965*13_972-138*13_972-150*13_972-964*13_972-963*13_972-962*13_972-961*13_972-48*13_972-960*13_586-584*12_586-583*12_586-582*12_586-581*12_586-580*12_586-579*12_586-578*12_586-577*12_586-576*12_258-260*10_1086-1085*10_258-255*10_258-261*10_1086-1084*10_258-254*10_258-262*10_1086-1083*10_258-253*10_258-263*10_1086-1082*10_258-252*10_1086-1081*10_1086-1080*10_1086-1079*10_1086-1078*10_1086-1077*10_1086-1076*10_1086-1075*10_1086-1074*10_138-137*14_890-889*14_138-136*14_890-888*14_138-135*14_890-887*14_138-134*14_890-886*14_138-133*14_890-885*14_138-132*14_890-884*14_138-126*14_890-878*14_488-486*12_488-485*12_488-484*12_488-483*12_488-482*12_488-481*12_488-480*12_488-752*12_488-751*12_488-753*12_488-750*12_488-754*12_488-755*12_1254-1253*8_1254-1252*8_1254-1251*8_1254-1250*8_1254-1249*8_1254-1248*8_1254-95*8_1254-93*8_1254-92*8_1254-91*8_133-131*15_133-130*15_133-129*15_133-128*15_133-880*15_133-879*15_133-881*15_133-882*15_133-877*15_133-883*15_133-127*15_133-876*15_133-875*15_133-874*15_133-125*15_133-124*15_133-123*15_133-122*15_133-121*15_48-47*14_48-49*14_48-46*14_48-50*14_48-45*14_48-51*14_48-44*14_48-52*14_48-43*14_48-53*14_48-42*14_48-54*14_48-41*14_48-55*14_48-40*14_48-56*14_48-39*14_48-57*14_48-38*14_48-58*14_48-37*14_48-59*14_48-36*14_48-60*14_819-821*15_819-822*15_819-298*15_819-812*15_819-297*15_819-811*15_819-810*15_819-809*15_819-808*15_819-807*15_124-120*16_124-119*16_124-118*16_124-117*16_124-116*16_124-115*16_124-114*16_124-113*16_124-112*16_124-784*16_1079-1073*11_1079-160*11_1079-1072*11_1079-159*11_1079-161*11_1079-158*11_1079-162*11_1079-157*11_1079-163*11_1079-1071*11_1079-1070*11_1079-1069*11_1079-1068*11_1079-1067*11_235-232*12_235-231*12_235-230*12_37-35*15_37-34*15_37-33*15_37-32*15_37-864*15_37-865*15_37-866*15_37-867*15_37-31*15_37-868*15_37-30*15_37-869*15_37-870*15_37-29*15_37-28*15_37-27*15_37-26*15_37-25*15_583-767*13_583-766*13_583-765*13_380-377*5_380-376*5_380-375*5_576-764*14_576-763*14_576-762*14_576-761*14_576-760*14_576-759*14_576-758*14_576-757*14_576-756*14_874-873*17_874-872*17_874-871*17_1067-1066*12_1067-1065*12_1067-1064*12_1067-1063*12_1067-1062*12_1067-1061*12_1067-156*12_1067-164*12_1067-1060*12_1067-155*12_1067-165*12_1067-154*12_1067-166*12_1067-1059*12_1067-1058*12_1067-1057*12_1067-64*12_1067-1056*12_1067-65*12_1067-66*12_1067-67*12_1164-1162*10_1164-1161*10_1164-1160*10_1164-1159*10_1164-180*10_1164-1158*10_1164-171*10_1164-181*10_1164-1157*10_1164-170*10_1164-182*10_1164-1156*10_1164-1155*10_1164-1154*10_1164-1153*10_1164-80*10_1164-1152*10_753-749*13_753-748*13_753-747*13_753-746*13_753-745*13_753-744*13_753-743*13_753-742*13_753-741*13_228-218*14_228-217*14_228-216*14_1063-63*13_1063-62*13_1063-61*13_1157-79*11_1157-81*11_1157-78*11_1157-82*11_1157-77*11_1157-83*11_1157-76*11_1157-84*11_1157-75*11_1157-85*11_1157-74*11_1157-86*11_1253-90*9_112-773*17_112-100*17_112-772*17_112-796*17_401-392*14_401-391*14_401-390*14_401-389*14_304-296*16_304-295*16_304-294*16_304-806*16_304-293*16_304-805*16_304-292*16_304-804*16_61-68*14_61-69*14_61-70*14_61-71*14_84-87*12_84-88*12_84-89*12_184-183*8_394-388*15_394-387*15_394-386*15_394-385*15_394-384*15_394-736*15_394-737*15_394-738*15_394-739*15_1166-169*10_1166-168*10_77-73*13_77-72*13_773-774*18_773-771*18_773-775*18_100-99*18_100-101*18_100-98*18_100-102*18_773-770*18_773-776*18_773-769*18_773-777*18_100-97*18_100-103*18_773-16*18_773-768*18_773-778*18_100-96*18_100-104*18_100-688*18_773-15*18_773-17*18_100-687*18_100-689*18_773-14*18_773-18*18_100-686*18_100-690*18_773-13*18_773-19*18_100-105*18_100-685*18_100-691*18_773-779*18_773-12*18_773-20*18_100-684*18_100-692*18_773-780*18_100-106*18_773-11*18_773-21*18_100-683*18_100-693*18_773-10*18_773-22*18_100-107*18_773-781*18_100-682*18_100-694*18_773-782*18_100-108*18_773-783*18_100-109*18_100-110*18_773-785*18_100-111*18_739-740*16_739-735*16_739-734*16_739-733*16_739-732*16_739-731*16_739-730*16_739-729*16_739-728*16_739-727*16_1068-167*13_143-151*15_1071-153*12_1071-152*12_117-786*17_117-787*17_117-788*17_117-789*17_117-790*17_809-803*17_809-802*17_809-801*17_809-208*17_809-800*17_809-207*17_809-209*17_809-210*17_809-211*17_809-799*17_809-798*17_809-797*17_685-681*19_685-680*19_685-679*19_685-678*19_685-677*19_685-676*19_685-675*19_685-695*19_685-674*19_685-696*19_685-673*19_685-697*19_216-215*15_216-214*15_216-213*15_216-212*15_216-206*15_216-205*15_216-204*15_674-0*20_674-672*20_674-1*20_674-2*20_674-3*20_674-4*20_674-5*20_674-6*20_674-7*20_674-8*20_674-9*20_294-291*17_294-290*17_294-289*17_294-288*17_294-720*17_294-719*17_294-721*17_294-718*17_294-722*17_294-717*17_294-723*17_294-716*17_294-724*17_294-715*17_294-725*17_798-795*18_798-794*18_798-793*18_798-203*18_798-792*18_798-202*18_798-791*18_798-201*18_798-200*18_731-726*17_800-199*18_800-198*18_800-197*18_800-196*18_866-24*18_770-23*19_719-714*18_719-713*18_719-712*18_719-711*18_719-710*18_719-709*18_719-708*18_719-707*18_200-195*19_200-194*19_200-193*19_200-192*19_200-704*19_200-703*19_200-705*19_200-702*19_200-706*19_710-701*19_710-700*19_710-699*19_710-698*19_
