"id","Scenario","Actual Range","Protocol","Buildings","Total nodes","Nodes on circ","Total coverage","Coverage on circ","Alert received mean time","Hops","Slots","Messages sent","Messages received", "Starting x", "Starting y","Starting node", "Vehicle distance", "Received node ids", "Node ids", "Transmission map", "Received on circ nodes", "Transmission vector"
0,1,100,500,0,1344,19,1319,19,3.18608e+06,19.8421,2473.42,776,1319,475,100,687,25,96_686_688_97_685_689_98_684_690_99_683_691_682_681_687_680_679_678_677_676_692_693_694_695_696_697_675_674_673_0_672_1_2_100_101_102_103_698_699_700_104_105_106_107_108_109_3_4_701_702_703_192_704_193_194_705_195_706_196_707_197_198_199_110_111_112_784_783_785_782_786_113_781_787_114_5_6_115_116_117_118_119_120_121_122_123_124_200_7_125_126_708_709_710_201_202_203_8_9_10_204_711_712_713_714_127_128_880_879_881_878_882_129_130_131_877_883_132_876_884_715_716_717_11_205_206_207_133_134_135_136_885_208_800_799_801_209_798_802_210_797_803_211_804_805_806_807_875_874_873_872_871_870_718_719_869_288_720_289_290_721_212_213_214_215_868_722_291_723_292_724_808_809_810_811_812_12_13_14_15_813_814_815_304_816_216_217_218_725_726_137_138_886_887_867_866_865_32_864_888_889_31_33_30_34_29_35_303_305_817_302_306_818_301_307_819_820_821_822_36_37_38_39_16_768_769_770_17_771_18_823_19_20_772_293_294_295_296_21_22_23_824_297_727_728_729_219_220_24_25_26_890_40_298_299_221_41_42_43_44_730_825_826_827_828_45_46_47_48_960_27_891_892_28_139_49_961_50_962_51_963_52_964_829_830_831_140_141_142_143_300_144_976_975_977_974_978_145_973_979_146_972_971_147_970_148_149_222_223_893_894_731_732_733_734_735_384_736_385_386_737_969_968_738_739_740_387_741_150_151_152_153_742_895_224_896_225_226_897_227_898_53_54_400_832_399_401_398_402_833_899_228_229_230_231_743_744_745_834_397_403_835_396_404_836_746_747_748_749_154_155_156_837_838_839_840_841_55_56_57_58_59_405_406_407_408_967_966_965_232_308_309_310_311_409_233_234_235_750_842_843_844_845_60_61_62_410_411_412_900_901_902_903_846_413_414_415_904_905_906_907_751_480_752_157_158_159_160_1072_481_753_482_754_483_755_236_237_238_239_847_496_848_312_240_992_991_993_990_994_241_484_485_486_487_488_63_64_1056_1057_1058_65_161_1071_1073_162_1070_1074_163_1069_1075_164_1068_1076_495_497_849_494_498_850_493_499_851_492_500_852_908_909_910_911_320_912_319_321_318_322_913_317_914_316_915_315_323_324_325_326_327_165_166_853_854_855_242_243_989_995_244_988_996_856_328_329_330_331_1059_1060_66_1061_67_1062_245_68_489_997_998_999_1000_1001_501_502_503_504_246_313_247_248_1077_1078_1079_1080_416_928_927_929_417_926_930_418_925_931_419_490_491_69_70_71_72_1081_1082_1083_249_250_251_252_505_506_507_420_421_422_423_253_508_1084_1085_424_425_426_427_428_429_1002_1003_1004_1005_980_509_510_430_332_333_254_255_256_1088_1087_1089_1086_1090_257_857_858_431_167_314_258_981_73_74_75_168_169_170_916_917_918_919_1067_1066_1065_1064_756_757_76_77_78_334_335_336_1008_982_983_984_985_259_260_1091_261_262_263_264_511_512_944_1006_1007_337_338_1009_432_1024_1023_1025_1022_1026_433_859_860_861_862_265_513_943_945_514_942_946_515_941_947_516_940_948_986_987_1063_758_759_760_761_79_171_172_173_174_1010_339_1011_340_1012_1013_1014_1015_1016_341_342_343_344_345_1021_434_1020_435_1019_1027_517_518_519_520_521_522_523_524_762_763_764_765_932_933_934_935_1028_1029_920_346_347_348_349_525_175_526_527_766_936_266_937_80_1152_1030_1031_1032_863_949_950_951_1017_1018_81_1153_82_1154_83_1155_84_1156_267_268_528_1040_269_270_271_272_1184_176_1168_1167_1169_177_1166_1170_178_1165_1171_179_85_86_87_88_1172_180_1173_181_767_576_577_578_579_580_581_1033_1034_1035_1036_350_89_90_91_92_1164_1163_1162_952_953_1037_1038_1039_436_437_438_439_1161_1174_1175_1176_1177_1160_1183_1185_1182_1186_273_1181_1187_274_182_183_184_185_186_187_1180_275_1179_921_922_923_924_276_277_278_279_1178_954_938_939_529_1041_530_1042_531_1043_532_1044_351_352_1104_93_94_353_1103_1105_354_1102_1106_355_1101_1107_356_1100_1108_95_1248_1249_1250_440_582_583_584_1109_280_281_592_591_593_590_594_589_595_533_534_535_536_585_586_587_588_188_189_190_441_442_443_444_1110_1111_1112_1113_1045_1046_1047_357_1048_1049_1092_1093_1094_537_538_596_597_598_191_1264_1159_1158_1114_1115_1116_1117_445_446_447_448_1120_1119_1121_1118_1122_449_1050_1051_450_451_1251_1252_955_956_957_958_358_359_360_361_959_282_283_284_285_362_1157_1123_1052_1053_1054_608_607_609_606_610_599_600_601_1095_1096_605_611_604_612_602_603_363_364_365_366_452_1124_539_540_541_1263_1265_1262_1266_542_543_544_1136_286_287_1280_1279_1281_1278_1282_1125_1126_1097_1098_1135_1137_1134_1138_545_1261_1267_1133_1132_546_1131_547_1130_1099_548_549_550_551_613_614_615_616_367_1127_1128_1129_453_454_455_456_1268_1269_1270_1271_1260_1259_1258_1257_1055_624_623_625_622_626_552_1272_1273_1274_1275_621_620_619_627_553_554_555_556_1139_457_458_557_1256_1255_1254_1253_368_1200_1276_1277_628_369_1199_1201_370_1198_1202_371_1197_1203_372_1196_1204_459_460_617_618_1140_1141_1142_629_630_631_373_374_558_559_560_1232_461_462_463_375_376_377_1283_561_1231_1233_562_1230_1234_563_1229_1235_564_1228_1236_565_566_378_379_380_381_382_383_1296_1295_1297_1294_1298_1293_1292_1291_1290_464_1216_1215_1217_465_1214_1218_466_1213_1219_467_468_469_470_471_567_568_569_570_632_571_572_573_1237_1238_1239_1240_1299_1300_1301_1302_1284_1285_1286_1287_1143_1144_1145_1146_1205_1206_1207_1208_1147_1148_1149_1241_1242_1243_1244_1288_1303_1304_1305_1220_1221_1222_1223_1245_574_575_1328_1327_1329_1326_1330_1150_1151_640_1227_639_641_638_642_1209_1210_1246_1224_1225_1226_637_636_635_643_472_473_474_1325_1324_1323_1331_633_634_644_645_646_647_1306_1307_1289_1212_648_649_650_651_475_1211_1308_1309_1310_1311_1312_1247_656_655_657_654_658_653_659_1188_1189_1190_1332_1333_1191_1192_1193_652_479_478_1313_477_1314_476_1334_660_1315_1316_1317_1318_661_662_663_1319_1320_1321_1322_1335_1336_664_665_666_667_1337_1338_1194_1195_668_669_670_671_1339_1340_1341_1342_1343_,0_1_2_3_4_5_6_7_8_9_10_11_12_13_14_15_16_17_18_19_20_21_22_23_24_25_26_27_28_29_30_31_32_33_34_35_36_37_38_39_40_41_42_43_44_45_46_47_48_49_50_51_52_53_54_55_56_57_58_59_60_61_62_63_64_65_66_67_68_69_70_71_72_73_74_75_76_77_78_79_80_81_82_83_84_85_86_87_88_89_90_91_92_93_94_95_96_97_98_99_100_101_102_103_104_105_106_107_108_109_110_111_112_113_114_115_116_117_118_119_120_121_122_123_124_125_126_127_128_129_130_131_132_133_134_135_136_137_138_139_140_141_142_143_144_145_146_147_148_149_150_151_152_153_154_155_156_157_158_159_160_161_162_163_164_165_166_167_168_169_170_171_172_173_174_175_176_177_178_179_180_181_182_183_184_185_186_187_188_189_190_191_192_193_194_195_196_197_198_199_200_201_202_203_204_205_206_207_208_209_210_211_212_213_214_215_216_217_218_219_220_221_222_223_224_225_226_227_228_229_230_231_232_233_234_235_236_237_238_239_240_241_242_243_244_245_246_247_248_249_250_251_252_253_254_255_256_257_258_259_260_261_262_263_264_265_266_267_268_269_270_271_272_273_274_275_276_277_278_279_280_281_282_283_284_285_286_287_288_289_290_291_292_293_294_295_296_297_298_299_300_301_302_303_304_305_306_307_308_309_310_311_312_313_314_315_316_317_318_319_320_321_322_323_324_325_326_327_328_329_330_331_332_333_334_335_336_337_338_339_340_341_342_343_344_345_346_347_348_349_350_351_352_353_354_355_356_357_358_359_360_361_362_363_364_365_366_367_368_369_370_371_372_373_374_375_376_377_378_379_380_381_382_383_384_385_386_387_388_389_390_391_392_393_394_395_396_397_398_399_400_401_402_403_404_405_406_407_408_409_410_411_412_413_414_415_416_417_418_419_420_421_422_423_424_425_426_427_428_429_430_431_432_433_434_435_436_437_438_439_440_441_442_443_444_445_446_447_448_449_450_451_452_453_454_455_456_457_458_459_460_461_462_463_464_465_466_467_468_469_470_471_472_473_474_475_476_477_478_479_480_481_482_483_484_485_486_487_488_489_490_491_492_493_494_495_496_497_498_499_500_501_502_503_504_505_506_507_508_509_510_511_512_513_514_515_516_517_518_519_520_521_522_523_524_525_526_527_528_529_530_531_532_533_534_535_536_537_538_539_540_541_542_543_544_545_546_547_548_549_550_551_552_553_554_555_556_557_558_559_560_561_562_563_564_565_566_567_568_569_570_571_572_573_574_575_576_577_578_579_580_581_582_583_584_585_586_587_588_589_590_591_592_593_594_595_596_597_598_599_600_601_602_603_604_605_606_607_608_609_610_611_612_613_614_615_616_617_618_619_620_621_622_623_624_625_626_627_628_629_630_631_632_633_634_635_636_637_638_639_640_641_642_643_644_645_646_647_648_649_650_651_652_653_654_655_656_657_658_659_660_661_662_663_664_665_666_667_668_669_670_671_672_673_674_675_676_677_678_679_680_681_682_683_684_685_686_687_688_689_690_691_692_693_694_695_696_697_698_699_700_701_702_703_704_705_706_707_708_709_710_711_712_713_714_715_716_717_718_719_720_721_722_723_724_725_726_727_728_729_730_731_732_733_734_735_736_737_738_739_740_741_742_743_744_745_746_747_748_749_750_751_752_753_754_755_756_757_758_759_760_761_762_763_764_765_766_767_768_769_770_771_772_773_774_775_776_777_778_779_780_781_782_783_784_785_786_787_788_789_790_791_792_793_794_795_796_797_798_799_800_801_802_803_804_805_806_807_808_809_810_811_812_813_814_815_816_817_818_819_820_821_822_823_824_825_826_827_828_829_830_831_832_833_834_835_836_837_838_839_840_841_842_843_844_845_846_847_848_849_850_851_852_853_854_855_856_857_858_859_860_861_862_863_864_865_866_867_868_869_870_871_872_873_874_875_876_877_878_879_880_881_882_883_884_885_886_887_888_889_890_891_892_893_894_895_896_897_898_899_900_901_902_903_904_905_906_907_908_909_910_911_912_913_914_915_916_917_918_919_920_921_922_923_924_925_926_927_928_929_930_931_932_933_934_935_936_937_938_939_940_941_942_943_944_945_946_947_948_949_950_951_952_953_954_955_956_957_958_959_960_961_962_963_964_965_966_967_968_969_970_971_972_973_974_975_976_977_978_979_980_981_982_983_984_985_986_987_988_989_990_991_992_993_994_995_996_997_998_999_1000_1001_1002_1003_1004_1005_1006_1007_1008_1009_1010_1011_1012_1013_1014_1015_1016_1017_1018_1019_1020_1021_1022_1023_1024_1025_1026_1027_1028_1029_1030_1031_1032_1033_1034_1035_1036_1037_1038_1039_1040_1041_1042_1043_1044_1045_1046_1047_1048_1049_1050_1051_1052_1053_1054_1055_1056_1057_1058_1059_1060_1061_1062_1063_1064_1065_1066_1067_1068_1069_1070_1071_1072_1073_1074_1075_1076_1077_1078_1079_1080_1081_1082_1083_1084_1085_1086_1087_1088_1089_1090_1091_1092_1093_1094_1095_1096_1097_1098_1099_1100_1101_1102_1103_1104_1105_1106_1107_1108_1109_1110_1111_1112_1113_1114_1115_1116_1117_1118_1119_1120_1121_1122_1123_1124_1125_1126_1127_1128_1129_1130_1131_1132_1133_1134_1135_1136_1137_1138_1139_1140_1141_1142_1143_1144_1145_1146_1147_1148_1149_1150_1151_1152_1153_1154_1155_1156_1157_1158_1159_1160_1161_1162_1163_1164_1165_1166_1167_1168_1169_1170_1171_1172_1173_1174_1175_1176_1177_1178_1179_1180_1181_1182_1183_1184_1185_1186_1187_1188_1189_1190_1191_1192_1193_1194_1195_1196_1197_1198_1199_1200_1201_1202_1203_1204_1205_1206_1207_1208_1209_1210_1211_1212_1213_1214_1215_1216_1217_1218_1219_1220_1221_1222_1223_1224_1225_1226_1227_1228_1229_1230_1231_1232_1233_1234_1235_1236_1237_1238_1239_1240_1241_1242_1243_1244_1245_1246_1247_1248_1249_1250_1251_1252_1253_1254_1255_1256_1257_1258_1259_1260_1261_1262_1263_1264_1265_1266_1267_1268_1269_1270_1271_1272_1273_1274_1275_1276_1277_1278_1279_1280_1281_1282_1283_1284_1285_1286_1287_1288_1289_1290_1291_1292_1293_1294_1295_1296_1297_1298_1299_1300_1301_1302_1303_1304_1305_1306_1307_1308_1309_1310_1311_1312_1313_1314_1315_1316_1317_1318_1319_1320_1321_1322_1323_1324_1325_1326_1327_1328_1329_1330_1331_1332_1333_1334_1335_1336_1337_1338_1339_1340_1341_1342_1343_,2:{5;6;}3:{7;}6:{8;9;10;}7:{11;}11:{12;13;14;15;}14:{16;768;769;770;17;771;18;}16:{19;20;772;}19:{21;22;23;}22:{24;25;26;}23:{27;}26:{28;}35:{36;37;38;39;}36:{40;}40:{41;42;43;44;}44:{45;46;47;48;960;}50:{53;54;}51:{55;}55:{56;57;58;59;}58:{60;61;62;}61:{63;64;1056;1057;1058;65;}64:{68;}68:{69;70;71;72;}71:{73;74;75;}73:{76;77;}74:{78;}75:{79;}76:{80;1152;}84:{85;86;87;88;}88:{89;90;91;92;}90:{93;94;}91:{95;}93:{1248;1249;1250;}99:{100;101;102;103;}102:{104;105;106;}105:{107;108;109;}107:{110;111;}110:{112;784;783;785;782;786;113;781;787;114;}113:{115;116;117;}117:{118;119;120;121;}120:{122;123;124;}122:{125;126;}125:{127;128;880;879;881;878;882;129;}132:{133;134;135;136;}134:{137;138;}135:{139;}139:{140;141;142;143;}142:{144;976;975;977;974;978;145;973;979;146;}145:{148;149;}149:{150;151;152;153;}152:{154;155;156;}156:{157;158;159;160;1072;}162:{165;166;}163:{167;}166:{168;169;170;}170:{171;172;173;174;}171:{175;}175:{176;1168;1167;1169;177;1166;1170;178;1165;1171;179;}177:{180;181;}180:{182;183;184;}183:{185;186;187;}186:{188;189;190;}188:{191;1264;}189:{1263;1265;1262;1266;}190:{1261;1267;}193:{196;707;197;}195:{198;199;}196:{200;}199:{201;202;203;}200:{204;}203:{205;206;207;}207:{208;800;799;801;209;798;802;210;797;803;211;}211:{212;213;214;215;}214:{216;217;218;}216:{219;220;}217:{221;}219:{222;223;}223:{899;}227:{228;229;230;231;}228:{232;}231:{233;234;235;}235:{236;237;238;239;}237:{240;992;991;993;990;994;241;}241:{245;}242:{246;}244:{247;248;}248:{249;250;251;252;}249:{253;}253:{254;255;256;1088;1087;1089;1086;1090;257;}257:{259;260;1091;261;}260:{262;263;264;}261:{265;}262:{266;}264:{267;268;}265:{269;}268:{270;271;272;1184;}270:{1183;1185;1182;1186;273;1181;1187;274;}275:{276;277;278;279;}277:{280;281;}281:{282;283;284;285;}285:{286;287;1280;1279;1281;1278;1282;}292:{293;294;295;296;}293:{297;}295:{298;299;}298:{300;}307:{308;309;310;311;}308:{312;}309:{313;}312:{314;}319:{317;914;316;915;315;323;}323:{324;325;326;327;}327:{328;329;330;331;}329:{332;333;}332:{334;335;336;1008;}337:{341;}341:{342;343;344;345;}345:{346;347;348;349;}346:{350;}348:{351;352;1104;}352:{353;1103;1105;354;1102;1106;355;1101;1107;356;1100;1108;}353:{357;}357:{358;359;360;361;}358:{362;}362:{363;364;365;366;}363:{367;}364:{368;1200;}370:{373;374;}373:{375;376;377;}376:{378;379;380;}380:{381;382;383;1296;}381:{1295;1297;1294;1298;}400:{834;397;403;835;396;404;836;}404:{405;406;407;408;}405:{409;}408:{410;411;412;}411:{413;414;415;}415:{416;928;927;929;417;926;930;418;925;931;419;}419:{420;421;422;423;}423:{424;425;426;427;}425:{428;429;}426:{430;}427:{431;}429:{432;1024;1023;1025;1022;1026;433;}435:{436;437;438;439;}436:{440;}440:{441;442;443;444;}441:{445;}445:{446;447;448;1120;1119;1121;1118;1122;449;}448:{452;1124;}452:{453;454;455;456;}454:{457;458;}456:{459;460;}459:{461;462;463;}463:{464;1216;1215;1217;465;1214;1218;466;1213;1219;467;}467:{468;469;470;471;}470:{472;473;474;}471:{475;}472:{476;}481:{484;485;}484:{486;487;488;}485:{489;}487:{490;491;}496:{495;497;849;494;498;850;493;499;851;492;500;852;}500:{501;502;503;504;}503:{505;506;507;}504:{508;}506:{509;510;}508:{511;512;944;}515:{517;518;519;}516:{520;}520:{521;522;523;524;}521:{525;}523:{526;527;}524:{528;1040;}532:{533;534;535;536;}534:{537;538;}537:{539;540;541;}540:{542;543;544;1136;}541:{1135;1137;1134;1138;545;}542:{1139;}547:{548;549;550;551;}548:{552;}552:{553;554;555;556;}553:{557;}556:{558;559;560;1232;}562:{565;566;}566:{567;568;569;570;}569:{571;572;573;}573:{574;575;1328;1327;1329;1326;1330;}577:{579;580;581;}580:{582;583;584;}584:{585;586;587;588;}594:{596;597;598;}597:{599;600;601;}601:{602;603;}608:{605;611;604;612;}612:{613;614;615;616;}614:{617;618;}623:{621;620;619;627;}624:{628;}627:{629;630;631;}628:{632;}632:{633;634;}639:{637;636;635;643;}643:{644;645;646;647;}647:{648;649;650;651;}655:{652;}656:{660;}659:{661;662;663;}663:{664;665;666;667;}665:{668;669;}668:{670;671;}672:{3;4;}675:{674;673;0;672;1;2;}679:{675;}680:{679;678;677;676;}684:{682;681;687;680;}687:{96;686;688;97;685;689;98;684;690;99;683;691;}690:{692;693;694;}693:{695;696;697;}695:{698;699;}696:{700;}698:{701;702;}702:{703;192;704;193;194;705;195;706;}706:{708;709;710;}710:{711;712;713;714;}713:{715;716;717;}715:{718;719;}717:{288;720;289;290;721;}720:{722;291;723;292;724;}722:{725;726;}725:{727;728;729;}726:{730;}730:{731;732;733;734;}733:{735;384;736;385;386;737;}737:{738;739;740;387;741;}738:{742;}741:{743;744;745;}745:{746;747;748;749;}746:{750;}748:{751;480;752;}751:{481;753;482;754;483;755;}753:{756;757;}754:{758;}757:{759;760;761;}761:{762;763;764;765;}762:{766;}765:{767;576;577;578;}803:{804;805;806;807;}807:{808;809;810;811;}808:{812;}812:{813;814;815;304;816;}815:{303;305;817;302;306;818;301;307;819;}818:{820;821;822;}819:{823;}820:{824;}824:{825;826;827;828;}827:{829;830;831;}829:{400;832;399;401;398;402;833;}836:{837;838;839;840;}837:{841;}841:{842;843;844;845;}842:{846;}844:{847;496;848;}851:{853;854;855;}852:{856;}854:{857;858;}858:{859;860;861;862;}859:{863;}863:{592;591;593;590;594;589;595;}865:{31;33;30;34;29;35;}868:{867;866;865;32;864;}872:{868;}873:{869;}874:{871;870;}876:{875;874;873;872;}880:{130;131;877;883;132;876;884;}881:{885;}883:{886;887;}885:{888;889;}886:{890;}888:{891;892;}890:{893;894;}894:{895;224;896;225;226;897;227;898;}899:{900;901;902;903;}903:{904;905;906;907;}906:{908;909;910;}909:{911;320;912;319;321;318;322;913;}915:{916;917;918;919;}916:{920;}920:{921;922;923;924;}931:{932;933;934;935;}932:{936;}933:{937;}935:{938;939;}944:{513;943;945;514;942;946;515;941;947;516;940;948;}947:{949;950;951;}949:{952;953;}950:{954;}954:{955;956;957;958;}955:{959;}957:{608;607;609;606;610;}960:{49;961;50;962;51;963;52;964;}969:{967;966;965;}972:{969;968;}974:{972;971;147;970;}976:{980;}977:{981;}981:{982;983;984;985;}985:{986;987;}992:{242;243;989;995;244;988;996;}995:{997;998;999;}997:{1000;1001;}1001:{1002;1003;1004;1005;}1005:{1006;1007;337;338;1009;}1008:{1010;339;1011;340;1012;}1012:{1013;1014;1015;1016;}1016:{1017;1018;}1023:{1021;434;1020;435;1019;1027;}1025:{1028;1029;}1028:{1030;1031;1032;}1032:{1033;1034;1035;1036;}1036:{1037;1038;1039;}1040:{529;1041;530;1042;531;1043;532;1044;}1043:{1045;1046;1047;}1045:{1048;1049;}1047:{1050;1051;}1050:{1052;1053;1054;}1053:{1055;624;623;625;622;626;}1058:{1059;1060;66;1061;67;1062;}1064:{1063;}1068:{1067;1066;1065;1064;}1072:{161;1071;1073;162;1070;1074;163;1069;1075;164;1068;1076;}1076:{1077;1078;1079;1080;}1079:{1081;1082;1083;}1081:{1084;1085;}1085:{258;}1090:{1092;1093;1094;}1092:{1095;1096;}1094:{1097;1098;}1095:{1099;}1105:{1109;}1109:{1110;1111;1112;1113;}1113:{1114;1115;1116;1117;}1118:{450;451;}1119:{1123;}1122:{1125;1126;}1125:{1127;1128;1129;}1134:{1133;1132;546;1131;547;1130;}1138:{1140;1141;1142;}1142:{1143;1144;1145;1146;}1145:{1147;1148;1149;}1148:{1150;1151;640;}1149:{639;641;638;642;}1152:{81;1153;82;1154;83;1155;84;1156;}1161:{1157;}1162:{1159;1158;}1164:{1160;}1165:{1161;}1166:{1164;1163;1162;}1169:{1172;1173;}1173:{1174;1175;1176;1177;}1175:{1178;}1183:{1180;275;1179;}1186:{1188;1189;1190;}1189:{1191;1192;1193;}1191:{1194;1195;}1200:{369;1199;1201;370;1198;1202;371;1197;1203;372;1196;1204;}1204:{1205;1206;1207;1208;}1206:{1209;1210;}1209:{1211;}1216:{1212;}1219:{1220;1221;1222;1223;}1223:{1224;1225;1226;}1231:{1227;}1232:{561;1231;1233;562;1230;1234;563;1229;1235;564;1228;1236;}1236:{1237;1238;1239;1240;}1240:{1241;1242;1243;1244;}1241:{1245;}1242:{1246;}1246:{1247;656;655;657;654;658;653;659;}1248:{1251;1252;}1257:{1256;1255;1254;1253;}1261:{1260;1259;1258;1257;}1267:{1268;1269;1270;1271;}1270:{1272;1273;1274;}1271:{1275;}1273:{1276;1277;}1279:{1283;}1283:{1284;1285;1286;1287;}1284:{1288;}1288:{1289;}1294:{1293;1292;1291;1290;}1298:{1299;1300;1301;1302;}1301:{1303;1304;1305;}1303:{1306;1307;}1305:{1308;1309;}1308:{1310;1311;1312;}1310:{479;478;1313;477;1314;}1314:{1315;1316;1317;1318;}1318:{1319;1320;1321;1322;}1327:{1325;1324;1323;1331;}1329:{1332;1333;}1330:{1334;}1332:{1335;1336;}1334:{1337;1338;}1336:{1339;1340;}1339:{1341;1342;1343;},36_37_38_135_136_228_229_309_310_311_312_726_727_728_819_820_902_903_904_,687-96*0_687-686*0_687-688*0_687-97*0_687-685*0_687-689*0_687-98*0_687-684*0_687-690*0_687-99*0_687-683*0_687-691*0_684-682*1_684-681*1_684-687*1_684-680*1_680-679*2_680-678*2_680-677*2_680-676*2_690-692*1_690-693*1_690-694*1_693-695*2_693-696*2_693-697*2_679-675*3_675-674*4_675-673*4_675-0*4_675-672*4_675-1*4_675-2*4_99-100*2_99-101*2_99-102*2_99-103*2_695-698*3_695-699*3_696-700*4_102-104*3_102-105*3_102-106*3_105-107*4_105-108*4_105-109*4_672-3*5_672-4*5_698-701*5_698-702*5_702-703*6_702-192*6_702-704*6_702-193*6_702-194*6_702-705*6_702-195*6_702-706*6_193-196*7_193-707*7_193-197*7_195-198*8_195-199*8_107-110*5_107-111*5_110-112*6_110-784*6_110-783*6_110-785*6_110-782*6_110-786*6_110-113*6_110-781*6_110-787*6_110-114*6_2-5*6_2-6*6_113-115*7_113-116*7_113-117*7_117-118*8_117-119*8_117-120*8_117-121*8_120-122*9_120-123*9_120-124*9_196-200*9_3-7*7_122-125*10_122-126*10_706-708*9_706-709*9_706-710*9_199-201*10_199-202*10_199-203*10_6-8*8_6-9*8_6-10*8_200-204*11_710-711*10_710-712*10_710-713*10_710-714*10_125-127*11_125-128*11_125-880*11_125-879*11_125-881*11_125-878*11_125-882*11_125-129*11_880-130*12_880-131*12_880-877*12_880-883*12_880-132*12_880-876*12_880-884*12_713-715*11_713-716*11_713-717*11_7-11*9_203-205*12_203-206*12_203-207*12_132-133*13_132-134*13_132-135*13_132-136*13_881-885*13_207-208*13_207-800*13_207-799*13_207-801*13_207-209*13_207-798*13_207-802*13_207-210*13_207-797*13_207-803*13_207-211*13_803-804*14_803-805*14_803-806*14_803-807*14_876-875*13_876-874*13_876-873*13_876-872*13_874-871*14_874-870*14_715-718*12_715-719*12_873-869*15_717-288*13_717-720*13_717-289*13_717-290*13_717-721*13_211-212*14_211-213*14_211-214*14_211-215*14_872-868*16_720-722*14_720-291*14_720-723*14_720-292*14_720-724*14_807-808*15_807-809*15_807-810*15_807-811*15_808-812*16_11-12*10_11-13*10_11-14*10_11-15*10_812-813*17_812-814*17_812-815*17_812-304*17_812-816*17_214-216*15_214-217*15_214-218*15_722-725*15_722-726*15_134-137*15_134-138*15_883-886*14_883-887*14_868-867*17_868-866*17_868-865*17_868-32*17_868-864*17_885-888*15_885-889*15_865-31*18_865-33*18_865-30*18_865-34*18_865-29*18_865-35*18_815-303*18_815-305*18_815-817*18_815-302*18_815-306*18_815-818*18_815-301*18_815-307*18_815-819*18_818-820*19_818-821*19_818-822*19_35-36*19_35-37*19_35-38*19_35-39*19_14-16*11_14-768*11_14-769*11_14-770*11_14-17*11_14-771*11_14-18*11_819-823*20_16-19*12_16-20*12_16-772*12_292-293*15_292-294*15_292-295*15_292-296*15_19-21*13_19-22*13_19-23*13_820-824*21_293-297*16_725-727*16_725-728*16_725-729*16_216-219*16_216-220*16_22-24*14_22-25*14_22-26*14_886-890*16_36-40*20_295-298*17_295-299*17_217-221*17_40-41*21_40-42*21_40-43*21_40-44*21_726-730*17_824-825*22_824-826*22_824-827*22_824-828*22_44-45*22_44-46*22_44-47*22_44-48*22_44-960*22_23-27*15_888-891*17_888-892*17_26-28*16_135-139*16_960-49*23_960-961*23_960-50*23_960-962*23_960-51*23_960-963*23_960-52*23_960-964*23_827-829*23_827-830*23_827-831*23_139-140*17_139-141*17_139-142*17_139-143*17_298-300*18_142-144*18_142-976*18_142-975*18_142-977*18_142-974*18_142-978*18_142-145*18_142-973*18_142-979*18_142-146*18_974-972*19_974-971*19_974-147*19_974-970*19_145-148*20_145-149*20_219-222*18_219-223*18_890-893*18_890-894*18_730-731*18_730-732*18_730-733*18_730-734*18_733-735*19_733-384*19_733-736*19_733-385*19_733-386*19_733-737*19_972-969*20_972-968*20_737-738*20_737-739*20_737-740*20_737-387*20_737-741*20_149-150*21_149-151*21_149-152*21_149-153*21_738-742*21_894-895*19_894-224*19_894-896*19_894-225*19_894-226*19_894-897*19_894-227*19_894-898*19_50-53*24_50-54*24_829-400*24_829-832*24_829-399*24_829-401*24_829-398*24_829-402*24_829-833*24_223-899*20_227-228*21_227-229*21_227-230*21_227-231*21_741-743*22_741-744*22_741-745*22_400-834*25_400-397*25_400-403*25_400-835*25_400-396*25_400-404*25_400-836*25_745-746*23_745-747*23_745-748*23_745-749*23_152-154*22_152-155*22_152-156*22_836-837*26_836-838*26_836-839*26_836-840*26_837-841*27_51-55*25_55-56*26_55-57*26_55-58*26_55-59*26_404-405*26_404-406*26_404-407*26_404-408*26_969-967*21_969-966*21_969-965*21_228-232*22_307-308*21_307-309*21_307-310*21_307-311*21_405-409*27_231-233*23_231-234*23_231-235*23_746-750*24_841-842*28_841-843*28_841-844*28_841-845*28_58-60*27_58-61*27_58-62*27_408-410*28_408-411*28_408-412*28_899-900*21_899-901*21_899-902*21_899-903*21_842-846*29_411-413*29_411-414*29_411-415*29_903-904*22_903-905*22_903-906*22_903-907*22_748-751*25_748-480*25_748-752*25_156-157*23_156-158*23_156-159*23_156-160*23_156-1072*23_751-481*26_751-753*26_751-482*26_751-754*26_751-483*26_751-755*26_235-236*24_235-237*24_235-238*24_235-239*24_844-847*30_844-496*30_844-848*30_308-312*22_237-240*25_237-992*25_237-991*25_237-993*25_237-990*25_237-994*25_237-241*25_481-484*27_481-485*27_484-486*28_484-487*28_484-488*28_61-63*28_61-64*28_61-1056*28_61-1057*28_61-1058*28_61-65*28_1072-161*24_1072-1071*24_1072-1073*24_1072-162*24_1072-1070*24_1072-1074*24_1072-163*24_1072-1069*24_1072-1075*24_1072-164*24_1072-1068*24_1072-1076*24_496-495*31_496-497*31_496-849*31_496-494*31_496-498*31_496-850*31_496-493*31_496-499*31_496-851*31_496-492*31_496-500*31_496-852*31_906-908*23_906-909*23_906-910*23_909-911*24_909-320*24_909-912*24_909-319*24_909-321*24_909-318*24_909-322*24_909-913*24_319-317*25_319-914*25_319-316*25_319-915*25_319-315*25_319-323*25_323-324*26_323-325*26_323-326*26_323-327*26_162-165*25_162-166*25_851-853*32_851-854*32_851-855*32_992-242*26_992-243*26_992-989*26_992-995*26_992-244*26_992-988*26_992-996*26_852-856*33_327-328*27_327-329*27_327-330*27_327-331*27_1058-1059*29_1058-1060*29_1058-66*29_1058-1061*29_1058-67*29_1058-1062*29_241-245*27_64-68*30_485-489*29_995-997*28_995-998*28_995-999*28_997-1000*29_997-1001*29_500-501*32_500-502*32_500-503*32_500-504*32_242-246*29_309-313*23_244-247*30_244-248*30_1076-1077*25_1076-1078*25_1076-1079*25_1076-1080*25_415-416*30_415-928*30_415-927*30_415-929*30_415-417*30_415-926*30_415-930*30_415-418*30_415-925*30_415-931*30_415-419*30_487-490*30_487-491*30_68-69*31_68-70*31_68-71*31_68-72*31_1079-1081*26_1079-1082*26_1079-1083*26_248-249*31_248-250*31_248-251*31_248-252*31_503-505*33_503-506*33_503-507*33_419-420*31_419-421*31_419-422*31_419-423*31_249-253*32_504-508*34_1081-1084*27_1081-1085*27_423-424*32_423-425*32_423-426*32_423-427*32_425-428*33_425-429*33_1001-1002*30_1001-1003*30_1001-1004*30_1001-1005*30_976-980*20_506-509*35_506-510*35_426-430*34_329-332*28_329-333*28_253-254*33_253-255*33_253-256*33_253-1088*33_253-1087*33_253-1089*33_253-1086*33_253-1090*33_253-257*33_854-857*34_854-858*34_427-431*35_163-167*26_312-314*24_1085-258*28_977-981*21_71-73*32_71-74*32_71-75*32_166-168*27_166-169*27_166-170*27_915-916*26_915-917*26_915-918*26_915-919*26_1068-1067*25_1068-1066*25_1068-1065*25_1068-1064*25_753-756*28_753-757*28_73-76*33_73-77*33_74-78*34_332-334*29_332-335*29_332-336*29_332-1008*29_981-982*22_981-983*22_981-984*22_981-985*22_257-259*34_257-260*34_257-1091*34_257-261*34_260-262*35_260-263*35_260-264*35_508-511*36_508-512*36_508-944*36_1005-1006*31_1005-1007*31_1005-337*31_1005-338*31_1005-1009*31_429-432*36_429-1024*36_429-1023*36_429-1025*36_429-1022*36_429-1026*36_429-433*36_858-859*35_858-860*35_858-861*35_858-862*35_261-265*36_944-513*37_944-943*37_944-945*37_944-514*37_944-942*37_944-946*37_944-515*37_944-941*37_944-947*37_944-516*37_944-940*37_944-948*37_985-986*23_985-987*23_1064-1063*26_754-758*29_757-759*30_757-760*30_757-761*30_75-79*35_170-171*28_170-172*28_170-173*28_170-174*28_1008-1010*32_1008-339*32_1008-1011*32_1008-340*32_1008-1012*32_1012-1013*33_1012-1014*33_1012-1015*33_1012-1016*33_337-341*33_341-342*34_341-343*34_341-344*34_341-345*34_1023-1021*37_1023-434*37_1023-1020*37_1023-435*37_1023-1019*37_1023-1027*37_515-517*38_515-518*38_515-519*38_516-520*39_520-521*40_520-522*40_520-523*40_520-524*40_761-762*31_761-763*31_761-764*31_761-765*31_931-932*31_931-933*31_931-934*31_931-935*31_1025-1028*38_1025-1029*38_916-920*28_345-346*35_345-347*35_345-348*35_345-349*35_521-525*41_171-175*29_523-526*42_523-527*42_762-766*32_932-936*32_262-266*37_933-937*33_76-80*36_76-1152*36_1028-1030*39_1028-1031*39_1028-1032*39_859-863*36_947-949*39_947-950*39_947-951*39_1016-1017*34_1016-1018*34_1152-81*37_1152-1153*37_1152-82*37_1152-1154*37_1152-83*37_1152-1155*37_1152-84*37_1152-1156*37_264-267*38_264-268*38_524-528*43_524-1040*43_265-269*39_268-270*40_268-271*40_268-272*40_268-1184*40_175-176*30_175-1168*30_175-1167*30_175-1169*30_175-177*30_175-1166*30_175-1170*30_175-178*30_175-1165*30_175-1171*30_175-179*30_84-85*38_84-86*38_84-87*38_84-88*38_1169-1172*31_177-180*31_1169-1173*31_177-181*31_765-767*33_765-576*33_765-577*33_765-578*33_577-579*34_577-580*34_577-581*34_1032-1033*40_1032-1034*40_1032-1035*40_1032-1036*40_346-350*36_88-89*39_88-90*39_88-91*39_88-92*39_1166-1164*31_1166-1163*31_1166-1162*31_949-952*40_949-953*40_1036-1037*41_1036-1038*41_1036-1039*41_435-436*39_435-437*39_435-438*39_435-439*39_1165-1161*32_1173-1174*32_1173-1175*32_1173-1176*32_1173-1177*32_1164-1160*33_270-1183*41_270-1185*41_270-1182*41_270-1186*41_270-273*41_270-1181*41_270-1187*41_270-274*41_180-182*32_180-183*32_180-184*32_183-185*33_183-186*33_183-187*33_1183-1180*42_1183-275*42_1183-1179*42_920-921*29_920-922*29_920-923*29_920-924*29_275-276*43_275-277*43_275-278*43_275-279*43_1175-1178*33_950-954*41_935-938*34_935-939*34_1040-529*44_1040-1041*44_1040-530*44_1040-1042*44_1040-531*44_1040-1043*44_1040-532*44_1040-1044*44_348-351*37_348-352*37_348-1104*37_90-93*40_90-94*40_352-353*38_352-1103*38_352-1105*38_352-354*38_352-1102*38_352-1106*38_352-355*38_352-1101*38_352-1107*38_352-356*38_352-1100*38_352-1108*38_91-95*41_93-1248*42_93-1249*42_93-1250*42_436-440*40_580-582*35_580-583*35_580-584*35_1105-1109*39_277-280*44_277-281*44_863-592*37_863-591*37_863-593*37_863-590*37_863-594*37_863-589*37_863-595*37_532-533*45_532-534*45_532-535*45_532-536*45_584-585*36_584-586*36_584-587*36_584-588*36_186-188*34_186-189*34_186-190*34_440-441*41_440-442*41_440-443*41_440-444*41_1109-1110*40_1109-1111*40_1109-1112*40_1109-1113*40_1043-1045*45_1043-1046*45_1043-1047*45_353-357*40_1045-1048*46_1045-1049*46_1090-1092*32_1090-1093*32_1090-1094*32_534-537*46_534-538*46_594-596*38_594-597*38_594-598*38_188-191*35_188-1264*35_1162-1159*34_1162-1158*34_1113-1114*41_1113-1115*41_1113-1116*41_1113-1117*41_441-445*40_445-446*41_445-447*41_445-448*41_445-1120*41_445-1119*41_445-1121*41_445-1118*41_445-1122*41_445-449*41_1047-1050*47_1047-1051*47_1118-450*43_1118-451*43_1248-1251*43_1248-1252*43_954-955*42_954-956*42_954-957*42_954-958*42_357-358*41_357-359*41_357-360*41_357-361*41_955-959*43_281-282*45_281-283*45_281-284*45_281-285*45_358-362*42_1161-1157*35_1119-1123*44_1050-1052*48_1050-1053*48_1050-1054*48_957-608*44_957-607*44_957-609*44_957-606*44_957-610*44_597-599*39_597-600*39_597-601*39_1092-1095*33_1092-1096*33_608-605*45_608-611*45_608-604*45_608-612*45_601-602*40_601-603*40_362-363*43_362-364*43_362-365*43_362-366*43_448-452*45_448-1124*45_537-539*47_537-540*47_537-541*47_189-1263*36_189-1265*36_189-1262*36_189-1266*36_540-542*48_540-543*48_540-544*48_540-1136*48_285-286*46_285-287*46_285-1280*46_285-1279*46_285-1281*46_285-1278*46_285-1282*46_1122-1125*46_1122-1126*46_1094-1097*34_1094-1098*34_541-1135*49_541-1137*49_541-1134*49_541-1138*49_541-545*49_190-1261*37_190-1267*37_1134-1133*50_1134-1132*50_1134-546*50_1134-1131*50_1134-547*50_1134-1130*50_1095-1099*35_547-548*51_547-549*51_547-550*51_547-551*51_612-613*46_612-614*46_612-615*46_612-616*46_363-367*44_1125-1127*47_1125-1128*47_1125-1129*47_452-453*46_452-454*46_452-455*46_452-456*46_1267-1268*38_1267-1269*38_1267-1270*38_1267-1271*38_1261-1260*38_1261-1259*38_1261-1258*38_1261-1257*38_1053-1055*49_1053-624*49_1053-623*49_1053-625*49_1053-622*49_1053-626*49_548-552*52_1270-1272*39_1270-1273*39_1270-1274*39_1271-1275*40_623-621*50_623-620*50_623-619*50_623-627*50_552-553*53_552-554*53_552-555*53_552-556*53_542-1139*51_454-457*48_454-458*48_553-557*54_1257-1256*39_1257-1255*39_1257-1254*39_1257-1253*39_364-368*45_364-1200*45_1273-1276*41_1273-1277*41_624-628*51_1200-369*46_1200-1199*46_1200-1201*46_1200-370*46_1200-1198*46_1200-1202*46_1200-371*46_1200-1197*46_1200-1203*46_1200-372*46_1200-1196*46_1200-1204*46_456-459*49_456-460*49_614-617*47_614-618*47_1138-1140*53_1138-1141*53_1138-1142*53_627-629*52_627-630*52_627-631*52_370-373*47_370-374*47_556-558*55_556-559*55_556-560*55_556-1232*55_459-461*50_459-462*50_459-463*50_373-375*48_373-376*48_373-377*48_1279-1283*47_1232-561*56_1232-1231*56_1232-1233*56_1232-562*56_1232-1230*56_1232-1234*56_1232-563*56_1232-1229*56_1232-1235*56_1232-564*56_1232-1228*56_1232-1236*56_562-565*57_562-566*57_376-378*49_376-379*49_376-380*49_380-381*50_380-382*50_380-383*50_380-1296*50_381-1295*51_381-1297*51_381-1294*51_381-1298*51_1294-1293*52_1294-1292*52_1294-1291*52_1294-1290*52_463-464*51_463-1216*51_463-1215*51_463-1217*51_463-465*51_463-1214*51_463-1218*51_463-466*51_463-1213*51_463-1219*51_463-467*51_467-468*52_467-469*52_467-470*52_467-471*52_566-567*58_566-568*58_566-569*58_566-570*58_628-632*53_569-571*59_569-572*59_569-573*59_1236-1237*57_1236-1238*57_1236-1239*57_1236-1240*57_1298-1299*53_1298-1300*53_1298-1301*53_1298-1302*53_1283-1284*48_1283-1285*48_1283-1286*48_1283-1287*48_1142-1143*54_1142-1144*54_1142-1145*54_1142-1146*54_1204-1205*47_1204-1206*47_1204-1207*47_1204-1208*47_1145-1147*55_1145-1148*55_1145-1149*55_1240-1241*58_1240-1242*58_1240-1243*58_1240-1244*58_1284-1288*49_1301-1303*54_1301-1304*54_1301-1305*54_1219-1220*52_1219-1221*52_1219-1222*52_1219-1223*52_1241-1245*59_573-574*60_573-575*60_573-1328*60_573-1327*60_573-1329*60_573-1326*60_573-1330*60_1148-1150*56_1148-1151*56_1148-640*56_1231-1227*57_1149-639*57_1149-641*57_1149-638*57_1149-642*57_1206-1209*48_1206-1210*48_1242-1246*60_1223-1224*53_1223-1225*53_1223-1226*53_639-637*58_639-636*58_639-635*58_639-643*58_470-472*53_470-473*53_470-474*53_1327-1325*61_1327-1324*61_1327-1323*61_1327-1331*61_632-633*54_632-634*54_643-644*59_643-645*59_643-646*59_643-647*59_1303-1306*55_1303-1307*55_1288-1289*50_1216-1212*52_647-648*60_647-649*60_647-650*60_647-651*60_471-475*54_1209-1211*49_1305-1308*56_1305-1309*56_1308-1310*57_1308-1311*57_1308-1312*57_1246-1247*61_1246-656*61_1246-655*61_1246-657*61_1246-654*61_1246-658*61_1246-653*61_1246-659*61_1186-1188*40_1186-1189*40_1186-1190*40_1329-1332*62_1329-1333*62_1189-1191*41_1189-1192*41_1189-1193*41_655-652*63_1310-479*58_1310-478*58_1310-1313*58_1310-477*58_1310-1314*58_472-476*54_1330-1334*63_656-660*63_1314-1315*59_1314-1316*59_1314-1317*59_1314-1318*59_659-661*64_659-662*64_659-663*64_1318-1319*60_1318-1320*60_1318-1321*60_1318-1322*60_1332-1335*64_1332-1336*64_663-664*65_663-665*65_663-666*65_663-667*65_1334-1337*65_1334-1338*65_1191-1194*42_1191-1195*42_665-668*66_665-669*66_668-670*67_668-671*67_1336-1339*66_1336-1340*66_1339-1341*67_1339-1342*67_1339-1343*67_
