"id","Scenario","Actual Range","Protocol","Buildings","Total nodes","Nodes on circ","Total coverage","Coverage on circ","Alert received mean time","Hops","Slots","Messages sent","Messages received", "Starting x", "Starting y","Starting node", "Vehicle distance", "Received node ids", "Node ids", "Transmission map", "Received on circ nodes", "Transmission vector"
0,1,100,100,0,1344,28,778,19,86661.7,13.7368,83.1053,415,778,2500,1550,634,25,633_635_632_636_631_637_630_638_639_640_1151_1150_641_1149_634_642_644_645_646_629_628_627_626_1148_1147_1146_1145_1144_1143_625_624_1055_1054_623_1053_622_647_648_643_649_650_621_620_619_1142_1141_1140_651_1139_652_653_654_618_617_616_615_1245_658_1138_1137_544_1136_543_545_542_546_1135_547_1134_548_1133_541_549_657_659_656_660_1247_1246_655_661_662_614_613_612_611_663_664_665_666_1132_1131_1130_610_609_608_959_958_607_550_551_552_553_606_605_604_957_603_1129_1128_1127_1126_667_668_669_670_554_555_556_557_671_1343_1342_1341_558_559_560_1232_1231_1233_1230_1234_561_602_601_600_599_1125_1124_1123_1122_598_597_596_1121_448_1120_447_449_446_450_1119_445_451_1118_1340_1339_1338_1337_444_443_442_441_595_594_1336_1335_1334_1117_562_563_1229_1235_564_1228_1236_565_566_567_568_1227_593_1226_592_863_1225_862_591_861_590_586_569_570_571_572_452_453_454_455_1333_1332_1331_1330_456_457_1224_1223_1222_1221_1220_1219_1218_1217_1329_1328_575_574_1327_1326_1325_1324_573_1323_464_1216_585_587_584_588_583_589_582_1116_1115_1114_1113_458_459_460_461_463_465_1215_462_466_1214_467_1213_468_1212_581_580_579_578_469_470_471_1112_1111_1110_1109_1244_1243_1242_1241_472_473_474_475_1322_1321_1320_1319_1211_1210_1209_1208_1240_1239_857_1207_1206_1205_1204_1108_1107_1106_1203_1202_1318_577_576_476_477_478_479_1317_1316_1315_1314_1105_352_1104_351_353_350_354_1103_856_858_855_859_854_860_853_1313_1312_1311_1201_1102_1101_1100_349_355_1099_1238_1237_767_766_765_764_1310_1309_368_1200_367_369_366_370_1199_365_371_1198_852_851_763_762_761_1308_760_759_758_757_1098_1097_1096_1095_364_363_1197_362_1307_1306_1305_1304_755_754_753_1094_1093_1092_1091_756_480_752_481_482_751_372_373_374_850_849_1303_375_376_377_378_1302_1301_1300_1299_1298_1297_1296_383_382_1295_496_848_495_497_847_494_498_846_493_499_845_750_483_749_484_748_747_746_745_1196_1195_1194_1193_1294_381_1293_844_843_842_841_1292_1291_1290_1289_1192_1191_1190_1189_1288_1287_1286_1285_1090_1089_256_1088_255_257_254_258_1087_379_1188_1187_1186_1185_1284_1283_1282_1281_380_1086_1085_1084_253_259_1083_744_743_742_741_1082_1081_1080_1079_740_739_840_839_838_1280_287_1279_286_1278_285_1277_1078_1077_1076_1075_272_1184_271_273_1183_270_274_1182_269_275_1181_738_737_384_736_492_491_490_489_276_277_837_836_835_834_278_279_280_281_284_283_385_735_386_734_387_733_388_732_488_487_486_485_1074_1073_160_1072_159_161_158_162_1071_833_400_832_399_401_398_402_831_397_403_830_1070_1069_1068_157_163_1067_396_395_394_393_731_730_729_1180_1179_1178_392_391_390_389_282_1276_1275_1274_1273_728_727_1177_1176_1175_1174_1272_1271_1270_1269_1173_1172_1171_1170_726_725_724_1066_1065_1064_1063_1062_1061_1060_1268_1267_1266_1265_1169_176_1168_1059_1058_1057_64_1056_63_65_62_66_61_67_60_68_175_177_1167_174_178_1166_173_179_1165_172_180_1164_1264_191_1263_190_1262_189_1261_723_722_721_288_720_69_70_181_182_183_184_71_72_73_74_185_268_289_719_290_718_291_717_292_716_186_187_188_1163_1162_1161_1160_1159_1158_78_1157_1156_1155_715_714_713_712_1260_1259_1258_1257_77_79_76_80_1152_1153_1154_75_81_82_711_710_709_708_707_706_83_84_85_86_1256_1255_87_88_89_90_1254_1253_1252_1251_705_192_704_193_194_703_195_702_91_92_93_196_701_197_94_95_1248_1250_1249_700_699_698_697_267_696_293_294_695_694_693_692_691_690_689_96_688_97_98_687_100_684_101_683_682_681_685_680_686_679_678_677_676_675_674_99_673_0_672_1_2_3_4_,0_1_2_3_4_5_6_7_8_9_10_11_12_13_14_15_16_17_18_19_20_21_22_23_24_25_26_27_28_29_30_31_32_33_34_35_36_37_38_39_40_41_42_43_44_45_46_47_48_49_50_51_52_53_54_55_56_57_58_59_60_61_62_63_64_65_66_67_68_69_70_71_72_73_74_75_76_77_78_79_80_81_82_83_84_85_86_87_88_89_90_91_92_93_94_95_96_97_98_99_100_101_102_103_104_105_106_107_108_109_110_111_112_113_114_115_116_117_118_119_120_121_122_123_124_125_126_127_128_129_130_131_132_133_134_135_136_137_138_139_140_141_142_143_144_145_146_147_148_149_150_151_152_153_154_155_156_157_158_159_160_161_162_163_164_165_166_167_168_169_170_171_172_173_174_175_176_177_178_179_180_181_182_183_184_185_186_187_188_189_190_191_192_193_194_195_196_197_198_199_200_201_202_203_204_205_206_207_208_209_210_211_212_213_214_215_216_217_218_219_220_221_222_223_224_225_226_227_228_229_230_231_232_233_234_235_236_237_238_239_240_241_242_243_244_245_246_247_248_249_250_251_252_253_254_255_256_257_258_259_260_261_262_263_264_265_266_267_268_269_270_271_272_273_274_275_276_277_278_279_280_281_282_283_284_285_286_287_288_289_290_291_292_293_294_295_296_297_298_299_300_301_302_303_304_305_306_307_308_309_310_311_312_313_314_315_316_317_318_319_320_321_322_323_324_325_326_327_328_329_330_331_332_333_334_335_336_337_338_339_340_341_342_343_344_345_346_347_348_349_350_351_352_353_354_355_356_357_358_359_360_361_362_363_364_365_366_367_368_369_370_371_372_373_374_375_376_377_378_379_380_381_382_383_384_385_386_387_388_389_390_391_392_393_394_395_396_397_398_399_400_401_402_403_404_405_406_407_408_409_410_411_412_413_414_415_416_417_418_419_420_421_422_423_424_425_426_427_428_429_430_431_432_433_434_435_436_437_438_439_440_441_442_443_444_445_446_447_448_449_450_451_452_453_454_455_456_457_458_459_460_461_462_463_464_465_466_467_468_469_470_471_472_473_474_475_476_477_478_479_480_481_482_483_484_485_486_487_488_489_490_491_492_493_494_495_496_497_498_499_500_501_502_503_504_505_506_507_508_509_510_511_512_513_514_515_516_517_518_519_520_521_522_523_524_525_526_527_528_529_530_531_532_533_534_535_536_537_538_539_540_541_542_543_544_545_546_547_548_549_550_551_552_553_554_555_556_557_558_559_560_561_562_563_564_565_566_567_568_569_570_571_572_573_574_575_576_577_578_579_580_581_582_583_584_585_586_587_588_589_590_591_592_593_594_595_596_597_598_599_600_601_602_603_604_605_606_607_608_609_610_611_612_613_614_615_616_617_618_619_620_621_622_623_624_625_626_627_628_629_630_631_632_633_634_635_636_637_638_639_640_641_642_643_644_645_646_647_648_649_650_651_652_653_654_655_656_657_658_659_660_661_662_663_664_665_666_667_668_669_670_671_672_673_674_675_676_677_678_679_680_681_682_683_684_685_686_687_688_689_690_691_692_693_694_695_696_697_698_699_700_701_702_703_704_705_706_707_708_709_710_711_712_713_714_715_716_717_718_719_720_721_722_723_724_725_726_727_728_729_730_731_732_733_734_735_736_737_738_739_740_741_742_743_744_745_746_747_748_749_750_751_752_753_754_755_756_757_758_759_760_761_762_763_764_765_766_767_768_769_770_771_772_773_774_775_776_777_778_779_780_781_782_783_784_785_786_787_788_789_790_791_792_793_794_795_796_797_798_799_800_801_802_803_804_805_806_807_808_809_810_811_812_813_814_815_816_817_818_819_820_821_822_823_824_825_826_827_828_829_830_831_832_833_834_835_836_837_838_839_840_841_842_843_844_845_846_847_848_849_850_851_852_853_854_855_856_857_858_859_860_861_862_863_864_865_866_867_868_869_870_871_872_873_874_875_876_877_878_879_880_881_882_883_884_885_886_887_888_889_890_891_892_893_894_895_896_897_898_899_900_901_902_903_904_905_906_907_908_909_910_911_912_913_914_915_916_917_918_919_920_921_922_923_924_925_926_927_928_929_930_931_932_933_934_935_936_937_938_939_940_941_942_943_944_945_946_947_948_949_950_951_952_953_954_955_956_957_958_959_960_961_962_963_964_965_966_967_968_969_970_971_972_973_974_975_976_977_978_979_980_981_982_983_984_985_986_987_988_989_990_991_992_993_994_995_996_997_998_999_1000_1001_1002_1003_1004_1005_1006_1007_1008_1009_1010_1011_1012_1013_1014_1015_1016_1017_1018_1019_1020_1021_1022_1023_1024_1025_1026_1027_1028_1029_1030_1031_1032_1033_1034_1035_1036_1037_1038_1039_1040_1041_1042_1043_1044_1045_1046_1047_1048_1049_1050_1051_1052_1053_1054_1055_1056_1057_1058_1059_1060_1061_1062_1063_1064_1065_1066_1067_1068_1069_1070_1071_1072_1073_1074_1075_1076_1077_1078_1079_1080_1081_1082_1083_1084_1085_1086_1087_1088_1089_1090_1091_1092_1093_1094_1095_1096_1097_1098_1099_1100_1101_1102_1103_1104_1105_1106_1107_1108_1109_1110_1111_1112_1113_1114_1115_1116_1117_1118_1119_1120_1121_1122_1123_1124_1125_1126_1127_1128_1129_1130_1131_1132_1133_1134_1135_1136_1137_1138_1139_1140_1141_1142_1143_1144_1145_1146_1147_1148_1149_1150_1151_1152_1153_1154_1155_1156_1157_1158_1159_1160_1161_1162_1163_1164_1165_1166_1167_1168_1169_1170_1171_1172_1173_1174_1175_1176_1177_1178_1179_1180_1181_1182_1183_1184_1185_1186_1187_1188_1189_1190_1191_1192_1193_1194_1195_1196_1197_1198_1199_1200_1201_1202_1203_1204_1205_1206_1207_1208_1209_1210_1211_1212_1213_1214_1215_1216_1217_1218_1219_1220_1221_1222_1223_1224_1225_1226_1227_1228_1229_1230_1231_1232_1233_1234_1235_1236_1237_1238_1239_1240_1241_1242_1243_1244_1245_1246_1247_1248_1249_1250_1251_1252_1253_1254_1255_1256_1257_1258_1259_1260_1261_1262_1263_1264_1265_1266_1267_1268_1269_1270_1271_1272_1273_1274_1275_1276_1277_1278_1279_1280_1281_1282_1283_1284_1285_1286_1287_1288_1289_1290_1291_1292_1293_1294_1295_1296_1297_1298_1299_1300_1301_1302_1303_1304_1305_1306_1307_1308_1309_1310_1311_1312_1313_1314_1315_1316_1317_1318_1319_1320_1321_1322_1323_1324_1325_1326_1327_1328_1329_1330_1331_1332_1333_1334_1335_1336_1337_1338_1339_1340_1341_1342_1343_,0:{3;4;}64:{63;65;62;66;61;67;60;68;}66:{69;70;}70:{71;72;73;74;}74:{78;}78:{77;79;76;80;1152;1153;1154;75;81;82;}82:{83;84;85;86;}86:{87;88;89;90;}89:{91;92;93;}92:{94;95;1248;}97:{100;101;}176:{175;177;1167;174;178;1166;173;179;1165;172;180;1164;}180:{181;182;183;184;}181:{185;}184:{186;187;188;}193:{196;701;197;}271:{267;}272:{268;}273:{276;277;}277:{278;279;280;281;}281:{282;}287:{284;283;}290:{293;294;}366:{364;363;1197;362;}370:{372;373;374;}374:{375;376;377;378;}375:{379;}379:{380;}393:{392;391;390;389;}397:{396;395;394;393;}445:{444;443;442;441;}447:{1117;}451:{452;453;454;455;}453:{456;457;}457:{458;459;460;461;}467:{469;470;471;}471:{472;473;474;475;}475:{476;477;478;479;}478:{1310;1309;}489:{488;487;486;485;}493:{492;491;490;489;}545:{547;1134;548;1133;541;549;}549:{550;551;552;553;}553:{554;555;556;557;}557:{558;559;560;1232;1231;1233;1230;1234;561;}560:{562;563;1229;1235;564;1228;1236;}564:{565;566;567;568;}568:{569;570;571;572;}576:{767;766;765;764;}580:{577;576;}582:{581;580;579;578;}586:{585;587;584;588;583;589;582;}590:{586;}594:{593;592;863;862;591;861;590;}598:{595;594;}600:{598;597;596;}603:{602;601;600;599;}607:{606;605;604;957;603;}611:{610;609;608;959;958;607;}615:{614;613;612;611;}619:{618;617;616;615;}623:{621;620;619;}626:{625;624;1055;1054;623;1053;622;}630:{629;628;627;626;}634:{633;635;632;636;631;637;630;638;}638:{639;640;1151;1150;641;1149;634;642;}642:{644;645;646;}646:{647;648;643;649;650;}650:{651;652;653;654;}654:{1245;658;}658:{657;659;656;660;1247;1246;655;661;662;}662:{663;664;665;666;}666:{667;668;669;670;}670:{671;1343;1342;1341;}675:{673;0;672;1;2;}678:{674;}679:{678;677;676;675;}683:{682;681;685;680;686;679;}687:{684;683;}689:{99;}691:{690;689;96;688;97;98;687;}695:{691;}696:{695;694;693;692;}700:{696;}701:{700;699;698;697;}706:{705;192;704;193;194;703;195;702;}710:{709;708;707;706;}714:{711;710;}716:{715;714;713;712;}720:{289;719;290;718;291;717;292;716;}724:{723;722;721;288;720;}728:{726;725;724;}731:{728;727;}733:{731;730;729;}736:{385;735;386;734;387;733;388;732;}740:{738;737;384;736;}743:{740;739;}745:{744;743;742;741;}749:{747;746;745;}752:{750;483;749;484;748;}755:{756;480;752;481;482;751;}757:{755;754;753;}761:{760;759;758;757;}765:{763;762;761;}834:{833;400;832;399;401;398;402;831;397;403;830;}838:{837;836;835;834;}842:{840;839;838;}845:{844;843;842;841;}849:{496;848;495;497;847;494;498;846;493;499;845;}853:{850;849;}855:{852;851;}857:{856;858;855;859;854;860;853;}861:{857;}1060:{1059;1058;1057;64;1056;}1064:{1062;1061;1060;}1067:{1066;1065;1064;1063;}1071:{1070;1069;1068;157;163;1067;}1075:{1074;1073;160;1072;159;161;158;162;1071;}1079:{1078;1077;1076;1075;}1083:{1082;1081;1080;1079;}1087:{1086;1085;1084;253;259;1083;}1091:{1090;1089;256;1088;255;257;254;258;1087;}1095:{1094;1093;1092;1091;}1099:{1098;1097;1096;1095;}1103:{1102;1101;1100;349;355;1099;}1107:{1105;352;1104;351;353;350;354;1103;}1110:{1108;1107;1106;}1113:{1112;1111;1110;1109;}1117:{1116;1115;1114;1113;}1122:{1121;448;1120;447;449;446;450;1119;445;451;1118;}1126:{1125;1124;1123;1122;}1130:{1129;1128;1127;1126;}1134:{1132;1131;1130;}1139:{1138;1137;544;1136;543;545;542;546;1135;}1143:{1142;1141;1140;1139;}1147:{1144;1143;}1149:{1148;1147;1146;1145;}1159:{1157;1156;1155;}1162:{1159;1158;}1164:{1163;1162;1161;1160;}1172:{1169;176;1168;}1174:{1173;1172;1171;1170;}1178:{1177;1176;1175;1174;}1182:{1180;1179;1178;}1185:{272;1184;271;273;1183;270;274;1182;269;275;1181;}1189:{1188;1187;1186;1185;}1193:{1192;1191;1190;1189;}1197:{1196;1195;1194;1193;}1202:{368;1200;367;369;366;370;1199;365;371;1198;}1205:{1201;}1206:{1203;1202;}1208:{1207;1206;1205;1204;}1212:{1211;1210;1209;1208;}1216:{463;465;1215;462;466;1214;467;1213;468;1212;}1220:{464;1216;}1221:{1220;1219;1218;1217;}1225:{1224;1223;1222;1221;}1229:{1227;1226;1225;}1239:{1238;1237;}1243:{1240;1239;}1245:{1244;1243;1242;1241;}1251:{1250;1249;}1255:{1254;1253;1252;1251;}1259:{1256;1255;}1261:{1260;1259;1258;1257;}1265:{1264;191;1263;190;1262;189;1261;}1269:{1268;1267;1266;1265;}1273:{1272;1271;1270;1269;}1277:{1276;1275;1274;1273;}1281:{1280;287;1279;286;1278;285;1277;}1285:{1284;1283;1282;1281;}1289:{1288;1287;1286;1285;}1293:{1292;1291;1290;1289;}1297:{1294;381;1293;}1299:{1298;1297;1296;383;382;1295;}1303:{1302;1301;1300;1299;}1307:{1303;}1308:{1307;1306;1305;1304;}1312:{1308;}1315:{1313;1312;1311;}1318:{1317;1316;1315;1314;}1322:{1318;}1323:{1322;1321;1320;1319;}1327:{1326;1325;1324;573;1323;}1331:{1329;1328;575;574;1327;}1334:{1333;1332;1331;1330;}1338:{1336;1335;1334;}1341:{1340;1339;1338;1337;},465_466_467_574_575_593_594_595_1112_1113_1214_1215_1329_1330_1331_1332_1333_1334_1335_,634-633*0_634-635*0_634-632*0_634-636*0_634-631*0_634-637*0_634-630*0_634-638*0_638-639*1_638-640*1_638-1151*1_638-1150*1_638-641*1_638-1149*1_638-634*1_638-642*1_642-644*2_642-645*2_642-646*2_630-629*1_630-628*1_630-627*1_630-626*1_1149-1148*2_1149-1147*2_1149-1146*2_1149-1145*2_1147-1144*3_1147-1143*3_626-625*2_626-624*2_626-1055*2_626-1054*2_626-623*2_626-1053*2_626-622*2_646-647*3_646-648*3_646-643*3_646-649*3_646-650*3_623-621*3_623-620*3_623-619*3_1143-1142*4_1143-1141*4_1143-1140*4_650-651*4_1143-1139*4_650-652*4_650-653*4_650-654*4_619-618*4_619-617*4_619-616*4_619-615*4_654-1245*5_654-658*5_1139-1138*5_1139-1137*5_1139-544*5_1139-1136*5_1139-543*5_1139-545*5_1139-542*5_1139-546*5_1139-1135*5_545-547*6_545-1134*6_545-548*6_545-1133*6_545-541*6_545-549*6_658-657*6_658-659*6_658-656*6_658-660*6_658-1247*6_658-1246*6_658-655*6_658-661*6_658-662*6_615-614*5_615-613*5_615-612*5_615-611*5_662-663*7_662-664*7_662-665*7_662-666*7_1134-1132*7_1134-1131*7_1134-1130*7_611-610*6_611-609*6_611-608*6_611-959*6_611-958*6_611-607*6_549-550*7_549-551*7_549-552*7_549-553*7_607-606*7_607-605*7_607-604*7_607-957*7_607-603*7_1130-1129*8_1130-1128*8_1130-1127*8_1130-1126*8_666-667*8_666-668*8_666-669*8_666-670*8_553-554*8_553-555*8_553-556*8_553-557*8_670-671*9_670-1343*9_670-1342*9_670-1341*9_557-558*9_557-559*9_557-560*9_557-1232*9_557-1231*9_557-1233*9_557-1230*9_557-1234*9_557-561*9_603-602*8_603-601*8_603-600*8_603-599*8_1126-1125*9_1126-1124*9_1126-1123*9_1126-1122*9_600-598*9_600-597*9_600-596*9_1122-1121*10_1122-448*10_1122-1120*10_1122-447*10_1122-449*10_1122-446*10_1122-450*10_1122-1119*10_1122-445*10_1122-451*10_1122-1118*10_1341-1340*10_1341-1339*10_1341-1338*10_1341-1337*10_445-444*11_445-443*11_445-442*11_445-441*11_598-595*10_598-594*10_1338-1336*11_1338-1335*11_1338-1334*11_447-1117*12_560-562*10_560-563*10_560-1229*10_560-1235*10_560-564*10_560-1228*10_560-1236*10_564-565*11_564-566*11_564-567*11_564-568*11_1229-1227*11_594-593*11_1229-1226*11_594-592*11_594-863*11_1229-1225*11_594-862*11_594-591*11_594-861*11_594-590*11_590-586*12_568-569*12_568-570*12_568-571*12_568-572*12_451-452*13_451-453*13_451-454*13_451-455*13_1334-1333*12_1334-1332*12_1334-1331*12_1334-1330*12_453-456*14_453-457*14_1225-1224*12_1225-1223*12_1225-1222*12_1225-1221*12_1221-1220*13_1221-1219*13_1221-1218*13_1221-1217*13_1331-1329*13_1331-1328*13_1331-575*13_1331-574*13_1331-1327*13_1327-1326*14_1327-1325*14_1327-1324*14_1327-573*14_1327-1323*14_1220-464*14_1220-1216*14_586-585*13_586-587*13_586-584*13_586-588*13_586-583*13_586-589*13_586-582*13_1117-1116*13_1117-1115*13_1117-1114*13_1117-1113*13_457-458*15_457-459*15_457-460*15_457-461*15_1216-463*15_1216-465*15_1216-1215*15_1216-462*15_1216-466*15_1216-1214*15_1216-467*15_1216-1213*15_1216-468*15_1216-1212*15_582-581*14_582-580*14_582-579*14_582-578*14_467-469*16_467-470*16_467-471*16_1113-1112*14_1113-1111*14_1113-1110*14_1113-1109*14_1245-1244*8_1245-1243*8_1245-1242*8_1245-1241*8_471-472*17_471-473*17_471-474*17_471-475*17_1323-1322*15_1323-1321*15_1323-1320*15_1323-1319*15_1212-1211*16_1212-1210*16_1212-1209*16_1212-1208*16_1243-1240*9_1243-1239*9_861-857*12_1208-1207*17_1208-1206*17_1208-1205*17_1208-1204*17_1110-1108*15_1110-1107*15_1110-1106*15_1206-1203*18_1206-1202*18_1322-1318*16_580-577*15_580-576*15_475-476*18_475-477*18_475-478*18_475-479*18_1318-1317*17_1318-1316*17_1318-1315*17_1318-1314*17_1107-1105*17_1107-352*17_1107-1104*17_1107-351*17_1107-353*17_1107-350*17_1107-354*17_1107-1103*17_857-856*13_857-858*13_857-855*13_857-859*13_857-854*13_857-860*13_857-853*13_1315-1313*18_1315-1312*18_1315-1311*18_1205-1201*20_1103-1102*18_1103-1101*18_1103-1100*18_1103-349*18_1103-355*18_1103-1099*18_1239-1238*10_1239-1237*10_576-767*16_576-766*16_576-765*16_576-764*16_478-1310*19_478-1309*19_1202-368*21_1202-1200*21_1202-367*21_1202-369*21_1202-366*21_1202-370*21_1202-1199*21_1202-365*21_1202-371*21_1202-1198*21_855-852*14_855-851*14_765-763*17_765-762*17_765-761*17_1312-1308*20_761-760*18_761-759*18_761-758*18_761-757*18_1099-1098*19_1099-1097*19_1099-1096*19_1099-1095*19_366-364*22_366-363*22_366-1197*22_366-362*22_1308-1307*21_1308-1306*21_1308-1305*21_1308-1304*21_757-755*19_757-754*19_757-753*19_1095-1094*20_1095-1093*20_1095-1092*20_1095-1091*20_755-756*20_755-480*20_755-752*20_755-481*20_755-482*20_755-751*20_370-372*23_370-373*23_370-374*23_853-850*15_853-849*15_1307-1303*22_374-375*24_374-376*24_374-377*24_374-378*24_1303-1302*23_1303-1301*23_1303-1300*23_1303-1299*23_1299-1298*24_1299-1297*24_1299-1296*24_1299-383*24_1299-382*24_1299-1295*24_849-496*16_849-848*16_849-495*16_849-497*16_849-847*16_849-494*16_849-498*16_849-846*16_849-493*16_849-499*16_849-845*16_752-750*21_752-483*21_752-749*21_752-484*21_752-748*21_749-747*22_749-746*22_749-745*22_1197-1196*24_1197-1195*24_1197-1194*24_1197-1193*24_1297-1294*25_1297-381*25_1297-1293*25_845-844*17_845-843*17_845-842*17_845-841*17_1293-1292*26_1293-1291*26_1293-1290*26_1293-1289*26_1193-1192*25_1193-1191*25_1193-1190*25_1193-1189*25_1289-1288*27_1289-1287*27_1289-1286*27_1289-1285*27_1091-1090*21_1091-1089*21_1091-256*21_1091-1088*21_1091-255*21_1091-257*21_1091-254*21_1091-258*21_1091-1087*21_375-379*25_1189-1188*26_1189-1187*26_1189-1186*26_1189-1185*26_1285-1284*28_1285-1283*28_1285-1282*28_1285-1281*28_379-380*26_1087-1086*22_1087-1085*22_1087-1084*22_1087-253*22_1087-259*22_1087-1083*22_745-744*23_745-743*23_745-742*23_745-741*23_1083-1082*23_1083-1081*23_1083-1080*23_1083-1079*23_743-740*24_743-739*24_842-840*18_842-839*18_842-838*18_1281-1280*29_1281-287*29_1281-1279*29_1281-286*29_1281-1278*29_1281-285*29_1281-1277*29_1079-1078*24_1079-1077*24_1079-1076*24_1079-1075*24_1185-272*27_1185-1184*27_1185-271*27_1185-273*27_1185-1183*27_1185-270*27_1185-274*27_1185-1182*27_1185-269*27_1185-275*27_1185-1181*27_740-738*25_740-737*25_740-384*25_740-736*25_493-492*17_493-491*17_493-490*17_493-489*17_273-276*28_273-277*28_838-837*19_838-836*19_838-835*19_838-834*19_277-278*29_277-279*29_277-280*29_277-281*29_287-284*30_287-283*30_736-385*26_736-735*26_736-386*26_736-734*26_736-387*26_736-733*26_736-388*26_736-732*26_489-488*18_489-487*18_489-486*18_489-485*18_1075-1074*25_1075-1073*25_1075-160*25_1075-1072*25_1075-159*25_1075-161*25_1075-158*25_1075-162*25_1075-1071*25_834-833*20_834-400*20_834-832*20_834-399*20_834-401*20_834-398*20_834-402*20_834-831*20_834-397*20_834-403*20_834-830*20_1071-1070*26_1071-1069*26_1071-1068*26_1071-157*26_1071-163*26_1071-1067*26_397-396*21_397-395*21_397-394*21_397-393*21_733-731*27_733-730*27_733-729*27_1182-1180*29_1182-1179*29_1182-1178*29_393-392*22_393-391*22_393-390*22_393-389*22_281-282*30_1277-1276*31_1277-1275*31_1277-1274*31_1277-1273*31_731-728*28_731-727*28_1178-1177*30_1178-1176*30_1178-1175*30_1178-1174*30_1273-1272*32_1273-1271*32_1273-1270*32_1273-1269*32_1174-1173*31_1174-1172*31_1174-1171*31_1174-1170*31_728-726*29_728-725*29_728-724*29_1067-1066*27_1067-1065*27_1067-1064*27_1067-1063*27_1064-1062*28_1064-1061*28_1064-1060*28_1269-1268*33_1269-1267*33_1269-1266*33_1269-1265*33_1172-1169*32_1172-176*32_1172-1168*32_1060-1059*29_1060-1058*29_1060-1057*29_1060-64*29_1060-1056*29_64-63*30_64-65*30_64-62*30_64-66*30_64-61*30_64-67*30_64-60*30_64-68*30_176-175*33_176-177*33_176-1167*33_176-174*33_176-178*33_176-1166*33_176-173*33_176-179*33_176-1165*33_176-172*33_176-180*33_176-1164*33_1265-1264*34_1265-191*34_1265-1263*34_1265-190*34_1265-1262*34_1265-189*34_1265-1261*34_724-723*30_724-722*30_724-721*30_724-288*30_724-720*30_66-69*31_66-70*31_180-181*34_180-182*34_180-183*34_180-184*34_70-71*32_70-72*32_70-73*32_70-74*32_181-185*35_272-268*27_720-289*31_720-719*31_720-290*31_720-718*31_720-291*31_720-717*31_720-292*31_720-716*31_184-186*36_184-187*36_184-188*36_1164-1163*34_1164-1162*34_1164-1161*34_1164-1160*34_1162-1159*35_1162-1158*35_74-78*33_1159-1157*36_1159-1156*36_1159-1155*36_716-715*32_716-714*32_716-713*32_716-712*32_1261-1260*35_1261-1259*35_1261-1258*35_1261-1257*35_78-77*34_78-79*34_78-76*34_78-80*34_78-1152*34_78-1153*34_78-1154*34_78-75*34_78-81*34_78-82*34_714-711*33_714-710*33_710-709*34_710-708*34_710-707*34_710-706*34_82-83*35_82-84*35_82-85*35_82-86*35_1259-1256*39_1259-1255*39_86-87*36_86-88*36_86-89*36_86-90*36_1255-1254*40_1255-1253*40_1255-1252*40_1255-1251*40_706-705*35_706-192*35_706-704*35_706-193*35_706-194*35_706-703*35_706-195*35_706-702*35_89-91*37_89-92*37_89-93*37_193-196*36_193-701*36_193-197*36_92-94*38_92-95*38_92-1248*38_1251-1250*41_1251-1249*41_701-700*37_701-699*37_701-698*37_701-697*37_271-267*29_700-696*38_290-293*31_290-294*31_696-695*39_696-694*39_696-693*39_696-692*39_695-691*40_691-690*41_691-689*41_691-96*41_691-688*41_691-97*41_691-98*41_691-687*41_97-100*42_687-684*42_97-101*42_687-683*42_683-682*43_683-681*43_683-685*43_683-680*43_683-686*43_683-679*43_679-678*44_679-677*44_679-676*44_679-675*44_678-674*45_689-99*42_675-673*46_675-0*46_675-672*46_675-1*46_675-2*46_0-3*47_0-4*47_
