"id","Scenario","Actual Range","Protocol","Buildings","Total nodes","Nodes on circ","Total coverage","Coverage on circ","Alert received mean time","Hops","Slots","Messages sent","Messages received", "Starting x", "Starting y","Starting node", "Vehicle distance", "Received node ids", "Node ids", "Transmission map", "Received on circ nodes", "Transmission vector"
0,1,500,0,0,1776,80,1776,80,2723.52,3.4875,7.25,907,1776,1153.84,1884.7,310,25,309_311_308_312_294_314_293_275_274_315_276_287_273_277_316_286_272_699_249_285_317_278_851_250_698_700_248_284_318_850_852_251_325_697_701_271_1196_252_849_279_283_323_1197_853_296_295_319_297_270_244_253_1198_298_847_848_281_233_268_1200_245_320_259_299_254_260_232_703_231_1201_282_307_306_300_246_261_321_257_234_1202_704_1190_1189_1191_1747_255_1187_263_262_1750_1186_230_256_1748_1749_1746_1203_1195_1220_1751_235_1223_326_1185_330_229_264_322_1745_237_1460_1756_1757_1758_1165_1755_228_265_1759_1753_327_1164_301_331_1752_1192_1204_202_288_238_1219_1760_266_1163_227_1167_1175_1174_328_1461_332_239_1741_1742_1740_1193_1205_303_289_191_267_1744_226_1218_1761_240_1130_1168_1176_1733_333_1131_1739_1734_329_1462_1731_304_223_1730_290_1169_1194_1206_241_1735_1217_1729_1762_1132_1129_1178_1728_222_1463_1738_686_1170_236_1134_435_225_1717_1718_447_1736_1727_1719_1128_458_213_292_242_705_1207_469_1216_305_1179_1140_1720_221_1726_1767_1763_480_1184_1135_1171_1464_1737_491_180_1725_1774_220_1722_243_695_696_1127_1141_1768_342_646_1716_694_502_1214_693_1180_1215_1723_334_1240_1172_692_1136_1208_513_1126_1769_1213_1142_1764_690_1459_169_635_1260_1181_1775_1715_216_337_1616_1137_1125_1770_1261_1143_524_1212_1766_1209_1211_1262_1224_724_338_1457_845_1138_1771_1124_339_1225_1226_1239_1238_1227_1237_1236_1228_1235_1258_1257_1259_1229_1234_1230_1256_1232_1231_1241_1254_1253_1242_1270_1269_1271_1252_1268_1272_1243_1267_1263_1251_1273_1575_1574_1264_1265_1245_1274_1573_1284_1285_1283_1286_1576_1572_1282_1275_1601_1281_1773_1571_1246_1772_1280_1276_1247_1578_1570_1279_1429_1248_1569_1278_1428_1627_1579_1249_1427_1568_1426_1613_1602_1287_1250_1614_1603_1567_1626_1580_1449_1615_1289_1604_1292_1450_1565_1430_1448_1605_1625_1290_1628_1291_1431_1617_1451_1724_1564_1606_1447_1618_1425_1433_1629_1624_1619_1452_1607_1620_1434_1446_1608_1630_1424_1295_1622_1609_1294_1445_1293_1623_1453_1435_1611_1442_1631_1581_1436_1600_1612_1693_1423_1454_1441_1437_1633_1296_1582_1438_1692_1456_1634_1422_840_1439_1297_1635_839_1691_1636_1420_1690_341_657_624_750_749_751_669_613_691_702_680_340_602_713_343_217_158_535_546_591_558_147_344_580_569_218_247_136_345_219_258_770_171_771_172_173_125_170_769_269_1080_175_767_761_114_733_757_176_759_174_766_760_1073_280_380_177_1079_758_884_765_102_1074_1072_178_181_885_391_291_179_215_764_1078_756_883_91_1071_302_841_763_402_842_882_80_1070_734_762_313_182_886_1076_843_413_1075_736_324_58_69_887_783_1069_844_424_737_336_782_47_369_738_781_1068_347_890_36_548_739_358_778_740_547_1067_891_777_550_25_794_715_716_714_14_717_1065_712_711_776_1062_793_1063_1754_785_790_909_906_1689_1687_1686_1708_1707_1706_1681_1682_1680_1705_1679_1704_1683_1678_1703_1700_1676_1709_1698_1702_22_1697_1711_679_21_1675_1684_20_1701_681_1696_19_1712_1674_1685_18_1713_1695_682_1673_1637_17_83_1714_1694_1661_16_1638_1672_1662_1660_687_1663_15_1639_23_82_1659_1664_688_13_1640_24_1667_689_81_1641_1658_12_1671_1670_79_11_1668_1669_26_1642_683_1657_73_78_84_10_74_1644_27_85_684_77_72_64_65_1656_76_685_1645_28_66_9_71_75_62_1647_67_1648_1646_1649_29_86_68_8_1650_195_70_61_4_31_32_34_5_35_94_38_46_1651_48_93_1652_7_856_187_310_1182_1183_1061_1060_1059_1123_1139_1058_735_1121_1161_1057_1120_1173_746_1160_1087_1145_1064_1146_742_710_1156_1056_1089_1492_1081_1159_744_1157_768_709_1158_706_1090_1147_745_747_780_1082_748_743_1054_1091_1115_1148_791_1490_1114_752_1149_835_1112_834_836_833_837_1653_832_838_1655_831_855_830_854_829_1303_1302_1301_907_892_908_905_893_904_729_3_894_728_903_910_895_1765_727_545_896_726_544_549_732_719_731_1743_725_730_720_897_551_792_721_723_912_543_722_1732_899_552_898_901_466_913_553_542_465_1721_467_464_775_902_914_541_468_774_1710_463_784_526_718_881_915_540_773_462_1699_755_470_525_880_916_461_539_754_772_471_523_786_879_917_460_753_527_538_522_1688_472_787_878_455_459_918_456_537_473_802_521_1677_457_788_876_919_474_520_536_813_872_871_873_870_874_1666_507_789_475_875_824_869_868_454_920_1083_1084_1085_534_531_1086_506_476_1654_1040_532_453_1643_533_477_741_867_846_561_452_478_488_857_1632_490_554_562_487_479_864_49_678_45_43_44_42_30_39_41_676_40_677_50_33_1041_1039_921_1042_1043_1038_1045_923_1046_1621_1037_924_1610_1036_925_1599_707_1048_1034_1049_1032_1050_1051_1440_1583_1584_1557_1558_1513_1556_1514_1559_1560_1512_1553_1412_1515_1413_1561_1511_1414_1552_1411_1509_1562_1523_1516_1508_1409_1419_1507_1551_1506_1517_1467_1563_1544_1522_1468_1396_1541_1469_1518_1465_1545_1458_1519_1520_1505_1542_1470_1415_1524_1473_1495_1494_1546_1474_1504_1496_1398_1525_1416_1497_1529_1471_1395_1530_1531_1526_1547_1527_1498_1417_1500_1503_1502_1397_1501_1394_1535_1528_1549_1548_1472_1418_1400_1550_1585_1393_1475_1586_1533_1392_1404_1391_1403_1476_1386_489_486_492_485_493_498_497_499_484_496_495_494_483_508_482_509_481_510_500_511_528_501_529_512_530_514_503_564_515_504_563_516_505_517_518_451_519_422_450_421_449_420_555_419_448_556_418_559_445_417_560_406_405_407_404_416_408_403_415_414_412_365_411_401_397_364_410_366_400_409_367_377_363_396_399_368_398_423_395_203_214_204_201_212_200_168_205_140_139_211_199_167_599_206_138_210_574_141_198_183_654_579_573_207_197_137_142_598_578_346_653_166_184_196_208_351_581_348_652_185_577_143_165_582_209_352_576_651_349_186_597_583_130_133_129_6_128_146_164_127_145_148_350_572_131_188_571_584_587_124_605_353_570_585_655_588_592_134_189_144_149_163_595_357_126_589_586_600_132_356_162_150_593_99_590_606_161_354_100_123_135_121_122_190_160_157_355_601_656_568_159_120_98_594_649_671_650_154_192_865_119_670_151_379_101_156_97_603_378_155_381_118_604_612_359_152_382_667_441_567_193_440_383_596_117_372_96_384_371_575_611_116_115_103_360_666_439_385_194_153_95_361_658_386_437_1298_1300_1304_1315_1311_1312_1313_1314_1322_1316_1305_1317_1306_1307_1323_1318_1324_1308_1325_1587_1589_1319_1594_1334_1595_1590_1326_1335_1320_1341_1591_1331_1327_1330_1336_1329_1592_1309_1328_1356_1593_1337_1338_1354_1362_1596_1339_1361_1357_1597_1353_1385_1360_1491_1489_1150_1486_1487_1485_1484_370_362_373_374_375_376_387_1035_926_1047_1588_822_927_1577_821_928_1566_820_929_1555_819_930_1106_1105_1104_818_1543_1103_931_1102_817_1532_932_795_796_816_797_798_934_1521_799_815_935_1510_814_936_810_1488_1477_438_436_388_434_389_433_390_432_392_566_431_565_393_430_394_429_444_443_442_428_427_87_426_425_88_92_89_90_607_664_673_665_674_63_663_60_59_662_675_37_111_110_109_672_108_57_107_56_106_55_648_105_104_647_54_112_53_645_52_644_51_614_615_661_617_660_618_642_616_619_641_620_640_632_639_621_638_622_623_625_630_626_1387_659_609_610_608_637_631_627_628_629_643_633_1162_1092_1151_1093_1152_1108_1153_1094_1113_1154_1107_1109_1053_1098_1097_708_1095_1116_1052_1096_1100_1478_1479_803_1480_1117_1101_1481_801_809_1482_800_804_1118_1483_808_805_1119_807_1493_806_826_1399_1410_825_1388_1421_828_1455_1444_1466_1014_1333_1321_0_1266_1277_1255_1_1244_1534_1288_1233_1299_1222_1310_1210_888_911_1377_1110_1199_999_1366_1355_900_1188_1221_922_827_1344_889_1536_1177_1332_933_877_1540_1537_1443_866_944_1000_1018_1010_1019_1020_1538_1021_1539_779_1023_1024_1554_1009_955_1025_1013_668_1011_966_557_1012_1665_977_1432_1017_1002_823_1499_812_1001_938_811_937_939_940_998_941_1015_997_942_1003_1016_950_943_1004_995_1005_1401_1402_1384_1383_1406_1407_1405_1382_1389_1408_1381_1390_863_1380_1598_862_1379_1372_1373_861_1378_1374_1375_1371_1376_860_1370_859_1340_1342_1359_1343_1345_1352_1348_1349_1346_1347_1350_1351_1358_1363_1364_1365_1367_1368_1369_636_634_858_996_1006_1007_994_1008_949_988_993_992_951_991_948_952_945_946_953_947_954_956_962_957_1030_989_961_958_1031_960_990_959_1133_1026_1122_963_969_1144_1111_968_964_1099_1027_967_1088_1022_1155_965_1028_1077_1033_1166_1066_981_1029_1044_970_1055_987_980_986_985_971_984_982_979_446_972_983_973_335_974_978_976_224_975_2_113_,0_1_2_3_4_5_6_7_8_9_10_11_12_13_14_15_16_17_18_19_20_21_22_23_24_25_26_27_28_29_30_31_32_33_34_35_36_37_38_39_40_41_42_43_44_45_46_47_48_49_50_51_52_53_54_55_56_57_58_59_60_61_62_63_64_65_66_67_68_69_70_71_72_73_74_75_76_77_78_79_80_81_82_83_84_85_86_87_88_89_90_91_92_93_94_95_96_97_98_99_100_101_102_103_104_105_106_107_108_109_110_111_112_113_114_115_116_117_118_119_120_121_122_123_124_125_126_127_128_129_130_131_132_133_134_135_136_137_138_139_140_141_142_143_144_145_146_147_148_149_150_151_152_153_154_155_156_157_158_159_160_161_162_163_164_165_166_167_168_169_170_171_172_173_174_175_176_177_178_179_180_181_182_183_184_185_186_187_188_189_190_191_192_193_194_195_196_197_198_199_200_201_202_203_204_205_206_207_208_209_210_211_212_213_214_215_216_217_218_219_220_221_222_223_224_225_226_227_228_229_230_231_232_233_234_235_236_237_238_239_240_241_242_243_244_245_246_247_248_249_250_251_252_253_254_255_256_257_258_259_260_261_262_263_264_265_266_267_268_269_270_271_272_273_274_275_276_277_278_279_280_281_282_283_284_285_286_287_288_289_290_291_292_293_294_295_296_297_298_299_300_301_302_303_304_305_306_307_308_309_310_311_312_313_314_315_316_317_318_319_320_321_322_323_324_325_326_327_328_329_330_331_332_333_334_335_336_337_338_339_340_341_342_343_344_345_346_347_348_349_350_351_352_353_354_355_356_357_358_359_360_361_362_363_364_365_366_367_368_369_370_371_372_373_374_375_376_377_378_379_380_381_382_383_384_385_386_387_388_389_390_391_392_393_394_395_396_397_398_399_400_401_402_403_404_405_406_407_408_409_410_411_412_413_414_415_416_417_418_419_420_421_422_423_424_425_426_427_428_429_430_431_432_433_434_435_436_437_438_439_440_441_442_443_444_445_446_447_448_449_450_451_452_453_454_455_456_457_458_459_460_461_462_463_464_465_466_467_468_469_470_471_472_473_474_475_476_477_478_479_480_481_482_483_484_485_486_487_488_489_490_491_492_493_494_495_496_497_498_499_500_501_502_503_504_505_506_507_508_509_510_511_512_513_514_515_516_517_518_519_520_521_522_523_524_525_526_527_528_529_530_531_532_533_534_535_536_537_538_539_540_541_542_543_544_545_546_547_548_549_550_551_552_553_554_555_556_557_558_559_560_561_562_563_564_565_566_567_568_569_570_571_572_573_574_575_576_577_578_579_580_581_582_583_584_585_586_587_588_589_590_591_592_593_594_595_596_597_598_599_600_601_602_603_604_605_606_607_608_609_610_611_612_613_614_615_616_617_618_619_620_621_622_623_624_625_626_627_628_629_630_631_632_633_634_635_636_637_638_639_640_641_642_643_644_645_646_647_648_649_650_651_652_653_654_655_656_657_658_659_660_661_662_663_664_665_666_667_668_669_670_671_672_673_674_675_676_677_678_679_680_681_682_683_684_685_686_687_688_689_690_691_692_693_694_695_696_697_698_699_700_701_702_703_704_705_706_707_708_709_710_711_712_713_714_715_716_717_718_719_720_721_722_723_724_725_726_727_728_729_730_731_732_733_734_735_736_737_738_739_740_741_742_743_744_745_746_747_748_749_750_751_752_753_754_755_756_757_758_759_760_761_762_763_764_765_766_767_768_769_770_771_772_773_774_775_776_777_778_779_780_781_782_783_784_785_786_787_788_789_790_791_792_793_794_795_796_797_798_799_800_801_802_803_804_805_806_807_808_809_810_811_812_813_814_815_816_817_818_819_820_821_822_823_824_825_826_827_828_829_830_831_832_833_834_835_836_837_838_839_840_841_842_843_844_845_846_847_848_849_850_851_852_853_854_855_856_857_858_859_860_861_862_863_864_865_866_867_868_869_870_871_872_873_874_875_876_877_878_879_880_881_882_883_884_885_886_887_888_889_890_891_892_893_894_895_896_897_898_899_900_901_902_903_904_905_906_907_908_909_910_911_912_913_914_915_916_917_918_919_920_921_922_923_924_925_926_927_928_929_930_931_932_933_934_935_936_937_938_939_940_941_942_943_944_945_946_947_948_949_950_951_952_953_954_955_956_957_958_959_960_961_962_963_964_965_966_967_968_969_970_971_972_973_974_975_976_977_978_979_980_981_982_983_984_985_986_987_988_989_990_991_992_993_994_995_996_997_998_999_1000_1001_1002_1003_1004_1005_1006_1007_1008_1009_1010_1011_1012_1013_1014_1015_1016_1017_1018_1019_1020_1021_1022_1023_1024_1025_1026_1027_1028_1029_1030_1031_1032_1033_1034_1035_1036_1037_1038_1039_1040_1041_1042_1043_1044_1045_1046_1047_1048_1049_1050_1051_1052_1053_1054_1055_1056_1057_1058_1059_1060_1061_1062_1063_1064_1065_1066_1067_1068_1069_1070_1071_1072_1073_1074_1075_1076_1077_1078_1079_1080_1081_1082_1083_1084_1085_1086_1087_1088_1089_1090_1091_1092_1093_1094_1095_1096_1097_1098_1099_1100_1101_1102_1103_1104_1105_1106_1107_1108_1109_1110_1111_1112_1113_1114_1115_1116_1117_1118_1119_1120_1121_1122_1123_1124_1125_1126_1127_1128_1129_1130_1131_1132_1133_1134_1135_1136_1137_1138_1139_1140_1141_1142_1143_1144_1145_1146_1147_1148_1149_1150_1151_1152_1153_1154_1155_1156_1157_1158_1159_1160_1161_1162_1163_1164_1165_1166_1167_1168_1169_1170_1171_1172_1173_1174_1175_1176_1177_1178_1179_1180_1181_1182_1183_1184_1185_1186_1187_1188_1189_1190_1191_1192_1193_1194_1195_1196_1197_1198_1199_1200_1201_1202_1203_1204_1205_1206_1207_1208_1209_1210_1211_1212_1213_1214_1215_1216_1217_1218_1219_1220_1221_1222_1223_1224_1225_1226_1227_1228_1229_1230_1231_1232_1233_1234_1235_1236_1237_1238_1239_1240_1241_1242_1243_1244_1245_1246_1247_1248_1249_1250_1251_1252_1253_1254_1255_1256_1257_1258_1259_1260_1261_1262_1263_1264_1265_1266_1267_1268_1269_1270_1271_1272_1273_1274_1275_1276_1277_1278_1279_1280_1281_1282_1283_1284_1285_1286_1287_1288_1289_1290_1291_1292_1293_1294_1295_1296_1297_1298_1299_1300_1301_1302_1303_1304_1305_1306_1307_1308_1309_1310_1311_1312_1313_1314_1315_1316_1317_1318_1319_1320_1321_1322_1323_1324_1325_1326_1327_1328_1329_1330_1331_1332_1333_1334_1335_1336_1337_1338_1339_1340_1341_1342_1343_1344_1345_1346_1347_1348_1349_1350_1351_1352_1353_1354_1355_1356_1357_1358_1359_1360_1361_1362_1363_1364_1365_1366_1367_1368_1369_1370_1371_1372_1373_1374_1375_1376_1377_1378_1379_1380_1381_1382_1383_1384_1385_1386_1387_1388_1389_1390_1391_1392_1393_1394_1395_1396_1397_1398_1399_1400_1401_1402_1403_1404_1405_1406_1407_1408_1409_1410_1411_1412_1413_1414_1415_1416_1417_1418_1419_1420_1421_1422_1423_1424_1425_1426_1427_1428_1429_1430_1431_1432_1433_1434_1435_1436_1437_1438_1439_1440_1441_1442_1443_1444_1445_1446_1447_1448_1449_1450_1451_1452_1453_1454_1455_1456_1457_1458_1459_1460_1461_1462_1463_1464_1465_1466_1467_1468_1469_1470_1471_1472_1473_1474_1475_1476_1477_1478_1479_1480_1481_1482_1483_1484_1485_1486_1487_1488_1489_1490_1491_1492_1493_1494_1495_1496_1497_1498_1499_1500_1501_1502_1503_1504_1505_1506_1507_1508_1509_1510_1511_1512_1513_1514_1515_1516_1517_1518_1519_1520_1521_1522_1523_1524_1525_1526_1527_1528_1529_1530_1531_1532_1533_1534_1535_1536_1537_1538_1539_1540_1541_1542_1543_1544_1545_1546_1547_1548_1549_1550_1551_1552_1553_1554_1555_1556_1557_1558_1559_1560_1561_1562_1563_1564_1565_1566_1567_1568_1569_1570_1571_1572_1573_1574_1575_1576_1577_1578_1579_1580_1581_1582_1583_1584_1585_1586_1587_1588_1589_1590_1591_1592_1593_1594_1595_1596_1597_1598_1599_1600_1601_1602_1603_1604_1605_1606_1607_1608_1609_1610_1611_1612_1613_1614_1615_1616_1617_1618_1619_1620_1621_1622_1623_1624_1625_1626_1627_1628_1629_1630_1631_1632_1633_1634_1635_1636_1637_1638_1639_1640_1641_1642_1643_1644_1645_1646_1647_1648_1649_1650_1651_1652_1653_1654_1655_1656_1657_1658_1659_1660_1661_1662_1663_1664_1665_1666_1667_1668_1669_1670_1671_1672_1673_1674_1675_1676_1677_1678_1679_1680_1681_1682_1683_1684_1685_1686_1687_1688_1689_1690_1691_1692_1693_1694_1695_1696_1697_1698_1699_1700_1701_1702_1703_1704_1705_1706_1707_1708_1709_1710_1711_1712_1713_1714_1715_1716_1717_1718_1719_1720_1721_1722_1723_1724_1725_1726_1727_1728_1729_1730_1731_1732_1733_1734_1735_1736_1737_1738_1739_1740_1741_1742_1743_1744_1745_1746_1747_1748_1749_1750_1751_1752_1753_1754_1755_1756_1757_1758_1759_1760_1761_1762_1763_1764_1765_1766_1767_1768_1769_1770_1771_1772_1773_1774_1775_,75:{87;88;92;89;90;664;673;665;674;63;663;60;59;662;675;37;111;110;109;672;108;57;107;56;106;55;648;105;104;647;54;112;53;645;52;644;51;614;615;661;617;660;618;642;616;619;641;620;640;632;639;621;638;622;623;625;630;626;}116:{659;609;610;608;637;631;627;628;629;643;633;}217:{203;214;204;201;212;200;168;205;140;139;211;199;167;599;206;138;210;574;141;198;183;654;579;573;207;197;137;142;598;578;346;653;166;184;196;208;351;581;348;652;185;577;143;165;582;209;352;576;651;349;186;597;583;130;133;129;6;128;146;164;127;145;148;350;572;131;188;571;584;587;124;605;353;570;585;655;588;592;134;189;144;149;163;595;357;126;589;586;600;132;356;162;150;593;99;590;606;161;354;100;123;135;121;122;190;160;157;355;601;656;568;159;120;98;594;649;671;650;154;192;865;119;670;151;379;101;156;97;603;378;155;381;118;604;612;359;152;382;667;441;567;193;440;383;596;117;372;96;384;371;575;611;116;115;103;360;666;439;385;194;153;95;361;658;386;437;}228:{341;750;749;751;340;343;217;344;218;345;219;171;172;173;170;175;176;174;177;178;181;179;215;182;}296:{310;1182;1183;1061;1060;1059;1123;1139;1058;735;1121;1161;1057;1120;1173;746;1160;1087;1145;1064;1146;742;710;1156;1056;1089;1492;1081;1159;744;1157;768;709;1158;706;1090;1147;745;747;780;1082;748;743;1054;1091;1115;1148;791;1490;1114;752;1149;835;1112;}310:{309;311;308;312;294;314;293;275;274;315;276;287;273;277;316;286;272;699;249;285;317;278;851;250;698;700;248;284;318;850;852;251;325;697;701;271;1196;252;849;279;283;323;1197;853;296;295;319;297;270;244;253;1198;298;847;848;281;233;268;1200;245;320;259;299;254;260;232;703;231;1201;282;307;306;300;246;261;321;257;234;1202;704;1190;1189;1191;1747;255;1187;263;262;1750;1186;230;256;1748;1749;1746;1203;1195;1220;1751;235;1223;326;1185;330;229;264;322;1745;237;1460;1756;1757;1758;1165;1755;228;265;1759;1753;327;1164;301;331;1752;1192;1204;202;288;238;1219;1760;266;1163;227;1167;1175;1174;328;1461;332;239;1741;1742;1740;1193;1205;303;289;191;267;1744;226;1218;1761;240;1130;1168;1176;1733;333;1131;1739;1734;329;1462;1731;304;223;1730;290;1169;1194;1206;241;1735;1217;1729;1762;1132;1129;1178;1728;222;1463;1738;686;1170;236;1134;435;225;1717;1718;447;1736;1727;1719;1128;458;213;292;242;705;1207;469;1216;305;1179;1140;1720;221;1726;1767;1763;480;1184;1135;1171;1464;1737;491;180;1725;1774;220;1722;243;695;696;1127;1141;1768;342;646;1716;694;502;1214;693;1180;1215;1723;334;1240;1172;692;1136;1208;513;1126;1769;1213;1142;1764;690;1459;169;635;1260;1181;1775;1715;216;337;1616;1137;1125;1770;1261;1143;524;1212;1766;1209;1211;1262;1224;724;338;1457;845;1138;1771;1124;339;}440:{438;436;388;434;389;433;390;432;392;566;431;565;393;430;394;429;444;443;442;428;427;426;425;607;}488:{489;486;492;485;493;498;497;499;484;496;495;494;483;508;482;509;481;510;500;511;528;501;529;512;530;514;503;564;515;504;563;516;505;517;518;451;519;422;450;421;449;420;555;419;448;556;418;559;445;417;560;406;405;407;404;416;408;403;415;414;412;365;411;401;397;364;410;366;400;409;367;377;363;396;399;368;398;423;395;}618:{636;634;}635:{657;624;669;613;691;702;680;602;713;158;535;546;591;558;147;580;569;247;136;258;770;771;125;769;269;1080;767;761;114;733;757;759;766;760;1073;280;380;1079;758;884;765;102;1074;1072;885;391;291;764;1078;756;883;91;1071;302;841;763;402;842;882;80;1070;734;762;313;886;1076;843;413;1075;736;324;58;69;887;783;1069;844;424;737;336;782;47;369;738;781;1068;347;890;36;548;739;358;778;740;547;1067;891;777;550;25;794;715;716;714;14;717;1065;712;711;776;1062;793;1063;1754;785;790;909;906;}688:{49;678;45;43;44;42;30;39;41;676;40;677;50;33;}738:{907;892;908;905;893;904;729;3;894;728;903;910;895;1765;727;545;896;726;544;549;732;719;731;1743;725;730;720;897;551;792;721;723;912;543;722;1732;899;552;898;901;466;913;553;542;465;1721;467;464;775;902;914;541;468;774;1710;463;784;526;718;881;915;540;773;462;1699;755;470;525;880;916;461;539;754;772;471;523;786;879;917;460;753;527;538;522;1688;472;787;878;455;459;918;456;537;473;802;521;1677;457;788;876;919;474;520;536;813;872;871;873;870;874;1666;507;789;475;875;824;869;868;454;920;1083;1084;1085;534;531;1086;506;476;1654;1040;532;453;1643;533;477;741;867;846;561;452;478;488;857;1632;490;554;562;487;479;864;}752:{370;362;373;374;375;376;387;}909:{1041;1039;921;1042;1043;1038;1045;923;1046;1621;1037;924;1610;1036;925;1599;707;1048;1034;1049;1032;1050;1051;}1001:{996;1006;1007;994;1008;949;988;993;992;951;991;948;952;945;946;953;947;954;956;962;957;1030;989;961;958;1031;960;990;959;1133;1026;1122;963;969;1144;1111;968;964;1099;1027;967;1088;1022;1155;965;1028;1077;1033;1166;1066;981;1029;1044;970;1055;987;980;986;985;971;984;982;979;446;972;983;973;335;974;978;976;224;975;}1112:{811;937;939;940;998;941;1015;997;942;1003;1016;950;943;1004;995;1005;}1134:{1491;1489;1150;1486;1487;1485;1484;}1135:{1162;1092;1151;1093;1152;1108;1153;1094;1113;1154;1107;1109;1053;1098;1097;708;1095;1116;1052;1096;1100;1478;1479;803;1480;1117;1101;1481;801;809;1482;800;804;1118;1483;808;805;1119;807;1493;806;826;1399;1410;825;1388;1421;828;1455;1444;1466;1014;}1156:{823;1499;812;1001;938;}1212:{1225;1226;1239;1238;1227;1237;1236;1228;1235;1258;1257;1259;1229;1234;1230;1256;1232;1231;1241;1254;1253;1242;1270;1269;1271;1252;1268;1272;1243;1267;1263;1251;1273;1575;1574;1264;1265;1245;1274;1573;1284;1285;1283;1286;1576;1572;1282;1275;1601;1281;1773;1571;1246;1772;1280;1276;1247;1578;1570;1279;1429;1248;1569;1278;1428;1627;1579;1249;1427;1568;1426;1613;1602;1287;1250;1614;1603;1567;1626;1580;1449;1615;1289;1604;1292;1450;1565;1430;1448;1605;1625;1290;1628;1291;1431;1617;1451;1724;1564;1606;1447;1618;1425;1433;1629;1624;1619;1452;1607;1620;1434;1446;1608;1630;1424;1295;1622;1609;1294;1445;1293;1623;1453;1435;1611;1442;1631;1581;1436;1600;1612;1693;1423;1454;1441;1437;1633;1296;1582;1438;1692;1456;1634;1422;840;1439;1297;1635;839;1691;1636;1420;1690;}1292:{1387;}1303:{1298;1300;1304;1315;1311;1312;1313;1314;1322;1316;1305;1317;1306;1307;1323;1318;1324;1308;1325;1587;1589;1319;1594;1334;1595;1590;1326;1335;1320;1341;1591;1331;1327;1330;1336;1329;1592;1309;1328;1356;1593;1337;1338;1354;1362;1596;1339;1361;1357;1597;1353;1385;1360;}1325:{1340;1342;1359;1343;1345;1352;1348;1349;1346;1347;1350;1351;1358;1363;1364;1365;1367;1368;1369;}1344:{113;}1424:{1401;1402;1384;1383;1406;1407;1405;1382;1389;1408;1381;1390;863;1380;1598;862;1379;1372;1373;861;1378;1374;1375;1371;1376;860;1370;859;}1502:{1333;1321;0;1266;1277;1255;1;1244;1534;1288;1233;1299;1222;1310;1210;888;911;1377;1110;1199;999;1366;1355;900;1188;1221;922;827;1344;889;1536;1177;1332;933;877;1540;1537;1443;866;944;1000;1018;1010;1019;1020;1538;1021;1539;779;1023;1024;1554;1009;955;1025;1013;668;1011;966;557;1012;1665;977;1432;1017;1002;}1536:{2;}1571:{1440;1583;1584;1557;1558;1513;1556;1514;1559;1560;1512;1553;1412;1515;1413;1561;1511;1414;1552;1411;1509;1562;1523;1516;1508;1409;1419;1507;1551;1506;1517;1467;1563;1544;1522;1468;1396;1541;1469;1518;1465;1545;1458;1519;1520;1505;1542;1470;1415;1524;1473;1495;1494;1546;1474;1504;1496;1398;1525;1416;1497;1529;1471;1395;1530;1531;1526;1547;1527;1498;1417;1500;1503;1502;1397;1501;1394;1535;1528;1549;1548;1472;1418;1400;1550;1585;1393;1475;1586;1533;1392;1404;1391;1403;1476;1386;}1597:{858;}1635:{834;836;833;837;1653;832;838;1655;831;855;830;854;829;1303;1302;1301;}1688:{1035;926;1047;1588;822;927;1577;821;928;1566;820;929;1555;819;930;1106;1105;1104;818;1543;1103;931;1102;817;1532;932;795;796;816;797;798;934;1521;799;815;935;1510;814;936;810;1488;1477;}1691:{1689;1687;1686;1708;1707;1706;1681;1682;1680;1705;1679;1704;1683;1678;1703;1700;1676;1709;1698;1702;22;1697;1711;679;21;1675;1684;20;1701;681;1696;19;1712;1674;1685;18;1713;1695;682;1673;1637;17;83;1714;1694;1661;16;1638;1672;1662;1660;687;1663;15;1639;23;82;1659;1664;688;13;1640;24;1667;689;81;1641;1658;12;1671;1670;79;11;1668;1669;26;1642;683;1657;73;78;84;10;74;1644;27;85;684;77;72;64;65;1656;76;685;1645;28;66;9;71;75;62;1647;67;1648;1646;1649;29;86;68;8;1650;195;70;61;4;31;32;34;5;35;94;38;46;1651;48;93;1652;7;856;187;},1_29_30_39_51_52_53_54_392_397_398_401_403_404_405_432_433_434_454_455_462_463_464_465_466_467_562_563_565_566_608_615_616_617_642_645_688_689_810_811_833_834_836_897_898_899_901_935_936_937_1002_1021_1023_1041_1042_1199_1210_1222_1233_1288_1302_1303_1344_1396_1398_1415_1533_1534_1546_1547_1548_1549_1550_1642_1644_1658_1659_1664_1667_1671_,310-309*0_310-311*0_310-308*0_310-312*0_310-294*0_310-314*0_310-293*0_310-275*0_310-274*0_310-315*0_310-276*0_310-287*0_310-273*0_310-277*0_310-316*0_310-286*0_310-272*0_310-699*0_310-249*0_310-285*0_310-317*0_310-278*0_310-851*0_310-250*0_310-698*0_310-700*0_310-248*0_310-284*0_310-318*0_310-850*0_310-852*0_310-251*0_310-325*0_310-697*0_310-701*0_310-271*0_310-1196*0_310-252*0_310-849*0_310-279*0_310-283*0_310-323*0_310-1197*0_310-853*0_310-296*0_310-295*0_310-319*0_310-297*0_310-270*0_310-244*0_310-253*0_310-1198*0_310-298*0_310-847*0_310-848*0_310-281*0_310-233*0_310-268*0_310-1200*0_310-245*0_310-320*0_310-259*0_310-299*0_310-254*0_310-260*0_310-232*0_310-703*0_310-231*0_310-1201*0_310-282*0_310-307*0_310-306*0_310-300*0_310-246*0_310-261*0_310-321*0_310-257*0_310-234*0_310-1202*0_310-704*0_310-1190*0_310-1189*0_310-1191*0_310-1747*0_310-255*0_310-1187*0_310-263*0_310-262*0_310-1750*0_310-1186*0_310-230*0_310-256*0_310-1748*0_310-1749*0_310-1746*0_310-1203*0_310-1195*0_310-1220*0_310-1751*0_310-235*0_310-1223*0_310-326*0_310-1185*0_310-330*0_310-229*0_310-264*0_310-322*0_310-1745*0_310-237*0_310-1460*0_310-1756*0_310-1757*0_310-1758*0_310-1165*0_310-1755*0_310-228*0_310-265*0_310-1759*0_310-1753*0_310-327*0_310-1164*0_310-301*0_310-331*0_310-1752*0_310-1192*0_310-1204*0_310-202*0_310-288*0_310-238*0_310-1219*0_310-1760*0_310-266*0_310-1163*0_310-227*0_310-1167*0_310-1175*0_310-1174*0_310-328*0_310-1461*0_310-332*0_310-239*0_310-1741*0_310-1742*0_310-1740*0_310-1193*0_310-1205*0_310-303*0_310-289*0_310-191*0_310-267*0_310-1744*0_310-226*0_310-1218*0_310-1761*0_310-240*0_310-1130*0_310-1168*0_310-1176*0_310-1733*0_310-333*0_310-1131*0_310-1739*0_310-1734*0_310-329*0_310-1462*0_310-1731*0_310-304*0_310-223*0_310-1730*0_310-290*0_310-1169*0_310-1194*0_310-1206*0_310-241*0_310-1735*0_310-1217*0_310-1729*0_310-1762*0_310-1132*0_310-1129*0_310-1178*0_310-1728*0_310-222*0_310-1463*0_310-1738*0_310-686*0_310-1170*0_310-236*0_310-1134*0_310-435*0_310-225*0_310-1717*0_310-1718*0_310-447*0_310-1736*0_310-1727*0_310-1719*0_310-1128*0_310-458*0_310-213*0_310-292*0_310-242*0_310-705*0_310-1207*0_310-469*0_310-1216*0_310-305*0_310-1179*0_310-1140*0_310-1720*0_310-221*0_310-1726*0_310-1767*0_310-1763*0_310-480*0_310-1184*0_310-1135*0_310-1171*0_310-1464*0_310-1737*0_310-491*0_310-180*0_310-1725*0_310-1774*0_310-220*0_310-1722*0_310-243*0_310-695*0_310-696*0_310-1127*0_310-1141*0_310-1768*0_310-342*0_310-646*0_310-1716*0_310-694*0_310-502*0_310-1214*0_310-693*0_310-1180*0_310-1215*0_310-1723*0_310-334*0_310-1240*0_310-1172*0_310-692*0_310-1136*0_310-1208*0_310-513*0_310-1126*0_310-1769*0_310-1213*0_310-1142*0_310-1764*0_310-690*0_310-1459*0_310-169*0_310-635*0_310-1260*0_310-1181*0_310-1775*0_310-1715*0_310-216*0_310-337*0_310-1616*0_310-1137*0_310-1125*0_310-1770*0_310-1261*0_310-1143*0_310-524*0_310-1212*0_310-1766*0_310-1209*0_310-1211*0_310-1262*0_310-1224*0_310-724*0_310-338*0_310-1457*0_310-845*0_310-1138*0_310-1771*0_310-1124*0_310-339*0_1212-1225*1_1212-1226*1_1212-1239*1_1212-1238*1_1212-1227*1_1212-1237*1_1212-1236*1_1212-1228*1_1212-1235*1_1212-1258*1_1212-1257*1_1212-1259*1_1212-1229*1_1212-1234*1_1212-1230*1_1212-1256*1_1212-1232*1_1212-1231*1_1212-1241*1_1212-1254*1_1212-1253*1_1212-1242*1_1212-1270*1_1212-1269*1_1212-1271*1_1212-1252*1_1212-1268*1_1212-1272*1_1212-1243*1_1212-1267*1_1212-1263*1_1212-1251*1_1212-1273*1_1212-1575*1_1212-1574*1_1212-1264*1_1212-1265*1_1212-1245*1_1212-1274*1_1212-1573*1_1212-1284*1_1212-1285*1_1212-1283*1_1212-1286*1_1212-1576*1_1212-1572*1_1212-1282*1_1212-1275*1_1212-1601*1_1212-1281*1_1212-1773*1_1212-1571*1_1212-1246*1_1212-1772*1_1212-1280*1_1212-1276*1_1212-1247*1_1212-1578*1_1212-1570*1_1212-1279*1_1212-1429*1_1212-1248*1_1212-1569*1_1212-1278*1_1212-1428*1_1212-1627*1_1212-1579*1_1212-1249*1_1212-1427*1_1212-1568*1_1212-1426*1_1212-1613*1_1212-1602*1_1212-1287*1_1212-1250*1_1212-1614*1_1212-1603*1_1212-1567*1_1212-1626*1_1212-1580*1_1212-1449*1_1212-1615*1_1212-1289*1_1212-1604*1_1212-1292*1_1212-1450*1_1212-1565*1_1212-1430*1_1212-1448*1_1212-1605*1_1212-1625*1_1212-1290*1_1212-1628*1_1212-1291*1_1212-1431*1_1212-1617*1_1212-1451*1_1212-1724*1_1212-1564*1_1212-1606*1_1212-1447*1_1212-1618*1_1212-1425*1_1212-1433*1_1212-1629*1_1212-1624*1_1212-1619*1_1212-1452*1_1212-1607*1_1212-1620*1_1212-1434*1_1212-1446*1_1212-1608*1_1212-1630*1_1212-1424*1_1212-1295*1_1212-1622*1_1212-1609*1_1212-1294*1_1212-1445*1_1212-1293*1_1212-1623*1_1212-1453*1_1212-1435*1_1212-1611*1_1212-1442*1_1212-1631*1_1212-1581*1_1212-1436*1_1212-1600*1_1212-1612*1_1212-1693*1_1212-1423*1_1212-1454*1_1212-1441*1_1212-1437*1_1212-1633*1_1212-1296*1_1212-1582*1_1212-1438*1_1212-1692*1_1212-1456*1_1212-1634*1_1212-1422*1_1212-840*1_1212-1439*1_1212-1297*1_1212-1635*1_1212-839*1_1212-1691*1_1212-1636*1_1212-1420*1_1212-1690*1_228-341*1_635-657*1_635-624*1_228-750*1_228-749*1_228-751*1_635-669*1_635-613*1_635-691*1_635-702*1_635-680*1_228-340*1_635-602*1_635-713*1_228-343*1_228-217*1_635-158*1_635-535*1_635-546*1_635-591*1_635-558*1_635-147*1_228-344*1_635-580*1_635-569*1_228-218*1_635-247*1_635-136*1_228-345*1_228-219*1_635-258*1_635-770*1_228-171*1_635-771*1_228-172*1_228-173*1_635-125*1_228-170*1_635-769*1_635-269*1_635-1080*1_228-175*1_635-767*1_635-761*1_635-114*1_635-733*1_635-757*1_228-176*1_635-759*1_228-174*1_635-766*1_635-760*1_635-1073*1_635-280*1_635-380*1_228-177*1_635-1079*1_635-758*1_635-884*1_635-765*1_635-102*1_635-1074*1_635-1072*1_228-178*1_228-181*1_635-885*1_635-391*1_635-291*1_228-179*1_228-215*1_635-764*1_635-1078*1_635-756*1_635-883*1_635-91*1_635-1071*1_635-302*1_635-841*1_635-763*1_635-402*1_635-842*1_635-882*1_635-80*1_635-1070*1_635-734*1_635-762*1_635-313*1_228-182*1_635-886*1_635-1076*1_635-843*1_635-413*1_635-1075*1_635-736*1_635-324*1_635-58*1_635-69*1_635-887*1_635-783*1_635-1069*1_635-844*1_635-424*1_635-737*1_635-336*1_635-782*1_635-47*1_635-369*1_635-738*1_635-781*1_635-1068*1_635-347*1_635-890*1_635-36*1_635-548*1_635-739*1_635-358*1_635-778*1_635-740*1_635-547*1_635-1067*1_635-891*1_635-777*1_635-550*1_635-25*1_635-794*1_635-715*1_635-716*1_635-714*1_635-14*1_635-717*1_635-1065*1_635-712*1_635-711*1_635-776*1_635-1062*1_635-793*1_635-1063*1_635-1754*1_635-785*1_635-790*1_635-909*1_635-906*1_1691-1689*2_1691-1687*2_1691-1686*2_1691-1708*2_1691-1707*2_1691-1706*2_1691-1681*2_1691-1682*2_1691-1680*2_1691-1705*2_1691-1679*2_1691-1704*2_1691-1683*2_1691-1678*2_1691-1703*2_1691-1700*2_1691-1676*2_1691-1709*2_1691-1698*2_1691-1702*2_1691-22*2_1691-1697*2_1691-1711*2_1691-679*2_1691-21*2_1691-1675*2_1691-1684*2_1691-20*2_1691-1701*2_1691-681*2_1691-1696*2_1691-19*2_1691-1712*2_1691-1674*2_1691-1685*2_1691-18*2_1691-1713*2_1691-1695*2_1691-682*2_1691-1673*2_1691-1637*2_1691-17*2_1691-83*2_1691-1714*2_1691-1694*2_1691-1661*2_1691-16*2_1691-1638*2_1691-1672*2_1691-1662*2_1691-1660*2_1691-687*2_1691-1663*2_1691-15*2_1691-1639*2_1691-23*2_1691-82*2_1691-1659*2_1691-1664*2_1691-688*2_1691-13*2_1691-1640*2_1691-24*2_1691-1667*2_1691-689*2_1691-81*2_1691-1641*2_1691-1658*2_1691-12*2_1691-1671*2_1691-1670*2_1691-79*2_1691-11*2_1691-1668*2_1691-1669*2_1691-26*2_1691-1642*2_1691-683*2_1691-1657*2_1691-73*2_1691-78*2_1691-84*2_1691-10*2_1691-74*2_1691-1644*2_1691-27*2_1691-85*2_1691-684*2_1691-77*2_1691-72*2_1691-64*2_1691-65*2_1691-1656*2_1691-76*2_1691-685*2_1691-1645*2_1691-28*2_1691-66*2_1691-9*2_1691-71*2_1691-75*2_1691-62*2_1691-1647*2_1691-67*2_1691-1648*2_1691-1646*2_1691-1649*2_1691-29*2_1691-86*2_1691-68*2_1691-8*2_1691-1650*2_1691-195*2_1691-70*2_1691-61*2_1691-4*2_1691-31*2_1691-32*2_1691-34*2_1691-5*2_1691-35*2_1691-94*2_1691-38*2_1691-46*2_1691-1651*2_1691-48*2_1691-93*2_1691-1652*2_1691-7*2_1691-856*2_1691-187*2_296-310*1_296-1182*1_296-1183*1_296-1061*1_296-1060*1_296-1059*1_296-1123*1_296-1139*1_296-1058*1_296-735*1_296-1121*1_296-1161*1_296-1057*1_296-1120*1_296-1173*1_296-746*1_296-1160*1_296-1087*1_296-1145*1_296-1064*1_296-1146*1_296-742*1_296-710*1_296-1156*1_296-1056*1_296-1089*1_296-1492*1_296-1081*1_296-1159*1_296-744*1_296-1157*1_296-768*1_296-709*1_296-1158*1_296-706*1_296-1090*1_296-1147*1_296-745*1_296-747*1_296-780*1_296-1082*1_296-748*1_296-743*1_296-1054*1_296-1091*1_296-1115*1_296-1148*1_296-791*1_296-1490*1_296-1114*1_296-752*1_296-1149*1_296-835*1_296-1112*1_1635-834*2_1635-836*2_1635-833*2_1635-837*2_1635-1653*2_1635-832*2_1635-838*2_1635-1655*2_1635-831*2_1635-855*2_1635-830*2_1635-854*2_1635-829*2_1635-1303*2_1635-1302*2_1635-1301*2_738-907*2_738-892*2_738-908*2_738-905*2_738-893*2_738-904*2_738-729*2_738-3*2_738-894*2_738-728*2_738-903*2_738-910*2_738-895*2_738-1765*2_738-727*2_738-545*2_738-896*2_738-726*2_738-544*2_738-549*2_738-732*2_738-719*2_738-731*2_738-1743*2_738-725*2_738-730*2_738-720*2_738-897*2_738-551*2_738-792*2_738-721*2_738-723*2_738-912*2_738-543*2_738-722*2_738-1732*2_738-899*2_738-552*2_738-898*2_738-901*2_738-466*2_738-913*2_738-553*2_738-542*2_738-465*2_738-1721*2_738-467*2_738-464*2_738-775*2_738-902*2_738-914*2_738-541*2_738-468*2_738-774*2_738-1710*2_738-463*2_738-784*2_738-526*2_738-718*2_738-881*2_738-915*2_738-540*2_738-773*2_738-462*2_738-1699*2_738-755*2_738-470*2_738-525*2_738-880*2_738-916*2_738-461*2_738-539*2_738-754*2_738-772*2_738-471*2_738-523*2_738-786*2_738-879*2_738-917*2_738-460*2_738-753*2_738-527*2_738-538*2_738-522*2_738-1688*2_738-472*2_738-787*2_738-878*2_738-455*2_738-459*2_738-918*2_738-456*2_738-537*2_738-473*2_738-802*2_738-521*2_738-1677*2_738-457*2_738-788*2_738-876*2_738-919*2_738-474*2_738-520*2_738-536*2_738-813*2_738-872*2_738-871*2_738-873*2_738-870*2_738-874*2_738-1666*2_738-507*2_738-789*2_738-475*2_738-875*2_738-824*2_738-869*2_738-868*2_738-454*2_738-920*2_738-1083*2_738-1084*2_738-1085*2_738-534*2_738-531*2_738-1086*2_738-506*2_738-476*2_738-1654*2_738-1040*2_738-532*2_738-453*2_738-1643*2_738-533*2_738-477*2_738-741*2_738-867*2_738-846*2_738-561*2_738-452*2_738-478*2_738-488*2_738-857*2_738-1632*2_738-490*2_738-554*2_738-562*2_738-487*2_738-479*2_738-864*2_688-49*3_688-678*3_688-45*3_688-43*3_688-44*3_688-42*3_688-30*3_688-39*3_688-41*3_688-676*3_688-40*3_688-677*3_688-50*3_688-33*3_909-1041*2_909-1039*2_909-921*2_909-1042*2_909-1043*2_909-1038*2_909-1045*2_909-923*2_909-1046*2_909-1621*2_909-1037*2_909-924*2_909-1610*2_909-1036*2_909-925*2_909-1599*2_909-707*2_909-1048*2_909-1034*2_909-1049*2_909-1032*2_909-1050*2_909-1051*2_1571-1440*2_1571-1583*2_1571-1584*2_1571-1557*2_1571-1558*2_1571-1513*2_1571-1556*2_1571-1514*2_1571-1559*2_1571-1560*2_1571-1512*2_1571-1553*2_1571-1412*2_1571-1515*2_1571-1413*2_1571-1561*2_1571-1511*2_1571-1414*2_1571-1552*2_1571-1411*2_1571-1509*2_1571-1562*2_1571-1523*2_1571-1516*2_1571-1508*2_1571-1409*2_1571-1419*2_1571-1507*2_1571-1551*2_1571-1506*2_1571-1517*2_1571-1467*2_1571-1563*2_1571-1544*2_1571-1522*2_1571-1468*2_1571-1396*2_1571-1541*2_1571-1469*2_1571-1518*2_1571-1465*2_1571-1545*2_1571-1458*2_1571-1519*2_1571-1520*2_1571-1505*2_1571-1542*2_1571-1470*2_1571-1415*2_1571-1524*2_1571-1473*2_1571-1495*2_1571-1494*2_1571-1546*2_1571-1474*2_1571-1504*2_1571-1496*2_1571-1398*2_1571-1525*2_1571-1416*2_1571-1497*2_1571-1529*2_1571-1471*2_1571-1395*2_1571-1530*2_1571-1531*2_1571-1526*2_1571-1547*2_1571-1527*2_1571-1498*2_1571-1417*2_1571-1500*2_1571-1503*2_1571-1502*2_1571-1397*2_1571-1501*2_1571-1394*2_1571-1535*2_1571-1528*2_1571-1549*2_1571-1548*2_1571-1472*2_1571-1418*2_1571-1400*2_1571-1550*2_1571-1585*2_1571-1393*2_1571-1475*2_1571-1586*2_1571-1533*2_1571-1392*2_1571-1404*2_1571-1391*2_1571-1403*2_1571-1476*2_1571-1386*2_488-489*3_488-486*3_488-492*3_488-485*3_488-493*3_488-498*3_488-497*3_488-499*3_488-484*3_488-496*3_488-495*3_488-494*3_488-483*3_488-508*3_488-482*3_488-509*3_488-481*3_488-510*3_488-500*3_488-511*3_488-528*3_488-501*3_488-529*3_488-512*3_488-530*3_488-514*3_488-503*3_488-564*3_488-515*3_488-504*3_488-563*3_488-516*3_488-505*3_488-517*3_488-518*3_488-451*3_488-519*3_488-422*3_488-450*3_488-421*3_488-449*3_488-420*3_488-555*3_488-419*3_488-448*3_488-556*3_488-418*3_488-559*3_488-445*3_488-417*3_488-560*3_488-406*3_488-405*3_488-407*3_488-404*3_488-416*3_488-408*3_488-403*3_488-415*3_488-414*3_488-412*3_488-365*3_488-411*3_488-401*3_488-397*3_488-364*3_488-410*3_488-366*3_488-400*3_488-409*3_488-367*3_488-377*3_488-363*3_488-396*3_488-399*3_488-368*3_488-398*3_488-423*3_488-395*3_217-203*2_217-214*2_217-204*2_217-201*2_217-212*2_217-200*2_217-168*2_217-205*2_217-140*2_217-139*2_217-211*2_217-199*2_217-167*2_217-599*2_217-206*2_217-138*2_217-210*2_217-574*2_217-141*2_217-198*2_217-183*2_217-654*2_217-579*2_217-573*2_217-207*2_217-197*2_217-137*2_217-142*2_217-598*2_217-578*2_217-346*2_217-653*2_217-166*2_217-184*2_217-196*2_217-208*2_217-351*2_217-581*2_217-348*2_217-652*2_217-185*2_217-577*2_217-143*2_217-165*2_217-582*2_217-209*2_217-352*2_217-576*2_217-651*2_217-349*2_217-186*2_217-597*2_217-583*2_217-130*2_217-133*2_217-129*2_217-6*2_217-128*2_217-146*2_217-164*2_217-127*2_217-145*2_217-148*2_217-350*2_217-572*2_217-131*2_217-188*2_217-571*2_217-584*2_217-587*2_217-124*2_217-605*2_217-353*2_217-570*2_217-585*2_217-655*2_217-588*2_217-592*2_217-134*2_217-189*2_217-144*2_217-149*2_217-163*2_217-595*2_217-357*2_217-126*2_217-589*2_217-586*2_217-600*2_217-132*2_217-356*2_217-162*2_217-150*2_217-593*2_217-99*2_217-590*2_217-606*2_217-161*2_217-354*2_217-100*2_217-123*2_217-135*2_217-121*2_217-122*2_217-190*2_217-160*2_217-157*2_217-355*2_217-601*2_217-656*2_217-568*2_217-159*2_217-120*2_217-98*2_217-594*2_217-649*2_217-671*2_217-650*2_217-154*2_217-192*2_217-865*2_217-119*2_217-670*2_217-151*2_217-379*2_217-101*2_217-156*2_217-97*2_217-603*2_217-378*2_217-155*2_217-381*2_217-118*2_217-604*2_217-612*2_217-359*2_217-152*2_217-382*2_217-667*2_217-441*2_217-567*2_217-193*2_217-440*2_217-383*2_217-596*2_217-117*2_217-372*2_217-96*2_217-384*2_217-371*2_217-575*2_217-611*2_217-116*2_217-115*2_217-103*2_217-360*2_217-666*2_217-439*2_217-385*2_217-194*2_217-153*2_217-95*2_217-361*2_217-658*2_217-386*2_217-437*2_1303-1298*3_1303-1300*3_1303-1304*3_1303-1315*3_1303-1311*3_1303-1312*3_1303-1313*3_1303-1314*3_1303-1322*3_1303-1316*3_1303-1305*3_1303-1317*3_1303-1306*3_1303-1307*3_1303-1323*3_1303-1318*3_1303-1324*3_1303-1308*3_1303-1325*3_1303-1587*3_1303-1589*3_1303-1319*3_1303-1594*3_1303-1334*3_1303-1595*3_1303-1590*3_1303-1326*3_1303-1335*3_1303-1320*3_1303-1341*3_1303-1591*3_1303-1331*3_1303-1327*3_1303-1330*3_1303-1336*3_1303-1329*3_1303-1592*3_1303-1309*3_1303-1328*3_1303-1356*3_1303-1593*3_1303-1337*3_1303-1338*3_1303-1354*3_1303-1362*3_1303-1596*3_1303-1339*3_1303-1361*3_1303-1357*3_1303-1597*3_1303-1353*3_1303-1385*3_1303-1360*3_1134-1491*2_1134-1489*2_1134-1150*2_1134-1486*2_1134-1487*2_1134-1485*2_1134-1484*2_752-370*2_752-362*2_752-373*2_752-374*2_752-375*2_752-376*2_752-387*2_1688-1035*3_1688-926*3_1688-1047*3_1688-1588*3_1688-822*3_1688-927*3_1688-1577*3_1688-821*3_1688-928*3_1688-1566*3_1688-820*3_1688-929*3_1688-1555*3_1688-819*3_1688-930*3_1688-1106*3_1688-1105*3_1688-1104*3_1688-818*3_1688-1543*3_1688-1103*3_1688-931*3_1688-1102*3_1688-817*3_1688-1532*3_1688-932*3_1688-795*3_1688-796*3_1688-816*3_1688-797*3_1688-798*3_1688-934*3_1688-1521*3_1688-799*3_1688-815*3_1688-935*3_1688-1510*3_1688-814*3_1688-936*3_1688-810*3_1688-1488*3_1688-1477*3_440-438*3_440-436*3_440-388*3_440-434*3_440-389*3_440-433*3_440-390*3_440-432*3_440-392*3_440-566*3_440-431*3_440-565*3_440-393*3_440-430*3_440-394*3_440-429*3_440-444*3_440-443*3_440-442*3_440-428*3_440-427*3_75-87*3_440-426*3_440-425*3_75-88*3_75-92*3_75-89*3_75-90*3_440-607*3_75-664*3_75-673*3_75-665*3_75-674*3_75-63*3_75-663*3_75-60*3_75-59*3_75-662*3_75-675*3_75-37*3_75-111*3_75-110*3_75-109*3_75-672*3_75-108*3_75-57*3_75-107*3_75-56*3_75-106*3_75-55*3_75-648*3_75-105*3_75-104*3_75-647*3_75-54*3_75-112*3_75-53*3_75-645*3_75-52*3_75-644*3_75-51*3_75-614*3_75-615*3_75-661*3_75-617*3_75-660*3_75-618*3_75-642*3_75-616*3_75-619*3_75-641*3_75-620*3_75-640*3_75-632*3_75-639*3_75-621*3_75-638*3_75-622*3_75-623*3_75-625*3_75-630*3_75-626*3_1292-1387*3_116-659*3_116-609*3_116-610*3_116-608*3_116-637*3_116-631*3_116-627*3_116-628*3_116-629*3_116-643*3_116-633*3_1135-1162*2_1135-1092*2_1135-1151*2_1135-1093*2_1135-1152*2_1135-1108*2_1135-1153*2_1135-1094*2_1135-1113*2_1135-1154*2_1135-1107*2_1135-1109*2_1135-1053*2_1135-1098*2_1135-1097*2_1135-708*2_1135-1095*2_1135-1116*2_1135-1052*2_1135-1096*2_1135-1100*2_1135-1478*2_1135-1479*2_1135-803*2_1135-1480*2_1135-1117*2_1135-1101*2_1135-1481*2_1135-801*2_1135-809*2_1135-1482*2_1135-800*2_1135-804*2_1135-1118*2_1135-1483*2_1135-808*2_1135-805*2_1135-1119*2_1135-807*2_1135-1493*2_1135-806*2_1135-826*2_1135-1399*2_1135-1410*2_1135-825*2_1135-1388*2_1135-1421*2_1135-828*2_1135-1455*2_1135-1444*2_1135-1466*2_1135-1014*2_1502-1333*3_1502-1321*3_1502-0*3_1502-1266*3_1502-1277*3_1502-1255*3_1502-1*3_1502-1244*3_1502-1534*3_1502-1288*3_1502-1233*3_1502-1299*3_1502-1222*3_1502-1310*3_1502-1210*3_1502-888*3_1502-911*3_1502-1377*3_1502-1110*3_1502-1199*3_1502-999*3_1502-1366*3_1502-1355*3_1502-900*3_1502-1188*3_1502-1221*3_1502-922*3_1502-827*3_1502-1344*3_1502-889*3_1502-1536*3_1502-1177*3_1502-1332*3_1502-933*3_1502-877*3_1502-1540*3_1502-1537*3_1502-1443*3_1502-866*3_1502-944*3_1502-1000*3_1502-1018*3_1502-1010*3_1502-1019*3_1502-1020*3_1502-1538*3_1502-1021*3_1502-1539*3_1502-779*3_1502-1023*3_1502-1024*3_1502-1554*3_1502-1009*3_1502-955*3_1502-1025*3_1502-1013*3_1502-668*3_1502-1011*3_1502-966*3_1502-557*3_1502-1012*3_1502-1665*3_1502-977*3_1502-1432*3_1502-1017*3_1502-1002*3_1156-823*2_1156-1499*2_1156-812*2_1156-1001*2_1156-938*2_1112-811*2_1112-937*2_1112-939*2_1112-940*2_1112-998*2_1112-941*2_1112-1015*2_1112-997*2_1112-942*2_1112-1003*2_1112-1016*2_1112-950*2_1112-943*2_1112-1004*2_1112-995*2_1112-1005*2_1424-1401*2_1424-1402*2_1424-1384*2_1424-1383*2_1424-1406*2_1424-1407*2_1424-1405*2_1424-1382*2_1424-1389*2_1424-1408*2_1424-1381*2_1424-1390*2_1424-863*2_1424-1380*2_1424-1598*2_1424-862*2_1424-1379*2_1424-1372*2_1424-1373*2_1424-861*2_1424-1378*2_1424-1374*2_1424-1375*2_1424-1371*2_1424-1376*2_1424-860*2_1424-1370*2_1424-859*2_1325-1340*4_1325-1342*4_1325-1359*4_1325-1343*4_1325-1345*4_1325-1352*4_1325-1348*4_1325-1349*4_1325-1346*4_1325-1347*4_1325-1350*4_1325-1351*4_1325-1358*4_1325-1363*4_1325-1364*4_1325-1365*4_1325-1367*4_1325-1368*4_1325-1369*4_618-636*4_618-634*4_1597-858*4_1001-996*3_1001-1006*3_1001-1007*3_1001-994*3_1001-1008*3_1001-949*3_1001-988*3_1001-993*3_1001-992*3_1001-951*3_1001-991*3_1001-948*3_1001-952*3_1001-945*3_1001-946*3_1001-953*3_1001-947*3_1001-954*3_1001-956*3_1001-962*3_1001-957*3_1001-1030*3_1001-989*3_1001-961*3_1001-958*3_1001-1031*3_1001-960*3_1001-990*3_1001-959*3_1001-1133*3_1001-1026*3_1001-1122*3_1001-963*3_1001-969*3_1001-1144*3_1001-1111*3_1001-968*3_1001-964*3_1001-1099*3_1001-1027*3_1001-967*3_1001-1088*3_1001-1022*3_1001-1155*3_1001-965*3_1001-1028*3_1001-1077*3_1001-1033*3_1001-1166*3_1001-1066*3_1001-981*3_1001-1029*3_1001-1044*3_1001-970*3_1001-1055*3_1001-987*3_1001-980*3_1001-986*3_1001-985*3_1001-971*3_1001-984*3_1001-982*3_1001-979*3_1001-446*3_1001-972*3_1001-983*3_1001-973*3_1001-335*3_1001-974*3_1001-978*3_1001-976*3_1001-224*3_1001-975*3_1536-2*4_1344-113*4_
