"id","Scenario","Actual Range","Protocol","Buildings","Total nodes","Nodes on circ","Total coverage","Coverage on circ","Alert received mean time","Hops","Slots","Messages sent","Messages received", "Starting x", "Starting y","Starting node", "Vehicle distance", "Received node ids", "Node ids", "Transmission map", "Received on circ nodes", "Transmission vector"
0,1,500,500,1,1776,80,1758,78,106848,9.08974,92.1154,1275,1758,1153.84,1884.7,310,25,309_311_308_312_294_314_274_315_273_316_293_275_276_277_317_278_249_318_1196_248_319_279_320_281_245_321_282_246_1195_1460_322_288_1461_202_289_1462_191_290_1463_292_1464_180_1459_216_1458_217_218_1473_1474_1197_697_698_1471_1191_1190_1189_1187_310_1457_1454_1465_1467_1456_1468_1469_234_435_236_244_296_169_221_220_342_334_848_219_847_175_176_173_849_177_178_850_181_174_179_215_214_203_212_204_184_211_140_205_139_4_1737_1775_1774_210_5_6_206_138_141_207_137_187_142_208_143_209_145_124_671_126_605_134_144_123_122_135_283_284_852_285_851_1738_606_132_131_133_649_607_603_223_266_182_183_656_612_185_189_99_190_98_192_193_194_195_70_86_75_76_77_146_650_172_186_171_337_341_338_339_8_170_1739_340_751_1736_9_1740_168_1735_118_1741_10_74_1734_11_271_12_13_17_130_1470_1494_1495_197_611_222_750_267_749_265_748_229_747_230_1717_1716_201_199_655_121_120_196_119_610_658_609_115_659_660_112_661_608_614_616_615_642_617_641_618_640_619_639_620_638_621_637_622_623_200_654_226_1742_447_247_713_258_269_7_188_100_101_117_103_625_626_627_632_116_631_628_630_643_629_633_636_634_97_96_95_666_94_68_67_66_65_85_78_64_84_104_105_106_107_108_109_686_1733_1718_1472_1475_1563_1476_644_198_73_683_71_15_16_18_83_19_20_21_22_1708_1707_679_1706_681_1705_1704_1703_1702_227_343_1715_344_345_351_352_1714_93_87_685_645_1496_1497_1498_1500_597_583_1744_430_129_72_684_92_88_89_682_1689_1701_1690_23_1695_24_1709_1694_82_27_1664_28_1667_1625_29_1668_30_39_1627_90_1711_1712_1713_225_213_1184_158_26_1691_1692_1693_1623_1624_79_81_62_61_63_38_60_37_59_57_54_648_647_33_286_1696_1697_429_431_442_432_443_428_566_444_393_394_433_427_434_426_436_425_409_423_437_438_439_414_415_416_575_596_155_161_154_151_153_586_150_585_149_584_417_418_148_348_593_594_264_381_1501_601_600_604_167_346_353_152_383_1669_40_41_1080_675_35_673_34_287_272_853_579_578_672_52_31_51_50_147_136_702_691_624_635_380_1502_1503_1504_1505_1528_1551_270_670_667_53_653_651_55_32_56_111_42_110_43_45_44_678_127_128_652_567_382_379_384_373_385_441_374_571_440_865_445_412_448_411_410_419_305_1180_301_458_349_350_570_260_259_261_262_573_166_165_420_421_422_664_663_674_280_125_391_402_413_48_676_46_49_677_505_519_504_518_517_268_357_372_360_361_395_156_1079_157_590_159_589_160_588_162_163_587_572_592_595_356_354_355_864_591_646_91_313_58_324_336_302_347_47_36_717_907_906_905_904_903_901_902_1527_1526_1508_386_387_1663_1670_396_392_390_389_388_164_857_867_869_868_813_802_80_102_762_763_114_764_1453_1452_1451_1450_574_765_766_767_737_69_1507_1509_1523_1506_1511_1520_1525_1519_718_471_527_568_378_359_371_739_665_397_403_1562_370_368_362_367_366_365_408_407_406_375_376_257_263_331_364_363_377_503_516_501_530_1698_1700_405_404_401_699_300_1531_1530_1524_1529_1522_250_295_251_689_688_1671_687_1659_1658_1660_1661_1656_711_740_908_25_712_14_909_738_3_910_715_1765_716_736_1754_1743_912_1732_913_1721_914_1710_915_916_917_918_919_920_1040_921_846_741_734_714_890_887_892_893_733_761_757_256_1699_369_841_1179_1078_1181_844_899_898_897_470_719_235_233_237_232_1399_424_400_745_743_1666_1677_1654_1039_1688_1038_1086_772_1632_1037_599_581_582_662_474_475_476_479_481_482_483_508_509_510_511_1662_774_792_773_775_793_776_1036_1035_891_729_894_728_548_727_547_886_228_332_333_760_1599_822_821_820_817_816_815_812_576_560_1518_1517_1516_1512_1535_1514_399_398_515_1542_1559_468_472_525_512_484_485_514_478_477_520_473_1558_1557_1541_358_291_521_522_613_602_819_818_814_1449_255_923_924_925_926_1032_927_1533_1178_1182_304_1176_303_1061_827_1493_1388_828_1119_1377_1410_1118_1421_1014_1013_1012_1002_1001_998_997_1515_1513_1544_496_565_238_239_240_241_323_1545_1547_1440_1439_1534_326_842_1072_1071_1076_843_1073_896_1555_1543_930_1566_929_931_1532_928_1577_932_1105_795_1521_934_1104_938_939_940_941_948_325_252_253_254_486_487_488_489_790_1018_1019_1432_1021_1015_1023_1016_1070_783_1069_782_1068_1067_1074_726_725_730_723_731_722_721_732_543_1065_1064_1081_1063_710_781_709_1083_811_937_810_942_936_943_1488_1499_935_946_995_947_962_961_960_895_467_1477_796_1561_1560_1075_845_329_242_328_1484_1478_1479_1485_1480_1481_1482_1483_959_958_1026_963_964_956_945_981_970_971_231_794_1510_1106_949_994_950_951_952_1027_953_1028_1029_559_556_555_554_534_888_1550_1536_1221_1332_1443_1554_1034_1643_759_884_883_758_771_885_756_558_768_755_746_1047_1048_1049_1050_1051_1052_1053_1054_580_569_770_669_297_720_1546_1548_1719_464_463_526_466_754_791_753_752_880_1584_1583_1438_1437_465_1549_327_1110_1_0_999_1540_1539_469_480_1466_823_825_826_807_808_809_882_1448_1447_1565_1567_778_777_462_523_461_459_965_967_980_957_968_979_969_978_1444_491_657_502_513_577_460_1020_1366_1024_1025_243_1564_1446_1568_1445_1581_1569_1582_1570_1571_1572_1573_1574_1198_1200_299_306_298_307_680_982_983_973_972_974_975_1133_996_744_824_1556_1441_1553_1552_1125_1062_546_598_1009_1008_1010_1007_1355_1344_966_977_735_1030_1031_955_988_1000_993_944_992_1006_933_991_1004_922_911_954_457_507_456_506_490_492_493_499_494_500_1489_1017_1005_1082_1117_976_1126_1124_1127_1059_1138_1060_1128_1137_1058_1129_705_1134_1084_1575_1232_1234_1588_784_785_989_990_1144_1155_1166_987_524_535_984_985_986_835_742_1183_1003_455_870_724_871_872_873_874_875_531_532_533_561_1186_1174_1122_1111_1099_1088_1077_786_787_788_1442_495_498_497_529_562_563_564_528_1621_1610_1657_1672_1673_1685_1684_1683_1686_1687_1123_1139_1161_1160_1136_1159_876_878_1201_1202_1203_1223_1204_1057_1087_708_1085_452_453_553_552_1576_1578_1579_1231_1230_789_1121_1056_1120_1115_1537_1538_454_451_780_1041_1042_1043_1045_1046_1220_704_1205_1219_1206_1207_1240_1089_1090_706_1114_1091_707_1175_1130_1193_1185_1194_1165_1164_1167_1163_549_550_1162_1092_1093_1157_879_881_536_537_538_539_1580_1430_1425_1424_1423_1422_1420_1396_1398_1218_1759_1758_1217_1757_1216_703_696_1213_1755_1192_1170_1169_1143_1113_1112_1109_1096_1455_806_1142_1145_1492_1141_1172_1171_1156_1140_1215_1208_1239_1097_1214_1209_1212_695_1098_1107_1100_1108_1101_1094_801_799_1116_1427_1395_1397_1394_1400_1585_1401_1393_1409_1586_1404_1305_1224_1211_1225_1226_1227_1228_1229_1241_1242_1243_1245_1246_1131_1429_1428_769_1168_1135_1188_1177_330_1095_1154_803_1152_1151_1412_1391_1132_1146_1147_551_544_542_545_1431_1413_1414_1419_1392_1386_1385_1418_1384_1383_1491_1173_1426_1153_804_1238_1237_1236_1148_1149_1490_1150_1486_1587_1387_1389_1390_1372_1371_1370_1378_1376_1365_1367_1368_1369_1589_900_866_1598_1597_1596_1593_1373_1309_1374_1375_1308_1307_1306_858_1304_692_1158_1364_1363_1346_1349_862_861_860_859_1102_800_1103_798_797_1411_1487_1415_1756_1753_1752_1350_1348_1347_1351_1352_1417_1403_1416_1235_805_694_693_1199_1210_1011_1022_1299_1033_1044_450_449_1674_1382_1379_1590_1380_1381_1402_1248_541_540_1433_1434_1435_1436_1408_863_1343_690_1260_1259_1261_1262_1764_1263_1761_1594_1595_1341_1335_1312_1247_1249_1250_1292_1291_1295_1294_1600_840_839_838_837_836_834_833_832_831_1345_1340_1339_1338_1337_1336_1311_1322_1315_1316_1313_1300_1314_1317_1298_1318_1301_1319_1302_1320_1303_1297_1296_1293_1290_1289_1287_1278_1279_1280_1406_1066_668_1055_446_1591_1592_779_877_889_557_1354_1611_1331_1356_1323_1327_1325_1353_1362_1361_1360_1359_1330_1329_1328_830_1258_1257_1256_1253_1405_1357_1358_829_1766_1763_1773_1772_1310_1288_1264_1265_1613_1762_335_1771_1601_1267_1770_1614_1268_1286_1769_1615_1269_1768_1616_1725_1767_1724_1726_1723_1727_1722_1728_1729_1720_1730_1731_1334_1324_224_113_2_1665_1612_1609_1254_1270_1271_1273_1326_1276_1275_1274_854_1252_1251_1281_1626_1628_1285_1629_1630_1272_1284_1283_1282_1342_1603_1622_1620_1631_1633_1760_1751_855_856_1608_1619_1618_1617_1634_1635_1636_1637_1638_1639_1640_1679_1641_1642_1644_1645_1646_1650_1651_1652_1649_1653_1648_1749_1607_1606_1605_1647_1655_1682_1681_1680_1675_1676_1678_,0_1_2_3_4_5_6_7_8_9_10_11_12_13_14_15_16_17_18_19_20_21_22_23_24_25_26_27_28_29_30_31_32_33_34_35_36_37_38_39_40_41_42_43_44_45_46_47_48_49_50_51_52_53_54_55_56_57_58_59_60_61_62_63_64_65_66_67_68_69_70_71_72_73_74_75_76_77_78_79_80_81_82_83_84_85_86_87_88_89_90_91_92_93_94_95_96_97_98_99_100_101_102_103_104_105_106_107_108_109_110_111_112_113_114_115_116_117_118_119_120_121_122_123_124_125_126_127_128_129_130_131_132_133_134_135_136_137_138_139_140_141_142_143_144_145_146_147_148_149_150_151_152_153_154_155_156_157_158_159_160_161_162_163_164_165_166_167_168_169_170_171_172_173_174_175_176_177_178_179_180_181_182_183_184_185_186_187_188_189_190_191_192_193_194_195_196_197_198_199_200_201_202_203_204_205_206_207_208_209_210_211_212_213_214_215_216_217_218_219_220_221_222_223_224_225_226_227_228_229_230_231_232_233_234_235_236_237_238_239_240_241_242_243_244_245_246_247_248_249_250_251_252_253_254_255_256_257_258_259_260_261_262_263_264_265_266_267_268_269_270_271_272_273_274_275_276_277_278_279_280_281_282_283_284_285_286_287_288_289_290_291_292_293_294_295_296_297_298_299_300_301_302_303_304_305_306_307_308_309_310_311_312_313_314_315_316_317_318_319_320_321_322_323_324_325_326_327_328_329_330_331_332_333_334_335_336_337_338_339_340_341_342_343_344_345_346_347_348_349_350_351_352_353_354_355_356_357_358_359_360_361_362_363_364_365_366_367_368_369_370_371_372_373_374_375_376_377_378_379_380_381_382_383_384_385_386_387_388_389_390_391_392_393_394_395_396_397_398_399_400_401_402_403_404_405_406_407_408_409_410_411_412_413_414_415_416_417_418_419_420_421_422_423_424_425_426_427_428_429_430_431_432_433_434_435_436_437_438_439_440_441_442_443_444_445_446_447_448_449_450_451_452_453_454_455_456_457_458_459_460_461_462_463_464_465_466_467_468_469_470_471_472_473_474_475_476_477_478_479_480_481_482_483_484_485_486_487_488_489_490_491_492_493_494_495_496_497_498_499_500_501_502_503_504_505_506_507_508_509_510_511_512_513_514_515_516_517_518_519_520_521_522_523_524_525_526_527_528_529_530_531_532_533_534_535_536_537_538_539_540_541_542_543_544_545_546_547_548_549_550_551_552_553_554_555_556_557_558_559_560_561_562_563_564_565_566_567_568_569_570_571_572_573_574_575_576_577_578_579_580_581_582_583_584_585_586_587_588_589_590_591_592_593_594_595_596_597_598_599_600_601_602_603_604_605_606_607_608_609_610_611_612_613_614_615_616_617_618_619_620_621_622_623_624_625_626_627_628_629_630_631_632_633_634_635_636_637_638_639_640_641_642_643_644_645_646_647_648_649_650_651_652_653_654_655_656_657_658_659_660_661_662_663_664_665_666_667_668_669_670_671_672_673_674_675_676_677_678_679_680_681_682_683_684_685_686_687_688_689_690_691_692_693_694_695_696_697_698_699_700_701_702_703_704_705_706_707_708_709_710_711_712_713_714_715_716_717_718_719_720_721_722_723_724_725_726_727_728_729_730_731_732_733_734_735_736_737_738_739_740_741_742_743_744_745_746_747_748_749_750_751_752_753_754_755_756_757_758_759_760_761_762_763_764_765_766_767_768_769_770_771_772_773_774_775_776_777_778_779_780_781_782_783_784_785_786_787_788_789_790_791_792_793_794_795_796_797_798_799_800_801_802_803_804_805_806_807_808_809_810_811_812_813_814_815_816_817_818_819_820_821_822_823_824_825_826_827_828_829_830_831_832_833_834_835_836_837_838_839_840_841_842_843_844_845_846_847_848_849_850_851_852_853_854_855_856_857_858_859_860_861_862_863_864_865_866_867_868_869_870_871_872_873_874_875_876_877_878_879_880_881_882_883_884_885_886_887_888_889_890_891_892_893_894_895_896_897_898_899_900_901_902_903_904_905_906_907_908_909_910_911_912_913_914_915_916_917_918_919_920_921_922_923_924_925_926_927_928_929_930_931_932_933_934_935_936_937_938_939_940_941_942_943_944_945_946_947_948_949_950_951_952_953_954_955_956_957_958_959_960_961_962_963_964_965_966_967_968_969_970_971_972_973_974_975_976_977_978_979_980_981_982_983_984_985_986_987_988_989_990_991_992_993_994_995_996_997_998_999_1000_1001_1002_1003_1004_1005_1006_1007_1008_1009_1010_1011_1012_1013_1014_1015_1016_1017_1018_1019_1020_1021_1022_1023_1024_1025_1026_1027_1028_1029_1030_1031_1032_1033_1034_1035_1036_1037_1038_1039_1040_1041_1042_1043_1044_1045_1046_1047_1048_1049_1050_1051_1052_1053_1054_1055_1056_1057_1058_1059_1060_1061_1062_1063_1064_1065_1066_1067_1068_1069_1070_1071_1072_1073_1074_1075_1076_1077_1078_1079_1080_1081_1082_1083_1084_1085_1086_1087_1088_1089_1090_1091_1092_1093_1094_1095_1096_1097_1098_1099_1100_1101_1102_1103_1104_1105_1106_1107_1108_1109_1110_1111_1112_1113_1114_1115_1116_1117_1118_1119_1120_1121_1122_1123_1124_1125_1126_1127_1128_1129_1130_1131_1132_1133_1134_1135_1136_1137_1138_1139_1140_1141_1142_1143_1144_1145_1146_1147_1148_1149_1150_1151_1152_1153_1154_1155_1156_1157_1158_1159_1160_1161_1162_1163_1164_1165_1166_1167_1168_1169_1170_1171_1172_1173_1174_1175_1176_1177_1178_1179_1180_1181_1182_1183_1184_1185_1186_1187_1188_1189_1190_1191_1192_1193_1194_1195_1196_1197_1198_1199_1200_1201_1202_1203_1204_1205_1206_1207_1208_1209_1210_1211_1212_1213_1214_1215_1216_1217_1218_1219_1220_1221_1222_1223_1224_1225_1226_1227_1228_1229_1230_1231_1232_1233_1234_1235_1236_1237_1238_1239_1240_1241_1242_1243_1244_1245_1246_1247_1248_1249_1250_1251_1252_1253_1254_1255_1256_1257_1258_1259_1260_1261_1262_1263_1264_1265_1266_1267_1268_1269_1270_1271_1272_1273_1274_1275_1276_1277_1278_1279_1280_1281_1282_1283_1284_1285_1286_1287_1288_1289_1290_1291_1292_1293_1294_1295_1296_1297_1298_1299_1300_1301_1302_1303_1304_1305_1306_1307_1308_1309_1310_1311_1312_1313_1314_1315_1316_1317_1318_1319_1320_1321_1322_1323_1324_1325_1326_1327_1328_1329_1330_1331_1332_1333_1334_1335_1336_1337_1338_1339_1340_1341_1342_1343_1344_1345_1346_1347_1348_1349_1350_1351_1352_1353_1354_1355_1356_1357_1358_1359_1360_1361_1362_1363_1364_1365_1366_1367_1368_1369_1370_1371_1372_1373_1374_1375_1376_1377_1378_1379_1380_1381_1382_1383_1384_1385_1386_1387_1388_1389_1390_1391_1392_1393_1394_1395_1396_1397_1398_1399_1400_1401_1402_1403_1404_1405_1406_1407_1408_1409_1410_1411_1412_1413_1414_1415_1416_1417_1418_1419_1420_1421_1422_1423_1424_1425_1426_1427_1428_1429_1430_1431_1432_1433_1434_1435_1436_1437_1438_1439_1440_1441_1442_1443_1444_1445_1446_1447_1448_1449_1450_1451_1452_1453_1454_1455_1456_1457_1458_1459_1460_1461_1462_1463_1464_1465_1466_1467_1468_1469_1470_1471_1472_1473_1474_1475_1476_1477_1478_1479_1480_1481_1482_1483_1484_1485_1486_1487_1488_1489_1490_1491_1492_1493_1494_1495_1496_1497_1498_1499_1500_1501_1502_1503_1504_1505_1506_1507_1508_1509_1510_1511_1512_1513_1514_1515_1516_1517_1518_1519_1520_1521_1522_1523_1524_1525_1526_1527_1528_1529_1530_1531_1532_1533_1534_1535_1536_1537_1538_1539_1540_1541_1542_1543_1544_1545_1546_1547_1548_1549_1550_1551_1552_1553_1554_1555_1556_1557_1558_1559_1560_1561_1562_1563_1564_1565_1566_1567_1568_1569_1570_1571_1572_1573_1574_1575_1576_1577_1578_1579_1580_1581_1582_1583_1584_1585_1586_1587_1588_1589_1590_1591_1592_1593_1594_1595_1596_1597_1598_1599_1600_1601_1602_1603_1604_1605_1606_1607_1608_1609_1610_1611_1612_1613_1614_1615_1616_1617_1618_1619_1620_1621_1622_1623_1624_1625_1626_1627_1628_1629_1630_1631_1632_1633_1634_1635_1636_1637_1638_1639_1640_1641_1642_1643_1644_1645_1646_1647_1648_1649_1650_1651_1652_1653_1654_1655_1656_1657_1658_1659_1660_1661_1662_1663_1664_1665_1666_1667_1668_1669_1670_1671_1672_1673_1674_1675_1676_1677_1678_1679_1680_1681_1682_1683_1684_1685_1686_1687_1688_1689_1690_1691_1692_1693_1694_1695_1696_1697_1698_1699_1700_1701_1702_1703_1704_1705_1706_1707_1708_1709_1710_1711_1712_1713_1714_1715_1716_1717_1718_1719_1720_1721_1722_1723_1724_1725_1726_1727_1728_1729_1730_1731_1732_1733_1734_1735_1736_1737_1738_1739_1740_1741_1742_1743_1744_1745_1746_1747_1748_1749_1750_1751_1752_1753_1754_1755_1756_1757_1758_1759_1760_1761_1762_1763_1764_1765_1766_1767_1768_1769_1770_1771_1772_1773_1774_1775_,4:{7;188;100;101;117;103;}10:{73;683;71;15;16;18;83;19;20;21;22;1708;1707;679;1706;681;1705;1704;1703;1702;}20:{1711;1712;1713;}39:{40;41;}43:{48;676;46;49;677;}54:{55;32;56;111;42;110;43;45;44;678;}60:{675;35;673;34;}63:{672;52;31;51;50;}76:{33;}78:{79;81;62;61;63;38;60;37;59;57;54;648;647;}85:{53;}86:{90;}90:{664;663;674;}91:{80;102;762;763;114;764;}92:{665;}95:{93;87;685;}98:{97;96;95;666;94;68;67;66;65;85;78;64;84;}117:{670;667;}124:{655;121;120;196;119;610;658;609;115;659;660;112;661;608;614;616;615;642;617;641;618;640;619;639;620;638;621;637;622;623;}132:{129;}134:{132;131;133;649;607;603;}140:{200;654;}142:{201;199;}145:{597;583;}152:{157;590;159;589;160;588;162;163;587;572;592;595;356;354;355;864;}155:{164;}158:{147;136;702;691;624;635;380;}166:{574;}168:{573;166;165;}169:{1080;}173:{264;}175:{686;1733;1718;}176:{226;1742;}178:{172;186;171;337;341;338;339;8;170;1739;340;751;1736;9;1740;168;1735;118;1741;10;74;1734;11;271;12;13;17;}180:{447;247;713;258;269;}184:{1744;}195:{72;684;92;88;89;}198:{653;651;}204:{579;578;}205:{198;}208:{130;}209:{148;}210:{197;611;}211:{182;183;656;612;185;189;99;190;98;192;193;194;195;70;86;75;76;77;}213:{305;1180;301;458;}216:{227;343;1715;}219:{222;750;267;749;265;748;229;747;230;1717;1716;}228:{255;}230:{231;}236:{225;213;1184;158;}237:{238;239;240;241;323;}240:{329;242;328;}243:{524;535;}244:{297;}246:{235;233;237;232;}247:{1079;}249:{250;295;251;}251:{325;252;253;254;}255:{330;}258:{280;125;391;402;413;}262:{326;}263:{228;332;333;760;}268:{257;263;331;}270:{256;}272:{260;259;261;262;}273:{270;}274:{287;272;853;}278:{268;}288:{283;284;852;285;851;1738;606;}289:{223;266;}290:{221;220;342;334;848;219;847;175;176;173;849;177;178;850;181;174;179;215;214;203;212;204;184;211;140;205;139;4;1737;1775;1774;210;5;6;206;138;141;207;137;187;142;208;143;209;145;124;671;126;605;134;144;123;122;135;}292:{344;345;351;352;1714;}294:{293;275;276;277;278;249;248;279;281;245;282;246;322;288;202;289;191;290;292;180;216;217;218;}300:{299;306;298;307;}301:{1175;1130;}309:{286;}310:{309;311;308;312;294;314;274;315;273;316;}312:{310;}316:{317;318;1196;319;320;321;1195;1460;1461;1462;1463;1464;1459;1458;1473;1474;}318:{699;300;}319:{1197;697;698;1471;}322:{234;435;236;244;296;169;}329:{243;}332:{735;}333:{327;}335:{224;113;2;1665;}336:{358;291;}340:{381;}341:{348;593;594;}342:{383;}343:{167;346;}344:{353;}348:{349;350;570;}351:{357;372;360;361;}353:{568;378;359;371;}359:{846;741;}365:{364;363;377;}371:{370;368;362;367;366;365;408;407;406;}374:{375;376;}376:{400;}381:{567;382;379;384;373;385;441;374;571;440;865;}382:{386;387;}391:{794;}400:{399;398;}402:{91;313;58;324;336;302;347;47;36;717;907;906;905;904;903;901;902;}404:{559;556;555;554;534;}406:{560;}407:{405;404;401;}413:{424;}416:{445;412;448;411;410;419;}417:{420;421;422;}421:{505;519;504;518;517;}422:{503;516;501;530;}425:{396;392;390;389;388;}429:{395;156;}430:{429;431;442;432;443;428;566;444;393;394;433;427;434;426;436;425;409;423;437;438;439;414;415;416;575;596;155;161;154;151;153;586;150;585;149;584;417;418;}442:{397;403;}444:{565;}451:{450;449;}458:{469;480;}459:{457;507;456;506;490;492;493;499;494;500;}469:{491;657;502;513;}471:{474;475;476;479;481;482;483;508;509;510;511;}475:{521;522;}494:{495;498;497;529;}507:{455;}508:{486;487;488;489;}510:{512;484;485;514;478;477;520;473;}512:{496;}517:{515;}525:{460;}526:{462;523;461;459;}534:{536;537;538;539;}544:{541;540;}552:{551;544;542;545;}558:{769;}563:{452;453;}564:{454;451;}569:{546;}578:{576;}579:{599;581;582;}584:{598;}589:{577;}591:{580;569;770;669;}593:{857;867;869;868;813;802;}602:{680;}603:{152;}605:{146;650;}607:{430;}612:{104;105;106;107;108;109;}622:{645;}639:{644;}641:{625;626;627;632;116;631;628;630;643;629;633;636;634;}650:{601;600;604;}655:{127;128;652;}664:{662;}681:{26;1691;1692;1693;1623;1624;}691:{613;602;}692:{690;1260;1259;1261;1262;1764;1263;1761;}710:{1084;}711:{1699;}713:{591;646;}716:{891;729;894;728;548;727;547;886;}717:{711;740;908;25;712;14;909;738;3;910;715;1765;716;736;1754;1743;912;1732;913;1721;914;1710;915;916;917;918;919;920;1040;921;}718:{468;472;525;}720:{465;}721:{464;463;526;466;}723:{549;550;}727:{726;725;730;723;731;722;721;732;543;}737:{734;714;890;887;892;893;733;761;757;}743:{870;724;871;872;873;874;875;531;532;533;561;}745:{744;824;}747:{745;743;}753:{835;742;}754:{780;}756:{754;791;753;752;880;}760:{759;884;883;758;771;885;756;558;768;755;746;}762:{369;}763:{739;}764:{765;766;767;737;69;}777:{784;785;}783:{778;777;}784:{786;787;788;}801:{805;}810:{823;825;826;807;808;809;}812:{1477;796;}815:{1466;}816:{1510;1106;}819:{1555;1543;930;1566;929;931;1532;928;1577;932;1105;795;1521;934;1104;938;939;940;941;948;}830:{854;}831:{829;}834:{830;}838:{1611;}840:{1612;1609;}854:{855;856;}861:{1406;}863:{1405;}866:{779;877;889;557;}871:{562;563;564;528;}875:{876;878;}880:{879;881;}882:{553;552;}883:{882;}892:{895;467;}895:{720;}900:{1310;1288;}901:{899;898;897;470;719;}903:{718;471;527;}904:{896;}914:{774;792;773;775;793;776;1036;1035;}917:{817;816;815;812;}918:{790;}920:{1666;1677;1654;1039;1688;1038;1086;772;1632;1037;}921:{923;924;925;926;1032;927;}924:{1034;1643;}925:{1610;}926:{1621;}927:{1588;}933:{1199;1210;1011;1022;1299;1033;1044;}939:{811;937;810;942;936;943;1488;1499;935;946;995;947;962;961;960;}944:{900;866;}946:{1030;1031;}948:{949;994;950;951;952;1027;953;1028;1029;}953:{989;990;1144;1155;1166;987;}959:{976;}961:{959;958;1026;963;964;956;945;981;970;971;}964:{965;967;980;957;968;979;969;978;}966:{955;988;1000;993;944;992;1006;933;991;1004;922;911;954;}969:{1122;1111;1099;1088;1077;}972:{984;985;986;}977:{1017;1005;}981:{982;983;973;972;974;975;1133;}997:{996;}1013:{1018;1019;1432;1021;1015;1023;1016;}1015:{1003;}1019:{1020;1366;1024;1025;}1022:{1066;668;}1023:{1009;1008;1010;1007;1355;1344;966;977;}1032:{1047;1048;1049;1050;1051;1052;1053;1054;}1033:{335;}1035:{819;818;814;}1036:{1599;822;821;820;}1044:{1055;446;}1054:{707;}1056:{1114;1091;}1057:{1089;1090;706;}1058:{1120;1115;}1059:{1121;1056;}1061:{708;}1064:{1082;}1067:{1065;1064;1081;1063;710;781;709;1083;}1071:{1070;783;1069;782;1068;1067;}1073:{1074;}1078:{1075;845;}1079:{842;1072;1071;1076;843;1073;}1083:{1085;}1085:{789;}1086:{1041;1042;1043;1045;1046;}1091:{1162;1092;1093;1157;}1100:{1102;800;1103;798;797;}1109:{1098;1107;1100;1108;1101;1094;801;799;1116;}1114:{1097;}1115:{1113;1112;1109;1096;}1116:{1095;1154;803;1152;1151;}1117:{1153;804;}1124:{1123;1139;1161;1160;1136;1159;}1125:{1126;1124;1127;1059;1138;1060;1128;1137;1058;1129;705;1134;}1141:{1132;1146;1147;}1143:{1142;1145;1492;1141;1172;1171;1156;1140;}1147:{1148;1149;1490;1150;1486;}1148:{1487;}1162:{1158;}1167:{1168;1135;}1174:{1131;}1180:{1178;1182;304;1176;303;1061;}1181:{1125;1062;}1182:{1183;}1183:{1057;1087;}1184:{841;1179;1078;1181;844;}1185:{1165;1164;1167;1163;}1187:{1193;1185;1194;}1191:{1186;1174;}1193:{1192;1170;1169;1143;}1196:{1198;1200;}1198:{1201;1202;1203;1223;1204;}1203:{1220;704;1205;1219;1206;1207;1240;}1205:{1215;1208;1239;}1207:{1214;1209;1212;695;}1208:{1224;1211;1225;1226;1227;1228;1229;1241;1242;1243;1245;1246;}1209:{1238;1237;1236;}1215:{694;693;}1219:{1218;1759;1758;1217;1757;1216;703;696;1213;1755;}1227:{1235;}1240:{692;}1242:{1429;1428;}1243:{1426;}1248:{1247;1249;1250;1292;1291;1295;1294;1600;840;839;838;837;836;834;833;832;831;}1256:{1252;1251;1281;}1257:{1254;}1260:{1258;1257;1256;1253;}1262:{1766;1763;1773;1772;}1263:{1264;1265;1613;1762;}1268:{1270;1271;1273;}1270:{1284;}1276:{1603;}1289:{1608;}1294:{1272;}1295:{1276;1275;1274;}1312:{1311;1322;1315;1316;1313;1300;1314;1317;1298;1318;1301;1319;1302;1320;1303;1297;1296;1293;1290;1289;1287;1278;1279;1280;}1319:{1331;1356;1323;1327;1325;1353;}1331:{1330;1329;1328;}1334:{1326;}1335:{1334;1324;}1344:{1188;1177;}1346:{1345;1340;1339;1338;1337;1336;}1349:{1350;1348;1347;1351;1352;}1351:{1354;}1353:{1357;1358;}1360:{1342;}1365:{1343;}1367:{1364;1363;1346;1349;862;861;860;859;}1372:{1598;1597;1596;1593;1373;1309;1374;1375;1308;1307;1306;858;1304;}1376:{1380;1381;}1384:{1402;}1385:{1382;1379;1590;}1391:{1589;}1393:{1587;1387;1389;1390;1372;1371;1370;1378;1376;1365;1367;1368;1369;}1395:{1408;863;}1396:{1412;1391;}1398:{1395;1397;1394;1400;1585;1401;1393;1409;1586;1404;1305;}1399:{827;1493;1388;828;1119;1377;1410;1118;1421;1014;1013;1012;1002;1001;998;997;}1400:{1392;1386;1385;1418;1384;1383;}1409:{1415;}1418:{1417;1403;1416;}1420:{1411;}1421:{1444;}1424:{1431;1413;1414;1419;}1429:{1248;}1430:{1433;1434;1435;1436;}1444:{1455;806;}1446:{1442;}1450:{1448;1447;1565;1567;}1451:{1449;}1457:{1453;1452;1451;1450;}1458:{1465;1467;1456;1468;1469;}1460:{1191;1190;1189;1187;}1463:{1457;1454;}1469:{1561;1560;}1470:{1562;}1471:{1472;1475;1563;1476;}1472:{1399;}1474:{1470;1494;1495;}1476:{1484;1478;1479;1485;1480;1481;1482;1483;}1478:{1489;}1483:{1117;}1492:{1491;1173;}1495:{1496;1497;1498;1500;}1497:{1501;}1500:{1502;1503;1504;1505;1528;1551;}1501:{1527;1526;1508;}1508:{1507;1509;1523;1506;1511;1520;1525;1519;}1514:{1584;1583;1438;1437;}1516:{1545;1547;1440;1439;1534;}1518:{1515;1513;1544;}1519:{1518;1517;1516;1512;1535;1514;}1523:{1558;1557;1541;}1524:{1542;1559;}1526:{1531;1530;1524;1529;1522;}1529:{1533;}1534:{888;1550;1536;1221;1332;1443;1554;}1536:{1537;1538;}1545:{1546;1548;}1547:{1549;}1554:{1110;1;0;999;1540;1539;}1565:{1564;1446;1568;1445;1581;1569;1582;1570;1571;1572;1573;1574;}1574:{1575;1232;1234;}1575:{1576;1578;1579;1231;1230;}1576:{1580;1430;1425;1424;1423;1422;1420;1396;1398;}1578:{1427;}1582:{1556;1441;1553;1552;}1587:{1594;1595;1341;1335;1312;}1590:{1362;1361;1360;1359;}1594:{1591;1592;}1601:{1283;1282;}1608:{1607;1606;1605;}1623:{1622;1620;}1627:{1626;1628;1285;}1628:{1629;1630;}1629:{1631;1633;}1630:{1634;1635;1636;1637;1638;}1636:{1639;1640;1679;1641;1642;1644;1645;1646;}1646:{1650;1651;1652;1649;1653;1648;}1648:{1647;}1651:{1655;}1656:{1657;1672;1673;1685;1684;1683;1686;1687;}1657:{1674;}1664:{1663;1670;}1668:{1669;}1669:{1662;}1670:{689;688;1671;687;1659;1658;1660;1661;1656;}1673:{1676;1678;}1683:{1682;1681;}1684:{1680;}1685:{1675;}1693:{1619;1618;1617;}1697:{1698;1700;}1701:{1696;1697;}1706:{682;1689;1701;1690;23;1695;24;1709;1694;82;27;1664;28;1667;1625;29;1668;30;39;1627;}1715:{1719;}1753:{1760;1751;}1758:{1756;1753;1752;}1760:{1749;}1773:{1771;1601;1267;1770;1614;1268;1286;1769;1615;1269;1768;1616;1725;1767;1724;1726;1723;1727;1722;1728;1729;1720;1730;1731;},1_29_30_39_51_52_53_54_392_397_398_401_403_404_405_432_433_434_454_455_462_463_464_465_466_467_562_563_565_566_608_615_616_617_642_645_688_689_810_811_833_834_836_897_898_899_901_935_936_937_1002_1021_1023_1041_1042_1199_1210_1288_1302_1303_1344_1396_1398_1415_1533_1534_1546_1547_1548_1549_1550_1642_1644_1658_1659_1664_1667_1671_,310-309*0_310-311*0_310-308*0_310-312*0_310-294*0_310-314*0_310-274*0_310-315*0_310-273*0_310-316*0_294-293*1_294-275*1_294-276*1_294-277*1_316-317*1_294-278*1_294-249*1_316-318*1_316-1196*1_294-248*1_316-319*1_294-279*1_316-320*1_294-281*1_294-245*1_316-321*1_294-282*1_294-246*1_316-1195*1_316-1460*1_294-322*1_294-288*1_316-1461*1_294-202*1_294-289*1_316-1462*1_294-191*1_294-290*1_316-1463*1_294-292*1_316-1464*1_294-180*1_316-1459*1_294-216*1_316-1458*1_294-217*1_294-218*1_316-1473*1_316-1474*1_319-1197*2_319-697*2_319-698*2_319-1471*2_1460-1191*2_1460-1190*2_1460-1189*2_1460-1187*2_312-310*1_1463-1457*2_1463-1454*2_1458-1465*2_1458-1467*2_1458-1456*2_1458-1468*2_1458-1469*2_322-234*2_322-435*2_322-236*2_322-244*2_322-296*2_322-169*2_290-221*2_290-220*2_290-342*2_290-334*2_290-848*2_290-219*2_290-847*2_290-175*2_290-176*2_290-173*2_290-849*2_290-177*2_290-178*2_290-850*2_290-181*2_290-174*2_290-179*2_290-215*2_290-214*2_290-203*2_290-212*2_290-204*2_290-184*2_290-211*2_290-140*2_290-205*2_290-139*2_290-4*2_290-1737*2_290-1775*2_290-1774*2_290-210*2_290-5*2_290-6*2_290-206*2_290-138*2_290-141*2_290-207*2_290-137*2_290-187*2_290-142*2_290-208*2_290-143*2_290-209*2_290-145*2_290-124*2_290-671*2_290-126*2_290-605*2_290-134*2_290-144*2_290-123*2_290-122*2_290-135*2_288-283*2_288-284*2_288-852*2_288-285*2_288-851*2_288-1738*2_288-606*2_134-132*3_134-131*3_134-133*3_134-649*3_134-607*3_134-603*3_289-223*3_289-266*3_211-182*3_211-183*3_211-656*3_211-612*3_211-185*3_211-189*3_211-99*3_211-190*3_211-98*3_211-192*3_211-193*3_211-194*3_211-195*3_211-70*3_211-86*3_211-75*3_211-76*3_211-77*3_605-146*3_605-650*3_178-172*3_178-186*3_178-171*3_178-337*3_178-341*3_178-338*3_178-339*3_178-8*3_178-170*3_178-1739*3_178-340*3_178-751*3_178-1736*3_178-9*3_178-1740*3_178-168*3_178-1735*3_178-118*3_178-1741*3_178-10*3_178-74*3_178-1734*3_178-11*3_178-271*3_178-12*3_178-13*3_178-17*3_208-130*3_1474-1470*2_1474-1494*2_1474-1495*2_210-197*3_210-611*3_219-222*3_219-750*3_219-267*3_219-749*3_219-265*3_219-748*3_219-229*3_219-747*3_219-230*3_219-1717*3_219-1716*3_142-201*3_142-199*3_124-655*3_124-121*3_124-120*3_124-196*3_124-119*3_124-610*3_124-658*3_124-609*3_124-115*3_124-659*3_124-660*3_124-112*3_124-661*3_124-608*3_124-614*3_124-616*3_124-615*3_124-642*3_124-617*3_124-641*3_124-618*3_124-640*3_124-619*3_124-639*3_124-620*3_124-638*3_124-621*3_124-637*3_124-622*3_124-623*3_140-200*3_140-654*3_176-226*3_176-1742*3_180-447*2_180-247*2_180-713*2_180-258*2_180-269*2_4-7*3_4-188*3_4-100*3_4-101*3_4-117*3_4-103*3_641-625*4_641-626*4_641-627*4_641-632*4_641-116*4_641-631*4_641-628*4_641-630*4_641-643*4_641-629*4_641-633*4_641-636*4_641-634*4_98-97*4_98-96*4_98-95*4_98-666*4_98-94*4_98-68*4_98-67*4_98-66*4_98-65*4_98-85*4_98-78*4_98-64*4_98-84*4_612-104*4_612-105*4_612-106*4_612-107*4_612-108*4_612-109*4_175-686*4_175-1733*4_175-1718*4_1471-1472*3_1471-1475*3_1471-1563*3_1471-1476*3_639-644*5_205-198*3_10-73*4_10-683*4_10-71*4_10-15*4_10-16*4_10-18*4_10-83*4_10-19*4_10-20*4_10-21*4_10-22*4_10-1708*4_10-1707*4_10-679*4_10-1706*4_10-681*4_10-1705*4_10-1704*4_10-1703*4_10-1702*4_216-227*4_216-343*4_216-1715*4_292-344*2_292-345*2_292-351*2_292-352*2_292-1714*2_95-93*5_95-87*5_95-685*5_622-645*5_1495-1496*4_1495-1497*4_1495-1498*4_1495-1500*4_145-597*4_145-583*4_184-1744*3_607-430*4_132-129*4_195-72*5_195-684*5_195-92*5_195-88*5_195-89*5_1706-682*5_1706-1689*5_1706-1701*5_1706-1690*5_1706-23*5_1706-1695*5_1706-24*5_1706-1709*5_1706-1694*5_1706-82*5_1706-27*5_1706-1664*5_1706-28*5_1706-1667*5_1706-1625*5_1706-29*5_1706-1668*5_1706-30*5_1706-39*5_1706-1627*5_86-90*5_20-1711*5_20-1712*5_20-1713*5_236-225*3_236-213*3_236-1184*3_236-158*3_681-26*5_681-1691*5_681-1692*5_681-1693*5_681-1623*5_681-1624*5_78-79*5_78-81*5_78-62*5_78-61*5_78-63*5_78-38*5_78-60*5_78-37*5_78-59*5_78-57*5_78-54*5_78-648*5_78-647*5_76-33*5_309-286*2_1701-1696*6_1701-1697*6_430-429*5_430-431*5_430-442*5_430-432*5_430-443*5_430-428*5_430-566*5_430-444*5_430-393*5_430-394*5_430-433*5_430-427*5_430-434*5_430-426*5_430-436*5_430-425*5_430-409*5_430-423*5_430-437*5_430-438*5_430-439*5_430-414*5_430-415*5_430-416*5_430-575*5_430-596*5_430-155*5_430-161*5_430-154*5_430-151*5_430-153*5_430-586*5_430-150*5_430-585*5_430-149*5_430-584*5_430-417*5_430-418*5_209-148*4_341-348*4_341-593*4_341-594*4_173-264*4_340-381*5_1497-1501*5_650-601*6_650-600*6_650-604*6_343-167*5_343-346*5_344-353*3_603-152*4_342-383*3_1668-1669*7_39-40*6_39-41*6_169-1080*3_60-675*7_60-35*7_60-673*7_60-34*7_274-287*1_274-272*1_274-853*1_204-579*3_204-578*3_63-672*6_63-52*6_63-31*6_63-51*6_63-50*6_158-147*4_158-136*4_158-702*4_158-691*4_158-624*4_158-635*4_158-380*4_1500-1502*5_1500-1503*5_1500-1504*5_1500-1505*5_1500-1528*5_1500-1551*5_273-270*1_117-670*6_117-667*6_85-53*6_198-653*4_198-651*4_54-55*7_54-32*7_54-56*7_54-111*7_54-42*7_54-110*7_54-43*7_54-45*7_54-44*7_54-678*7_655-127*4_655-128*4_655-652*4_381-567*6_381-382*6_381-379*6_381-384*6_381-373*6_381-385*6_381-441*6_381-374*6_381-571*6_381-440*6_381-865*6_416-445*6_416-412*6_416-448*6_416-411*6_416-410*6_416-419*6_213-305*4_213-1180*4_213-301*4_213-458*4_348-349*5_348-350*5_348-570*5_272-260*2_272-259*2_272-261*2_272-262*2_168-573*4_168-166*4_168-165*4_417-420*6_417-421*6_417-422*6_90-664*6_90-663*6_90-674*6_258-280*3_258-125*3_258-391*3_258-402*3_258-413*3_43-48*9_43-676*9_43-46*9_43-49*9_43-677*9_421-505*7_421-519*7_421-504*7_421-518*7_421-517*7_278-268*2_351-357*3_351-372*3_351-360*3_351-361*3_429-395*6_429-156*6_247-1079*3_152-157*7_152-590*7_152-159*7_152-589*7_152-160*7_152-588*7_152-162*7_152-163*7_152-587*7_152-572*7_152-592*7_152-595*7_152-356*7_152-354*7_152-355*7_152-864*7_713-591*3_713-646*3_402-91*4_402-313*4_402-58*4_402-324*4_402-336*4_402-302*4_402-347*4_402-47*4_402-36*4_402-717*4_402-907*4_402-906*4_402-905*4_402-904*4_402-903*4_402-901*4_402-902*4_1501-1527*6_1501-1526*6_1501-1508*6_382-386*7_382-387*7_1664-1663*6_1664-1670*6_425-396*7_425-392*7_425-390*7_425-389*7_425-388*7_155-164*8_593-857*6_593-867*6_593-869*6_593-868*6_593-813*6_593-802*6_91-80*5_91-102*5_91-762*5_91-763*5_91-114*5_91-764*5_1457-1453*3_1457-1452*3_1457-1451*3_1457-1450*3_166-574*5_764-765*6_764-766*6_764-767*6_764-737*6_764-69*6_1508-1507*7_1508-1509*7_1508-1523*7_1508-1506*7_1508-1511*7_1508-1520*7_1508-1525*7_1508-1519*7_903-718*5_903-471*5_903-527*5_353-568*5_353-378*5_353-359*5_353-371*5_763-739*6_92-665*6_442-397*7_442-403*7_1470-1562*3_371-370*6_371-368*6_371-362*6_371-367*6_371-366*6_371-365*6_371-408*6_371-407*6_371-406*6_374-375*7_374-376*7_268-257*3_268-263*3_268-331*3_365-364*7_365-363*7_365-377*7_422-503*7_422-516*7_422-501*7_422-530*7_1697-1698*7_1697-1700*7_407-405*7_407-404*7_407-401*7_318-699*4_318-300*4_1526-1531*7_1526-1530*7_1526-1524*7_1526-1529*7_1526-1522*7_249-250*2_249-295*2_249-251*2_1670-689*7_1670-688*7_1670-1671*7_1670-687*7_1670-1659*7_1670-1658*7_1670-1660*7_1670-1661*7_1670-1656*7_717-711*5_717-740*5_717-908*5_717-25*5_717-712*5_717-14*5_717-909*5_717-738*5_717-3*5_717-910*5_717-715*5_717-1765*5_717-716*5_717-736*5_717-1754*5_717-1743*5_717-912*5_717-1732*5_717-913*5_717-1721*5_717-914*5_717-1710*5_717-915*5_717-916*5_717-917*5_717-918*5_717-919*5_717-920*5_717-1040*5_717-921*5_359-846*6_359-741*6_737-734*7_737-714*7_737-890*7_737-887*7_737-892*7_737-893*7_737-733*7_737-761*7_737-757*7_270-256*3_711-1699*6_762-369*6_1184-841*5_1184-1179*5_1184-1078*5_1184-1181*5_1184-844*5_901-899*5_901-898*5_901-897*5_901-470*5_901-719*5_246-235*2_246-233*2_246-237*2_246-232*2_1472-1399*5_413-424*4_376-400*9_747-745*6_747-743*6_920-1666*7_920-1677*7_920-1654*7_920-1039*7_920-1688*7_920-1038*7_920-1086*7_920-772*7_920-1632*7_920-1037*7_579-599*6_579-581*6_579-582*6_664-662*7_471-474*6_471-475*6_471-476*6_471-479*6_471-481*6_471-482*6_471-483*6_471-508*6_471-509*6_471-510*6_471-511*6_1669-1662*8_914-774*7_914-792*7_914-773*7_914-775*7_914-793*7_914-776*7_914-1036*7_914-1035*7_716-891*7_716-729*7_716-894*7_716-728*7_716-548*7_716-727*7_716-547*7_716-886*7_263-228*4_263-332*4_263-333*4_263-760*4_1036-1599*8_1036-822*8_1036-821*8_1036-820*8_917-817*8_917-816*8_917-815*8_917-812*8_578-576*4_406-560*7_1519-1518*8_1519-1517*8_1519-1516*8_1519-1512*8_1519-1535*8_1519-1514*8_400-399*10_400-398*10_517-515*8_1524-1542*8_1524-1559*8_718-468*6_718-472*6_718-525*6_510-512*7_510-484*7_510-485*7_510-514*7_510-478*7_510-477*7_510-520*7_510-473*7_1523-1558*8_1523-1557*8_1523-1541*8_336-358*5_336-291*5_475-521*7_475-522*7_691-613*5_691-602*5_1035-819*8_1035-818*8_1035-814*8_1451-1449*4_228-255*5_921-923*6_921-924*6_921-925*6_921-926*6_921-1032*6_921-927*6_1529-1533*9_1180-1178*5_1180-1182*5_1180-304*5_1180-1176*5_1180-303*5_1180-1061*5_1399-827*6_1399-1493*6_1399-1388*6_1399-828*6_1399-1119*6_1399-1377*6_1399-1410*6_1399-1118*6_1399-1421*6_1399-1014*6_1399-1013*6_1399-1012*6_1399-1002*6_1399-1001*6_1399-998*6_1399-997*6_1518-1515*9_1518-1513*9_1518-1544*9_512-496*8_444-565*6_237-238*3_237-239*3_237-240*3_237-241*3_237-323*3_1516-1545*10_1516-1547*10_1516-1440*10_1516-1439*10_1516-1534*10_262-326*3_1079-842*4_1079-1072*4_1079-1071*4_1079-1076*4_1079-843*4_1079-1073*4_904-896*7_819-1555*9_819-1543*9_819-930*9_819-1566*9_819-929*9_819-931*9_819-1532*9_819-928*9_819-1577*9_819-932*9_819-1105*9_819-795*9_819-1521*9_819-934*9_819-1104*9_819-938*9_819-939*9_819-940*9_819-941*9_819-948*9_251-325*3_251-252*3_251-253*3_251-254*3_508-486*8_508-487*8_508-488*8_508-489*8_918-790*7_1013-1018*7_1013-1019*7_1013-1432*7_1013-1021*7_1013-1015*7_1013-1023*7_1013-1016*7_1071-1070*5_1071-783*5_1071-1069*5_1071-782*5_1071-1068*5_1071-1067*5_1073-1074*5_727-726*8_727-725*8_727-730*8_727-723*8_727-731*8_727-722*8_727-721*8_727-732*8_727-543*8_1067-1065*6_1067-1064*6_1067-1081*6_1067-1063*6_1067-710*6_1067-781*6_1067-709*6_1067-1083*6_939-811*10_939-937*10_939-810*10_939-942*10_939-936*10_939-943*10_939-1488*10_939-1499*10_939-935*10_939-946*10_939-995*10_939-947*10_939-962*10_939-961*10_939-960*10_892-895*8_892-467*8_812-1477*9_812-796*9_1469-1561*3_1469-1560*3_1078-1075*6_1078-845*6_240-329*4_240-242*4_240-328*4_1476-1484*4_1476-1478*4_1476-1479*4_1476-1485*4_1476-1480*4_1476-1481*4_1476-1482*4_1476-1483*4_961-959*11_961-958*11_961-1026*11_961-963*11_961-964*11_961-956*11_961-945*11_961-981*11_961-970*11_961-971*11_230-231*4_391-794*4_816-1510*10_816-1106*10_948-949*10_948-994*10_948-950*10_948-951*10_948-952*10_948-1027*10_948-953*10_948-1028*10_948-1029*10_404-559*8_404-556*8_404-555*8_404-554*8_404-534*8_1534-888*11_1534-1550*11_1534-1536*11_1534-1221*11_1534-1332*11_1534-1443*11_1534-1554*11_924-1034*7_924-1643*7_760-759*5_760-884*5_760-883*5_760-758*5_760-771*5_760-885*5_760-756*5_760-558*5_760-768*5_760-755*5_760-746*5_1032-1047*7_1032-1048*7_1032-1049*7_1032-1050*7_1032-1051*7_1032-1052*7_1032-1053*7_1032-1054*7_591-580*4_591-569*4_591-770*4_591-669*4_244-297*3_895-720*9_1545-1546*11_1545-1548*11_1715-1719*5_721-464*9_721-463*9_721-526*9_721-466*9_756-754*6_756-791*6_756-753*6_756-752*6_756-880*6_1514-1584*9_1514-1583*9_1514-1438*9_1514-1437*9_720-465*10_1547-1549*12_333-327*5_1554-1110*12_1554-1*12_1554-0*12_1554-999*12_1554-1540*12_1554-1539*12_458-469*5_458-480*5_815-1466*10_810-823*11_810-825*11_810-826*11_810-807*11_810-808*11_810-809*11_883-882*7_1450-1448*4_1450-1447*4_1450-1565*4_1450-1567*4_783-778*6_783-777*6_526-462*10_526-523*10_526-461*10_526-459*10_964-965*12_964-967*12_964-980*12_964-957*12_964-968*12_964-979*12_964-969*12_964-978*12_1421-1444*7_469-491*6_469-657*6_469-502*6_469-513*6_589-577*8_525-460*10_1019-1020*8_1019-1366*8_1019-1024*8_1019-1025*8_329-243*5_1565-1564*5_1565-1446*5_1565-1568*5_1565-1445*5_1565-1581*5_1565-1569*5_1565-1582*5_1565-1570*5_1565-1571*5_1565-1572*5_1565-1573*5_1565-1574*5_1196-1198*5_1196-1200*5_300-299*5_300-306*5_300-298*5_300-307*5_602-680*6_981-982*12_981-983*12_981-973*12_981-972*12_981-974*12_981-975*12_981-1133*12_997-996*9_745-744*7_745-824*7_1582-1556*6_1582-1441*6_1582-1553*6_1582-1552*6_1181-1125*6_1181-1062*6_569-546*5_584-598*7_1023-1009*9_1023-1008*9_1023-1010*9_1023-1007*9_1023-1355*9_1023-1344*9_1023-966*9_1023-977*9_332-735*5_946-1030*12_946-1031*12_966-955*10_966-988*10_966-1000*10_966-993*10_966-944*10_966-992*10_966-1006*10_966-933*10_966-991*10_966-1004*10_966-922*10_966-911*10_966-954*10_459-457*11_459-507*11_459-456*11_459-506*11_459-490*11_459-492*11_459-493*11_459-499*11_459-494*11_459-500*11_1478-1489*5_977-1017*11_977-1005*11_1064-1082*7_1483-1117*5_959-976*12_1125-1126*7_1125-1124*7_1125-1127*7_1125-1059*7_1125-1138*7_1125-1060*7_1125-1128*7_1125-1137*7_1125-1058*7_1125-1129*7_1125-705*7_1125-1134*7_710-1084*7_1574-1575*6_1574-1232*6_1574-1234*6_927-1588*8_777-784*7_777-785*7_953-989*13_953-990*13_953-1144*13_953-1155*13_953-1166*13_953-987*13_243-524*6_243-535*6_972-984*13_972-985*13_972-986*13_753-835*7_753-742*7_1182-1183*7_1015-1003*8_507-455*12_743-870*7_743-724*7_743-871*7_743-872*7_743-873*7_743-874*7_743-875*7_743-531*7_743-532*7_743-533*7_743-561*7_1191-1186*3_1191-1174*3_969-1122*14_969-1111*14_969-1099*14_969-1088*14_969-1077*14_784-786*8_784-787*8_784-788*8_1446-1442*6_494-495*13_494-498*13_494-497*13_494-529*13_871-562*8_871-563*8_871-564*8_871-528*8_926-1621*10_925-1610*7_1656-1657*8_1656-1672*8_1656-1673*8_1656-1685*8_1656-1684*8_1656-1683*8_1656-1686*8_1656-1687*8_1124-1123*8_1124-1139*8_1124-1161*8_1124-1160*8_1124-1136*8_1124-1159*8_875-876*9_875-878*9_1198-1201*6_1198-1202*6_1198-1203*6_1198-1223*6_1198-1204*6_1183-1057*8_1183-1087*8_1061-708*6_1083-1085*7_563-452*9_563-453*9_882-553*8_882-552*8_1575-1576*7_1575-1578*7_1575-1579*7_1575-1231*7_1575-1230*7_1085-789*8_1059-1121*9_1059-1056*9_1058-1120*9_1058-1115*9_1536-1537*12_1536-1538*12_564-454*10_564-451*10_754-780*7_1086-1041*8_1086-1042*8_1086-1043*8_1086-1045*8_1086-1046*8_1203-1220*7_1203-704*7_1203-1205*7_1203-1219*7_1203-1206*7_1203-1207*7_1203-1240*7_1057-1089*10_1057-1090*10_1057-706*10_1056-1114*10_1056-1091*10_1054-707*11_301-1175*6_301-1130*6_1187-1193*4_1187-1185*4_1187-1194*4_1185-1165*5_1185-1164*5_1185-1167*5_1185-1163*5_723-549*11_723-550*11_1091-1162*11_1091-1092*11_1091-1093*11_1091-1157*11_880-879*7_880-881*7_534-536*10_534-537*10_534-538*10_534-539*10_1576-1580*8_1576-1430*8_1576-1425*8_1576-1424*8_1576-1423*8_1576-1422*8_1576-1420*8_1576-1396*8_1576-1398*8_1219-1218*8_1219-1759*8_1219-1758*8_1219-1217*8_1219-1757*8_1219-1216*8_1219-703*8_1219-696*8_1219-1213*8_1219-1755*8_1193-1192*5_1193-1170*5_1193-1169*5_1193-1143*5_1115-1113*13_1115-1112*13_1115-1109*13_1115-1096*13_1444-1455*8_1444-806*8_1143-1142*6_1143-1145*6_1143-1492*6_1143-1141*6_1143-1172*6_1143-1171*6_1143-1156*6_1143-1140*6_1205-1215*8_1205-1208*8_1205-1239*8_1114-1097*11_1207-1214*8_1207-1209*8_1207-1212*8_1207-695*8_1109-1098*14_1109-1107*14_1109-1100*14_1109-1108*14_1109-1101*14_1109-1094*14_1109-801*14_1109-799*14_1109-1116*14_1578-1427*9_1398-1395*9_1398-1397*9_1398-1394*9_1398-1400*9_1398-1585*9_1398-1401*9_1398-1393*9_1398-1409*9_1398-1586*9_1398-1404*9_1398-1305*9_1208-1224*9_1208-1211*9_1208-1225*9_1208-1226*9_1208-1227*9_1208-1228*9_1208-1229*9_1208-1241*9_1208-1242*9_1208-1243*9_1208-1245*9_1208-1246*9_1174-1131*4_1242-1429*10_1242-1428*10_558-769*8_1167-1168*6_1167-1135*6_1344-1188*10_1344-1177*10_255-330*6_1116-1095*15_1116-1154*15_1116-803*15_1116-1152*15_1116-1151*15_1396-1412*9_1396-1391*9_1141-1132*7_1141-1146*7_1141-1147*7_552-551*9_552-544*9_552-542*9_552-545*9_1424-1431*9_1424-1413*9_1424-1414*9_1424-1419*9_1400-1392*10_1400-1386*10_1400-1385*10_1400-1418*10_1400-1384*10_1400-1383*10_1492-1491*8_1492-1173*8_1243-1426*10_1117-1153*16_1117-804*16_1209-1238*9_1209-1237*9_1209-1236*9_1147-1148*8_1147-1149*8_1147-1490*8_1147-1150*8_1147-1486*8_1393-1587*10_1393-1387*10_1393-1389*10_1393-1390*10_1393-1372*10_1393-1371*10_1393-1370*10_1393-1378*10_1393-1376*10_1393-1365*10_1393-1367*10_1393-1368*10_1393-1369*10_1391-1589*11_944-900*11_944-866*11_1372-1598*11_1372-1597*11_1372-1596*11_1372-1593*11_1372-1373*11_1372-1309*11_1372-1374*11_1372-1375*11_1372-1308*11_1372-1307*11_1372-1306*11_1372-858*11_1372-1304*11_1240-692*8_1162-1158*13_1367-1364*12_1367-1363*12_1367-1346*12_1367-1349*12_1367-862*12_1367-861*12_1367-860*12_1367-859*12_1100-1102*15_1100-800*15_1100-1103*15_1100-798*15_1100-797*15_1420-1411*9_1148-1487*9_1409-1415*11_1758-1756*9_1758-1753*9_1758-1752*9_1349-1350*13_1349-1348*13_1349-1347*13_1349-1351*13_1349-1352*13_1418-1417*12_1418-1403*12_1418-1416*12_1227-1235*10_801-805*15_1215-694*10_1215-693*10_933-1199*11_933-1210*11_933-1011*11_933-1022*11_933-1299*11_933-1033*11_933-1044*11_451-450*11_451-449*11_1657-1674*12_1385-1382*11_1385-1379*11_1385-1590*11_1376-1380*12_1376-1381*12_1384-1402*11_1429-1248*11_544-541*10_544-540*10_1430-1433*9_1430-1434*9_1430-1435*9_1430-1436*9_1395-1408*10_1395-863*10_1365-1343*13_692-690*9_692-1260*9_692-1259*9_692-1261*9_692-1262*9_692-1764*9_692-1263*9_692-1761*9_1587-1594*11_1587-1595*11_1587-1341*11_1587-1335*11_1587-1312*11_1248-1247*12_1248-1249*12_1248-1250*12_1248-1292*12_1248-1291*12_1248-1295*12_1248-1294*12_1248-1600*12_1248-840*12_1248-839*12_1248-838*12_1248-837*12_1248-836*12_1248-834*12_1248-833*12_1248-832*12_1248-831*12_1346-1345*13_1346-1340*13_1346-1339*13_1346-1338*13_1346-1337*13_1346-1336*13_1312-1311*12_1312-1322*12_1312-1315*12_1312-1316*12_1312-1313*12_1312-1300*12_1312-1314*12_1312-1317*12_1312-1298*12_1312-1318*12_1312-1301*12_1312-1319*12_1312-1302*12_1312-1320*12_1312-1303*12_1312-1297*12_1312-1296*12_1312-1293*12_1312-1290*12_1312-1289*12_1312-1287*12_1312-1278*12_1312-1279*12_1312-1280*12_861-1406*14_1022-1066*12_1022-668*12_1044-1055*12_1044-446*12_1594-1591*12_1594-1592*12_866-779*12_866-877*12_866-889*12_866-557*12_1351-1354*14_838-1611*13_1319-1331*13_1319-1356*13_1319-1323*13_1319-1327*13_1319-1325*13_1319-1353*13_1590-1362*12_1590-1361*12_1590-1360*12_1590-1359*12_1331-1330*14_1331-1329*14_1331-1328*14_834-830*13_1260-1258*10_1260-1257*10_1260-1256*10_1260-1253*10_863-1405*11_1353-1357*14_1353-1358*14_831-829*13_1262-1766*12_1262-1763*12_1262-1773*12_1262-1772*12_900-1310*12_900-1288*12_1263-1264*13_1263-1265*13_1263-1613*13_1263-1762*13_1033-335*13_1773-1771*14_1773-1601*14_1773-1267*14_1773-1770*14_1773-1614*14_1773-1268*14_1773-1286*14_1773-1769*14_1773-1615*14_1773-1269*14_1773-1768*14_1773-1616*14_1773-1725*14_1773-1767*14_1773-1724*14_1773-1726*14_1773-1723*14_1773-1727*14_1773-1722*14_1773-1728*14_1773-1729*14_1773-1720*14_1773-1730*14_1773-1731*14_1335-1334*12_1335-1324*12_335-224*14_335-113*14_335-2*14_335-1665*14_840-1612*13_840-1609*13_1257-1254*11_1268-1270*15_1268-1271*15_1268-1273*15_1334-1326*13_1295-1276*13_1295-1275*13_1295-1274*13_830-854*14_1256-1252*11_1256-1251*11_1256-1281*11_1627-1626*14_1627-1628*14_1627-1285*14_1628-1629*15_1628-1630*15_1294-1272*13_1270-1284*16_1601-1283*15_1601-1282*15_1360-1342*13_1276-1603*17_1623-1622*15_1623-1620*15_1629-1631*16_1629-1633*16_1753-1760*10_1753-1751*10_854-855*15_854-856*15_1289-1608*16_1693-1619*16_1693-1618*16_1693-1617*16_1630-1634*17_1630-1635*17_1630-1636*17_1630-1637*17_1630-1638*17_1636-1639*18_1636-1640*18_1636-1679*18_1636-1641*18_1636-1642*18_1636-1644*18_1636-1645*18_1636-1646*18_1646-1650*19_1646-1651*19_1646-1652*19_1646-1649*19_1646-1653*19_1646-1648*19_1760-1749*11_1608-1607*17_1608-1606*17_1608-1605*17_1648-1647*20_1651-1655*20_1683-1682*19_1683-1681*19_1684-1680*20_1685-1675*20_1673-1676*21_1673-1678*21_
