"id","Scenario","Actual Range","Protocol","Buildings","Total nodes","Nodes on circ","Total coverage","Coverage on circ","Alert received mean time","Hops","Slots","Messages sent","Messages received", "Starting x", "Starting y","Starting node", "Vehicle distance", "Received node ids", "Node ids", "Transmission map", "Received on circ nodes", "Transmission vector"
0,1,100,300,0,1776,80,1418,59,258441,20.1525,199.288,958,1418,1153.84,1884.7,310,25,309_311_308_312_294_314_293_275_310_274_276_287_273_277_286_272_278_285_851_850_284_852_271_848_279_270_849_281_283_853_268_259_260_847_282_315_316_261_257_263_262_256_264_254_229_255_228_230_265_253_227_331_266_326_332_226_267_333_231_328_327_329_241_330_240_288_289_223_252_251_232_325_323_317_238_222_342_221_290_334_220_341_292_337_338_318_698_1196_699_697_319_239_242_243_513_237_502_700_1197_1198_701_1200_1201_216_339_751_340_320_321_217_218_219_175_524_535_491_680_724_669_480_546_657_646_735_233_250_244_624_635_613_691_602_702_469_591_558_713_569_580_703_1202_704_1220_235_234_1191_1195_1190_1460_1189_1461_1187_1203_1223_1204_761_757_173_174_172_176_1186_1192_750_343_749_158_147_458_171_203_204_1759_1219_1758_1757_1218_1205_344_345_170_168_167_346_771_759_768_770_746_1217_1206_1216_1207_1214_696_136_247_125_258_180_215_177_574_573_166_742_1462_114_269_380_102_280_391_91_402_1074_291_1073_302_764_201_140_205_139_200_206_138_141_199_207_137_142_599_654_169_1080_733_769_760_884_767_758_780_791_756_755_752_753_754_743_766_885_351_348_352_349_165_350_571_353_570_178_214_179_1215_1208_1240_1239_1209_1213_1224_1211_1212_1238_1225_748_1193_1194_1167_1169_1168_1185_1165_1170_1171_572_587_592_579_595_356_593_357_568_594_354_379_378_355_567_384_383_163_883_882_802_1463_1464_1459_588_313_413_1072_80_336_424_695_694_1226_1227_162_381_382_161_744_762_763_58_69_765_1457_1454_324_347_358_369_794_793_47_792_1765_777_813_881_869_198_197_653_652_211_196_212_208_160_589_159_590_440_164_157_441_156_439_576_372_359_373_360_385_374_386_375_387_361_362_1237_1236_154_586_155_577_150_575_734_371_553_552_551_880_879_878_876_550_598_143_736_737_886_887_1172_1141_1142_1140_1173_1143_1134_1743_1754_1732_790_1721_912_913_3_775_774_914_1710_776_14_210_36_1699_773_915_916_772_917_1688_918_784_785_786_787_581_582_597_583_578_148_584_209_149_370_25_133_130_145_129_388_910_909_908_907_717_824_868_870_871_835_867_585_151_152_596_604_600_603_438_389_437_436_390_738_739_549_544_543_545_542_732_547_541_731_548_1756_146_651_131_134_128_127_368_872_740_711_1456_1458_1453_132_605_144_606_135_649_1235_1234_1228_1145_1492_1146_1229_1232_1231_730_725_726_723_727_722_728_721_1465_1467_1468_1473_1469_1474_890_891_864_865_857_741_846_153_892_716_893_715_729_714_894_1164_1163_1131_1132_1174_705_1128_376_363_367_366_745_747_693_650_720_719_896_364_377_365_1452_1451_1450_392_434_566_433_565_432_393_398_399_463_464_462_1491_1490_1147_1156_1230_1241_1242_655_124_656_122_394_431_430_444_443_395_429_442_396_428_1157_1148_1158_1159_1149_1160_1162_1161_1136_601_607_874_875_906_905_712_904_123_126_121_612_120_611_119_465_526_461_898_1575_1574_1576_1243_903_895_1245_1246_1429_1428_1247_897_466_467_899_901_427_426_425_408_919_1677_920_1666_1040_1489_1654_921_873_468_902_718_470_1427_1426_460_525_459_523_457_409_410_423_522_531_532_411_412_414_1578_1579_1573_1580_1430_456_507_1135_1129_1127_1137_1130_1126_1138_610_609_658_659_660_118_661_1563_1562_1470_1561_1494_1471_1139_1123_1124_1125_1121_471_527_472_473_521_520_474_1560_1472_1475_1495_1496_407_406_560_405_559_400_404_401_556_403_1497_1498_1500_1501_533_534_554_536_561_555_537_562_538_1071_1070_782_783_1486_1485_1487_1150_1484_1151_1425_475_1058_1057_397_1476_1478_1479_1039_1643_1038_1091_1092_1090_1152_1153_1248_1154_1094_1116_1117_1502_1503_540_539_563_564_1504_1505_1528_809_1118_808_1119_1095_807_803_1096_1493_806_805_476_477_506_455_489_1431_1433_1527_1506_1551_452_453_478_488_490_454_1526_1531_1525_487_492_498_1424_1423_1422_826_804_801_825_800_799_1444_823_1432_798_1455_1466_1477_1488_1434_1524_1089_1120_1093_479_481_482_923_1086_789_1037_497_499_495_496_493_494_500_501_530_1556_1582_1581_1499_1510_797_796_115_1175_1176_301_1178_1179_304_303_1180_305_1181_1182_1184_1183_1572_1571_1087_1056_1114_1113_1115_1112_1108_486_485_529_503_483_508_484_509_510_1449_1448_1447_1107_1109_1564_1530_1529_1520_1522_1519_1508_1509_1523_1507_1518_1480_1481_1482_1511_1542_1517_1533_1559_1516_116_1059_706_1060_1054_788_1085_814_812_815_810_1521_816_811_936_795_937_935_1532_934_817_938_939_213_841_225_845_1078_842_1079_236_843_1053_1052_1100_1051_1098_1097_1101_1102_528_932_818_931_511_512_1435_1436_1437_608_614_616_112_1565_1446_1567_1445_1568_1442_615_617_940_1421_1410_1012_1014_941_924_1632_925_1036_1621_642_641_618_1399_1483_827_1388_828_1013_1018_1002_1534_1535_1550_888_1438_926_1032_1035_1034_927_822_1599_1610_928_1588_1047_821_820_999_942_943_1541_1512_1515_640_619_514_1569_1441_1050_1049_1048_708_707_504_451_505_781_1069_1068_778_1075_1067_1065_1076_1249_1250_1557_1440_1544_1514_1513_1545_929_930_819_1566_1577_1555_1546_1549_844_639_620_638_422_519_421_518_420_517_516_1584_1061_621_637_622_623_1547_1548_1019_1020_1021_1570_1103_1001_998_1015_1003_997_1016_1377_945_950_1030_1084_1540_1536_1104_1105_1031_946_947_948_1583_1558_1543_996_1004_1439_995_994_1005_949_515_1292_1420_1396_1409_1411_1412_1553_1552_1291_1290_1293_1295_1289_1294_1062_1006_1017_1007_1008_992_988_993_991_1024_1366_1023_962_1287_1600_1612_1611_1278_840_1296_625_626_1297_1303_1302_1537_1538_1539_1609_1608_839_838_1607_837_627_632_1301_1063_710_1064_1081_709_1082_961_960_1026_1083_951_631_630_959_958_963_957_964_956_1027_1298_1300_981_965_967_980_968_970_1025_1009_1010_1355_1000_955_1344_966_977_982_983_979_973_971_972_974_419_418_836_834_415_416_976_978_975_953_944_1177_1188_933_922_1028_1029_833_1199_900_1210_889_911_1011_1310_1106_832_831_989_954_952_1304_1315_1311_1312_1322_628_629_633_984_1413_1415_1398_1416_1414_1417_990_643_830_445_448_1419_829_1313_1316_1314_636_634_1418_854_855_1317_1395_1394_1397_1585_1401_1404_1403_1402_969_1318_877_866_779_1299_1222_1400_1133_1144_1122_1111_1393_1392_1586_1391_1405_1383_1408_1384_1382_1385_863_1381_985_986_1386_1233_668_557_1099_1088_1155_1077_1166_1380_1379_1373_1374_1387_1375_1378_1390_1389_1598_1372_1597_1371_1596_1593_224_335_1022_113_1033_446_2_1044_1376_856_1655_1653_1323_1319_1324_1320_1587_1589_1055_1066_1590_1325_1326_1330_1329_1327_1331_1328_1334_987_1665_1362_1361_1592_1360_1309_1370_1591_1363_1356_1354_1359_1364_1365_1343_1342_1339_1338_1340_1337_1652_1651_1646_1650_1367_1368_1369_1345_1346_1347_1348_1554_1443_1406_862_1407_861_1594_1349_1350_1351_1353_1357_1352_1358_1595_1308_1341_1307_1335_1306_1336_1305_860_859_858_,0_1_2_3_4_5_6_7_8_9_10_11_12_13_14_15_16_17_18_19_20_21_22_23_24_25_26_27_28_29_30_31_32_33_34_35_36_37_38_39_40_41_42_43_44_45_46_47_48_49_50_51_52_53_54_55_56_57_58_59_60_61_62_63_64_65_66_67_68_69_70_71_72_73_74_75_76_77_78_79_80_81_82_83_84_85_86_87_88_89_90_91_92_93_94_95_96_97_98_99_100_101_102_103_104_105_106_107_108_109_110_111_112_113_114_115_116_117_118_119_120_121_122_123_124_125_126_127_128_129_130_131_132_133_134_135_136_137_138_139_140_141_142_143_144_145_146_147_148_149_150_151_152_153_154_155_156_157_158_159_160_161_162_163_164_165_166_167_168_169_170_171_172_173_174_175_176_177_178_179_180_181_182_183_184_185_186_187_188_189_190_191_192_193_194_195_196_197_198_199_200_201_202_203_204_205_206_207_208_209_210_211_212_213_214_215_216_217_218_219_220_221_222_223_224_225_226_227_228_229_230_231_232_233_234_235_236_237_238_239_240_241_242_243_244_245_246_247_248_249_250_251_252_253_254_255_256_257_258_259_260_261_262_263_264_265_266_267_268_269_270_271_272_273_274_275_276_277_278_279_280_281_282_283_284_285_286_287_288_289_290_291_292_293_294_295_296_297_298_299_300_301_302_303_304_305_306_307_308_309_310_311_312_313_314_315_316_317_318_319_320_321_322_323_324_325_326_327_328_329_330_331_332_333_334_335_336_337_338_339_340_341_342_343_344_345_346_347_348_349_350_351_352_353_354_355_356_357_358_359_360_361_362_363_364_365_366_367_368_369_370_371_372_373_374_375_376_377_378_379_380_381_382_383_384_385_386_387_388_389_390_391_392_393_394_395_396_397_398_399_400_401_402_403_404_405_406_407_408_409_410_411_412_413_414_415_416_417_418_419_420_421_422_423_424_425_426_427_428_429_430_431_432_433_434_435_436_437_438_439_440_441_442_443_444_445_446_447_448_449_450_451_452_453_454_455_456_457_458_459_460_461_462_463_464_465_466_467_468_469_470_471_472_473_474_475_476_477_478_479_480_481_482_483_484_485_486_487_488_489_490_491_492_493_494_495_496_497_498_499_500_501_502_503_504_505_506_507_508_509_510_511_512_513_514_515_516_517_518_519_520_521_522_523_524_525_526_527_528_529_530_531_532_533_534_535_536_537_538_539_540_541_542_543_544_545_546_547_548_549_550_551_552_553_554_555_556_557_558_559_560_561_562_563_564_565_566_567_568_569_570_571_572_573_574_575_576_577_578_579_580_581_582_583_584_585_586_587_588_589_590_591_592_593_594_595_596_597_598_599_600_601_602_603_604_605_606_607_608_609_610_611_612_613_614_615_616_617_618_619_620_621_622_623_624_625_626_627_628_629_630_631_632_633_634_635_636_637_638_639_640_641_642_643_644_645_646_647_648_649_650_651_652_653_654_655_656_657_658_659_660_661_662_663_664_665_666_667_668_669_670_671_672_673_674_675_676_677_678_679_680_681_682_683_684_685_686_687_688_689_690_691_692_693_694_695_696_697_698_699_700_701_702_703_704_705_706_707_708_709_710_711_712_713_714_715_716_717_718_719_720_721_722_723_724_725_726_727_728_729_730_731_732_733_734_735_736_737_738_739_740_741_742_743_744_745_746_747_748_749_750_751_752_753_754_755_756_757_758_759_760_761_762_763_764_765_766_767_768_769_770_771_772_773_774_775_776_777_778_779_780_781_782_783_784_785_786_787_788_789_790_791_792_793_794_795_796_797_798_799_800_801_802_803_804_805_806_807_808_809_810_811_812_813_814_815_816_817_818_819_820_821_822_823_824_825_826_827_828_829_830_831_832_833_834_835_836_837_838_839_840_841_842_843_844_845_846_847_848_849_850_851_852_853_854_855_856_857_858_859_860_861_862_863_864_865_866_867_868_869_870_871_872_873_874_875_876_877_878_879_880_881_882_883_884_885_886_887_888_889_890_891_892_893_894_895_896_897_898_899_900_901_902_903_904_905_906_907_908_909_910_911_912_913_914_915_916_917_918_919_920_921_922_923_924_925_926_927_928_929_930_931_932_933_934_935_936_937_938_939_940_941_942_943_944_945_946_947_948_949_950_951_952_953_954_955_956_957_958_959_960_961_962_963_964_965_966_967_968_969_970_971_972_973_974_975_976_977_978_979_980_981_982_983_984_985_986_987_988_989_990_991_992_993_994_995_996_997_998_999_1000_1001_1002_1003_1004_1005_1006_1007_1008_1009_1010_1011_1012_1013_1014_1015_1016_1017_1018_1019_1020_1021_1022_1023_1024_1025_1026_1027_1028_1029_1030_1031_1032_1033_1034_1035_1036_1037_1038_1039_1040_1041_1042_1043_1044_1045_1046_1047_1048_1049_1050_1051_1052_1053_1054_1055_1056_1057_1058_1059_1060_1061_1062_1063_1064_1065_1066_1067_1068_1069_1070_1071_1072_1073_1074_1075_1076_1077_1078_1079_1080_1081_1082_1083_1084_1085_1086_1087_1088_1089_1090_1091_1092_1093_1094_1095_1096_1097_1098_1099_1100_1101_1102_1103_1104_1105_1106_1107_1108_1109_1110_1111_1112_1113_1114_1115_1116_1117_1118_1119_1120_1121_1122_1123_1124_1125_1126_1127_1128_1129_1130_1131_1132_1133_1134_1135_1136_1137_1138_1139_1140_1141_1142_1143_1144_1145_1146_1147_1148_1149_1150_1151_1152_1153_1154_1155_1156_1157_1158_1159_1160_1161_1162_1163_1164_1165_1166_1167_1168_1169_1170_1171_1172_1173_1174_1175_1176_1177_1178_1179_1180_1181_1182_1183_1184_1185_1186_1187_1188_1189_1190_1191_1192_1193_1194_1195_1196_1197_1198_1199_1200_1201_1202_1203_1204_1205_1206_1207_1208_1209_1210_1211_1212_1213_1214_1215_1216_1217_1218_1219_1220_1221_1222_1223_1224_1225_1226_1227_1228_1229_1230_1231_1232_1233_1234_1235_1236_1237_1238_1239_1240_1241_1242_1243_1244_1245_1246_1247_1248_1249_1250_1251_1252_1253_1254_1255_1256_1257_1258_1259_1260_1261_1262_1263_1264_1265_1266_1267_1268_1269_1270_1271_1272_1273_1274_1275_1276_1277_1278_1279_1280_1281_1282_1283_1284_1285_1286_1287_1288_1289_1290_1291_1292_1293_1294_1295_1296_1297_1298_1299_1300_1301_1302_1303_1304_1305_1306_1307_1308_1309_1310_1311_1312_1313_1314_1315_1316_1317_1318_1319_1320_1321_1322_1323_1324_1325_1326_1327_1328_1329_1330_1331_1332_1333_1334_1335_1336_1337_1338_1339_1340_1341_1342_1343_1344_1345_1346_1347_1348_1349_1350_1351_1352_1353_1354_1355_1356_1357_1358_1359_1360_1361_1362_1363_1364_1365_1366_1367_1368_1369_1370_1371_1372_1373_1374_1375_1376_1377_1378_1379_1380_1381_1382_1383_1384_1385_1386_1387_1388_1389_1390_1391_1392_1393_1394_1395_1396_1397_1398_1399_1400_1401_1402_1403_1404_1405_1406_1407_1408_1409_1410_1411_1412_1413_1414_1415_1416_1417_1418_1419_1420_1421_1422_1423_1424_1425_1426_1427_1428_1429_1430_1431_1432_1433_1434_1435_1436_1437_1438_1439_1440_1441_1442_1443_1444_1445_1446_1447_1448_1449_1450_1451_1452_1453_1454_1455_1456_1457_1458_1459_1460_1461_1462_1463_1464_1465_1466_1467_1468_1469_1470_1471_1472_1473_1474_1475_1476_1477_1478_1479_1480_1481_1482_1483_1484_1485_1486_1487_1488_1489_1490_1491_1492_1493_1494_1495_1496_1497_1498_1499_1500_1501_1502_1503_1504_1505_1506_1507_1508_1509_1510_1511_1512_1513_1514_1515_1516_1517_1518_1519_1520_1521_1522_1523_1524_1525_1526_1527_1528_1529_1530_1531_1532_1533_1534_1535_1536_1537_1538_1539_1540_1541_1542_1543_1544_1545_1546_1547_1548_1549_1550_1551_1552_1553_1554_1555_1556_1557_1558_1559_1560_1561_1562_1563_1564_1565_1566_1567_1568_1569_1570_1571_1572_1573_1574_1575_1576_1577_1578_1579_1580_1581_1582_1583_1584_1585_1586_1587_1588_1589_1590_1591_1592_1593_1594_1595_1596_1597_1598_1599_1600_1601_1602_1603_1604_1605_1606_1607_1608_1609_1610_1611_1612_1613_1614_1615_1616_1617_1618_1619_1620_1621_1622_1623_1624_1625_1626_1627_1628_1629_1630_1631_1632_1633_1634_1635_1636_1637_1638_1639_1640_1641_1642_1643_1644_1645_1646_1647_1648_1649_1650_1651_1652_1653_1654_1655_1656_1657_1658_1659_1660_1661_1662_1663_1664_1665_1666_1667_1668_1669_1670_1671_1672_1673_1674_1675_1676_1677_1678_1679_1680_1681_1682_1683_1684_1685_1686_1687_1688_1689_1690_1691_1692_1693_1694_1695_1696_1697_1698_1699_1700_1701_1702_1703_1704_1705_1706_1707_1708_1709_1710_1711_1712_1713_1714_1715_1716_1717_1718_1719_1720_1721_1722_1723_1724_1725_1726_1727_1728_1729_1730_1731_1732_1733_1734_1735_1736_1737_1738_1739_1740_1741_1742_1743_1744_1745_1746_1747_1748_1749_1750_1751_1752_1753_1754_1755_1756_1757_1758_1759_1760_1761_1762_1763_1764_1765_1766_1767_1768_1769_1770_1771_1772_1773_1774_1775_,2:{1665;}3:{910;909;908;907;717;}47:{740;711;}58:{25;}91:{36;}102:{762;763;58;69;765;}122:{123;126;121;612;120;611;119;}125:{114;269;380;102;280;391;91;402;1074;291;1073;302;764;}128:{655;124;656;122;}130:{132;605;144;606;135;649;}137:{133;130;145;129;}140:{598;143;}142:{146;651;131;134;}144:{601;607;}145:{650;}147:{169;1080;}154:{153;}161:{160;589;159;590;440;164;157;441;156;439;576;}165:{588;}166:{572;587;592;579;}168:{574;573;166;}173:{171;203;204;}177:{178;214;179;}199:{198;197;653;652;211;196;212;208;}204:{201;140;205;139;200;206;138;141;199;207;137;142;599;654;}215:{210;}216:{218;219;175;}218:{173;174;172;176;}219:{215;177;}223:{222;342;221;290;334;220;341;292;337;338;}227:{223;}231:{233;250;244;}238:{235;234;}240:{239;242;243;513;237;502;}254:{252;251;232;325;323;}256:{333;231;}257:{227;331;266;326;332;}263:{226;267;}268:{262;256;264;254;229;255;228;230;265;253;}271:{261;257;263;}274:{286;272;278;285;851;850;284;852;271;848;}278:{279;270;849;281;283;853;268;259;260;847;282;}282:{288;289;}289:{216;}291:{783;}292:{217;}308:{275;310;274;276;287;273;277;}310:{309;311;308;312;294;314;293;}311:{315;316;}314:{317;}316:{318;698;1196;699;697;319;}318:{320;321;}321:{1191;1195;1190;1460;1189;1461;1187;}326:{238;}332:{328;327;329;241;330;240;}336:{324;347;358;369;794;793;47;792;1765;777;}337:{339;751;340;}338:{750;343;749;}343:{344;345;170;168;167;346;}346:{351;348;352;349;165;350;571;353;570;}351:{595;356;}353:{371;}355:{864;865;857;}361:{364;377;365;}366:{408;}373:{376;363;367;366;}378:{368;}379:{370;}380:{313;413;1072;80;336;424;}382:{388;}383:{385;374;386;375;387;361;362;}386:{438;389;437;436;390;}389:{392;434;566;433;565;432;393;398;399;}405:{397;}408:{407;406;560;405;559;400;404;401;556;403;}412:{415;416;}416:{445;448;}421:{419;418;}425:{411;412;414;}442:{427;426;425;}444:{409;410;423;}457:{488;490;454;}459:{506;455;489;}461:{456;507;}462:{460;525;459;523;457;}465:{522;}470:{471;527;472;473;}475:{478;}477:{479;481;482;}482:{483;508;484;509;510;}489:{486;485;}493:{528;}495:{529;503;}498:{497;499;495;496;493;494;500;501;530;}505:{422;519;421;518;420;517;516;}506:{487;492;498;}509:{511;512;}510:{514;}513:{524;535;491;680;724;669;480;546;657;646;735;}518:{515;}522:{476;477;}523:{521;520;474;}527:{475;}530:{504;451;505;}532:{533;534;554;536;561;555;537;562;538;}541:{540;539;}546:{771;759;768;770;746;}550:{549;544;543;545;542;732;547;541;731;548;}554:{563;564;}562:{452;453;}566:{394;431;430;444;443;395;429;442;396;428;}569:{733;769;760;884;767;758;}570:{593;357;568;594;354;379;378;355;567;384;383;163;}572:{162;381;382;161;}580:{766;885;}586:{585;151;152;596;604;600;603;}589:{154;586;155;577;150;575;}595:{372;359;373;360;}598:{581;582;597;583;578;148;584;209;149;}609:{115;}610:{609;658;659;660;118;661;}614:{642;641;618;}615:{640;619;}622:{627;632;}623:{631;630;}624:{158;147;458;}625:{628;629;633;}626:{643;}630:{636;634;}638:{625;626;}639:{621;637;622;623;}642:{639;620;638;}653:{128;127;}656:{610;}657:{624;635;613;691;602;702;469;591;558;713;569;580;}659:{116;}660:{608;614;616;112;}661:{615;617;}680:{761;757;}698:{700;1197;1198;701;1200;1201;}701:{703;1202;704;1220;}702:{136;247;125;258;180;}704:{1759;1219;1758;1757;1218;1205;}710:{1083;}719:{897;466;467;899;901;}722:{465;526;461;898;}723:{463;464;462;}724:{742;}726:{720;719;896;}731:{730;725;726;723;727;722;728;721;}735:{744;}743:{745;747;}749:{748;}752:{824;868;870;871;835;867;}754:{872;}755:{813;881;869;}756:{802;}757:{780;791;756;755;752;753;754;743;}759:{883;882;}763:{738;739;}765:{736;737;886;887;}769:{734;}779:{224;335;1022;113;1033;446;2;1044;}782:{781;1069;1068;778;1075;1067;1065;1076;}793:{1743;1754;1732;790;1721;912;913;3;775;774;914;1710;776;14;}806:{826;804;801;825;800;799;1444;823;1432;798;}814:{932;818;931;}823:{1499;1510;797;796;}825:{1455;1466;1477;1488;}829:{854;855;}832:{829;}833:{830;}834:{832;831;}837:{833;}838:{836;834;}844:{1062;}855:{856;1655;1653;}861:{860;859;858;}866:{668;557;}869:{741;846;}875:{531;532;}878:{873;}880:{874;875;}881:{879;878;876;550;}882:{553;552;551;880;}886:{890;891;}888:{1540;1536;}889:{877;866;779;1299;1222;}891:{892;716;893;715;729;714;894;}898:{468;902;718;470;}900:{1233;}905:{903;895;}908:{906;905;712;904;}917:{919;1677;920;1666;1040;}918:{1654;921;}919:{1039;1643;1038;}920:{923;1086;789;1037;}921:{924;1632;925;1036;1621;}925:{926;1032;1035;1034;927;822;1599;1610;928;1588;1047;821;820;}928:{929;930;819;1566;1577;1555;}930:{1543;}933:{1199;900;1210;889;911;1011;1310;}937:{940;}938:{941;}939:{942;943;}941:{945;950;1030;}945:{962;}947:{961;960;1026;}948:{951;}953:{990;}960:{959;958;963;957;964;956;1027;}962:{1028;}963:{981;965;967;980;968;970;}965:{969;}971:{985;986;}979:{976;978;975;}981:{982;983;979;973;971;972;974;}983:{984;}989:{1133;1144;1122;1111;}991:{989;954;952;}997:{995;994;1005;949;}1001:{996;1004;}1002:{1001;998;1015;1003;997;1016;}1004:{1006;1017;1007;1008;992;988;993;991;1024;}1005:{953;}1010:{944;1177;1188;933;922;}1014:{1019;1020;1021;}1018:{1366;1023;}1023:{1025;1009;1010;1355;1000;955;1344;966;977;}1026:{1029;}1030:{1031;946;947;948;}1044:{1055;1066;}1051:{1050;1049;1048;708;707;}1057:{1059;706;1060;1054;}1062:{1063;710;1064;1081;709;1082;}1074:{1071;1070;782;}1078:{844;}1090:{1087;1056;1114;1113;1115;1112;1108;}1091:{1107;1109;}1100:{1103;}1101:{1104;1105;}1103:{1106;}1111:{1099;1088;1155;1077;1166;}1112:{1098;1097;1101;1102;}1114:{1053;1052;1100;1051;}1117:{809;1118;808;1119;1095;807;803;1096;1493;806;805;}1122:{987;}1134:{1135;1129;1127;1137;1130;1126;1138;}1137:{1139;1123;1124;1125;1121;}1138:{1058;1057;}1145:{1489;}1149:{1153;}1151:{1154;1094;1116;1117;}1156:{1157;1148;1158;1159;1149;1160;1162;1161;1136;}1157:{1091;1092;1090;1152;}1159:{1089;1120;1093;}1165:{1164;1163;1131;1132;1174;705;1128;}1171:{1145;1492;1146;}1173:{1491;1490;1147;1156;}1174:{1175;1176;301;1178;}1178:{1179;304;303;1180;305;1181;1182;1184;1183;}1182:{1061;}1184:{213;841;225;845;1078;842;1079;236;843;}1189:{1186;1192;}1192:{1193;1194;1167;1169;1168;1185;1165;1170;1171;}1194:{1172;1141;1142;1140;1173;1143;1134;}1195:{1462;}1201:{1203;1223;1204;}1207:{1215;1208;1240;1239;1209;1213;1224;1211;1212;1238;1225;}1212:{695;694;1226;1227;}1213:{693;}1219:{1217;1206;1216;1207;1214;696;}1226:{1229;1232;1231;}1228:{1230;1241;1242;}1232:{1575;1574;1576;1243;}1237:{1235;1234;1228;}1240:{1237;1236;}1242:{1245;1246;1429;1428;1247;}1246:{1248;}1247:{1249;1250;}1249:{1292;}1290:{1287;1600;1612;1611;1278;840;1296;}1292:{1291;1290;1293;1295;1289;1294;}1295:{1297;}1296:{1303;1302;}1300:{1304;1315;1311;1312;1322;}1301:{1298;1300;}1303:{1301;}1308:{1307;1335;1306;1336;1305;}1311:{1317;}1315:{1313;1316;1314;}1316:{1318;}1317:{1323;1319;1324;1320;}1323:{1325;1326;1330;1329;1327;1331;1328;1334;}1330:{1356;1354;}1343:{1345;1346;}1345:{1347;1348;}1348:{1349;1350;1351;}1356:{1353;1357;1352;1358;}1360:{1343;1342;1339;1338;1340;1337;}1363:{1367;1368;1369;}1371:{1364;1365;}1373:{1376;}1382:{1380;1379;1373;1374;1387;1375;1378;1390;}1388:{1377;}1390:{1389;1598;1372;1597;1371;1596;1593;}1392:{1587;}1396:{1394;1397;1585;}1398:{1393;1392;1586;1391;}1400:{1386;}1402:{1405;1383;1408;1384;1382;1385;863;1381;}1405:{1406;862;1407;861;}1409:{1413;1415;1398;1416;1414;1417;}1412:{1419;}1415:{1418;}1416:{1401;1404;1403;1402;}1417:{1400;}1420:{1395;}1422:{1420;1396;1409;1411;1412;}1425:{1424;1423;1422;}1427:{1425;}1428:{1427;1426;}1432:{1013;1018;1002;}1434:{1435;1436;1437;}1435:{1438;}1441:{1583;1558;}1442:{1557;1440;}1444:{1421;1410;1012;1014;}1447:{1442;}1448:{1565;1446;1567;1445;1568;}1450:{1564;}1451:{1449;1448;1447;}1453:{1452;1451;1450;}1458:{1465;1467;1468;1473;1469;1474;}1461:{1463;1464;1459;}1463:{1457;1454;}1464:{1456;1458;1453;}1467:{1563;1562;1470;1561;1494;1471;}1468:{1560;1472;}1471:{1476;}1474:{1475;1495;1496;}1475:{1478;1479;}1479:{1480;1481;1482;}1489:{1486;1485;1487;1150;1484;1151;}1493:{1399;1483;827;1388;828;}1496:{1497;1498;1500;1501;}1498:{1502;1503;}1499:{814;812;815;810;1521;816;811;936;795;937;935;1532;934;817;938;939;}1500:{1504;1505;1528;}1501:{1527;1506;1551;}1503:{1526;1531;1525;}1516:{1584;}1517:{1544;1514;1513;1545;}1519:{1541;1512;1515;}1524:{1511;1542;1517;1533;1559;1516;}1528:{1524;}1531:{1530;1529;1520;1522;1519;1508;1509;1523;1507;1518;}1533:{1534;1535;1550;888;}1534:{999;}1536:{1537;1538;1539;}1541:{1546;1549;}1546:{1547;1548;}1556:{1553;1552;}1560:{1556;1582;1581;}1565:{1569;1441;}1567:{1570;}1575:{1572;1571;}1576:{1578;1579;1573;1580;1430;}1579:{1431;1433;}1580:{1434;}1583:{1439;}1585:{1589;}1586:{1590;}1589:{1594;}1590:{1595;1308;1341;}1597:{1362;1361;1592;1360;1309;1370;1591;1363;}1598:{1359;}1611:{1609;1608;839;838;1607;837;}1654:{1084;}1655:{1652;1651;1646;1650;}1665:{1554;1443;}1688:{788;1085;}1710:{1699;773;915;916;772;917;1688;918;784;785;786;787;}1759:{1756;},392_397_398_401_403_404_405_432_433_434_454_455_462_463_464_465_466_467_562_563_565_566_608_615_616_617_642_810_811_833_834_836_897_898_899_901_935_936_937_1002_1021_1023_1199_1210_1222_1233_1302_1303_1344_1396_1398_1415_1533_1534_1546_1547_1548_1549_1550_,310-309*0_310-311*0_310-308*0_310-312*0_310-294*0_310-314*0_310-293*0_308-275*1_308-310*1_308-274*1_308-276*1_308-287*1_308-273*1_308-277*1_274-286*2_274-272*2_274-278*2_274-285*2_274-851*2_274-850*2_274-284*2_274-852*2_274-271*2_274-848*2_278-279*3_278-270*3_278-849*3_278-281*3_278-283*3_278-853*3_278-268*3_278-259*3_278-260*3_278-847*3_278-282*3_311-315*1_311-316*1_271-261*3_271-257*3_271-263*3_268-262*4_268-256*4_268-264*4_268-254*4_268-229*4_268-255*4_268-228*4_268-230*4_268-265*4_268-253*4_257-227*4_257-331*4_257-266*4_257-326*4_257-332*4_263-226*4_263-267*4_256-333*5_256-231*5_332-328*6_332-327*6_332-329*6_332-241*6_332-330*6_332-240*6_282-288*5_282-289*5_227-223*6_254-252*5_254-251*5_254-232*5_254-325*5_254-323*5_314-317*2_326-238*5_223-222*7_223-342*7_223-221*7_223-290*7_223-334*7_223-220*7_223-341*7_223-292*7_223-337*7_223-338*7_316-318*2_316-698*2_316-1196*2_316-699*2_316-697*2_316-319*2_240-239*7_240-242*7_240-243*7_240-513*7_240-237*7_240-502*7_698-700*3_698-1197*3_698-1198*3_698-701*3_698-1200*3_698-1201*3_289-216*6_337-339*8_337-751*8_337-340*8_318-320*3_318-321*3_292-217*8_216-218*9_216-219*9_216-175*9_513-524*8_513-535*8_513-491*8_513-680*8_513-724*8_513-669*8_513-480*8_513-546*8_513-657*8_513-646*8_513-735*8_231-233*6_231-250*6_231-244*6_657-624*9_657-635*9_657-613*9_657-691*9_657-602*9_657-702*9_657-469*9_657-591*9_657-558*9_657-713*9_657-569*9_657-580*9_701-703*4_701-1202*4_701-704*4_701-1220*4_238-235*6_238-234*6_321-1191*4_321-1195*4_321-1190*4_321-1460*4_321-1189*4_321-1461*4_321-1187*4_1201-1203*6_1201-1223*6_1201-1204*6_680-761*9_680-757*9_218-173*10_218-174*10_218-172*10_218-176*10_1189-1186*5_1189-1192*5_338-750*9_338-343*9_338-749*9_624-158*10_624-147*10_624-458*10_173-171*11_173-203*11_173-204*11_704-1759*5_704-1219*5_704-1758*5_704-1757*5_704-1218*5_704-1205*5_343-344*10_343-345*10_343-170*10_343-168*10_343-167*10_343-346*10_546-771*11_546-759*11_546-768*11_546-770*11_546-746*11_1219-1217*6_1219-1206*6_1219-1216*6_1219-1207*6_1219-1214*6_1219-696*6_702-136*11_702-247*11_702-125*11_702-258*11_702-180*11_219-215*10_219-177*10_168-574*11_168-573*11_168-166*11_724-742*9_1195-1462*5_125-114*12_125-269*12_125-380*12_125-102*12_125-280*12_125-391*12_125-91*12_125-402*12_125-1074*12_125-291*12_125-1073*12_125-302*12_125-764*12_204-201*12_204-140*12_204-205*12_204-139*12_204-200*12_204-206*12_204-138*12_204-141*12_204-199*12_204-207*12_204-137*12_204-142*12_204-599*12_204-654*12_147-169*13_147-1080*13_569-733*12_569-769*12_569-760*12_569-884*12_569-767*12_569-758*12_757-780*10_757-791*10_757-756*10_757-755*10_757-752*10_757-753*10_757-754*10_757-743*10_580-766*13_580-885*13_346-351*11_346-348*11_346-352*11_346-349*11_346-165*11_346-350*11_346-571*11_346-353*11_346-570*11_177-178*11_177-214*11_177-179*11_1207-1215*7_1207-1208*7_1207-1240*7_1207-1239*7_1207-1209*7_1207-1213*7_1207-1224*7_1207-1211*7_1207-1212*7_1207-1238*7_1207-1225*7_749-748*11_1192-1193*6_1192-1194*6_1192-1167*6_1192-1169*6_1192-1168*6_1192-1185*6_1192-1165*6_1192-1170*6_1192-1171*6_166-572*12_166-587*12_166-592*12_166-579*12_351-595*12_351-356*12_570-593*12_570-357*12_570-568*12_570-594*12_570-354*12_570-379*12_570-378*12_570-355*12_570-567*12_570-384*12_570-383*12_570-163*12_759-883*14_759-882*14_756-802*15_1461-1463*6_1461-1464*6_1461-1459*6_165-588*13_380-313*14_380-413*14_380-1072*14_380-80*14_380-336*14_380-424*14_1212-695*8_1212-694*8_1212-1226*8_1212-1227*8_572-162*13_572-381*13_572-382*13_572-161*13_735-744*10_102-762*13_102-763*13_102-58*13_102-69*13_102-765*13_1463-1457*7_1463-1454*7_336-324*15_336-347*15_336-358*15_336-369*15_336-794*15_336-793*15_336-47*15_336-792*15_336-1765*15_336-777*15_755-813*16_755-881*16_755-869*16_199-198*13_199-197*13_199-653*13_199-652*13_199-211*13_199-196*13_199-212*13_199-208*13_161-160*14_161-589*14_161-159*14_161-590*14_161-440*14_161-164*14_161-157*14_161-441*14_161-156*14_161-439*14_161-576*14_595-372*13_595-359*13_595-373*13_595-360*13_383-385*14_383-374*14_383-386*14_383-375*14_383-387*14_383-361*14_383-362*14_1240-1237*8_1240-1236*8_589-154*15_589-586*15_589-155*15_589-577*15_589-150*15_589-575*15_769-734*15_353-371*14_882-553*16_882-552*16_882-551*16_882-880*16_881-879*17_881-878*17_881-876*17_881-550*17_140-598*13_140-143*13_765-736*14_765-737*14_765-886*14_765-887*14_1194-1172*7_1194-1141*7_1194-1142*7_1194-1140*7_1194-1173*7_1194-1143*7_1194-1134*7_793-1743*16_793-1754*16_793-1732*16_793-790*16_793-1721*16_793-912*16_793-913*16_793-3*16_793-775*16_793-774*16_793-914*16_793-1710*16_793-776*16_793-14*16_215-210*11_91-36*15_1710-1699*17_1710-773*17_1710-915*17_1710-916*17_1710-772*17_1710-917*17_1710-1688*17_1710-918*17_1710-784*17_1710-785*17_1710-786*17_1710-787*17_598-581*14_598-582*14_598-597*14_598-583*14_598-578*14_598-148*14_598-584*14_598-209*14_598-149*14_379-370*16_58-25*15_137-133*14_137-130*14_137-145*14_137-129*14_382-388*15_3-910*17_3-909*17_3-908*17_3-907*17_3-717*17_752-824*11_752-868*11_752-870*11_752-871*11_752-835*11_752-867*11_586-585*16_586-151*16_586-152*16_586-596*16_586-604*16_586-600*16_586-603*16_386-438*16_386-389*16_386-437*16_386-436*16_386-390*16_763-738*14_763-739*14_550-549*18_550-544*18_550-543*18_550-545*18_550-542*18_550-732*18_550-547*18_550-541*18_550-731*18_550-548*18_1759-1756*8_142-146*14_142-651*14_142-131*14_142-134*14_653-128*15_653-127*15_378-368*13_754-872*11_47-740*16_47-711*16_1464-1456*8_1464-1458*8_1464-1453*8_130-132*15_130-605*15_130-144*15_130-606*15_130-135*15_130-649*15_1237-1235*9_1237-1234*9_1237-1228*9_1171-1145*8_1171-1492*8_1171-1146*8_1226-1229*10_1226-1232*10_1226-1231*10_731-730*19_731-725*19_731-726*19_731-723*19_731-727*19_731-722*19_731-728*19_731-721*19_1458-1465*9_1458-1467*9_1458-1468*9_1458-1473*9_1458-1469*9_1458-1474*9_886-890*15_886-891*15_355-864*14_355-865*14_355-857*14_869-741*17_869-846*17_154-153*17_891-892*16_891-716*16_891-893*16_891-715*16_891-729*16_891-714*16_891-894*16_1165-1164*7_1165-1163*7_1165-1131*7_1165-1132*7_1165-1174*7_1165-705*7_1165-1128*7_373-376*14_373-363*14_373-367*14_373-366*14_743-745*11_743-747*11_1213-693*9_145-650*16_726-720*20_726-719*20_726-896*20_361-364*16_361-377*16_361-365*16_1453-1452*9_1453-1451*9_1453-1450*9_389-392*17_389-434*17_389-566*17_389-433*17_389-565*17_389-432*17_389-393*17_389-398*17_389-399*17_723-463*21_723-464*21_723-462*21_1173-1491*9_1173-1490*9_1173-1147*9_1173-1156*9_1228-1230*10_1228-1241*10_1228-1242*10_128-655*16_128-124*16_128-656*16_128-122*16_566-394*19_566-431*19_566-430*19_566-444*19_566-443*19_566-395*19_566-429*19_566-442*19_566-396*19_566-428*19_1156-1157*10_1156-1148*10_1156-1158*10_1156-1159*10_1156-1149*10_1156-1160*10_1156-1162*10_1156-1161*10_1156-1136*10_144-601*16_144-607*16_880-874*18_880-875*18_908-906*18_908-905*18_908-712*18_908-904*18_122-123*17_122-126*17_122-121*17_122-612*17_122-120*17_122-611*17_122-119*17_722-465*22_722-526*22_722-461*22_722-898*22_1232-1575*11_1232-1574*11_1232-1576*11_1232-1243*11_905-903*19_905-895*19_1242-1245*12_1242-1246*12_1242-1429*12_1242-1428*12_1242-1247*12_719-897*22_719-466*22_719-467*22_719-899*22_719-901*22_442-427*20_442-426*20_442-425*20_366-408*15_917-919*18_917-1677*18_917-920*18_917-1666*18_917-1040*18_1145-1489*10_918-1654*18_918-921*18_878-873*18_898-468*23_898-902*23_898-718*23_898-470*23_1428-1427*13_1428-1426*13_462-460*22_462-525*22_462-459*22_462-523*22_462-457*22_444-409*20_444-410*20_444-423*20_465-522*23_875-531*19_875-532*19_425-411*21_425-412*21_425-414*21_1576-1578*12_1576-1579*12_1576-1573*12_1576-1580*12_1576-1430*12_461-456*24_461-507*24_1134-1135*8_1134-1129*8_1134-1127*8_1134-1137*8_1134-1130*8_1134-1126*8_1134-1138*8_656-610*17_610-609*18_610-658*18_610-659*18_610-660*18_610-118*18_610-661*18_1467-1563*10_1467-1562*10_1467-1470*10_1467-1561*10_1467-1494*10_1467-1471*10_1137-1139*9_1137-1123*9_1137-1124*9_1137-1125*9_1137-1121*9_470-471*24_470-527*24_470-472*24_470-473*24_523-521*23_523-520*23_523-474*23_1468-1560*10_1468-1472*10_1474-1475*11_1474-1495*11_1474-1496*11_408-407*16_408-406*16_408-560*16_408-405*16_408-559*16_408-400*16_408-404*16_408-401*16_408-556*16_408-403*16_1496-1497*12_1496-1498*12_1496-1500*12_1496-1501*12_532-533*20_532-534*20_532-554*20_532-536*20_532-561*20_532-555*20_532-537*20_532-562*20_532-538*20_1074-1071*14_1074-1070*14_1074-782*14_291-783*13_1489-1486*11_1489-1485*11_1489-1487*11_1489-1150*11_1489-1484*11_1489-1151*11_1427-1425*14_527-475*25_1138-1058*10_1138-1057*10_405-397*17_1471-1476*11_1475-1478*12_1475-1479*12_919-1039*19_919-1643*19_919-1038*19_1157-1091*11_1157-1092*11_1157-1090*11_1157-1152*11_1149-1153*12_1246-1248*13_1151-1154*13_1151-1094*13_1151-1116*13_1151-1117*13_1498-1502*13_1498-1503*13_541-540*19_541-539*19_554-563*21_554-564*21_1500-1504*14_1500-1505*14_1500-1528*14_1117-809*14_1117-1118*14_1117-808*14_1117-1119*14_1117-1095*14_1117-807*14_1117-803*14_1117-1096*14_1117-1493*14_1117-806*14_1117-805*14_522-476*25_522-477*25_459-506*23_459-455*23_459-489*23_1579-1431*13_1579-1433*13_1501-1527*15_1501-1506*15_1501-1551*15_562-452*22_562-453*22_475-478*26_457-488*26_457-490*26_457-454*26_1503-1526*15_1503-1531*15_1503-1525*15_506-487*24_506-492*24_506-498*24_1425-1424*15_1425-1423*15_1425-1422*15_806-826*15_806-804*15_806-801*15_806-825*15_806-800*15_806-799*15_806-1444*15_806-823*15_806-1432*15_806-798*15_825-1455*16_825-1466*16_825-1477*16_825-1488*16_1580-1434*14_1528-1524*16_1159-1089*11_1159-1120*11_1159-1093*11_477-479*26_477-481*26_477-482*26_920-923*19_920-1086*19_920-789*19_920-1037*19_498-497*25_498-499*25_498-495*25_498-496*25_498-493*25_498-494*25_498-500*25_498-501*25_498-530*25_1560-1556*12_1560-1582*12_1560-1581*12_823-1499*16_823-1510*16_823-797*16_823-796*16_609-115*19_1174-1175*8_1174-1176*8_1174-301*8_1174-1178*8_1178-1179*9_1178-304*9_1178-303*9_1178-1180*9_1178-305*9_1178-1181*9_1178-1182*9_1178-1184*9_1178-1183*9_1575-1572*12_1575-1571*12_1090-1087*12_1090-1056*12_1090-1114*12_1090-1113*12_1090-1115*12_1090-1112*12_1090-1108*12_489-486*27_489-485*27_495-529*26_495-503*26_482-483*27_482-508*27_482-484*27_482-509*27_482-510*27_1451-1449*10_1451-1448*10_1451-1447*10_1091-1107*12_1091-1109*12_1450-1564*10_1531-1530*16_1531-1529*16_1531-1520*16_1531-1522*16_1531-1519*16_1531-1508*16_1531-1509*16_1531-1523*16_1531-1507*16_1531-1518*16_1479-1480*13_1479-1481*13_1479-1482*13_1524-1511*17_1524-1542*17_1524-1517*17_1524-1533*17_1524-1559*17_1524-1516*17_659-116*19_1057-1059*11_1057-706*11_1057-1060*11_1057-1054*11_1688-788*18_1688-1085*18_1499-814*17_1499-812*17_1499-815*17_1499-810*17_1499-1521*17_1499-816*17_1499-811*17_1499-936*17_1499-795*17_1499-937*17_1499-935*17_1499-1532*17_1499-934*17_1499-817*17_1499-938*17_1499-939*17_1184-213*10_1184-841*10_1184-225*10_1184-845*10_1184-1078*10_1184-842*10_1184-1079*10_1184-236*10_1184-843*10_1114-1053*13_1114-1052*13_1114-1100*13_1114-1051*13_1112-1098*13_1112-1097*13_1112-1101*13_1112-1102*13_493-528*28_814-932*18_814-818*18_814-931*18_509-511*28_509-512*28_1434-1435*15_1434-1436*15_1434-1437*15_660-608*19_660-614*19_660-616*19_660-112*19_1448-1565*11_1448-1446*11_1448-1567*11_1448-1445*11_1448-1568*11_1447-1442*11_661-615*20_661-617*20_937-940*19_1444-1421*17_1444-1410*17_1444-1012*17_1444-1014*17_938-941*20_921-924*19_921-1632*19_921-925*19_921-1036*19_921-1621*19_614-642*21_614-641*21_614-618*21_1493-1399*15_1493-1483*15_1493-827*15_1493-1388*15_1493-828*15_1432-1013*18_1432-1018*18_1432-1002*18_1533-1534*18_1533-1535*18_1533-1550*18_1533-888*18_1435-1438*16_925-926*20_925-1032*20_925-1035*20_925-1034*20_925-927*20_925-822*20_925-1599*20_925-1610*20_925-928*20_925-1588*20_925-1047*20_925-821*20_925-820*20_1534-999*19_939-942*20_939-943*20_1519-1541*18_1519-1512*18_1519-1515*18_615-640*22_615-619*22_510-514*28_1565-1569*12_1565-1441*12_1051-1050*14_1051-1049*14_1051-1048*14_1051-708*14_1051-707*14_530-504*29_530-451*29_530-505*29_782-781*15_782-1069*15_782-1068*15_782-778*15_782-1075*15_782-1067*15_782-1065*15_782-1076*15_1247-1249*14_1247-1250*14_1442-1557*12_1442-1440*12_1517-1544*19_1517-1514*19_1517-1513*19_1517-1545*19_928-929*21_928-930*21_928-819*21_928-1566*21_928-1577*21_928-1555*21_1541-1546*19_1541-1549*19_1078-844*11_642-639*23_642-620*23_642-638*23_505-422*30_505-519*30_505-421*30_505-518*30_505-420*30_505-517*30_505-516*30_1516-1584*19_1182-1061*10_639-621*24_639-637*24_639-622*24_639-623*24_1546-1547*20_1546-1548*20_1014-1019*18_1014-1020*18_1014-1021*18_1567-1570*12_1100-1103*14_1002-1001*19_1002-998*19_1002-1015*19_1002-1003*19_1002-997*19_1002-1016*19_1388-1377*16_941-945*21_941-950*21_941-1030*21_1654-1084*19_888-1540*20_888-1536*20_1101-1104*15_1101-1105*15_1030-1031*22_1030-946*22_1030-947*22_1030-948*22_1441-1583*13_1441-1558*13_930-1543*22_1001-996*20_1001-1004*20_1583-1439*14_997-995*21_997-994*21_997-1005*21_997-949*21_518-515*31_1249-1292*15_1422-1420*16_1422-1396*16_1422-1409*16_1422-1411*16_1422-1412*16_1556-1553*13_1556-1552*13_1292-1291*16_1292-1290*16_1292-1293*16_1292-1295*16_1292-1289*16_1292-1294*16_844-1062*12_1004-1006*21_1004-1017*21_1004-1007*21_1004-1008*21_1004-992*21_1004-988*21_1004-993*21_1004-991*21_1004-1024*21_1018-1366*19_1018-1023*19_945-962*22_1290-1287*17_1290-1600*17_1290-1612*17_1290-1611*17_1290-1278*17_1290-840*17_1290-1296*17_638-625*24_638-626*24_1295-1297*17_1296-1303*18_1296-1302*18_1536-1537*21_1536-1538*21_1536-1539*21_1611-1609*18_1611-1608*18_1611-839*18_1611-838*18_1611-1607*18_1611-837*18_622-627*25_622-632*25_1303-1301*19_1062-1063*13_1062-710*13_1062-1064*13_1062-1081*13_1062-709*13_1062-1082*13_947-961*23_947-960*23_947-1026*23_710-1083*14_948-951*23_623-631*25_623-630*25_960-959*24_960-958*24_960-963*24_960-957*24_960-964*24_960-956*24_960-1027*24_1301-1298*20_1301-1300*20_963-981*25_963-965*25_963-967*25_963-980*25_963-968*25_963-970*25_1023-1025*20_1023-1009*20_1023-1010*20_1023-1355*20_1023-1000*20_1023-955*20_1023-1344*20_1023-966*20_1023-977*20_981-982*26_981-983*26_981-979*26_981-973*26_981-971*26_981-972*26_981-974*26_421-419*33_421-418*33_838-836*19_838-834*19_412-415*23_412-416*23_979-976*27_979-978*27_979-975*27_1005-953*22_1010-944*21_1010-1177*21_1010-1188*21_1010-933*21_1010-922*21_962-1028*23_1026-1029*24_837-833*19_933-1199*22_933-900*22_933-1210*22_933-889*22_933-911*22_933-1011*22_933-1310*22_1103-1106*15_834-832*20_834-831*20_991-989*23_991-954*23_991-952*23_1300-1304*21_1300-1315*21_1300-1311*21_1300-1312*21_1300-1322*21_625-628*26_625-629*26_625-633*26_983-984*28_1409-1413*17_1409-1415*17_1409-1398*17_1409-1416*17_1409-1414*17_1409-1417*17_953-990*23_626-643*27_833-830*21_416-445*24_416-448*24_1412-1419*17_832-829*21_1315-1313*22_1315-1316*22_1315-1314*22_630-636*28_630-634*28_1415-1418*18_829-854*22_829-855*22_1311-1317*23_1420-1395*17_1396-1394*18_1396-1397*18_1396-1585*18_1416-1401*19_1416-1404*19_1416-1403*19_1416-1402*19_965-969*26_1316-1318*23_889-877*23_889-866*23_889-779*23_889-1299*23_889-1222*23_1417-1400*18_989-1133*24_989-1144*24_989-1122*24_989-1111*24_1398-1393*18_1398-1392*18_1398-1586*18_1398-1391*18_1402-1405*20_1402-1383*20_1402-1408*20_1402-1384*20_1402-1382*20_1402-1385*20_1402-863*20_1402-1381*20_971-985*27_971-986*27_1400-1386*19_900-1233*23_866-668*24_866-557*24_1111-1099*25_1111-1088*25_1111-1155*25_1111-1077*25_1111-1166*25_1382-1380*21_1382-1379*21_1382-1373*21_1382-1374*21_1382-1387*21_1382-1375*21_1382-1378*21_1382-1390*21_1390-1389*22_1390-1598*22_1390-1372*22_1390-1597*22_1390-1371*22_1390-1596*22_1390-1593*22_779-224*24_779-335*24_779-1022*24_779-113*24_779-1033*24_779-446*24_779-2*24_779-1044*24_1373-1376*22_855-856*23_855-1655*23_855-1653*23_1317-1323*24_1317-1319*24_1317-1324*24_1317-1320*24_1392-1587*19_1585-1589*19_1044-1055*25_1044-1066*25_1586-1590*20_1323-1325*25_1323-1326*25_1323-1330*25_1323-1329*25_1323-1327*25_1323-1331*25_1323-1328*25_1323-1334*25_1122-987*27_2-1665*25_1597-1362*23_1597-1361*23_1597-1592*23_1597-1360*23_1597-1309*23_1597-1370*23_1597-1591*23_1597-1363*23_1330-1356*26_1330-1354*26_1598-1359*24_1371-1364*23_1371-1365*23_1360-1343*24_1360-1342*24_1360-1339*24_1360-1338*24_1360-1340*24_1360-1337*24_1655-1652*24_1655-1651*24_1655-1646*24_1655-1650*24_1363-1367*25_1363-1368*25_1363-1369*25_1343-1345*25_1343-1346*25_1345-1347*26_1345-1348*26_1665-1554*27_1665-1443*27_1405-1406*21_1405-862*21_1405-1407*21_1405-861*21_1589-1594*21_1348-1349*27_1348-1350*27_1348-1351*27_1356-1353*27_1356-1357*27_1356-1352*27_1356-1358*27_1590-1595*21_1590-1308*21_1590-1341*21_1308-1307*22_1308-1335*22_1308-1306*22_1308-1336*22_1308-1305*22_861-860*22_861-859*22_861-858*22_
