"id","Scenario","Actual Range","Protocol","Buildings","Total nodes","Nodes on circ","Total coverage","Coverage on circ","Alert received mean time","Hops","Slots","Messages sent","Messages received", "Starting x", "Starting y","Starting node", "Vehicle distance", "Received node ids", "Node ids", "Transmission map", "Received on circ nodes", "Transmission vector"
0,1,100,300,0,1776,80,1421,59,274284,22.2881,231.017,972,1421,1153.84,1884.7,310,25,309_311_308_312_294_314_293_275_315_316_310_317_276_274_277_273_287_286_272_278_285_851_850_284_852_283_271_279_270_849_281_848_853_268_259_260_847_282_261_318_698_1196_699_697_1197_319_700_257_262_263_254_256_264_228_288_1198_1200_701_1201_1202_229_255_230_265_253_227_266_226_267_331_332_223_326_231_327_252_328_320_321_703_329_333_240_241_330_239_242_238_1191_1190_1195_243_513_502_237_222_289_221_341_334_704_1220_1223_1203_1759_1204_1758_1205_1219_1460_1189_1461_724_480_251_232_325_323_524_535_491_680_669_546_657_646_635_558_342_290_292_1218_1217_1206_1757_1216_1207_1214_1215_695_220_337_216_338_249_339_751_217_340_750_343_1213_1208_696_1211_1212_1209_1224_1240_1225_1239_1238_1226_693_1187_1186_1192_1193_1185_1165_1167_1168_1164_344_749_1237_233_234_244_250_235_248_295_245_296_218_1236_1235_1227_748_345_1462_170_219_175_173_176_1228_1229_246_322_202_297_624_569_602_613_591_757_1756_1163_1169_1174_1134_1194_1130_1170_1171_1132_1140_1131_1135_705_1141_1128_1129_172_174_1172_1142_1173_1143_1145_191_435_447_225_691_702_713_469_158_580_458_1234_1232_1231_1463_1464_1459_1146_1492_1491_1147_1156_1136_1490_1148_1137_1127_1126_694_1138_1125_1123_1456_770_769_771_767_733_759_761_760_758_768_171_203_1175_1176_301_300_1241_1230_1242_1243_1139_747_745_744_1489_1486_1485_1149_1487_1150_1484_1124_1161_204_201_205_140_200_139_199_206_138_141_207_137_142_208_143_654_653_209_598_198_599_652_1151_1152_1157_1158_1153_197_651_196_129_128_130_127_133_210_211_884_885_883_882_756_1479_1478_1480_1121_1059_1058_1057_1120_1060_1087_1183_1160_1089_1061_1090_755_780_766_765_764_734_886_763_581_582_597_583_578_577_579_584_146_576_585_600_131_145_132_605_134_144_606_135_1159_1091_1457_1458_149_164_586_150_148_735_177_215_178_214_212_601_650_603_649_604_152_151_746_791_754_1245_1246_1429_1247_154_155_596_575_153_157_156_590_159_1056_1115_1114_1054_706_1113_1053_835_147_136_125_752_802_753_813_824_742_868_743_869_168_346_167_351_348_352_1454_846_349_350_166_165_571_570_353_572_595_592_357_593_356_587_1154_1093_1116_607_573_574_1094_1095_1108_1117_1092_1096_1107_1097_1162_553_354_355_568_359_371_864_372_378_360_379_857_736_762_91_102_737_80_114_160_589_738_887_890_739_891_715_716_714_548_892_740_1112_1109_1052_1098_707_1100_1051_1476_1475_1472_1481_1182_258_247_269_380_169_865_370_867_741_1575_1178_588_803_801_804_800_805_1101_806_808_799_809_807_361_368_373_384_362_374_367_594_363_381_567_383_375_1118_826_1119_1410_1493_1421_236_163_382_213_180_1184_1079_304_1465_1467_798_1102_825_1103_870_871_712_711_717_797_796_1104_1105_795_1532_823_1521_1428_1427_1453_1452_1468_1543_1106_1510_816_817_815_818_1499_1555_1466_1477_814_1488_1473_1469_366_376_364_377_365_408_1576_1574_1578_1573_1579_1572_1571_812_810_811_1455_937_936_938_939_906_905_893_907_904_729_903_935_934_940_407_280_391_291_302_1074_402_313_1073_324_413_1072_424_58_1399_1483_827_828_1388_406_400_162_161_441_440_1248_1426_385_386_1580_1430_1431_1050_1049_1048_708_941_932_307_298_306_1377_1366_1014_560_405_559_404_556_403_401_555_25_36_908_47_14_69_909_369_3_910_1482_399_872_552_881_942_943_398_1080_819_931_820_930_387_439_303_1179_305_1180_1181_1474_1563_1470_1562_1471_1494_1561_565_396_397_392_395_393_409_390_566_873_894_728_709_1425_1424_1433_1495_1444_1432_895_727_896_726_719_720_1496_929_928_821_927_1032_1577_1062_1497_1498_1765_655_124_123_656_122_126_1078_841_842_1071_1076_843_1070_1075_844_1069_1018_1013_1434_1435_1436_438_437_388_901_1560_1754_794_912_1743_793_1423_547_845_1556_1582_1553_410_411_394_412_444_423_425_414_443_426_336_347_358_778_880_879_878_551_1451_1450_1449_1448_1447_792_299_913_1732_914_1721_790_915_774_1566_874_1047_1599_1621_427_428_442_429_1422_1420_1552_1551_1506_1507_1557_1508_1505_1558_1509_1559_436_434_433_389_432_1012_121_612_120_611_119_945_950_946_949_897_466_721_465_898_464_467_722_899_723_468_463_777_550_549_543_544_542_545_541_540_1019_1020_1021_1023_1015_1500_1002_902_718_470_471_948_947_1030_962_994_1031_995_527_472_473_522_523_415_416_431_430_961_960_1026_1027_1588_1610_1035_822_1034_1036_1037_1001_998_1003_997_1016_1004_959_958_963_957_964_951_539_538_732_731_537_536_1501_1502_1504_474_475_521_875_876_1024_1025_1355_1009_1010_1008_1017_1007_1344_1005_525_610_783_782_1068_781_1067_1249_1250_1292_1065_1063_520_476_477_478_1396_1028_1029_926_1006_996_992_993_991_988_977_1064_1081_1503_1528_1527_730_725_1188_1177_1000_1199_944_933_922_955_1210_966_1222_1512_1511_1513_1523_1584_1583_1514_1522_1440_1291_1290_1293_1295_1294_1296_1289_1600_1287_710_445_981_965_967_980_956_970_979_526_462_461_460_459_531_1520_1524_1525_1526_1531_1519_1518_1517_1529_1530_1541_1516_1542_1515_784_952_953_954_1439_1438_1437_1441_1038_1632_924_1039_923_1643_925_921_1654_1040_1086_1666_1085_785_776_989_990_1082_1083_534_775_786_773_787_772_1699_1710_788_1564_1565_1446_1567_1581_1535_1445_1442_1568_533_532_561_554_562_1569_1570_1612_840_1297_1611_1544_1545_1546_839_789_1688_1677_1084_918_479_481_482_658_609_659_920_448_1609_919_917_916_838_1303_1302_976_982_978_975_974_983_973_972_969_1133_1144_968_1122_1155_1111_1166_118_660_837_836_1608_971_984_985_179_1301_1298_1300_1550_1533_1549_1534_1547_986_987_483_508_484_509_485_510_486_511_1548_661_115_563_564_1304_1315_1311_834_833_832_1312_1322_1313_452_1316_1314_608_614_616_615_112_1409_1411_1398_1394_900_911_889_1310_877_457_456_507_455_866_779_1299_1099_831_830_1317_668_557_1011_1395_1397_1400_1585_506_488_512_514_515_888_999_642_617_641_618_640_619_453_1393_1392_1586_1401_1391_1386_1418_1417_1587_224_113_335_2_1665_446_1385_1589_489_490_487_1318_1323_829_854_1319_1324_1320_492_454_493_499_1044_1055_1033_1066_1022_1404_1403_1416_1384_1415_516_517_639_620_638_621_637_622_623_1077_1088_625_626_1540_1536_1537_498_497_1331_1330_1356_494_495_496_500_1387_1329_627_628_631_630_643_629_632_633_501_529_528_636_634_530_1389_1390_1383_1598_1382_1372_1402_1405_1381_518_519_422_504_503_505_1538_1539_1233_1408_863_1354_1353_1357_1352_1358_1406_862_1407_861_1380_421_420_1590_1328_1327_1326_1325_1379_1373_1374_1375_1591_1594_855_1597_1596_1371_1378_1376_856_1655_1653_860_859_1370_1364_1363_1365_1359_1362_1593_1361_1309_1592_1360_1595_1336_1341_1351_1350_1308_858_1349_1348_1347_419_418_417_1337_1335_1334_1338_1339_1307_1340_1306_1342_1343_1345_1346_1367_1368_1369_,0_1_2_3_4_5_6_7_8_9_10_11_12_13_14_15_16_17_18_19_20_21_22_23_24_25_26_27_28_29_30_31_32_33_34_35_36_37_38_39_40_41_42_43_44_45_46_47_48_49_50_51_52_53_54_55_56_57_58_59_60_61_62_63_64_65_66_67_68_69_70_71_72_73_74_75_76_77_78_79_80_81_82_83_84_85_86_87_88_89_90_91_92_93_94_95_96_97_98_99_100_101_102_103_104_105_106_107_108_109_110_111_112_113_114_115_116_117_118_119_120_121_122_123_124_125_126_127_128_129_130_131_132_133_134_135_136_137_138_139_140_141_142_143_144_145_146_147_148_149_150_151_152_153_154_155_156_157_158_159_160_161_162_163_164_165_166_167_168_169_170_171_172_173_174_175_176_177_178_179_180_181_182_183_184_185_186_187_188_189_190_191_192_193_194_195_196_197_198_199_200_201_202_203_204_205_206_207_208_209_210_211_212_213_214_215_216_217_218_219_220_221_222_223_224_225_226_227_228_229_230_231_232_233_234_235_236_237_238_239_240_241_242_243_244_245_246_247_248_249_250_251_252_253_254_255_256_257_258_259_260_261_262_263_264_265_266_267_268_269_270_271_272_273_274_275_276_277_278_279_280_281_282_283_284_285_286_287_288_289_290_291_292_293_294_295_296_297_298_299_300_301_302_303_304_305_306_307_308_309_310_311_312_313_314_315_316_317_318_319_320_321_322_323_324_325_326_327_328_329_330_331_332_333_334_335_336_337_338_339_340_341_342_343_344_345_346_347_348_349_350_351_352_353_354_355_356_357_358_359_360_361_362_363_364_365_366_367_368_369_370_371_372_373_374_375_376_377_378_379_380_381_382_383_384_385_386_387_388_389_390_391_392_393_394_395_396_397_398_399_400_401_402_403_404_405_406_407_408_409_410_411_412_413_414_415_416_417_418_419_420_421_422_423_424_425_426_427_428_429_430_431_432_433_434_435_436_437_438_439_440_441_442_443_444_445_446_447_448_449_450_451_452_453_454_455_456_457_458_459_460_461_462_463_464_465_466_467_468_469_470_471_472_473_474_475_476_477_478_479_480_481_482_483_484_485_486_487_488_489_490_491_492_493_494_495_496_497_498_499_500_501_502_503_504_505_506_507_508_509_510_511_512_513_514_515_516_517_518_519_520_521_522_523_524_525_526_527_528_529_530_531_532_533_534_535_536_537_538_539_540_541_542_543_544_545_546_547_548_549_550_551_552_553_554_555_556_557_558_559_560_561_562_563_564_565_566_567_568_569_570_571_572_573_574_575_576_577_578_579_580_581_582_583_584_585_586_587_588_589_590_591_592_593_594_595_596_597_598_599_600_601_602_603_604_605_606_607_608_609_610_611_612_613_614_615_616_617_618_619_620_621_622_623_624_625_626_627_628_629_630_631_632_633_634_635_636_637_638_639_640_641_642_643_644_645_646_647_648_649_650_651_652_653_654_655_656_657_658_659_660_661_662_663_664_665_666_667_668_669_670_671_672_673_674_675_676_677_678_679_680_681_682_683_684_685_686_687_688_689_690_691_692_693_694_695_696_697_698_699_700_701_702_703_704_705_706_707_708_709_710_711_712_713_714_715_716_717_718_719_720_721_722_723_724_725_726_727_728_729_730_731_732_733_734_735_736_737_738_739_740_741_742_743_744_745_746_747_748_749_750_751_752_753_754_755_756_757_758_759_760_761_762_763_764_765_766_767_768_769_770_771_772_773_774_775_776_777_778_779_780_781_782_783_784_785_786_787_788_789_790_791_792_793_794_795_796_797_798_799_800_801_802_803_804_805_806_807_808_809_810_811_812_813_814_815_816_817_818_819_820_821_822_823_824_825_826_827_828_829_830_831_832_833_834_835_836_837_838_839_840_841_842_843_844_845_846_847_848_849_850_851_852_853_854_855_856_857_858_859_860_861_862_863_864_865_866_867_868_869_870_871_872_873_874_875_876_877_878_879_880_881_882_883_884_885_886_887_888_889_890_891_892_893_894_895_896_897_898_899_900_901_902_903_904_905_906_907_908_909_910_911_912_913_914_915_916_917_918_919_920_921_922_923_924_925_926_927_928_929_930_931_932_933_934_935_936_937_938_939_940_941_942_943_944_945_946_947_948_949_950_951_952_953_954_955_956_957_958_959_960_961_962_963_964_965_966_967_968_969_970_971_972_973_974_975_976_977_978_979_980_981_982_983_984_985_986_987_988_989_990_991_992_993_994_995_996_997_998_999_1000_1001_1002_1003_1004_1005_1006_1007_1008_1009_1010_1011_1012_1013_1014_1015_1016_1017_1018_1019_1020_1021_1022_1023_1024_1025_1026_1027_1028_1029_1030_1031_1032_1033_1034_1035_1036_1037_1038_1039_1040_1041_1042_1043_1044_1045_1046_1047_1048_1049_1050_1051_1052_1053_1054_1055_1056_1057_1058_1059_1060_1061_1062_1063_1064_1065_1066_1067_1068_1069_1070_1071_1072_1073_1074_1075_1076_1077_1078_1079_1080_1081_1082_1083_1084_1085_1086_1087_1088_1089_1090_1091_1092_1093_1094_1095_1096_1097_1098_1099_1100_1101_1102_1103_1104_1105_1106_1107_1108_1109_1110_1111_1112_1113_1114_1115_1116_1117_1118_1119_1120_1121_1122_1123_1124_1125_1126_1127_1128_1129_1130_1131_1132_1133_1134_1135_1136_1137_1138_1139_1140_1141_1142_1143_1144_1145_1146_1147_1148_1149_1150_1151_1152_1153_1154_1155_1156_1157_1158_1159_1160_1161_1162_1163_1164_1165_1166_1167_1168_1169_1170_1171_1172_1173_1174_1175_1176_1177_1178_1179_1180_1181_1182_1183_1184_1185_1186_1187_1188_1189_1190_1191_1192_1193_1194_1195_1196_1197_1198_1199_1200_1201_1202_1203_1204_1205_1206_1207_1208_1209_1210_1211_1212_1213_1214_1215_1216_1217_1218_1219_1220_1221_1222_1223_1224_1225_1226_1227_1228_1229_1230_1231_1232_1233_1234_1235_1236_1237_1238_1239_1240_1241_1242_1243_1244_1245_1246_1247_1248_1249_1250_1251_1252_1253_1254_1255_1256_1257_1258_1259_1260_1261_1262_1263_1264_1265_1266_1267_1268_1269_1270_1271_1272_1273_1274_1275_1276_1277_1278_1279_1280_1281_1282_1283_1284_1285_1286_1287_1288_1289_1290_1291_1292_1293_1294_1295_1296_1297_1298_1299_1300_1301_1302_1303_1304_1305_1306_1307_1308_1309_1310_1311_1312_1313_1314_1315_1316_1317_1318_1319_1320_1321_1322_1323_1324_1325_1326_1327_1328_1329_1330_1331_1332_1333_1334_1335_1336_1337_1338_1339_1340_1341_1342_1343_1344_1345_1346_1347_1348_1349_1350_1351_1352_1353_1354_1355_1356_1357_1358_1359_1360_1361_1362_1363_1364_1365_1366_1367_1368_1369_1370_1371_1372_1373_1374_1375_1376_1377_1378_1379_1380_1381_1382_1383_1384_1385_1386_1387_1388_1389_1390_1391_1392_1393_1394_1395_1396_1397_1398_1399_1400_1401_1402_1403_1404_1405_1406_1407_1408_1409_1410_1411_1412_1413_1414_1415_1416_1417_1418_1419_1420_1421_1422_1423_1424_1425_1426_1427_1428_1429_1430_1431_1432_1433_1434_1435_1436_1437_1438_1439_1440_1441_1442_1443_1444_1445_1446_1447_1448_1449_1450_1451_1452_1453_1454_1455_1456_1457_1458_1459_1460_1461_1462_1463_1464_1465_1466_1467_1468_1469_1470_1471_1472_1473_1474_1475_1476_1477_1478_1479_1480_1481_1482_1483_1484_1485_1486_1487_1488_1489_1490_1491_1492_1493_1494_1495_1496_1497_1498_1499_1500_1501_1502_1503_1504_1505_1506_1507_1508_1509_1510_1511_1512_1513_1514_1515_1516_1517_1518_1519_1520_1521_1522_1523_1524_1525_1526_1527_1528_1529_1530_1531_1532_1533_1534_1535_1536_1537_1538_1539_1540_1541_1542_1543_1544_1545_1546_1547_1548_1549_1550_1551_1552_1553_1554_1555_1556_1557_1558_1559_1560_1561_1562_1563_1564_1565_1566_1567_1568_1569_1570_1571_1572_1573_1574_1575_1576_1577_1578_1579_1580_1581_1582_1583_1584_1585_1586_1587_1588_1589_1590_1591_1592_1593_1594_1595_1596_1597_1598_1599_1600_1601_1602_1603_1604_1605_1606_1607_1608_1609_1610_1611_1612_1613_1614_1615_1616_1617_1618_1619_1620_1621_1622_1623_1624_1625_1626_1627_1628_1629_1630_1631_1632_1633_1634_1635_1636_1637_1638_1639_1640_1641_1642_1643_1644_1645_1646_1647_1648_1649_1650_1651_1652_1653_1654_1655_1656_1657_1658_1659_1660_1661_1662_1663_1664_1665_1666_1667_1668_1669_1670_1671_1672_1673_1674_1675_1676_1677_1678_1679_1680_1681_1682_1683_1684_1685_1686_1687_1688_1689_1690_1691_1692_1693_1694_1695_1696_1697_1698_1699_1700_1701_1702_1703_1704_1705_1706_1707_1708_1709_1710_1711_1712_1713_1714_1715_1716_1717_1718_1719_1720_1721_1722_1723_1724_1725_1726_1727_1728_1729_1730_1731_1732_1733_1734_1735_1736_1737_1738_1739_1740_1741_1742_1743_1744_1745_1746_1747_1748_1749_1750_1751_1752_1753_1754_1755_1756_1757_1758_1759_1760_1761_1762_1763_1764_1765_1766_1767_1768_1769_1770_1771_1772_1773_1774_1775_,122:{121;612;120;611;119;}127:{655;124;123;656;122;126;}130:{131;145;132;605;134;144;606;135;}147:{258;247;269;380;169;}151:{154;155;596;575;153;157;156;590;159;}163:{162;161;441;440;}166:{573;574;}173:{171;203;}176:{177;215;178;214;212;}177:{179;}180:{1080;}202:{236;}203:{204;201;205;140;200;139;199;206;138;141;}206:{207;137;142;208;143;654;653;209;598;198;599;652;}216:{219;175;173;176;}217:{172;174;}221:{218;}222:{220;337;216;338;}225:{213;180;1184;1079;304;}226:{222;289;221;341;334;}228:{227;266;226;267;331;332;223;}232:{233;234;244;250;235;248;}241:{724;480;}242:{735;}245:{246;322;202;297;}249:{295;245;296;}254:{251;232;325;323;}255:{326;231;327;252;328;}267:{342;290;292;}268:{229;255;230;265;253;}270:{257;262;263;254;256;264;228;}274:{286;272;278;285;851;850;284;852;283;}278:{271;279;270;849;281;848;853;268;259;260;847;282;}279:{261;}281:{288;}293:{249;}294:{276;274;277;273;287;}296:{307;298;306;}298:{299;}305:{845;}310:{309;311;308;312;294;314;293;275;}314:{315;316;310;317;}316:{318;698;1196;699;697;1197;319;700;}319:{1191;1190;1195;}321:{1460;1189;1461;}322:{191;435;447;225;}324:{336;347;358;778;}328:{329;333;240;241;330;239;242;238;}329:{243;513;502;237;}336:{777;}337:{339;751;217;}338:{340;750;343;}339:{344;749;}340:{170;}344:{168;346;167;351;348;352;}348:{349;350;166;165;571;570;353;572;595;592;357;593;356;587;}355:{865;370;867;741;}356:{354;355;568;359;371;864;372;378;360;379;857;}358:{792;}359:{361;368;373;384;362;374;367;594;363;381;}362:{366;376;364;377;365;408;}365:{406;400;}366:{407;}371:{567;}376:{399;}377:{398;}378:{383;375;}380:{280;391;291;302;1074;402;313;1073;324;413;1072;424;58;}382:{387;439;}398:{565;396;397;392;395;393;409;390;566;}406:{560;405;559;404;556;403;401;555;}409:{410;411;394;412;444;423;425;414;443;426;}414:{415;416;}415:{445;}416:{448;}420:{419;418;417;}425:{427;428;442;429;}432:{431;430;}437:{436;434;433;389;432;}441:{438;437;388;}446:{1044;1055;1033;1066;1022;}459:{506;488;}460:{457;456;507;455;}463:{462;461;460;459;}466:{526;}468:{525;}470:{527;472;473;522;523;}472:{474;475;521;}475:{520;476;477;478;}477:{479;481;482;}482:{483;508;484;509;485;510;486;511;}488:{498;497;}492:{494;495;496;500;}494:{503;}496:{530;}498:{501;529;528;}501:{505;}503:{421;420;}506:{492;454;493;499;}507:{489;490;487;}511:{512;514;515;}513:{524;535;491;680;669;546;657;646;635;558;}514:{516;517;}517:{518;519;422;504;}536:{533;532;561;554;562;}538:{534;}540:{537;536;}541:{539;538;732;731;}552:{550;549;543;544;542;545;541;540;}557:{446;}558:{759;761;760;758;768;}561:{563;564;}562:{452;}563:{453;}567:{385;386;}576:{588;}582:{149;164;586;150;148;}591:{770;769;771;767;733;}593:{163;382;}596:{160;589;}598:{581;582;597;583;578;577;579;584;146;576;585;600;}600:{601;650;603;649;604;152;151;}606:{607;}611:{118;660;}612:{658;609;659;}614:{642;617;641;618;640;619;}619:{639;620;638;621;637;622;623;}624:{691;702;713;469;158;580;458;}626:{627;628;631;630;643;629;632;633;}633:{636;634;}637:{625;626;}653:{197;651;196;129;128;130;127;133;210;211;}656:{610;}658:{661;115;}661:{608;614;616;615;112;}668:{224;113;335;2;1665;}680:{624;569;602;613;591;757;}691:{147;136;125;}697:{1198;1200;701;1201;1202;}703:{704;1220;1223;1203;1759;1204;1758;}705:{1138;1125;1123;}706:{710;}714:{906;905;893;907;904;729;903;}716:{894;728;}717:{1765;}719:{897;466;721;465;898;464;467;722;899;723;468;463;}729:{895;727;896;726;719;720;}731:{730;725;}733:{884;885;883;882;756;}736:{738;887;890;739;891;715;716;714;548;892;740;}737:{712;711;717;}740:{25;36;908;47;14;69;909;369;3;910;}745:{846;}747:{835;}748:{747;745;744;}750:{748;345;}753:{872;}760:{755;780;}761:{746;791;754;}765:{736;762;91;102;737;80;114;}767:{766;765;764;734;886;763;}781:{785;776;}782:{784;}784:{775;786;773;787;772;1699;1710;788;}787:{789;1688;1677;1084;918;}791:{752;802;753;813;824;742;868;743;869;}796:{1543;1106;1510;816;817;815;818;1499;1555;1466;1477;814;1488;}798:{797;796;1104;1105;795;1532;823;1521;}804:{798;1102;825;1103;}807:{1444;1432;}808:{1118;826;1119;1410;1493;1421;}810:{935;934;940;}824:{870;871;}829:{855;}830:{829;854;}833:{831;830;}836:{834;833;832;}839:{837;836;1608;}844:{1065;1063;}854:{856;1655;1653;}859:{858;}863:{860;859;}866:{668;557;1011;}870:{873;}871:{874;}872:{875;876;}878:{531;}881:{880;879;878;551;}882:{552;881;}883:{553;}888:{1540;1536;1537;}889:{866;779;1299;}892:{547;}899:{902;718;470;471;}900:{1233;}903:{901;}910:{1754;794;912;1743;793;}912:{913;1732;914;1721;790;915;774;}922:{900;911;889;1310;877;}923:{920;}930:{929;928;821;927;1032;1577;}931:{1566;}937:{932;}938:{941;}940:{942;943;}942:{945;950;946;949;}946:{948;947;1030;962;994;1031;995;}947:{961;960;1026;1027;}948:{951;}951:{952;953;954;}952:{989;990;}960:{959;958;963;957;964;}963:{981;965;967;980;956;970;979;}970:{971;984;985;}979:{976;982;978;975;974;983;973;972;}984:{986;987;}989:{969;1133;1144;968;1122;1155;1111;1166;}1002:{1001;998;1003;997;1016;1004;}1003:{1006;996;}1004:{1005;}1005:{992;993;991;988;977;}1013:{1002;}1018:{1019;1020;1021;1023;1015;}1021:{1024;1025;1355;1009;1010;1008;1017;1007;1344;}1027:{1028;1029;}1037:{1038;1632;924;1039;923;1643;925;921;1654;1040;1086;1666;1085;}1048:{1588;1610;1035;822;1034;1036;1037;}1050:{1047;1599;1621;}1051:{1050;1049;1048;708;}1054:{709;}1055:{1077;1088;}1059:{1182;}1061:{1062;}1067:{1082;1083;}1068:{1064;1081;}1070:{783;782;1068;781;1067;}1079:{1078;841;842;1071;1076;843;1070;1075;844;1069;}1087:{1056;1115;1114;1054;706;1113;1053;}1096:{803;801;804;800;805;1101;806;808;799;809;807;}1114:{1112;1109;1052;1098;707;1100;1051;}1119:{1399;1483;827;828;1388;}1124:{1121;1059;1058;1057;1120;1060;1087;1183;1160;1089;1061;1090;}1127:{1124;1161;}1130:{1178;}1131:{1127;1126;}1134:{1139;}1139:{1159;1091;}1143:{1146;1492;1491;1147;1156;1136;1490;1148;1137;}1144:{1099;}1149:{1151;1152;1157;1158;1153;}1150:{1154;1093;1116;}1153:{1094;1095;1108;1117;1092;1096;1107;1097;1162;}1167:{1132;1140;1131;1135;705;1141;1128;1129;}1174:{1175;1176;301;300;}1176:{303;1179;305;1180;1181;}1185:{1163;1169;1174;1134;1194;1130;}1186:{1185;1165;1167;1168;1164;}1189:{1192;1193;}1190:{1187;1186;}1192:{1170;1171;}1194:{1172;1142;1173;1143;1145;}1195:{1462;}1196:{320;321;}1198:{703;}1202:{1205;1219;}1211:{1237;}1213:{694;}1214:{1213;1208;696;1211;1212;1209;1224;1240;1225;1239;1238;1226;693;}1218:{1756;}1219:{1218;1217;1206;1757;1216;1207;1214;1215;695;}1225:{1228;1229;}1226:{1241;}1229:{1230;1242;1243;}1234:{1575;}1236:{1234;1232;1231;}1238:{1236;1235;1227;}1242:{1245;1246;1429;1247;}1243:{1428;1427;}1245:{1248;1426;}1248:{1249;1250;1292;}1250:{1291;1290;}1291:{1293;1295;1294;1296;1289;1600;1287;}1293:{839;}1294:{1609;}1295:{1612;840;1297;1611;}1297:{1303;1302;}1298:{1304;1315;1311;}1300:{1312;1322;1313;}1302:{1301;1298;1300;}1311:{1317;}1315:{1316;1314;}1316:{1318;1323;}1317:{1319;1324;1320;}1318:{1331;1330;1356;}1319:{1329;}1330:{1328;1327;1326;1325;}1336:{1337;1335;1334;1338;1339;1307;1340;1306;}1340:{1342;1343;1345;1346;}1344:{1188;1177;1000;1199;944;933;922;955;1210;966;1222;}1350:{1349;1348;1347;}1352:{1351;1350;}1356:{1354;1353;1357;1352;1358;}1365:{1367;1368;1369;}1371:{1370;1364;1363;1365;1359;1362;}1379:{1378;1376;}1382:{1379;1373;1374;1375;}1383:{1380;}1387:{1389;1390;1383;1598;1382;1372;}1388:{1377;1366;1014;}1389:{1597;1596;1371;}1391:{1387;}1395:{1393;1392;1586;1401;1391;1386;1418;1417;1587;}1396:{1395;1397;1400;1585;}1401:{1404;1403;1416;1384;1415;}1402:{1408;863;}1403:{1402;1405;1381;}1405:{1406;862;1407;861;}1410:{1018;1013;}1420:{1409;1411;1398;1394;}1421:{1012;}1422:{1396;}1424:{1422;1420;}1430:{1423;}1433:{1434;1435;1436;}1440:{1439;1438;1437;1441;}1447:{1445;1442;1568;}1449:{1567;1581;}1450:{1564;1565;1446;}1452:{1451;1450;1449;1448;1447;}1456:{1453;1452;1468;}1457:{1473;1469;}1459:{1465;1467;}1461:{1463;1464;1459;}1462:{1456;}1463:{1457;1458;}1464:{1454;}1465:{1474;1563;1470;1562;1471;1494;1561;}1469:{1560;}1473:{1495;}1474:{1496;}1480:{1482;}1484:{1476;1475;1472;1481;}1487:{1479;1478;1480;}1488:{812;810;811;1455;937;936;938;939;}1490:{1489;1486;1485;1149;1487;1150;1484;}1495:{1497;1498;}1496:{1500;}1498:{1501;1502;1504;}1501:{1503;1528;1527;}1508:{1520;1524;1525;1526;1531;1519;}1516:{1544;1545;1546;}1523:{1518;1517;1529;1530;1541;1516;1542;1515;}1524:{1535;}1532:{819;931;820;930;}1534:{888;999;}1535:{1550;1533;1549;1534;1547;}1537:{1538;1539;}1546:{1548;}1553:{1552;1551;1506;1507;1557;1508;1505;1558;1509;1559;}1558:{1512;1511;1513;1523;1584;1583;1514;1522;1440;}1560:{1556;1582;1553;}1565:{1569;}1567:{1570;}1575:{1576;1574;1578;1573;1579;1572;1571;}1578:{1580;1430;1431;}1580:{1425;1424;1433;}1585:{1385;1589;}1586:{1590;}1588:{926;}1589:{1591;1594;}1590:{1308;}1596:{1593;1361;1309;1592;1360;1595;1336;1341;}1600:{838;}1677:{919;917;916;},392_397_398_401_403_404_405_432_433_434_454_455_462_463_464_465_466_467_562_563_565_566_608_615_616_617_642_810_811_833_834_836_897_898_899_901_935_936_937_1002_1021_1023_1199_1210_1222_1233_1302_1303_1344_1396_1398_1415_1533_1534_1546_1547_1548_1549_1550_,310-309*0_310-311*0_310-308*0_310-312*0_310-294*0_310-314*0_310-293*0_310-275*0_314-315*1_314-316*1_314-310*1_314-317*1_294-276*1_294-274*1_294-277*1_294-273*1_294-287*1_274-286*2_274-272*2_274-278*2_274-285*2_274-851*2_274-850*2_274-284*2_274-852*2_274-283*2_278-271*3_278-279*3_278-270*3_278-849*3_278-281*3_278-848*3_278-853*3_278-268*3_278-259*3_278-260*3_278-847*3_278-282*3_279-261*5_316-318*2_316-698*2_316-1196*2_316-699*2_316-697*2_316-1197*2_316-319*2_316-700*2_270-257*5_270-262*5_270-263*5_270-254*5_270-256*5_270-264*5_270-228*5_281-288*7_697-1198*3_697-1200*3_697-701*3_697-1201*3_697-1202*3_268-229*8_268-255*8_268-230*8_268-265*8_268-253*8_228-227*6_228-266*6_228-226*6_228-267*6_228-331*6_228-332*6_228-223*6_255-326*9_255-231*9_255-327*9_255-252*9_255-328*9_1196-320*3_1196-321*3_1198-703*4_328-329*10_328-333*10_328-240*10_328-241*10_328-330*10_328-239*10_328-242*10_328-238*10_319-1191*4_319-1190*4_319-1195*4_329-243*11_329-513*11_329-502*11_329-237*11_226-222*7_226-289*7_226-221*7_226-341*7_226-334*7_703-704*5_703-1220*5_703-1223*5_703-1203*5_703-1759*5_703-1204*5_703-1758*5_1202-1205*4_1202-1219*4_321-1460*5_321-1189*5_321-1461*5_241-724*12_241-480*12_254-251*9_254-232*9_254-325*9_254-323*9_513-524*13_513-535*13_513-491*13_513-680*13_513-669*13_513-546*13_513-657*13_513-646*13_513-635*13_513-558*13_267-342*11_267-290*11_267-292*11_1219-1218*5_1219-1217*5_1219-1206*5_1219-1757*5_1219-1216*5_1219-1207*5_1219-1214*5_1219-1215*5_1219-695*5_222-220*12_222-337*12_222-216*12_222-338*12_293-249*2_337-339*13_337-751*13_337-217*13_338-340*14_338-750*14_338-343*14_1214-1213*6_1214-1208*6_1214-696*6_1214-1211*6_1214-1212*6_1214-1209*6_1214-1224*6_1214-1240*6_1214-1225*6_1214-1239*6_1214-1238*6_1214-1226*6_1214-693*6_1190-1187*5_1190-1186*5_1189-1192*6_1189-1193*6_1186-1185*7_1186-1165*7_1186-1167*7_1186-1168*7_1186-1164*7_339-344*14_339-749*14_1211-1237*7_232-233*10_232-234*10_232-244*10_232-250*10_232-235*10_232-248*10_249-295*3_249-245*3_249-296*3_221-218*13_1238-1236*8_1238-1235*8_1238-1227*8_750-748*15_750-345*15_1195-1462*6_340-170*15_216-219*15_216-175*15_216-173*15_216-176*15_1225-1228*8_1225-1229*8_245-246*4_245-322*4_245-202*4_245-297*4_680-624*14_680-569*14_680-602*14_680-613*14_680-591*14_680-757*14_1218-1756*7_1185-1163*8_1185-1169*8_1185-1174*8_1185-1134*8_1185-1194*8_1185-1130*8_1192-1170*9_1192-1171*9_1167-1132*9_1167-1140*9_1167-1131*9_1167-1135*9_1167-705*9_1167-1141*9_1167-1128*9_1167-1129*9_217-172*14_217-174*14_1194-1172*10_1194-1142*10_1194-1173*10_1194-1143*10_1194-1145*10_322-191*12_322-435*12_322-447*12_322-225*12_624-691*15_624-702*15_624-713*15_624-469*15_624-158*15_624-580*15_624-458*15_1236-1234*9_1236-1232*9_1236-1231*9_1461-1463*6_1461-1464*6_1461-1459*6_1143-1146*11_1143-1492*11_1143-1491*11_1143-1147*11_1143-1156*11_1143-1136*11_1143-1490*11_1143-1148*11_1143-1137*11_1131-1127*10_1131-1126*10_1213-694*8_705-1138*11_705-1125*11_705-1123*11_1462-1456*7_591-770*16_591-769*16_591-771*16_591-767*16_591-733*16_558-759*14_558-761*14_558-760*14_558-758*14_558-768*14_173-171*16_173-203*16_1174-1175*9_1174-1176*9_1174-301*9_1174-300*9_1226-1241*8_1229-1230*9_1229-1242*9_1229-1243*9_1134-1139*10_748-747*16_748-745*16_748-744*16_1490-1489*12_1490-1486*12_1490-1485*12_1490-1149*12_1490-1487*12_1490-1150*12_1490-1484*12_1127-1124*11_1127-1161*11_203-204*17_203-201*17_203-205*17_203-140*17_203-200*17_203-139*17_203-199*17_203-206*17_203-138*17_203-141*17_206-207*18_206-137*18_206-142*18_206-208*18_206-143*18_206-654*18_206-653*18_206-209*18_206-598*18_206-198*18_206-599*18_206-652*18_1149-1151*13_1149-1152*13_1149-1157*13_1149-1158*13_1149-1153*13_653-197*19_653-651*19_653-196*19_653-129*19_653-128*19_653-130*19_653-127*19_653-133*19_653-210*19_653-211*19_733-884*17_733-885*17_733-883*17_733-882*17_733-756*17_1487-1479*13_1487-1478*13_1487-1480*13_1124-1121*12_1124-1059*12_1124-1058*12_1124-1057*12_1124-1120*12_1124-1060*12_1124-1087*12_1124-1183*12_1124-1160*12_1124-1089*12_1124-1061*12_1124-1090*12_760-755*15_760-780*15_767-766*18_767-765*18_767-764*18_767-734*18_767-886*18_767-763*18_598-581*19_598-582*19_598-597*19_598-583*19_598-578*19_598-577*19_598-579*19_598-584*19_598-146*19_598-576*19_598-585*19_598-600*19_130-131*20_130-145*20_130-132*20_130-605*20_130-134*20_130-144*20_130-606*20_130-135*20_1139-1159*12_1139-1091*12_1463-1457*8_1463-1458*8_582-149*20_582-164*20_582-586*20_582-150*20_582-148*20_242-735*16_176-177*16_176-215*16_176-178*16_176-214*16_176-212*16_600-601*21_600-650*21_600-603*21_600-649*21_600-604*21_600-152*21_600-151*21_761-746*15_761-791*15_761-754*15_1242-1245*10_1242-1246*10_1242-1429*10_1242-1247*10_151-154*22_151-155*22_151-596*22_151-575*22_151-153*22_151-157*22_151-156*22_151-590*22_151-159*22_1087-1056*13_1087-1115*13_1087-1114*13_1087-1054*13_1087-706*13_1087-1113*13_1087-1053*13_747-835*17_691-147*16_691-136*16_691-125*16_791-752*16_791-802*16_791-753*16_791-813*16_791-824*16_791-742*16_791-868*16_791-743*16_791-869*16_344-168*15_344-346*15_344-167*15_344-351*15_344-348*15_344-352*15_1464-1454*7_745-846*17_348-349*16_348-350*16_348-166*16_348-165*16_348-571*16_348-570*16_348-353*16_348-572*16_348-595*16_348-592*16_348-357*16_348-593*16_348-356*16_348-587*16_1150-1154*13_1150-1093*13_1150-1116*13_606-607*21_166-573*17_166-574*17_1153-1094*14_1153-1095*14_1153-1108*14_1153-1117*14_1153-1092*14_1153-1096*14_1153-1107*14_1153-1097*14_1153-1162*14_883-553*18_356-354*17_356-355*17_356-568*17_356-359*17_356-371*17_356-864*17_356-372*17_356-378*17_356-360*17_356-379*17_356-857*17_765-736*19_765-762*19_765-91*19_765-102*19_765-737*19_765-80*19_765-114*19_596-160*23_596-589*23_736-738*20_736-887*20_736-890*20_736-739*20_736-891*20_736-715*20_736-716*20_736-714*20_736-548*20_736-892*20_736-740*20_1114-1112*14_1114-1109*14_1114-1052*14_1114-1098*14_1114-707*14_1114-1100*14_1114-1051*14_1484-1476*14_1484-1475*14_1484-1472*14_1484-1481*14_1059-1182*13_147-258*17_147-247*17_147-269*17_147-380*17_147-169*17_355-865*18_355-370*18_355-867*18_355-741*18_1234-1575*11_1130-1178*9_576-588*20_1096-803*15_1096-801*15_1096-804*15_1096-800*15_1096-805*15_1096-1101*15_1096-806*15_1096-808*15_1096-799*15_1096-809*15_1096-807*15_359-361*18_359-368*18_359-373*18_359-384*18_359-362*18_359-374*18_359-367*18_359-594*18_359-363*18_359-381*18_371-567*19_378-383*18_378-375*18_808-1118*16_808-826*16_808-1119*16_808-1410*16_808-1493*16_808-1421*16_202-236*13_593-163*17_593-382*17_225-213*13_225-180*13_225-1184*13_225-1079*13_225-304*13_1459-1465*8_1459-1467*8_804-798*16_804-1102*16_804-825*16_804-1103*16_824-870*18_824-871*18_737-712*20_737-711*20_737-717*20_798-797*17_798-796*17_798-1104*17_798-1105*17_798-795*17_798-1532*17_798-823*17_798-1521*17_1243-1428*11_1243-1427*11_1456-1453*8_1456-1452*8_1456-1468*8_796-1543*18_796-1106*18_796-1510*18_796-816*18_796-817*18_796-815*18_796-818*18_796-1499*18_796-1555*18_796-1466*18_796-1477*18_796-814*18_796-1488*18_1457-1473*9_1457-1469*9_362-366*19_362-376*19_362-364*19_362-377*19_362-365*19_362-408*19_1575-1576*12_1575-1574*12_1575-1578*12_1575-1573*12_1575-1579*12_1575-1572*12_1575-1571*12_1488-812*19_1488-810*19_1488-811*19_1488-1455*19_1488-937*19_1488-936*19_1488-938*19_1488-939*19_714-906*21_714-905*21_714-893*21_714-907*21_714-904*21_714-729*21_714-903*21_810-935*20_810-934*20_810-940*20_366-407*20_380-280*18_380-391*18_380-291*18_380-302*18_380-1074*18_380-402*18_380-313*18_380-1073*18_380-324*18_380-413*18_380-1072*18_380-424*18_380-58*18_1119-1399*17_1119-1483*17_1119-827*17_1119-828*17_1119-1388*17_365-406*20_365-400*20_163-162*18_163-161*18_163-441*18_163-440*18_1245-1248*11_1245-1426*11_567-385*20_567-386*20_1578-1580*13_1578-1430*13_1578-1431*13_1051-1050*15_1051-1049*15_1051-1048*15_1051-708*15_938-941*20_937-932*21_296-307*4_296-298*4_296-306*4_1388-1377*18_1388-1366*18_1388-1014*18_406-560*21_406-405*21_406-559*21_406-404*21_406-556*21_406-403*21_406-401*21_406-555*21_740-25*21_740-36*21_740-908*21_740-47*21_740-14*21_740-69*21_740-909*21_740-369*21_740-3*21_740-910*21_1480-1482*15_376-399*21_753-872*19_882-552*20_882-881*20_940-942*22_940-943*22_377-398*21_180-1080*14_1532-819*18_1532-931*18_1532-820*18_1532-930*18_382-387*21_382-439*21_1176-303*10_1176-1179*10_1176-305*10_1176-1180*10_1176-1181*10_1465-1474*9_1465-1563*9_1465-1470*9_1465-1562*9_1465-1471*9_1465-1494*9_1465-1561*9_398-565*22_398-396*22_398-397*22_398-392*22_398-395*22_398-393*22_398-409*22_398-390*22_398-566*22_870-873*20_716-894*22_716-728*22_1054-709*14_1580-1425*14_1580-1424*14_1580-1433*14_1473-1495*10_807-1444*17_807-1432*17_729-895*23_729-727*23_729-896*23_729-726*23_729-719*23_729-720*23_1474-1496*10_930-929*19_930-928*19_930-821*19_930-927*19_930-1032*19_930-1577*19_1061-1062*13_1495-1497*11_1495-1498*11_717-1765*21_127-655*22_127-124*22_127-123*22_127-656*22_127-122*22_127-126*22_1079-1078*14_1079-841*14_1079-842*14_1079-1071*14_1079-1076*14_1079-843*14_1079-1070*14_1079-1075*14_1079-844*14_1079-1069*14_1410-1018*17_1410-1013*17_1433-1434*15_1433-1435*15_1433-1436*15_441-438*19_441-437*19_441-388*19_903-901*24_1469-1560*11_910-1754*22_910-794*22_910-912*22_910-1743*22_910-793*22_1430-1423*14_892-547*21_305-845*11_1560-1556*12_1560-1582*12_1560-1553*12_409-410*23_409-411*23_409-394*23_409-412*23_409-444*23_409-423*23_409-425*23_409-414*23_409-443*23_409-426*23_324-336*19_324-347*19_324-358*19_324-778*19_881-880*21_881-879*21_881-878*21_881-551*21_1452-1451*10_1452-1450*10_1452-1449*10_1452-1448*10_1452-1447*10_358-792*20_298-299*5_912-913*23_912-1732*23_912-914*23_912-1721*23_912-790*23_912-915*23_912-774*23_931-1566*19_871-874*20_1050-1047*16_1050-1599*16_1050-1621*16_425-427*24_425-428*24_425-442*24_425-429*24_1424-1422*15_1424-1420*15_1553-1552*13_1553-1551*13_1553-1506*13_1553-1507*13_1553-1557*13_1553-1508*13_1553-1505*13_1553-1558*13_1553-1509*13_1553-1559*13_437-436*20_437-434*20_437-433*20_437-389*20_437-432*20_1421-1012*19_122-121*23_122-612*23_122-120*23_122-611*23_122-119*23_942-945*23_942-950*23_942-946*23_942-949*23_719-897*24_719-466*24_719-721*24_719-465*24_719-898*24_719-464*24_719-467*24_719-722*24_719-899*24_719-723*24_719-468*24_719-463*24_336-777*20_552-550*21_552-549*21_552-543*21_552-544*21_552-542*21_552-545*21_552-541*21_552-540*21_1018-1019*20_1018-1020*20_1018-1021*20_1018-1023*20_1018-1015*20_1496-1500*11_1013-1002*21_899-902*25_899-718*25_899-470*25_899-471*25_946-948*24_946-947*24_946-1030*24_946-962*24_946-994*24_946-1031*24_946-995*24_470-527*26_470-472*26_470-473*26_470-522*26_470-523*26_414-415*24_414-416*24_432-431*21_432-430*21_947-961*25_947-960*25_947-1026*25_947-1027*25_1048-1588*17_1048-1610*17_1048-1035*17_1048-822*17_1048-1034*17_1048-1036*17_1048-1037*17_1002-1001*22_1002-998*22_1002-1003*22_1002-997*22_1002-1016*22_1002-1004*22_960-959*26_960-958*26_960-963*26_960-957*26_960-964*26_948-951*25_541-539*22_541-538*22_541-732*22_541-731*22_540-537*22_540-536*22_1498-1501*12_1498-1502*12_1498-1504*12_472-474*27_472-475*27_472-521*27_872-875*22_872-876*22_1021-1024*21_1021-1025*21_1021-1355*21_1021-1009*21_1021-1010*21_1021-1008*21_1021-1017*21_1021-1007*21_1021-1344*21_1004-1005*23_468-525*26_656-610*24_1070-783*15_1070-782*15_1070-1068*15_1070-781*15_1070-1067*15_1248-1249*13_1248-1250*13_1248-1292*13_844-1065*16_844-1063*16_475-520*28_475-476*28_475-477*28_475-478*28_1422-1396*16_1027-1028*26_1027-1029*26_1588-926*18_1003-1006*23_1003-996*23_1005-992*24_1005-993*24_1005-991*24_1005-988*24_1005-977*24_1068-1064*16_1068-1081*16_1501-1503*13_1501-1528*13_1501-1527*13_731-730*23_731-725*23_1344-1188*22_1344-1177*22_1344-1000*22_1344-1199*22_1344-944*22_1344-933*22_1344-922*22_1344-955*22_1344-1210*22_1344-966*22_1344-1222*22_1558-1512*14_1558-1511*14_1558-1513*14_1558-1523*14_1558-1584*14_1558-1583*14_1558-1514*14_1558-1522*14_1558-1440*14_1250-1291*14_1250-1290*14_1291-1293*15_1291-1295*15_1291-1294*15_1291-1296*15_1291-1289*15_1291-1600*15_1291-1287*15_706-710*16_415-445*26_963-981*27_963-965*27_963-967*27_963-980*27_963-956*27_963-970*27_963-979*27_466-526*25_463-462*25_463-461*25_463-460*25_463-459*25_878-531*23_1508-1520*15_1508-1524*15_1508-1525*15_1508-1526*15_1508-1531*15_1508-1519*15_1523-1518*15_1523-1517*15_1523-1529*15_1523-1530*15_1523-1541*15_1523-1516*15_1523-1542*15_1523-1515*15_782-784*17_951-952*26_951-953*26_951-954*26_1440-1439*15_1440-1438*15_1440-1437*15_1440-1441*15_1037-1038*19_1037-1632*19_1037-924*19_1037-1039*19_1037-923*19_1037-1643*19_1037-925*19_1037-921*19_1037-1654*19_1037-1040*19_1037-1086*19_1037-1666*19_1037-1085*19_781-785*18_781-776*18_952-989*27_952-990*27_1067-1082*18_1067-1083*18_538-534*23_784-775*19_784-786*19_784-773*19_784-787*19_784-772*19_784-1699*19_784-1710*19_784-788*19_1450-1564*11_1450-1565*11_1450-1446*11_1449-1567*11_1449-1581*11_1524-1535*16_1447-1445*11_1447-1442*11_1447-1568*11_536-533*24_536-532*24_536-561*24_536-554*24_536-562*24_1565-1569*12_1567-1570*12_1295-1612*16_1295-840*16_1295-1297*16_1295-1611*16_1516-1544*17_1516-1545*17_1516-1546*17_1293-839*16_787-789*20_787-1688*20_787-1677*20_787-1084*20_787-918*20_477-479*29_477-481*29_477-482*29_612-658*24_612-609*24_612-659*24_923-920*20_416-448*25_1294-1609*16_1677-919*21_1677-917*21_1677-916*21_1600-838*17_1297-1303*17_1297-1302*17_979-976*28_979-982*28_979-978*28_979-975*28_979-974*28_979-983*28_979-973*28_979-972*28_989-969*28_989-1133*28_989-1144*28_989-968*28_989-1122*28_989-1155*28_989-1111*28_989-1166*28_611-118*24_611-660*24_839-837*17_839-836*17_839-1608*17_970-971*28_970-984*28_970-985*28_177-179*17_1302-1301*18_1302-1298*18_1302-1300*18_1535-1550*17_1535-1533*17_1535-1549*17_1535-1534*17_1535-1547*17_984-986*29_984-987*29_482-483*30_482-508*30_482-484*30_482-509*30_482-485*30_482-510*30_482-486*30_482-511*30_1546-1548*18_658-661*25_658-115*25_561-563*25_561-564*25_1298-1304*19_1298-1315*19_1298-1311*19_836-834*18_836-833*18_836-832*18_1300-1312*19_1300-1322*19_1300-1313*19_562-452*25_1315-1316*20_1315-1314*20_661-608*26_661-614*26_661-616*26_661-615*26_661-112*26_1420-1409*16_1420-1411*16_1420-1398*16_1420-1394*16_922-900*24_922-911*24_922-889*24_922-1310*24_922-877*24_460-457*26_460-456*26_460-507*26_460-455*26_889-866*25_889-779*25_889-1299*25_1144-1099*30_833-831*19_833-830*19_1311-1317*21_866-668*26_866-557*26_866-1011*26_1396-1395*17_1396-1397*17_1396-1400*17_1396-1585*17_459-506*27_459-488*27_511-512*32_511-514*32_511-515*32_1534-888*18_1534-999*18_614-642*27_614-617*27_614-641*27_614-618*27_614-640*27_614-619*27_563-453*26_1395-1393*18_1395-1392*18_1395-1586*18_1395-1401*18_1395-1391*18_1395-1386*18_1395-1418*18_1395-1417*18_1395-1587*18_668-224*27_668-113*27_668-335*27_668-2*27_668-1665*27_557-446*27_1585-1385*18_1585-1589*18_507-489*27_507-490*27_507-487*27_1316-1318*22_1316-1323*22_830-829*20_830-854*20_1317-1319*23_1317-1324*23_1317-1320*23_506-492*28_506-454*28_506-493*28_506-499*28_446-1044*28_446-1055*28_446-1033*28_446-1066*28_446-1022*28_1401-1404*19_1401-1403*19_1401-1416*19_1401-1384*19_1401-1415*19_514-516*33_514-517*33_619-639*28_619-620*28_619-638*28_619-621*28_619-637*28_619-622*28_619-623*28_1055-1077*29_1055-1088*29_637-625*29_637-626*29_888-1540*19_888-1536*19_888-1537*19_488-498*28_488-497*28_1318-1331*23_1318-1330*23_1318-1356*23_492-494*29_492-495*29_492-496*29_492-500*29_1391-1387*19_1319-1329*24_626-627*30_626-628*30_626-631*30_626-630*30_626-643*30_626-629*30_626-632*30_626-633*30_498-501*29_498-529*29_498-528*29_633-636*31_633-634*31_496-530*30_1387-1389*20_1387-1390*20_1387-1383*20_1387-1598*20_1387-1382*20_1387-1372*20_1403-1402*20_1403-1405*20_1403-1381*20_517-518*34_517-519*34_517-422*34_517-504*34_494-503*30_501-505*31_1537-1538*20_1537-1539*20_900-1233*25_1402-1408*21_1402-863*21_1356-1354*24_1356-1353*24_1356-1357*24_1356-1352*24_1356-1358*24_1405-1406*21_1405-862*21_1405-1407*21_1405-861*21_1383-1380*22_503-421*31_503-420*31_1586-1590*19_1330-1328*25_1330-1327*25_1330-1326*25_1330-1325*25_1382-1379*22_1382-1373*22_1382-1374*22_1382-1375*22_1589-1591*19_1589-1594*19_829-855*21_1389-1597*21_1389-1596*21_1389-1371*21_1379-1378*23_1379-1376*23_854-856*22_854-1655*22_854-1653*22_863-860*22_863-859*22_1371-1370*22_1371-1364*22_1371-1363*22_1371-1365*22_1371-1359*22_1371-1362*22_1596-1593*22_1596-1361*22_1596-1309*22_1596-1592*22_1596-1360*22_1596-1595*22_1596-1336*22_1596-1341*22_1352-1351*26_1352-1350*26_1590-1308*20_859-858*23_1350-1349*27_1350-1348*27_1350-1347*27_420-419*32_420-418*32_420-417*32_1336-1337*23_1336-1335*23_1336-1334*23_1336-1338*23_1336-1339*23_1336-1307*23_1336-1340*23_1336-1306*23_1340-1342*25_1340-1343*25_1340-1345*25_1340-1346*25_1365-1367*23_1365-1368*23_1365-1369*23_
