"id","Scenario","Actual Range","Protocol","Buildings","Total nodes","Nodes on circ","Total coverage","Coverage on circ","Alert received mean time","Hops","Slots","Messages sent","Messages received", "Starting x", "Starting y","Starting node", "Vehicle distance", "Received node ids", "Node ids", "Transmission map", "Received on circ nodes", "Transmission vector"
0,1,300,500,0,600,3,600,3,444377,71.3333,366,377,600,0,100,0,25,1_2_3_4_5_6_7_8_9_10_11_0_12_13_14_15_16_17_18_19_20_21_22_23_24_25_26_27_28_29_30_31_32_33_34_35_36_37_38_39_40_41_42_43_44_45_46_47_48_49_50_51_52_53_54_55_56_57_58_59_60_61_62_63_64_65_66_67_68_69_70_71_72_73_74_75_76_77_78_79_80_81_82_83_84_85_86_87_88_89_90_91_92_93_94_95_96_97_98_99_100_101_102_103_104_105_106_107_108_109_110_111_112_113_114_115_116_117_118_119_120_121_122_123_124_125_126_127_128_129_130_131_132_133_134_135_136_137_138_139_140_141_142_143_144_145_146_147_148_149_150_151_152_153_154_155_156_157_158_159_160_161_162_163_164_165_166_167_168_169_170_171_172_173_174_175_176_177_178_179_180_181_182_183_184_185_186_187_188_189_190_191_192_193_194_195_196_197_198_199_200_201_202_203_204_205_206_207_208_209_210_211_212_213_214_215_216_217_218_219_220_221_222_223_224_225_226_227_228_229_230_231_232_233_234_235_236_237_238_239_240_241_242_243_244_245_246_247_248_249_250_251_252_253_254_255_256_257_258_259_260_261_262_263_264_265_266_267_268_269_270_271_272_273_274_275_276_277_278_279_280_281_282_283_284_285_286_287_288_289_290_291_292_293_294_295_297_296_298_299_300_301_302_303_304_305_306_307_308_309_310_311_312_313_314_315_316_317_318_319_320_321_322_323_324_325_326_327_328_329_330_331_332_333_334_335_336_337_338_339_340_341_342_343_344_345_346_347_348_349_350_351_352_353_354_355_356_357_358_359_360_361_362_363_364_365_366_367_368_369_370_371_372_373_374_375_376_377_378_379_380_381_382_383_384_385_386_387_388_389_390_391_392_393_394_395_396_397_398_399_400_401_402_403_404_405_406_407_408_409_410_411_412_413_414_415_416_417_418_419_420_421_422_423_424_425_426_427_428_429_430_431_432_433_434_435_436_437_438_439_440_441_442_443_444_445_446_447_448_449_450_451_452_453_454_455_456_457_458_459_460_461_462_463_464_465_466_467_468_469_470_471_472_473_474_475_476_477_478_479_480_481_482_483_484_485_486_487_488_489_490_491_492_493_494_495_496_497_498_499_500_501_502_503_504_505_506_507_508_509_510_511_512_513_514_515_516_517_518_519_520_522_521_523_524_525_526_527_528_529_530_531_532_533_534_535_536_537_538_539_540_541_542_543_544_545_546_547_548_549_550_551_552_553_554_555_556_557_558_559_560_561_562_563_564_565_566_567_568_569_570_571_572_573_574_575_576_577_578_579_580_581_582_583_584_585_586_587_588_589_590_591_592_593_594_595_596_597_598_599_,0_1_2_3_4_5_6_7_8_9_10_11_12_13_14_15_16_17_18_19_20_21_22_23_24_25_26_27_28_29_30_31_32_33_34_35_36_37_38_39_40_41_42_43_44_45_46_47_48_49_50_51_52_53_54_55_56_57_58_59_60_61_62_63_64_65_66_67_68_69_70_71_72_73_74_75_76_77_78_79_80_81_82_83_84_85_86_87_88_89_90_91_92_93_94_95_96_97_98_99_100_101_102_103_104_105_106_107_108_109_110_111_112_113_114_115_116_117_118_119_120_121_122_123_124_125_126_127_128_129_130_131_132_133_134_135_136_137_138_139_140_141_142_143_144_145_146_147_148_149_150_151_152_153_154_155_156_157_158_159_160_161_162_163_164_165_166_167_168_169_170_171_172_173_174_175_176_177_178_179_180_181_182_183_184_185_186_187_188_189_190_191_192_193_194_195_196_197_198_199_200_201_202_203_204_205_206_207_208_209_210_211_212_213_214_215_216_217_218_219_220_221_222_223_224_225_226_227_228_229_230_231_232_233_234_235_236_237_238_239_240_241_242_243_244_245_246_247_248_249_250_251_252_253_254_255_256_257_258_259_260_261_262_263_264_265_266_267_268_269_270_271_272_273_274_275_276_277_278_279_280_281_282_283_284_285_286_287_288_289_290_291_292_293_294_295_296_297_298_299_300_301_302_303_304_305_306_307_308_309_310_311_312_313_314_315_316_317_318_319_320_321_322_323_324_325_326_327_328_329_330_331_332_333_334_335_336_337_338_339_340_341_342_343_344_345_346_347_348_349_350_351_352_353_354_355_356_357_358_359_360_361_362_363_364_365_366_367_368_369_370_371_372_373_374_375_376_377_378_379_380_381_382_383_384_385_386_387_388_389_390_391_392_393_394_395_396_397_398_399_400_401_402_403_404_405_406_407_408_409_410_411_412_413_414_415_416_417_418_419_420_421_422_423_424_425_426_427_428_429_430_431_432_433_434_435_436_437_438_439_440_441_442_443_444_445_446_447_448_449_450_451_452_453_454_455_456_457_458_459_460_461_462_463_464_465_466_467_468_469_470_471_472_473_474_475_476_477_478_479_480_481_482_483_484_485_486_487_488_489_490_491_492_493_494_495_496_497_498_499_500_501_502_503_504_505_506_507_508_509_510_511_512_513_514_515_516_517_518_519_520_521_522_523_524_525_526_527_528_529_530_531_532_533_534_535_536_537_538_539_540_541_542_543_544_545_546_547_548_549_550_551_552_553_554_555_556_557_558_559_560_561_562_563_564_565_566_567_568_569_570_571_572_573_574_575_576_577_578_579_580_581_582_583_584_585_586_587_588_589_590_591_592_593_594_595_596_597_598_599_,0:{1;2;3;4;5;6;7;8;9;10;11;}3:{0;12;13;14;}14:{15;16;17;18;19;20;21;22;23;24;25;26;}20:{27;28;29;30;31;32;}26:{33;34;35;36;37;}32:{38;39;40;41;42;43;44;}42:{45;46;47;48;49;50;51;52;53;}53:{54;55;56;57;58;59;60;61;62;63;64;}60:{65;66;67;68;69;70;71;}62:{72;73;}70:{74;75;76;77;78;79;80;81;}72:{82;83;}77:{84;85;86;87;88;89;}81:{90;91;92;}83:{93;94;}86:{95;96;97;98;}94:{99;100;101;102;103;104;105;}103:{106;107;108;109;110;111;112;113;114;}104:{115;}114:{116;117;118;119;120;121;122;123;124;125;}119:{126;127;128;129;130;}122:{131;132;133;134;}134:{135;136;137;138;139;140;141;142;143;144;145;}141:{146;147;148;149;150;151;152;153;}147:{154;155;156;157;158;}153:{159;160;161;162;163;164;}156:{165;166;}164:{167;168;169;170;171;172;173;174;175;176;}168:{177;178;179;}172:{180;181;182;183;}178:{184;185;186;187;188;189;}181:{190;191;192;}185:{193;194;195;196;197;}190:{198;199;200;201;202;}195:{203;204;205;206;}199:{207;208;209;210;}202:{211;212;213;}206:{214;215;216;217;}209:{218;219;220;}218:{221;222;223;224;225;226;227;228;229;}228:{230;231;232;233;234;235;236;237;238;239;}235:{240;241;242;243;244;245;}237:{246;247;248;}242:{249;250;251;252;253;254;}247:{255;256;257;258;}248:{259;}257:{260;261;262;263;264;265;266;267;268;}262:{269;270;271;272;273;}267:{274;275;276;277;278;}268:{279;}269:{280;}276:{281;282;283;284;285;286;287;288;}278:{289;}285:{290;291;292;293;294;295;297;}286:{296;}288:{298;299;}296:{300;301;302;303;304;305;306;307;}303:{308;309;310;311;312;313;314;}311:{315;316;317;318;319;320;321;322;}320:{323;324;325;326;327;328;329;330;331;332;}322:{333;334;}327:{335;336;337;338;}331:{339;340;341;342;343;}335:{344;345;346;}336:{347;}339:{348;349;350;351;}342:{352;353;}345:{354;355;356;}351:{357;358;359;360;361;362;}360:{363;364;365;366;367;368;369;370;371;}368:{372;373;374;375;376;377;378;379;}379:{380;381;382;383;384;385;386;387;388;389;390;391;}388:{392;393;394;395;396;397;398;399;}393:{400;401;402;403;404;}399:{405;406;407;408;409;410;411;}403:{412;413;414;}411:{415;416;417;418;419;420;421;422;}412:{423;}422:{424;425;426;427;428;429;430;431;432;433;}424:{434;435;436;}426:{437;438;}431:{439;440;441;442;}432:{443;}437:{444;445;446;447;448;}445:{449;450;451;452;453;454;455;456;457;}446:{458;}457:{459;460;461;462;463;464;465;466;467;}458:{468;469;}462:{470;471;472;473;}463:{474;475;}466:{476;477;478;}472:{479;480;481;482;483;484;}481:{485;486;487;488;489;490;491;492;}484:{493;494;495;}494:{496;497;498;499;500;501;502;503;504;505;}499:{506;507;508;509;510;}510:{511;512;513;514;515;516;517;518;519;520;522;}518:{521;523;524;525;526;527;528;529;}527:{530;531;532;533;534;535;536;537;538;}530:{539;540;541;}538:{542;543;544;545;546;547;548;549;}549:{550;551;552;553;554;555;556;557;558;559;560;}555:{561;562;563;564;565;566;567;}560:{568;569;570;571;572;}567:{573;574;575;576;577;578;579;}572:{580;581;582;583;}578:{584;585;586;587;588;589;}580:{590;591;592;}582:{593;594;}591:{595;596;597;598;599;},559_560_561_,0-1*0_0-2*0_0-3*0_0-4*0_0-5*0_0-6*0_0-7*0_0-8*0_0-9*0_0-10*0_0-11*0_3-0*1_3-12*1_3-13*1_3-14*1_14-15*2_14-16*2_14-17*2_14-18*2_14-19*2_14-20*2_14-21*2_14-22*2_14-23*2_14-24*2_14-25*2_14-26*2_20-27*3_20-28*3_20-29*3_20-30*3_20-31*3_20-32*3_26-33*3_26-34*3_26-35*3_26-36*3_26-37*3_32-38*4_32-39*4_32-40*4_32-41*4_32-42*4_32-43*4_32-44*4_42-45*5_42-46*5_42-47*5_42-48*5_42-49*5_42-50*5_42-51*5_42-52*5_42-53*5_53-54*6_53-55*6_53-56*6_53-57*6_53-58*6_53-59*6_53-60*6_53-61*6_53-62*6_53-63*6_53-64*6_60-65*7_60-66*7_60-67*7_60-68*7_60-69*7_60-70*7_60-71*7_62-72*7_62-73*7_70-74*8_70-75*8_70-76*8_70-77*8_70-78*8_70-79*8_70-80*8_70-81*8_72-82*9_72-83*9_77-84*10_77-85*10_77-86*10_77-87*10_77-88*10_77-89*10_81-90*10_81-91*10_81-92*10_83-93*10_83-94*10_86-95*11_86-96*11_86-97*11_86-98*11_94-99*11_94-100*11_94-101*11_94-102*11_94-103*11_94-104*11_94-105*11_103-106*12_103-107*12_103-108*12_103-109*12_103-110*12_103-111*12_103-112*12_103-113*12_103-114*12_104-115*12_114-116*13_114-117*13_114-118*13_114-119*13_114-120*13_114-121*13_114-122*13_114-123*13_114-124*13_114-125*13_119-126*14_119-127*14_119-128*14_119-129*14_119-130*14_122-131*14_122-132*14_122-133*14_122-134*14_134-135*15_134-136*15_134-137*15_134-138*15_134-139*15_134-140*15_134-141*15_134-142*15_134-143*15_134-144*15_134-145*15_141-146*16_141-147*16_141-148*16_141-149*16_141-150*16_141-151*16_141-152*16_141-153*16_147-154*17_147-155*17_147-156*17_147-157*17_147-158*17_153-159*18_153-160*18_153-161*18_153-162*18_153-163*18_153-164*18_156-165*18_156-166*18_164-167*19_164-168*19_164-169*19_164-170*19_164-171*19_164-172*19_164-173*19_164-174*19_164-175*19_164-176*19_168-177*20_168-178*20_168-179*20_172-180*20_172-181*20_172-182*20_172-183*20_178-184*21_178-185*21_178-186*21_178-187*21_178-188*21_178-189*21_181-190*22_181-191*22_181-192*22_185-193*23_185-194*23_185-195*23_185-196*23_185-197*23_190-198*23_190-199*23_190-200*23_190-201*23_190-202*23_195-203*24_195-204*24_195-205*24_195-206*24_199-207*25_199-208*25_199-209*25_199-210*25_202-211*25_202-212*25_202-213*25_206-214*26_206-215*26_206-216*26_206-217*26_209-218*26_209-219*26_209-220*26_218-221*27_218-222*27_218-223*27_218-224*27_218-225*27_218-226*27_218-227*27_218-228*27_218-229*27_228-230*28_228-231*28_228-232*28_228-233*28_228-234*28_228-235*28_228-236*28_228-237*28_228-238*28_228-239*28_235-240*29_235-241*29_235-242*29_235-243*29_235-244*29_235-245*29_237-246*30_237-247*30_237-248*30_242-249*30_242-250*30_242-251*30_242-252*30_242-253*30_242-254*30_247-255*31_247-256*31_247-257*31_247-258*31_248-259*31_257-260*32_257-261*32_257-262*32_257-263*32_257-264*32_257-265*32_257-266*32_257-267*32_257-268*32_262-269*33_262-270*33_262-271*33_262-272*33_262-273*33_267-274*33_267-275*33_267-276*33_267-277*33_267-278*33_268-279*34_269-280*34_276-281*35_276-282*35_276-283*35_276-284*35_276-285*35_276-286*35_276-287*35_276-288*35_278-289*35_285-290*36_285-291*36_285-292*36_285-293*36_285-294*36_285-295*36_285-297*36_286-296*36_288-298*37_288-299*37_296-300*37_296-301*37_296-302*37_296-303*37_296-304*37_296-305*37_296-306*37_296-307*37_303-308*38_303-309*38_303-310*38_303-311*38_303-312*38_303-313*38_303-314*38_311-315*39_311-316*39_311-317*39_311-318*39_311-319*39_311-320*39_311-321*39_311-322*39_320-323*40_320-324*40_320-325*40_320-326*40_320-327*40_320-328*40_320-329*40_320-330*40_320-331*40_320-332*40_322-333*40_322-334*40_327-335*41_327-336*41_327-337*41_327-338*41_331-339*42_331-340*42_331-341*42_331-342*42_331-343*42_335-344*42_335-345*42_335-346*42_336-347*43_339-348*43_339-349*43_339-350*43_339-351*43_342-352*43_342-353*43_345-354*45_345-355*45_345-356*45_351-357*44_351-358*44_351-359*44_351-360*44_351-361*44_351-362*44_360-363*47_360-364*47_360-365*47_360-366*47_360-367*47_360-368*47_360-369*47_360-370*47_360-371*47_368-372*49_368-373*49_368-374*49_368-375*49_368-376*49_368-377*49_368-378*49_368-379*49_379-380*50_379-381*50_379-382*50_379-383*50_379-384*50_379-385*50_379-386*50_379-387*50_379-388*50_379-389*50_379-390*50_379-391*50_388-392*51_388-393*51_388-394*51_388-395*51_388-396*51_388-397*51_388-398*51_388-399*51_393-400*52_393-401*52_393-402*52_393-403*52_393-404*52_399-405*52_399-406*52_399-407*52_399-408*52_399-409*52_399-410*52_399-411*52_403-412*53_403-413*53_403-414*53_411-415*53_411-416*53_411-417*53_411-418*53_411-419*53_411-420*53_411-421*53_411-422*53_412-423*54_422-424*54_422-425*54_422-426*54_422-427*54_422-428*54_422-429*54_422-430*54_422-431*54_422-432*54_422-433*54_424-434*55_424-435*55_424-436*55_426-437*55_426-438*55_431-439*55_431-440*55_431-441*55_431-442*55_432-443*55_437-444*56_437-445*56_437-446*56_437-447*56_437-448*56_445-449*57_445-450*57_445-451*57_445-452*57_445-453*57_445-454*57_445-455*57_445-456*57_445-457*57_446-458*57_457-459*58_457-460*58_457-461*58_457-462*58_457-463*58_457-464*58_457-465*58_457-466*58_457-467*58_458-468*58_458-469*58_462-470*59_462-471*59_462-472*59_462-473*59_463-474*60_463-475*60_466-476*60_466-477*60_466-478*60_472-479*61_472-480*61_472-481*61_472-482*61_472-483*61_472-484*61_481-485*62_481-486*62_481-487*62_481-488*62_481-489*62_481-490*62_481-491*62_481-492*62_484-493*62_484-494*62_484-495*62_494-496*63_494-497*63_494-498*63_494-499*63_494-500*63_494-501*63_494-502*63_494-503*63_494-504*63_494-505*63_499-506*64_499-507*64_499-508*64_499-509*64_499-510*64_510-511*65_510-512*65_510-513*65_510-514*65_510-515*65_510-516*65_510-517*65_510-518*65_510-519*65_510-520*65_510-522*65_518-521*66_518-523*66_518-524*66_518-525*66_518-526*66_518-527*66_518-528*66_518-529*66_527-530*67_527-531*67_527-532*67_527-533*67_527-534*67_527-535*67_527-536*67_527-537*67_527-538*67_530-539*68_530-540*68_530-541*68_538-542*69_538-543*69_538-544*69_538-545*69_538-546*69_538-547*69_538-548*69_538-549*69_549-550*70_549-551*70_549-552*70_549-553*70_549-554*70_549-555*70_549-556*70_549-557*70_549-558*70_549-559*70_549-560*70_555-561*71_555-562*71_555-563*71_555-564*71_555-565*71_555-566*71_555-567*71_560-568*71_560-569*71_560-570*71_560-571*71_560-572*71_567-573*72_567-574*72_567-575*72_567-576*72_567-577*72_567-578*72_567-579*72_572-580*73_572-581*73_572-582*73_572-583*73_578-584*73_578-585*73_578-586*73_578-587*73_578-588*73_578-589*73_580-590*74_580-591*74_580-592*74_582-593*75_582-594*75_591-595*75_591-596*75_591-597*75_591-598*75_591-599*75_
