"id","Scenario","Actual Range","Protocol","Buildings","Total nodes","Nodes on circ","Total coverage","Coverage on circ","Alert received mean time","Hops","Slots","Messages sent","Messages received", "Starting x", "Starting y","Starting node", "Vehicle distance", "Received node ids", "Node ids", "Transmission map", "Received on circ nodes", "Transmission vector"
0,1,300,500,1,1776,80,700,34,213435,11.2353,195.5,305,700,1153.84,1884.7,310,25,309_311_308_312_314_274_315_273_316_310_317_318_319_320_321_1195_1460_1461_1191_1462_1463_1464_1459_1458_1473_1474_1470_1471_1494_1495_272_279_1563_1472_1496_1497_1469_1498_1500_1468_1501_278_850_271_849_848_270_260_259_261_262_1399_284_852_283_285_851_847_281_282_268_257_288_263_289_256_290_292_331_853_286_216_217_229_218_219_332_175_173_221_176_337_341_174_177_338_178_339_203_340_751_204_343_181_205_140_139_206_138_141_207_137_142_208_277_276_179_215_275_214_184_750_749_748_747_344_334_342_345_220_346_143_351_209_348_145_605_134_144_606_135_593_594_607_333_381_1502_352_350_353_372_172_171_222_170_168_226_5_4_1775_1738_612_611_610_1503_1528_230_264_228_265_227_266_267_223_383_567_382_379_384_385_441_571_440_156_865_155_596_575_255_212_211_210_182_183_185_124_126_186_189_123_122_99_656_98_1527_1504_1526_1505_1531_1525_1530_1551_1524_1529_157_159_590_154_160_589_151_161_586_588_150_164_152_585_162_576_149_153_163_584_587_148_572_592_146_595_570_133_357_356_439_431_430_287_432_429_827_1388_828_1014_1013_1012_1002_1001_998_997_950_604_349_568_359_378_371_360_373_361_442_428_443_427_444_394_426_395_433_425_434_423_409_436_410_437_414_438_415_416_655_121_120_119_658_609_118_659_115_116_660_661_112_103_104_608_105_614_616_106_615_642_617_167_166_165_582_949_996_943_948_946_947_962_1026_1027_1028_1029_735_641_618_640_619_639_620_638_621_117_637_622_623_625_626_632_627_631_628_190_188_100_192_97_187_671_96_193_95_194_101_7_94_195_6_70_86_68_75_67_76_66_77_1737_65_85_1739_64_84_942_945_941_940_939_961_810_960_630_629_994_963_981_938_644_643_633_636_634_294_959_964_970_971_645_354_355_864_78_566_995_93_71_62_61_82_37_60_35_83_18_57_19_54_53_648_647_980_979_978_976_975_974_973_972_965_445_412_448_411_417_418_419_107_670_984_983_985_986_987_982_108_109_110_667_111_672_56_55_79_420_421_422_956_954_370_368_367_366_365_408_407_406_52_1774_34_857_846_741_51_33_32_50_40_38_41_42_43_45_44_678_967_968_969_1133_127_128_129_130_577_581_28_666_675_59_63_81_48_676_46_677_565_398_49_724_742_743_835_362_363_364_17_1709_505_375_867_868_813_649_958_31_30_29_27_26_519_504_518_503_517_501_530_24_990_39_23_682_681_1706_131_679_1705_1707_1708_600_1519_516_515_87_92_88_90_89_685_72_684_73_683_12_824_744_745_870_871_872_873_874_875_583_597_386_387_1520_531_1518_532_533_561_562_563_564_528_560_405_377_673_663_529_559_556_404_555_403_554_397_534_396_1522_388_389_390_392_393_1517_1516_573_574_662_664_1377_1344_374_376_601_579_869_674_665_752_603_650_132_1515_1541_1542_1440_1439_1533_1534_1188_1177_1010_933_1355_1009_1025_1366_1008_1007_1006_1221_1332_1443_1024_966_955_1023_1000_944_1021_1020_1019_1018_922_977_900_988_993_953_992_991_911_1011_1022_1033_1044_1017_1110_1554_1_0_888_999_1540_1539_1005_952_951_989_1144_1155_1166_957_1122_1055_889_1310_877_866_779_668_557_1066_1077_446_1088_335_1099_224_1111_113_2_1665_,0_1_2_3_4_5_6_7_8_9_10_11_12_13_14_15_16_17_18_19_20_21_22_23_24_25_26_27_28_29_30_31_32_33_34_35_36_37_38_39_40_41_42_43_44_45_46_47_48_49_50_51_52_53_54_55_56_57_58_59_60_61_62_63_64_65_66_67_68_69_70_71_72_73_74_75_76_77_78_79_80_81_82_83_84_85_86_87_88_89_90_91_92_93_94_95_96_97_98_99_100_101_102_103_104_105_106_107_108_109_110_111_112_113_114_115_116_117_118_119_120_121_122_123_124_125_126_127_128_129_130_131_132_133_134_135_136_137_138_139_140_141_142_143_144_145_146_147_148_149_150_151_152_153_154_155_156_157_158_159_160_161_162_163_164_165_166_167_168_169_170_171_172_173_174_175_176_177_178_179_180_181_182_183_184_185_186_187_188_189_190_191_192_193_194_195_196_197_198_199_200_201_202_203_204_205_206_207_208_209_210_211_212_213_214_215_216_217_218_219_220_221_222_223_224_225_226_227_228_229_230_231_232_233_234_235_236_237_238_239_240_241_242_243_244_245_246_247_248_249_250_251_252_253_254_255_256_257_258_259_260_261_262_263_264_265_266_267_268_269_270_271_272_273_274_275_276_277_278_279_280_281_282_283_284_285_286_287_288_289_290_291_292_293_294_295_296_297_298_299_300_301_302_303_304_305_306_307_308_309_310_311_312_313_314_315_316_317_318_319_320_321_322_323_324_325_326_327_328_329_330_331_332_333_334_335_336_337_338_339_340_341_342_343_344_345_346_347_348_349_350_351_352_353_354_355_356_357_358_359_360_361_362_363_364_365_366_367_368_369_370_371_372_373_374_375_376_377_378_379_380_381_382_383_384_385_386_387_388_389_390_391_392_393_394_395_396_397_398_399_400_401_402_403_404_405_406_407_408_409_410_411_412_413_414_415_416_417_418_419_420_421_422_423_424_425_426_427_428_429_430_431_432_433_434_435_436_437_438_439_440_441_442_443_444_445_446_447_448_449_450_451_452_453_454_455_456_457_458_459_460_461_462_463_464_465_466_467_468_469_470_471_472_473_474_475_476_477_478_479_480_481_482_483_484_485_486_487_488_489_490_491_492_493_494_495_496_497_498_499_500_501_502_503_504_505_506_507_508_509_510_511_512_513_514_515_516_517_518_519_520_521_522_523_524_525_526_527_528_529_530_531_532_533_534_535_536_537_538_539_540_541_542_543_544_545_546_547_548_549_550_551_552_553_554_555_556_557_558_559_560_561_562_563_564_565_566_567_568_569_570_571_572_573_574_575_576_577_578_579_580_581_582_583_584_585_586_587_588_589_590_591_592_593_594_595_596_597_598_599_600_601_602_603_604_605_606_607_608_609_610_611_612_613_614_615_616_617_618_619_620_621_622_623_624_625_626_627_628_629_630_631_632_633_634_635_636_637_638_639_640_641_642_643_644_645_646_647_648_649_650_651_652_653_654_655_656_657_658_659_660_661_662_663_664_665_666_667_668_669_670_671_672_673_674_675_676_677_678_679_680_681_682_683_684_685_686_687_688_689_690_691_692_693_694_695_696_697_698_699_700_701_702_703_704_705_706_707_708_709_710_711_712_713_714_715_716_717_718_719_720_721_722_723_724_725_726_727_728_729_730_731_732_733_734_735_736_737_738_739_740_741_742_743_744_745_746_747_748_749_750_751_752_753_754_755_756_757_758_759_760_761_762_763_764_765_766_767_768_769_770_771_772_773_774_775_776_777_778_779_780_781_782_783_784_785_786_787_788_789_790_791_792_793_794_795_796_797_798_799_800_801_802_803_804_805_806_807_808_809_810_811_812_813_814_815_816_817_818_819_820_821_822_823_824_825_826_827_828_829_830_831_832_833_834_835_836_837_838_839_840_841_842_843_844_845_846_847_848_849_850_851_852_853_854_855_856_857_858_859_860_861_862_863_864_865_866_867_868_869_870_871_872_873_874_875_876_877_878_879_880_881_882_883_884_885_886_887_888_889_890_891_892_893_894_895_896_897_898_899_900_901_902_903_904_905_906_907_908_909_910_911_912_913_914_915_916_917_918_919_920_921_922_923_924_925_926_927_928_929_930_931_932_933_934_935_936_937_938_939_940_941_942_943_944_945_946_947_948_949_950_951_952_953_954_955_956_957_958_959_960_961_962_963_964_965_966_967_968_969_970_971_972_973_974_975_976_977_978_979_980_981_982_983_984_985_986_987_988_989_990_991_992_993_994_995_996_997_998_999_1000_1001_1002_1003_1004_1005_1006_1007_1008_1009_1010_1011_1012_1013_1014_1015_1016_1017_1018_1019_1020_1021_1022_1023_1024_1025_1026_1027_1028_1029_1030_1031_1032_1033_1034_1035_1036_1037_1038_1039_1040_1041_1042_1043_1044_1045_1046_1047_1048_1049_1050_1051_1052_1053_1054_1055_1056_1057_1058_1059_1060_1061_1062_1063_1064_1065_1066_1067_1068_1069_1070_1071_1072_1073_1074_1075_1076_1077_1078_1079_1080_1081_1082_1083_1084_1085_1086_1087_1088_1089_1090_1091_1092_1093_1094_1095_1096_1097_1098_1099_1100_1101_1102_1103_1104_1105_1106_1107_1108_1109_1110_1111_1112_1113_1114_1115_1116_1117_1118_1119_1120_1121_1122_1123_1124_1125_1126_1127_1128_1129_1130_1131_1132_1133_1134_1135_1136_1137_1138_1139_1140_1141_1142_1143_1144_1145_1146_1147_1148_1149_1150_1151_1152_1153_1154_1155_1156_1157_1158_1159_1160_1161_1162_1163_1164_1165_1166_1167_1168_1169_1170_1171_1172_1173_1174_1175_1176_1177_1178_1179_1180_1181_1182_1183_1184_1185_1186_1187_1188_1189_1190_1191_1192_1193_1194_1195_1196_1197_1198_1199_1200_1201_1202_1203_1204_1205_1206_1207_1208_1209_1210_1211_1212_1213_1214_1215_1216_1217_1218_1219_1220_1221_1222_1223_1224_1225_1226_1227_1228_1229_1230_1231_1232_1233_1234_1235_1236_1237_1238_1239_1240_1241_1242_1243_1244_1245_1246_1247_1248_1249_1250_1251_1252_1253_1254_1255_1256_1257_1258_1259_1260_1261_1262_1263_1264_1265_1266_1267_1268_1269_1270_1271_1272_1273_1274_1275_1276_1277_1278_1279_1280_1281_1282_1283_1284_1285_1286_1287_1288_1289_1290_1291_1292_1293_1294_1295_1296_1297_1298_1299_1300_1301_1302_1303_1304_1305_1306_1307_1308_1309_1310_1311_1312_1313_1314_1315_1316_1317_1318_1319_1320_1321_1322_1323_1324_1325_1326_1327_1328_1329_1330_1331_1332_1333_1334_1335_1336_1337_1338_1339_1340_1341_1342_1343_1344_1345_1346_1347_1348_1349_1350_1351_1352_1353_1354_1355_1356_1357_1358_1359_1360_1361_1362_1363_1364_1365_1366_1367_1368_1369_1370_1371_1372_1373_1374_1375_1376_1377_1378_1379_1380_1381_1382_1383_1384_1385_1386_1387_1388_1389_1390_1391_1392_1393_1394_1395_1396_1397_1398_1399_1400_1401_1402_1403_1404_1405_1406_1407_1408_1409_1410_1411_1412_1413_1414_1415_1416_1417_1418_1419_1420_1421_1422_1423_1424_1425_1426_1427_1428_1429_1430_1431_1432_1433_1434_1435_1436_1437_1438_1439_1440_1441_1442_1443_1444_1445_1446_1447_1448_1449_1450_1451_1452_1453_1454_1455_1456_1457_1458_1459_1460_1461_1462_1463_1464_1465_1466_1467_1468_1469_1470_1471_1472_1473_1474_1475_1476_1477_1478_1479_1480_1481_1482_1483_1484_1485_1486_1487_1488_1489_1490_1491_1492_1493_1494_1495_1496_1497_1498_1499_1500_1501_1502_1503_1504_1505_1506_1507_1508_1509_1510_1511_1512_1513_1514_1515_1516_1517_1518_1519_1520_1521_1522_1523_1524_1525_1526_1527_1528_1529_1530_1531_1532_1533_1534_1535_1536_1537_1538_1539_1540_1541_1542_1543_1544_1545_1546_1547_1548_1549_1550_1551_1552_1553_1554_1555_1556_1557_1558_1559_1560_1561_1562_1563_1564_1565_1566_1567_1568_1569_1570_1571_1572_1573_1574_1575_1576_1577_1578_1579_1580_1581_1582_1583_1584_1585_1586_1587_1588_1589_1590_1591_1592_1593_1594_1595_1596_1597_1598_1599_1600_1601_1602_1603_1604_1605_1606_1607_1608_1609_1610_1611_1612_1613_1614_1615_1616_1617_1618_1619_1620_1621_1622_1623_1624_1625_1626_1627_1628_1629_1630_1631_1632_1633_1634_1635_1636_1637_1638_1639_1640_1641_1642_1643_1644_1645_1646_1647_1648_1649_1650_1651_1652_1653_1654_1655_1656_1657_1658_1659_1660_1661_1662_1663_1664_1665_1666_1667_1668_1669_1670_1671_1672_1673_1674_1675_1676_1677_1678_1679_1680_1681_1682_1683_1684_1685_1686_1687_1688_1689_1690_1691_1692_1693_1694_1695_1696_1697_1698_1699_1700_1701_1702_1703_1704_1705_1706_1707_1708_1709_1710_1711_1712_1713_1714_1715_1716_1717_1718_1719_1720_1721_1722_1723_1724_1725_1726_1727_1728_1729_1730_1731_1732_1733_1734_1735_1736_1737_1738_1739_1740_1741_1742_1743_1744_1745_1746_1747_1748_1749_1750_1751_1752_1753_1754_1755_1756_1757_1758_1759_1760_1761_1762_1763_1764_1765_1766_1767_1768_1769_1770_1771_1772_1773_1774_1775_,27:{679;1705;1707;1708;}30:{39;23;682;681;1706;}32:{24;}33:{26;}35:{31;30;29;27;}43:{48;676;46;677;}44:{49;}53:{51;33;32;50;40;38;41;42;43;45;44;678;}55:{28;666;}64:{62;61;82;37;60;35;83;18;57;19;54;53;648;647;}65:{17;1709;}67:{79;}68:{93;71;}77:{34;}90:{673;663;}93:{87;92;88;90;89;685;72;684;73;683;12;}99:{78;}104:{107;670;}106:{108;109;110;667;111;672;56;55;}110:{52;}122:{655;121;120;119;658;609;118;659;115;116;660;661;112;103;104;608;105;614;616;106;615;642;}123:{617;}131:{132;}133:{131;}135:{649;}137:{143;209;145;605;134;144;606;135;607;}148:{600;}153:{604;}155:{439;431;430;}156:{157;159;590;154;160;589;151;161;586;588;150;164;152;585;162;576;149;153;163;584;587;148;572;592;146;595;570;133;357;356;}159:{577;581;}163:{354;355;864;}167:{573;574;}168:{167;166;165;}176:{172;171;222;170;168;226;5;4;1775;1738;}177:{1774;}189:{190;188;100;192;97;187;671;96;193;95;194;101;7;94;195;6;70;86;68;75;67;76;66;77;1737;65;85;1739;64;84;}215:{212;211;210;182;183;185;124;126;186;189;123;122;99;656;98;}217:{218;219;175;173;221;176;337;341;174;177;338;178;339;203;340;751;204;343;181;205;140;139;206;138;141;207;137;142;208;}227:{255;}256:{230;264;228;265;227;266;267;223;}260:{333;}271:{229;}272:{278;850;271;849;848;270;260;259;261;262;}273:{272;279;}281:{294;}288:{277;276;179;215;275;214;184;}308:{310;}310:{309;311;308;312;314;274;315;273;316;}315:{317;318;319;320;321;1195;1460;1461;}332:{735;}339:{344;334;342;345;220;346;351;348;593;594;}340:{381;}345:{352;350;353;372;}350:{349;568;359;378;371;360;373;361;}361:{362;363;364;}364:{377;}371:{370;368;367;366;365;408;407;406;}372:{857;846;741;}373:{375;}375:{374;376;}378:{867;868;813;}381:{383;567;382;379;384;385;441;571;440;156;865;155;596;575;}385:{386;387;}387:{388;389;390;392;393;}406:{560;405;}416:{445;412;448;411;417;418;419;}419:{420;421;422;}420:{505;}422:{519;504;518;503;517;501;530;}429:{442;428;443;427;444;394;426;395;433;425;434;423;409;436;410;437;414;438;415;416;}430:{566;}431:{565;398;}440:{582;}517:{516;515;}531:{528;}560:{559;556;404;555;403;554;397;534;396;}562:{529;}584:{583;597;}596:{432;429;}600:{601;579;}604:{603;650;}607:{612;611;610;}614:{641;618;640;619;639;620;638;621;117;637;622;623;625;626;632;627;631;628;}615:{630;629;}620:{644;643;633;636;634;}621:{645;}648:{675;59;63;81;}655:{127;128;129;130;}663:{662;664;}673:{674;665;}735:{724;742;743;835;}741:{752;}743:{824;744;745;870;871;872;873;874;875;}751:{750;749;748;747;}846:{869;}847:{853;286;216;217;}849:{332;}850:{284;852;283;285;851;847;281;282;268;257;288;263;289;256;290;292;331;}853:{287;}875:{531;532;533;561;562;563;564;}900:{889;1310;877;866;779;668;557;}943:{942;945;941;940;939;961;810;960;}944:{922;977;900;988;993;953;}947:{994;963;981;938;}950:{949;996;943;948;946;947;962;1026;1027;1028;1029;}953:{952;951;989;1144;1155;1166;}954:{957;}961:{959;964;970;971;}962:{995;}963:{980;979;978;}964:{965;}965:{990;}966:{992;991;911;}971:{984;983;985;986;987;}976:{975;974;973;972;}981:{967;968;969;1133;}983:{982;}997:{950;}1006:{1005;}1007:{1017;}1025:{1024;966;955;1023;1000;944;1021;1020;1019;1018;}1026:{976;}1028:{958;}1029:{956;954;}1044:{1055;}1055:{1066;1077;446;1088;335;1099;224;1111;113;2;1665;}1144:{1122;}1177:{1011;1022;1033;1044;}1195:{1191;1462;1463;1464;1459;1458;1473;1474;}1332:{1110;1554;1;0;888;999;1540;1539;}1344:{1188;1177;1010;933;1355;1009;1025;1366;1008;1007;1006;}1388:{1377;1344;}1399:{827;1388;828;1014;1013;1012;1002;1001;998;997;}1470:{1563;1472;}1472:{1399;}1474:{1470;1471;1494;1495;}1495:{1496;1497;1469;1498;1500;1468;}1497:{1501;}1500:{1503;1528;}1501:{1502;}1516:{1515;1541;1542;1440;1439;1533;1534;}1518:{1517;1516;}1524:{1522;}1525:{1520;1518;}1526:{1519;}1528:{1527;1504;1526;1505;1531;1525;1530;1551;1524;1529;}1534:{1221;1332;1443;},1_29_30_39_51_52_53_54_392_397_398_403_404_405_432_433_434_562_563_565_566_608_615_616_617_642_645_810_1002_1021_1023_1344_1533_1534_,310-309*0_310-311*0_310-308*0_310-312*0_310-314*0_310-274*0_310-315*0_310-273*0_310-316*0_308-310*1_315-317*2_315-318*2_315-319*2_315-320*2_315-321*2_315-1195*2_315-1460*2_315-1461*2_1195-1191*3_1195-1462*3_1195-1463*3_1195-1464*3_1195-1459*3_1195-1458*3_1195-1473*3_1195-1474*3_1474-1470*4_1474-1471*4_1474-1494*4_1474-1495*4_273-272*2_273-279*2_1470-1563*5_1470-1472*5_1495-1496*5_1495-1497*5_1495-1469*5_1495-1498*5_1495-1500*5_1495-1468*5_1497-1501*6_272-278*3_272-850*3_272-271*3_272-849*3_272-848*3_272-270*3_272-260*3_272-259*3_272-261*3_272-262*3_1472-1399*6_850-284*4_850-852*4_850-283*4_850-285*4_850-851*4_850-847*4_850-281*4_850-282*4_850-268*4_850-257*4_850-288*4_850-263*4_850-289*4_850-256*4_850-290*4_850-292*4_850-331*4_847-853*5_847-286*5_847-216*5_847-217*5_271-229*5_217-218*6_217-219*6_849-332*6_217-175*6_217-173*6_217-221*6_217-176*6_217-337*6_217-341*6_217-174*6_217-177*6_217-338*6_217-178*6_217-339*6_217-203*6_217-340*6_217-751*6_217-204*6_217-343*6_217-181*6_217-205*6_217-140*6_217-139*6_217-206*6_217-138*6_217-141*6_217-207*6_217-137*6_217-142*6_217-208*6_288-277*5_288-276*5_288-179*5_288-215*5_288-275*5_288-214*5_288-184*5_751-750*7_751-749*7_751-748*7_751-747*7_339-344*7_339-334*7_339-342*7_339-345*7_339-220*7_339-346*7_137-143*7_339-351*7_137-209*7_339-348*7_137-145*7_137-605*7_137-134*7_137-144*7_137-606*7_137-135*7_339-593*7_339-594*7_137-607*7_260-333*4_340-381*7_1501-1502*7_345-352*8_345-350*8_345-353*8_345-372*8_176-172*7_176-171*7_176-222*7_176-170*7_176-168*7_176-226*7_176-5*7_176-4*7_176-1775*7_176-1738*7_607-612*8_607-611*8_607-610*8_1500-1503*6_1500-1528*6_256-230*5_256-264*5_256-228*5_256-265*5_256-227*5_256-266*5_256-267*5_256-223*5_381-383*9_381-567*9_381-382*9_381-379*9_381-384*9_381-385*9_381-441*9_381-571*9_381-440*9_381-156*9_381-865*9_381-155*9_381-596*9_381-575*9_227-255*6_215-212*6_215-211*6_215-210*6_215-182*6_215-183*6_215-185*6_215-124*6_215-126*6_215-186*6_215-189*6_215-123*6_215-122*6_215-99*6_215-656*6_215-98*6_1528-1527*7_1528-1504*7_1528-1526*7_1528-1505*7_1528-1531*7_1528-1525*7_1528-1530*7_1528-1551*7_1528-1524*7_1528-1529*7_156-157*10_156-159*10_156-590*10_156-154*10_156-160*10_156-589*10_156-151*10_156-161*10_156-586*10_156-588*10_156-150*10_156-164*10_156-152*10_156-585*10_156-162*10_156-576*10_156-149*10_156-153*10_156-163*10_156-584*10_156-587*10_156-148*10_156-572*10_156-592*10_156-146*10_156-595*10_156-570*10_156-133*10_156-357*10_156-356*10_155-439*11_155-431*11_155-430*11_853-287*7_596-432*10_596-429*10_1399-827*7_1399-1388*7_1399-828*7_1399-1014*7_1399-1013*7_1399-1012*7_1399-1002*7_1399-1001*7_1399-998*7_1399-997*7_997-950*8_153-604*11_350-349*9_350-568*9_350-359*9_350-378*9_350-371*9_350-360*9_350-373*9_350-361*9_429-442*11_429-428*11_429-443*11_429-427*11_429-444*11_429-394*11_429-426*11_429-395*11_429-433*11_429-425*11_429-434*11_429-423*11_429-409*11_429-436*11_429-410*11_429-437*11_429-414*11_429-438*11_429-415*11_429-416*11_122-655*7_122-121*7_122-120*7_122-119*7_122-658*7_122-609*7_122-118*7_122-659*7_122-115*7_122-116*7_122-660*7_122-661*7_122-112*7_122-103*7_122-104*7_122-608*7_122-105*7_122-614*7_122-616*7_122-106*7_122-615*7_122-642*7_123-617*7_168-167*10_168-166*10_168-165*10_440-582*10_950-949*9_950-996*9_950-943*9_950-948*9_950-946*9_950-947*9_950-962*9_950-1026*9_950-1027*9_950-1028*9_950-1029*9_332-735*7_614-641*8_614-618*8_614-640*8_614-619*8_614-639*8_614-620*8_614-638*8_614-621*8_614-117*8_614-637*8_614-622*8_614-623*8_614-625*8_614-626*8_614-632*8_614-627*8_614-631*8_614-628*8_189-190*7_189-188*7_189-100*7_189-192*7_189-97*7_189-187*7_189-671*7_189-96*7_189-193*7_189-95*7_189-194*7_189-101*7_189-7*7_189-94*7_189-195*7_189-6*7_189-70*7_189-86*7_189-68*7_189-75*7_189-67*7_189-76*7_189-66*7_189-77*7_189-1737*7_189-65*7_189-85*7_189-1739*7_189-64*7_189-84*7_943-942*10_943-945*10_943-941*10_943-940*10_943-939*10_943-961*10_943-810*10_943-960*10_615-630*9_615-629*9_947-994*11_947-963*11_947-981*11_947-938*11_620-644*9_620-643*9_620-633*9_620-636*9_620-634*9_281-294*7_961-959*11_961-964*11_961-970*11_961-971*11_621-645*9_163-354*12_163-355*12_163-864*12_99-78*8_430-566*12_962-995*12_68-93*8_68-71*8_64-62*8_64-61*8_64-82*8_64-37*8_64-60*8_64-35*8_64-83*8_64-18*8_64-57*8_64-19*8_64-54*8_64-53*8_64-648*8_64-647*8_963-980*12_963-979*12_963-978*12_1026-976*12_976-975*13_976-974*13_976-973*13_976-972*13_964-965*12_416-445*13_416-412*13_416-448*13_416-411*13_416-417*13_416-418*13_416-419*13_104-107*8_104-670*8_971-984*13_971-983*13_971-985*13_971-986*13_971-987*13_983-982*14_106-108*8_106-109*8_106-110*8_106-667*8_106-111*8_106-672*8_106-56*8_106-55*8_67-79*9_419-420*14_419-421*14_419-422*14_1029-956*12_1029-954*12_371-370*10_371-368*10_371-367*10_371-366*10_371-365*10_371-408*10_371-407*10_371-406*10_110-52*9_177-1774*10_77-34*9_372-857*10_372-846*10_372-741*10_53-51*9_53-33*9_53-32*9_53-50*9_53-40*9_53-38*9_53-41*9_53-42*9_53-43*9_53-45*9_53-44*9_53-678*9_981-967*12_981-968*12_981-969*12_981-1133*12_655-127*11_655-128*11_655-129*11_655-130*11_159-577*13_159-581*13_55-28*10_55-666*10_648-675*9_648-59*9_648-63*9_648-81*9_43-48*10_43-676*10_43-46*10_43-677*10_431-565*15_431-398*15_44-49*11_735-724*8_735-742*8_735-743*8_735-835*8_361-362*10_361-363*10_361-364*10_65-17*9_65-1709*9_420-505*15_373-375*10_378-867*10_378-868*10_378-813*10_135-649*12_1028-958*13_35-31*10_35-30*10_35-29*10_35-27*10_33-26*11_422-519*16_422-504*16_422-518*16_422-503*16_422-517*16_422-501*16_422-530*16_32-24*11_965-990*13_30-39*11_30-23*11_30-682*11_30-681*11_30-1706*11_133-131*12_27-679*12_27-1705*12_27-1707*12_27-1708*12_148-600*13_1526-1519*9_517-516*17_517-515*17_93-87*9_93-92*9_93-88*9_93-90*9_93-89*9_93-685*9_93-72*9_93-684*9_93-73*9_93-683*9_93-12*9_743-824*9_743-744*9_743-745*9_743-870*9_743-871*9_743-872*9_743-873*9_743-874*9_743-875*9_584-583*14_584-597*14_385-386*10_385-387*10_1525-1520*10_875-531*10_1525-1518*10_875-532*10_875-533*10_875-561*10_875-562*10_875-563*10_875-564*10_531-528*11_406-560*11_406-405*11_364-377*11_90-673*11_90-663*11_562-529*12_560-559*12_560-556*12_560-404*12_560-555*12_560-403*12_560-554*12_560-397*12_560-534*12_560-396*12_1524-1522*11_387-388*11_387-389*11_387-390*11_387-392*11_387-393*11_1518-1517*12_1518-1516*12_167-573*13_167-574*13_663-662*12_663-664*12_1388-1377*8_1388-1344*8_375-374*11_375-376*11_600-601*14_600-579*14_846-869*11_673-674*12_673-665*12_741-752*11_604-603*15_604-650*15_131-132*13_1516-1515*13_1516-1541*13_1516-1542*13_1516-1440*13_1516-1439*13_1516-1533*13_1516-1534*13_1344-1188*9_1344-1177*9_1344-1010*9_1344-933*9_1344-1355*9_1344-1009*9_1344-1025*9_1344-1366*9_1344-1008*9_1344-1007*9_1344-1006*9_1534-1221*15_1534-1332*15_1534-1443*15_1025-1024*10_1025-966*10_1025-955*10_1025-1023*10_1025-1000*10_1025-944*10_1025-1021*10_1025-1020*10_1025-1019*10_1025-1018*10_944-922*11_944-977*11_944-900*11_944-988*11_944-993*11_944-953*11_966-992*12_966-991*12_966-911*12_1177-1011*11_1177-1022*11_1177-1033*11_1177-1044*11_1007-1017*11_1332-1110*16_1332-1554*16_1332-1*16_1332-0*16_1332-888*16_1332-999*16_1332-1540*16_1332-1539*16_1006-1005*11_953-952*13_953-951*13_953-989*13_953-1144*13_953-1155*13_953-1166*13_954-957*13_1144-1122*14_1044-1055*12_900-889*12_900-1310*12_900-877*12_900-866*12_900-779*12_900-668*12_900-557*12_1055-1066*13_1055-1077*13_1055-446*13_1055-1088*13_1055-335*13_1055-1099*13_1055-224*13_1055-1111*13_1055-113*13_1055-2*13_1055-1665*13_
