"id","Scenario","Actual Range","Protocol","Buildings","Total nodes","Nodes on circ","Total coverage","Coverage on circ","Alert received mean time","Hops","Slots","Messages sent","Messages received", "Starting x", "Starting y","Starting node", "Vehicle distance", "Received node ids", "Node ids", "Transmission map", "Received on circ nodes", "Transmission vector"
0,1,300,500,1,1344,21,1344,21,442665,8.71429,255.571,782,1344,2500,2250,662,25,661_663_660_664_659_665_658_666_657_667_656_668_1247_1246_1245_655_669_1244_1243_654_670_653_671_652_651_650_649_648_647_1242_646_1241_645_644_662_643_642_641_640_1151_1150_1149_639_1148_638_1147_1146_637_636_635_634_633_1343_1342_1341_1340_1339_1338_1337_632_1145_1144_631_630_1143_629_628_627_626_625_624_1055_1054_623_622_621_620_1336_1335_1053_619_1052_618_1051_617_1050_616_1049_615_1048_614_1047_613_612_611_1334_1333_1332_1331_1330_1329_1328_575_574_1327_1326_1325_1324_1142_1141_1140_1139_1138_1137_544_1136_543_545_542_546_541_547_1135_1134_1133_1132_1131_540_548_539_549_538_550_537_551_552_1130_553_1129_554_1128_555_1127_610_1126_1125_1124_1123_1122_1121_448_1120_447_449_446_450_451_1119_1118_1117_1116_536_535_534_533_532_531_530_529_452_453_454_455_456_1115_445_457_1114_444_458_1113_443_459_442_460_441_461_440_462_439_463_609_608_959_958_607_957_606_956_605_955_604_954_603_953_602_952_601_600_599_598_597_596_595_594_593_592_863_591_590_589_951_950_949_948_947_946_945_512_944_511_513_943_510_514_942_509_515_941_508_516_940_507_517_939_506_518_938_505_519_937_504_520_936_503_521_935_502_522_934_501_523_933_500_524_932_931_930_929_1112_1111_1110_1109_1108_1107_1106_1105_352_1104_499_498_497_496_848_847_849_846_850_845_851_495_844_852_494_843_853_842_854_493_492_491_490_489_416_928_415_417_414_418_413_419_927_412_420_411_421_926_925_924_923_922_351_353_1103_350_354_1102_349_355_1101_348_356_1100_347_357_1099_346_358_1098_345_359_1097_344_360_1096_343_361_1095_342_362_1094_341_363_1093_340_364_1092_841_855_840_856_857_488_858_487_859_486_339_338_337_336_1008_1007_1009_1006_1010_335_1005_1011_1004_1012_334_1003_1013_333_1002_1014_332_331_330_329_328_1001_1000_999_998_997_996_995_994_993_240_992_241_242_243_991_990_921_920_919_410_422_918_409_423_917_916_915_914_913_573_1323_572_1322_571_1321_570_1320_569_1319_568_1318_567_1317_1316_1315_485_484_483_482_481_480_752_753_754_755_1314_1313_1312_479_478_477_1311_476_475_1310_1309_1308_1307_1306_588_587_586_862_585_861_584_860_583_582_581_580_579_578_577_327_326_325_324_323_322_321_320_912_911_910_319_318_317_316_239_238_237_989_236_244_988_235_245_987_234_246_986_233_247_985_232_248_984_231_249_983_230_250_982_229_251_981_228_252_980_227_315_314_909_908_907_906_905_528_1040_1039_1041_1038_1042_1043_527_526_525_313_312_311_310_309_308_307_306_305_304_816_817_818_819_303_815_302_814_820_301_813_821_300_812_822_299_811_823_298_810_824_297_809_825_296_808_826_295_807_827_806_828_805_829_438_437_436_435_434_433_432_1024_1023_1025_1022_1026_1021_1027_431_430_429_428_427_1091_1090_1089_256_1088_255_257_254_258_253_259_1087_260_1086_261_262_1085_1084_1083_1082_1081_226_225_224_896_1305_1304_1303_1302_1301_1300_474_1299_1298_1297_1296_1295_979_978_977_144_976_143_145_142_146_141_147_975_140_148_139_149_974_973_972_971_970_751_750_749_576_767_766_383_382_381_380_1294_379_378_1293_1292_1291_1290_1289_969_968_134_967_156_133_157_132_158_131_159_263_895_897_898_899_223_222_221_135_130_136_129_137_128_138_880_879_881_878_882_877_883_127_876_884_126_875_885_874_886_125_124_123_122_121_839_838_837_836_835_894_893_892_900_220_891_901_219_890_902_218_889_903_217_888_904_216_887_215_214_213_1080_1079_1078_1077_1076_1075_1074_804_803_802_801_208_800_209_210_211_799_798_1044_1037_1045_1036_1046_1035_1034_1033_1032_1031_1030_1029_1073_160_1072_161_162_1071_163_164_1070_155_165_1069_154_166_1068_153_167_1067_168_1066_169_1065_170_1064_171_1063_1020_1028_1019_426_1018_425_1017_424_1016_1015_207_797_377_1288_408_834_833_400_832_399_401_398_402_397_403_831_396_404_830_395_405_394_406_393_392_391_390_389_407_388_387_386_150_151_152_966_172_173_174_175_176_1168_1167_1169_1166_1170_177_178_179_180_212_206_205_204_748_747_746_756_745_757_744_758_743_759_742_760_741_761_740_762_739_763_1240_1239_1238_1237_1236_1235_1234_1233_560_1232_559_561_562_563_1231_1230_1229_1062_1061_1060_1059_1058_1057_64_1056_63_65_62_66_67_558_557_556_564_565_566_1228_1227_1226_1225_1224_376_375_374_373_372_371_370_369_368_1200_1199_1201_1202_1203_367_366_365_796_795_794_203_202_201_200_385_384_736_735_737_734_738_765_764_1287_1286_1285_1284_1283_1282_1281_1280_1279_199_198_197_196_195_194_193_192_704_705_706_707_965_964_963_962_961_48_960_47_49_46_50_45_51_44_52_43_53_703_702_701_54_55_56_57_58_59_42_60_41_61_40_39_1278_287_1277_286_1276_285_1275_284_1274_283_1273_282_1272_281_1271_280_1270_279_1269_1268_1267_68_69_70_71_72_73_74_75_76_717_38_37_36_35_34_33_32_864_865_866_867_31_30_29_28_708_709_710_711_712_713_700_714_699_715_698_716_697_696_718_695_719_873_27_26_25_24_23_868_22_869_21_870_20_19_18_17_16_768_733_732_731_730_729_728_727_726_725_1198_1197_1196_1204_1195_1205_1194_1206_1193_1207_793_792_791_790_789_788_787_786_785_112_784_694_693_692_691_690_689_96_688_97_98_99_687_769_770_15_771_14_772_13_773_12_774_11_775_10_776_9_777_8_778_7_779_6_111_113_783_110_114_782_109_115_781_108_116_780_107_117_106_118_105_119_104_120_103_1266_1265_1264_191_190_189_1263_1262_1261_1260_1259_294_293_292_5_724_1223_1222_1221_1220_188_187_186_185_1258_1257_1256_1255_686_685_684_683_100_682_101_681_102_680_679_678_677_676_675_1219_1218_1217_464_1216_465_466_1215_467_468_1214_469_1213_470_1212_471_1211_472_1210_473_1209_1208_291_290_289_288_720_721_722_723_674_673_0_672_1_2_3_4_872_871_1192_1191_1190_1189_1188_1187_1186_1185_272_1184_273_274_275_1183_1182_184_183_182_181_1254_1253_1252_1251_1250_1249_1248_95_94_77_78_79_271_1181_270_1180_269_1179_268_276_1178_267_277_1177_266_278_1176_265_1175_264_1174_1173_1172_1171_1165_1164_1163_1162_1161_93_92_91_90_89_88_87_86_85_84_83_82_1160_1159_1158_1157_1156_1155_1154_1153_80_1152_81_,0_1_2_3_4_5_6_7_8_9_10_11_12_13_14_15_16_17_18_19_20_21_22_23_24_25_26_27_28_29_30_31_32_33_34_35_36_37_38_39_40_41_42_43_44_45_46_47_48_49_50_51_52_53_54_55_56_57_58_59_60_61_62_63_64_65_66_67_68_69_70_71_72_73_74_75_76_77_78_79_80_81_82_83_84_85_86_87_88_89_90_91_92_93_94_95_96_97_98_99_100_101_102_103_104_105_106_107_108_109_110_111_112_113_114_115_116_117_118_119_120_121_122_123_124_125_126_127_128_129_130_131_132_133_134_135_136_137_138_139_140_141_142_143_144_145_146_147_148_149_150_151_152_153_154_155_156_157_158_159_160_161_162_163_164_165_166_167_168_169_170_171_172_173_174_175_176_177_178_179_180_181_182_183_184_185_186_187_188_189_190_191_192_193_194_195_196_197_198_199_200_201_202_203_204_205_206_207_208_209_210_211_212_213_214_215_216_217_218_219_220_221_222_223_224_225_226_227_228_229_230_231_232_233_234_235_236_237_238_239_240_241_242_243_244_245_246_247_248_249_250_251_252_253_254_255_256_257_258_259_260_261_262_263_264_265_266_267_268_269_270_271_272_273_274_275_276_277_278_279_280_281_282_283_284_285_286_287_288_289_290_291_292_293_294_295_296_297_298_299_300_301_302_303_304_305_306_307_308_309_310_311_312_313_314_315_316_317_318_319_320_321_322_323_324_325_326_327_328_329_330_331_332_333_334_335_336_337_338_339_340_341_342_343_344_345_346_347_348_349_350_351_352_353_354_355_356_357_358_359_360_361_362_363_364_365_366_367_368_369_370_371_372_373_374_375_376_377_378_379_380_381_382_383_384_385_386_387_388_389_390_391_392_393_394_395_396_397_398_399_400_401_402_403_404_405_406_407_408_409_410_411_412_413_414_415_416_417_418_419_420_421_422_423_424_425_426_427_428_429_430_431_432_433_434_435_436_437_438_439_440_441_442_443_444_445_446_447_448_449_450_451_452_453_454_455_456_457_458_459_460_461_462_463_464_465_466_467_468_469_470_471_472_473_474_475_476_477_478_479_480_481_482_483_484_485_486_487_488_489_490_491_492_493_494_495_496_497_498_499_500_501_502_503_504_505_506_507_508_509_510_511_512_513_514_515_516_517_518_519_520_521_522_523_524_525_526_527_528_529_530_531_532_533_534_535_536_537_538_539_540_541_542_543_544_545_546_547_548_549_550_551_552_553_554_555_556_557_558_559_560_561_562_563_564_565_566_567_568_569_570_571_572_573_574_575_576_577_578_579_580_581_582_583_584_585_586_587_588_589_590_591_592_593_594_595_596_597_598_599_600_601_602_603_604_605_606_607_608_609_610_611_612_613_614_615_616_617_618_619_620_621_622_623_624_625_626_627_628_629_630_631_632_633_634_635_636_637_638_639_640_641_642_643_644_645_646_647_648_649_650_651_652_653_654_655_656_657_658_659_660_661_662_663_664_665_666_667_668_669_670_671_672_673_674_675_676_677_678_679_680_681_682_683_684_685_686_687_688_689_690_691_692_693_694_695_696_697_698_699_700_701_702_703_704_705_706_707_708_709_710_711_712_713_714_715_716_717_718_719_720_721_722_723_724_725_726_727_728_729_730_731_732_733_734_735_736_737_738_739_740_741_742_743_744_745_746_747_748_749_750_751_752_753_754_755_756_757_758_759_760_761_762_763_764_765_766_767_768_769_770_771_772_773_774_775_776_777_778_779_780_781_782_783_784_785_786_787_788_789_790_791_792_793_794_795_796_797_798_799_800_801_802_803_804_805_806_807_808_809_810_811_812_813_814_815_816_817_818_819_820_821_822_823_824_825_826_827_828_829_830_831_832_833_834_835_836_837_838_839_840_841_842_843_844_845_846_847_848_849_850_851_852_853_854_855_856_857_858_859_860_861_862_863_864_865_866_867_868_869_870_871_872_873_874_875_876_877_878_879_880_881_882_883_884_885_886_887_888_889_890_891_892_893_894_895_896_897_898_899_900_901_902_903_904_905_906_907_908_909_910_911_912_913_914_915_916_917_918_919_920_921_922_923_924_925_926_927_928_929_930_931_932_933_934_935_936_937_938_939_940_941_942_943_944_945_946_947_948_949_950_951_952_953_954_955_956_957_958_959_960_961_962_963_964_965_966_967_968_969_970_971_972_973_974_975_976_977_978_979_980_981_982_983_984_985_986_987_988_989_990_991_992_993_994_995_996_997_998_999_1000_1001_1002_1003_1004_1005_1006_1007_1008_1009_1010_1011_1012_1013_1014_1015_1016_1017_1018_1019_1020_1021_1022_1023_1024_1025_1026_1027_1028_1029_1030_1031_1032_1033_1034_1035_1036_1037_1038_1039_1040_1041_1042_1043_1044_1045_1046_1047_1048_1049_1050_1051_1052_1053_1054_1055_1056_1057_1058_1059_1060_1061_1062_1063_1064_1065_1066_1067_1068_1069_1070_1071_1072_1073_1074_1075_1076_1077_1078_1079_1080_1081_1082_1083_1084_1085_1086_1087_1088_1089_1090_1091_1092_1093_1094_1095_1096_1097_1098_1099_1100_1101_1102_1103_1104_1105_1106_1107_1108_1109_1110_1111_1112_1113_1114_1115_1116_1117_1118_1119_1120_1121_1122_1123_1124_1125_1126_1127_1128_1129_1130_1131_1132_1133_1134_1135_1136_1137_1138_1139_1140_1141_1142_1143_1144_1145_1146_1147_1148_1149_1150_1151_1152_1153_1154_1155_1156_1157_1158_1159_1160_1161_1162_1163_1164_1165_1166_1167_1168_1169_1170_1171_1172_1173_1174_1175_1176_1177_1178_1179_1180_1181_1182_1183_1184_1185_1186_1187_1188_1189_1190_1191_1192_1193_1194_1195_1196_1197_1198_1199_1200_1201_1202_1203_1204_1205_1206_1207_1208_1209_1210_1211_1212_1213_1214_1215_1216_1217_1218_1219_1220_1221_1222_1223_1224_1225_1226_1227_1228_1229_1230_1231_1232_1233_1234_1235_1236_1237_1238_1239_1240_1241_1242_1243_1244_1245_1246_1247_1248_1249_1250_1251_1252_1253_1254_1255_1256_1257_1258_1259_1260_1261_1262_1263_1264_1265_1266_1267_1268_1269_1270_1271_1272_1273_1274_1275_1276_1277_1278_1279_1280_1281_1282_1283_1284_1285_1286_1287_1288_1289_1290_1291_1292_1293_1294_1295_1296_1297_1298_1299_1300_1301_1302_1303_1304_1305_1306_1307_1308_1309_1310_1311_1312_1313_1314_1315_1316_1317_1318_1319_1320_1321_1322_1323_1324_1325_1326_1327_1328_1329_1330_1331_1332_1333_1334_1335_1336_1337_1338_1339_1340_1341_1342_1343_,17:{5;}18:{769;770;15;771;14;772;13;773;12;774;11;775;10;776;9;777;8;778;7;779;6;}28:{27;26;25;24;23;868;22;869;21;870;20;19;18;17;16;768;}40:{38;37;36;35;34;33;32;864;865;866;867;31;30;29;28;}51:{54;55;56;57;58;59;42;60;41;61;40;39;}64:{68;69;70;71;72;73;74;75;76;}67:{77;78;79;}94:{86;85;84;83;82;}133:{135;130;136;129;137;128;138;880;879;881;878;882;877;883;127;876;884;126;875;885;874;886;125;124;123;122;121;}143:{969;968;134;967;133;132;131;}147:{156;157;158;159;}168:{172;173;174;175;176;1168;1167;1169;1166;1170;177;178;179;180;}191:{184;183;182;181;}199:{703;702;701;}202:{199;198;197;196;195;194;193;192;704;705;706;707;}212:{796;795;794;203;202;201;200;}216:{212;206;205;204;}225:{894;893;892;900;220;891;901;219;890;902;218;889;903;217;888;904;216;887;215;214;213;}233:{895;897;898;899;223;222;221;}236:{226;225;224;896;}239:{227;}251:{263;}293:{291;290;289;288;720;721;722;723;}295:{717;}315:{313;312;311;310;309;308;307;306;305;304;816;817;818;819;303;}328:{327;326;325;324;323;322;321;320;912;911;910;319;318;317;316;}340:{339;338;337;336;1008;1007;1009;1006;1010;335;1005;1011;1004;1012;334;1003;1013;333;1002;1014;332;331;330;329;328;}365:{1198;1197;1196;1204;1195;1205;1194;1206;1193;1207;}377:{376;375;374;373;372;371;370;369;368;1200;1199;1201;1202;1203;367;366;365;}384:{724;}392:{385;384;736;735;737;734;738;}398:{393;392;391;390;389;407;388;387;386;}432:{1020;1028;1019;426;1018;425;1017;424;1016;1015;}439:{438;437;436;435;434;433;432;1024;1023;1025;1022;1026;1021;1027;431;430;429;428;427;}451:{452;453;454;455;456;1115;445;457;1114;444;458;1113;443;459;442;460;441;461;440;462;439;463;}487:{751;750;749;}490:{485;484;483;482;481;480;752;753;754;755;}498:{841;855;840;856;857;488;858;487;859;486;}501:{499;498;497;496;848;847;849;846;850;845;851;495;844;852;494;843;853;842;854;493;492;491;490;489;}512:{511;513;943;510;514;942;509;515;941;508;516;940;507;517;939;506;518;938;505;519;937;504;520;936;503;521;935;502;522;934;501;523;933;500;524;932;}536:{528;1040;1039;1041;1038;1042;1043;527;526;525;}541:{536;535;534;533;532;531;530;529;}577:{765;764;}584:{576;767;766;}589:{588;587;586;862;585;861;584;860;583;582;581;580;579;578;577;}601:{597;596;595;594;593;592;863;591;590;589;}610:{609;608;959;958;607;957;606;956;605;955;604;954;603;953;602;952;601;600;599;598;}622:{610;}623:{1053;619;1052;618;1051;617;1050;616;1049;615;1048;614;1047;613;612;611;}632:{628;627;626;625;624;1055;1054;623;622;621;620;}641:{1143;629;}642:{1145;1144;631;630;}644:{632;}645:{640;1151;1150;1149;639;1148;638;1147;1146;637;636;635;634;633;}653:{649;648;647;1242;646;1241;645;644;662;643;642;641;}662:{661;663;660;664;659;665;658;666;657;667;656;668;1247;1246;1245;655;669;1244;1243;654;670;653;671;652;651;650;}669:{1343;1342;1341;1340;1339;1338;1337;}671:{1336;1335;}676:{674;673;0;672;1;2;3;4;}687:{686;685;684;683;100;682;101;681;102;680;679;678;677;676;675;}699:{694;693;692;691;690;689;96;688;97;98;99;687;}707:{708;709;710;711;712;713;700;714;699;715;698;716;697;696;718;695;719;}737:{733;732;731;730;729;728;727;726;725;}751:{748;747;746;756;745;757;744;758;743;759;742;760;741;761;740;762;739;763;}785:{111;113;783;110;114;782;109;115;781;108;116;780;107;117;106;118;105;119;104;120;103;}796:{793;792;791;790;789;788;787;786;785;112;784;}809:{207;797;}810:{804;803;802;801;208;800;209;210;211;799;798;}816:{294;293;292;}817:{815;302;814;820;301;813;821;300;812;822;299;811;823;298;810;824;297;809;825;296;808;826;295;807;827;806;828;805;829;}837:{834;833;400;832;399;401;398;402;397;403;831;396;404;830;395;405;394;406;}847:{839;838;837;836;835;}882:{872;871;}885:{873;}917:{315;314;909;908;907;906;905;}925:{921;920;919;410;422;918;409;423;917;916;915;914;913;}930:{408;}934:{416;928;415;417;414;418;413;419;927;412;420;411;421;926;925;924;923;922;}941:{931;930;929;}956:{951;950;949;948;947;946;945;512;944;}966:{965;964;963;962;961;48;960;47;49;46;50;45;51;44;52;43;53;}978:{150;151;152;966;}982:{979;978;977;144;976;143;145;142;146;141;147;975;140;148;139;149;974;973;972;971;970;}992:{239;238;237;989;236;244;988;235;245;987;234;246;986;233;247;985;232;248;984;231;249;983;230;250;982;229;251;981;228;252;980;}1002:{1001;1000;999;998;997;996;995;994;993;240;992;241;242;243;991;990;}1041:{1044;1037;1045;1036;1046;1035;1034;1033;1032;1031;1030;1029;}1064:{1062;1061;1060;1059;1058;1057;64;1056;63;65;62;66;67;}1075:{1073;160;1072;161;162;1071;163;164;1070;155;165;1069;154;166;1068;153;167;1067;168;1066;169;1065;170;1064;171;1063;}1086:{1080;1079;1078;1077;1076;1075;1074;}1093:{1091;1090;1089;256;1088;255;257;254;258;253;259;1087;260;1086;261;262;1085;1084;1083;1082;1081;}1104:{351;353;1103;350;354;1102;349;355;1101;348;356;1100;347;357;1099;346;358;1098;345;359;1097;344;360;1096;343;361;1095;342;362;1094;341;363;1093;340;364;1092;}1116:{1112;1111;1110;1109;1108;1107;1106;1105;352;1104;}1128:{1126;1125;1124;1123;1122;1121;448;1120;447;449;446;450;451;1119;1118;1117;1116;}1139:{540;548;539;549;538;550;537;551;552;1130;553;1129;554;1128;555;1127;}1143:{1142;1141;1140;1139;1138;1137;544;1136;543;545;542;546;541;547;1135;1134;1133;1132;1131;}1156:{1154;1153;80;1152;81;}1167:{1160;1159;1158;1157;1156;1155;}1173:{1165;1164;1163;1162;1161;}1183:{271;1181;270;1180;269;1179;268;276;1178;267;277;1177;266;278;1176;265;1175;264;1174;1173;1172;1171;}1194:{1192;1191;1190;1189;1188;1187;1186;1185;272;1184;273;274;275;1183;1182;}1219:{1217;464;1216;465;466;1215;467;468;1214;469;1213;470;1212;471;1211;472;1210;473;1209;1208;}1230:{1219;1218;}1232:{1223;1222;1221;1220;}1236:{558;557;556;564;565;566;1228;1227;1226;1225;1224;}1241:{1240;1239;1238;1237;1236;1235;1234;1233;560;1232;559;561;562;563;1231;1230;1229;}1249:{93;92;91;90;89;88;87;}1256:{1254;1253;1252;1251;1250;1249;1248;95;94;}1267:{188;187;186;185;1258;1257;1256;1255;}1271:{1266;1265;1264;191;190;189;1263;1262;1261;1260;1259;}1279:{1278;287;1277;286;1276;285;1275;284;1274;283;1273;282;1272;281;1271;280;1270;279;1269;1268;1267;}1291:{1287;1286;1285;1284;1283;1282;1281;1280;1279;}1300:{377;1288;}1301:{383;382;381;380;1294;379;378;1293;1292;1291;1290;1289;}1307:{1305;1304;1303;1302;1301;1300;474;1299;1298;1297;1296;1295;}1318:{1314;1313;1312;479;478;477;1311;476;475;1310;1309;1308;1307;1306;}1327:{573;1323;572;1322;571;1321;570;1320;569;1319;568;1318;567;1317;1316;1315;}1336:{1334;1333;1332;1331;1330;1329;1328;575;574;1327;1326;1325;1324;},445_446_447_529_530_621_622_623_1041_1042_1043_1044_1045_1046_1047_1118_1119_1208_1209_1305_1306_,662-661*0_662-663*0_662-660*0_662-664*0_662-659*0_662-665*0_662-658*0_662-666*0_662-657*0_662-667*0_662-656*0_662-668*0_662-1247*0_662-1246*0_662-1245*0_662-655*0_662-669*0_662-1244*0_662-1243*0_662-654*0_662-670*0_662-653*0_662-671*0_662-652*0_662-651*0_662-650*0_653-649*1_653-648*1_653-647*1_653-1242*1_653-646*1_653-1241*1_653-645*1_653-644*1_653-662*1_653-643*1_653-642*1_653-641*1_645-640*2_645-1151*2_645-1150*2_645-1149*2_645-639*2_645-1148*2_645-638*2_645-1147*2_645-1146*2_645-637*2_645-636*2_645-635*2_645-634*2_645-633*2_669-1343*1_669-1342*1_669-1341*1_669-1340*1_669-1339*1_669-1338*1_669-1337*1_644-632*3_642-1145*4_642-1144*4_642-631*4_642-630*4_641-1143*5_641-629*5_632-628*6_632-627*6_632-626*6_632-625*6_632-624*6_632-1055*6_632-1054*6_632-623*6_632-622*6_632-621*6_632-620*6_671-1336*2_671-1335*2_623-1053*7_623-619*7_623-1052*7_623-618*7_623-1051*7_623-617*7_623-1050*7_623-616*7_623-1049*7_623-615*7_623-1048*7_623-614*7_623-1047*7_623-613*7_623-612*7_623-611*7_1336-1334*3_1336-1333*3_1336-1332*3_1336-1331*3_1336-1330*3_1336-1329*3_1336-1328*3_1336-575*3_1336-574*3_1336-1327*3_1336-1326*3_1336-1325*3_1336-1324*3_1143-1142*6_1143-1141*6_1143-1140*6_1143-1139*6_1143-1138*6_1143-1137*6_1143-544*6_1143-1136*6_1143-543*6_1143-545*6_1143-542*6_1143-546*6_1143-541*6_1143-547*6_1143-1135*6_1143-1134*6_1143-1133*6_1143-1132*6_1143-1131*6_1139-540*7_1139-548*7_1139-539*7_1139-549*7_1139-538*7_1139-550*7_1139-537*7_1139-551*7_1139-552*7_1139-1130*7_1139-553*7_1139-1129*7_1139-554*7_1139-1128*7_1139-555*7_1139-1127*7_622-610*8_1128-1126*8_1128-1125*8_1128-1124*8_1128-1123*8_1128-1122*8_1128-1121*8_1128-448*8_1128-1120*8_1128-447*8_1128-449*8_1128-446*8_1128-450*8_1128-451*8_1128-1119*8_1128-1118*8_1128-1117*8_1128-1116*8_541-536*8_541-535*8_541-534*8_541-533*8_541-532*8_541-531*8_541-530*8_541-529*8_451-452*9_451-453*9_451-454*9_451-455*9_451-456*9_451-1115*9_451-445*9_451-457*9_451-1114*9_451-444*9_451-458*9_451-1113*9_451-443*9_451-459*9_451-442*9_451-460*9_451-441*9_451-461*9_451-440*9_451-462*9_451-439*9_451-463*9_610-609*9_610-608*9_610-959*9_610-958*9_610-607*9_610-957*9_610-606*9_610-956*9_610-605*9_610-955*9_610-604*9_610-954*9_610-603*9_610-953*9_610-602*9_610-952*9_610-601*9_610-600*9_610-599*9_610-598*9_601-597*10_601-596*10_601-595*10_601-594*10_601-593*10_601-592*10_601-863*10_601-591*10_601-590*10_601-589*10_956-951*10_956-950*10_956-949*10_956-948*10_956-947*10_956-946*10_956-945*10_956-512*10_956-944*10_512-511*11_512-513*11_512-943*11_512-510*11_512-514*11_512-942*11_512-509*11_512-515*11_512-941*11_512-508*11_512-516*11_512-940*11_512-507*11_512-517*11_512-939*11_512-506*11_512-518*11_512-938*11_512-505*11_512-519*11_512-937*11_512-504*11_512-520*11_512-936*11_512-503*11_512-521*11_512-935*11_512-502*11_512-522*11_512-934*11_512-501*11_512-523*11_512-933*11_512-500*11_512-524*11_512-932*11_941-931*12_941-930*12_941-929*12_1116-1112*10_1116-1111*10_1116-1110*10_1116-1109*10_1116-1108*10_1116-1107*10_1116-1106*10_1116-1105*10_1116-352*10_1116-1104*10_501-499*12_501-498*12_501-497*12_501-496*12_501-848*12_501-847*12_501-849*12_501-846*12_501-850*12_501-845*12_501-851*12_501-495*12_501-844*12_501-852*12_501-494*12_501-843*12_501-853*12_501-842*12_501-854*12_501-493*12_501-492*12_501-491*12_501-490*12_501-489*12_934-416*13_934-928*13_934-415*13_934-417*13_934-414*13_934-418*13_934-413*13_934-419*13_934-927*13_934-412*13_934-420*13_934-411*13_934-421*13_934-926*13_934-925*13_934-924*13_934-923*13_934-922*13_1104-351*11_1104-353*11_1104-1103*11_1104-350*11_1104-354*11_1104-1102*11_1104-349*11_1104-355*11_1104-1101*11_1104-348*11_1104-356*11_1104-1100*11_1104-347*11_1104-357*11_1104-1099*11_1104-346*11_1104-358*11_1104-1098*11_1104-345*11_1104-359*11_1104-1097*11_1104-344*11_1104-360*11_1104-1096*11_1104-343*11_1104-361*11_1104-1095*11_1104-342*11_1104-362*11_1104-1094*11_1104-341*11_1104-363*11_1104-1093*11_1104-340*11_1104-364*11_1104-1092*11_498-841*13_498-855*13_498-840*13_498-856*13_498-857*13_498-488*13_498-858*13_498-487*13_498-859*13_498-486*13_340-339*12_340-338*12_340-337*12_340-336*12_340-1008*12_340-1007*12_340-1009*12_340-1006*12_340-1010*12_340-335*12_340-1005*12_340-1011*12_340-1004*12_340-1012*12_340-334*12_340-1003*12_340-1013*12_340-333*12_340-1002*12_340-1014*12_340-332*12_340-331*12_340-330*12_340-329*12_340-328*12_1002-1001*13_1002-1000*13_1002-999*13_1002-998*13_1002-997*13_1002-996*13_1002-995*13_1002-994*13_1002-993*13_1002-240*13_1002-992*13_1002-241*13_1002-242*13_1002-243*13_1002-991*13_1002-990*13_925-921*14_925-920*14_925-919*14_925-410*14_925-422*14_925-918*14_925-409*14_925-423*14_925-917*14_925-916*14_925-915*14_925-914*14_925-913*14_1327-573*4_1327-1323*4_1327-572*4_1327-1322*4_1327-571*4_1327-1321*4_1327-570*4_1327-1320*4_1327-569*4_1327-1319*4_1327-568*4_1327-1318*4_1327-567*4_1327-1317*4_1327-1316*4_1327-1315*4_490-485*14_490-484*14_490-483*14_490-482*14_490-481*14_490-480*14_490-752*14_490-753*14_490-754*14_490-755*14_1318-1314*5_1318-1313*5_1318-1312*5_1318-479*5_1318-478*5_1318-477*5_1318-1311*5_1318-476*5_1318-475*5_1318-1310*5_1318-1309*5_1318-1308*5_1318-1307*5_1318-1306*5_589-588*11_589-587*11_589-586*11_589-862*11_589-585*11_589-861*11_589-584*11_589-860*11_589-583*11_589-582*11_589-581*11_589-580*11_589-579*11_589-578*11_589-577*11_328-327*13_328-326*13_328-325*13_328-324*13_328-323*13_328-322*13_328-321*13_328-320*13_328-912*13_328-911*13_328-910*13_328-319*13_328-318*13_328-317*13_328-316*13_992-239*14_992-238*14_992-237*14_992-989*14_992-236*14_992-244*14_992-988*14_992-235*14_992-245*14_992-987*14_992-234*14_992-246*14_992-986*14_992-233*14_992-247*14_992-985*14_992-232*14_992-248*14_992-984*14_992-231*14_992-249*14_992-983*14_992-230*14_992-250*14_992-982*14_992-229*14_992-251*14_992-981*14_992-228*14_992-252*14_992-980*14_239-227*15_917-315*15_917-314*15_917-909*15_917-908*15_917-907*15_917-906*15_917-905*15_536-528*9_536-1040*9_536-1039*9_536-1041*9_536-1038*9_536-1042*9_536-1043*9_536-527*9_536-526*9_536-525*9_315-313*16_315-312*16_315-311*16_315-310*16_315-309*16_315-308*16_315-307*16_315-306*16_315-305*16_315-304*16_315-816*16_315-817*16_315-818*16_315-819*16_315-303*16_817-815*17_817-302*17_817-814*17_817-820*17_817-301*17_817-813*17_817-821*17_817-300*17_817-812*17_817-822*17_817-299*17_817-811*17_817-823*17_817-298*17_817-810*17_817-824*17_817-297*17_817-809*17_817-825*17_817-296*17_817-808*17_817-826*17_817-295*17_817-807*17_817-827*17_817-806*17_817-828*17_817-805*17_817-829*17_439-438*10_439-437*10_439-436*10_439-435*10_439-434*10_439-433*10_439-432*10_439-1024*10_439-1023*10_439-1025*10_439-1022*10_439-1026*10_439-1021*10_439-1027*10_439-431*10_439-430*10_439-429*10_439-428*10_439-427*10_1093-1091*12_1093-1090*12_1093-1089*12_1093-256*12_1093-1088*12_1093-255*12_1093-257*12_1093-254*12_1093-258*12_1093-253*12_1093-259*12_1093-1087*12_1093-260*12_1093-1086*12_1093-261*12_1093-262*12_1093-1085*12_1093-1084*12_1093-1083*12_1093-1082*12_1093-1081*12_236-226*16_236-225*16_236-224*16_236-896*16_1307-1305*6_1307-1304*6_1307-1303*6_1307-1302*6_1307-1301*6_1307-1300*6_1307-474*6_1307-1299*6_1307-1298*6_1307-1297*6_1307-1296*6_1307-1295*6_982-979*15_982-978*15_982-977*15_982-144*15_982-976*15_982-143*15_982-145*15_982-142*15_982-146*15_982-141*15_982-147*15_982-975*15_982-140*15_982-148*15_982-139*15_982-149*15_982-974*15_982-973*15_982-972*15_982-971*15_982-970*15_487-751*15_487-750*15_487-749*15_584-576*12_584-767*12_584-766*12_1301-383*7_1301-382*7_1301-381*7_1301-380*7_1301-1294*7_1301-379*7_1301-378*7_1301-1293*7_1301-1292*7_1301-1291*7_1301-1290*7_1301-1289*7_143-969*16_143-968*16_143-134*16_143-967*16_147-156*16_143-133*16_147-157*16_143-132*16_147-158*16_143-131*16_147-159*16_251-263*13_233-895*17_233-897*17_233-898*17_233-899*17_233-223*17_233-222*17_233-221*17_133-135*17_133-130*17_133-136*17_133-129*17_133-137*17_133-128*17_133-138*17_133-880*17_133-879*17_133-881*17_133-878*17_133-882*17_133-877*17_133-883*17_133-127*17_133-876*17_133-884*17_133-126*17_133-875*17_133-885*17_133-874*17_133-886*17_133-125*17_133-124*17_133-123*17_133-122*17_133-121*17_847-839*15_847-838*15_847-837*15_847-836*15_847-835*15_225-894*18_225-893*18_225-892*18_225-900*18_225-220*18_225-891*18_225-901*18_225-219*18_225-890*18_225-902*18_225-218*18_225-889*18_225-903*18_225-217*18_225-888*18_225-904*18_225-216*18_225-887*18_225-215*18_225-214*18_225-213*18_1086-1080*14_1086-1079*14_1086-1078*14_1086-1077*14_1086-1076*14_1086-1075*14_1086-1074*14_810-804*18_810-803*18_810-802*18_810-801*18_810-208*18_810-800*18_810-209*18_810-210*18_810-211*18_810-799*18_810-798*18_1041-1044*10_1041-1037*10_1041-1045*10_1041-1036*10_1041-1046*10_1041-1035*10_1041-1034*10_1041-1033*10_1041-1032*10_1041-1031*10_1041-1030*10_1041-1029*10_1075-1073*15_1075-160*15_1075-1072*15_1075-161*15_1075-162*15_1075-1071*15_1075-163*15_1075-164*15_1075-1070*15_1075-155*15_1075-165*15_1075-1069*15_1075-154*15_1075-166*15_1075-1068*15_1075-153*15_1075-167*15_1075-1067*15_1075-168*15_1075-1066*15_1075-169*15_1075-1065*15_1075-170*15_1075-1064*15_1075-171*15_1075-1063*15_432-1020*11_432-1028*11_432-1019*11_432-426*11_432-1018*11_432-425*11_432-1017*11_432-424*11_432-1016*11_432-1015*11_809-207*19_809-797*19_1300-377*8_1300-1288*8_930-408*15_837-834*16_837-833*16_837-400*16_837-832*16_837-399*16_837-401*16_837-398*16_837-402*16_837-397*16_837-403*16_837-831*16_837-396*16_837-404*16_837-830*16_837-395*16_837-405*16_837-394*16_837-406*16_398-393*17_398-392*17_398-391*17_398-390*17_398-389*17_398-407*17_398-388*17_398-387*17_398-386*17_978-150*17_978-151*17_978-152*17_978-966*17_168-172*16_168-173*16_168-174*16_168-175*16_168-176*16_168-1168*16_168-1167*16_168-1169*16_168-1166*16_168-1170*16_168-177*16_168-178*16_168-179*16_168-180*16_216-212*19_216-206*19_216-205*19_216-204*19_751-748*16_751-747*16_751-746*16_751-756*16_751-745*16_751-757*16_751-744*16_751-758*16_751-743*16_751-759*16_751-742*16_751-760*16_751-741*16_751-761*16_751-740*16_751-762*16_751-739*16_751-763*16_1241-1240*2_1241-1239*2_1241-1238*2_1241-1237*2_1241-1236*2_1241-1235*2_1241-1234*2_1241-1233*2_1241-560*2_1241-1232*2_1241-559*2_1241-561*2_1241-562*2_1241-563*2_1241-1231*2_1241-1230*2_1241-1229*2_1064-1062*16_1064-1061*16_1064-1060*16_1064-1059*16_1064-1058*16_1064-1057*16_1064-64*16_1064-1056*16_1064-63*16_1064-65*16_1064-62*16_1064-66*16_1064-67*16_1236-558*3_1236-557*3_1236-556*3_1236-564*3_1236-565*3_1236-566*3_1236-1228*3_1236-1227*3_1236-1226*3_1236-1225*3_1236-1224*3_377-376*9_377-375*9_377-374*9_377-373*9_377-372*9_377-371*9_377-370*9_377-369*9_377-368*9_377-1200*9_377-1199*9_377-1201*9_377-1202*9_377-1203*9_377-367*9_377-366*9_377-365*9_212-796*20_212-795*20_212-794*20_212-203*20_212-202*20_212-201*20_212-200*20_392-385*18_392-384*18_392-736*18_392-735*18_392-737*18_392-734*18_392-738*18_577-765*13_577-764*13_1291-1287*9_1291-1286*9_1291-1285*9_1291-1284*9_1291-1283*9_1291-1282*9_1291-1281*9_1291-1280*9_1291-1279*9_202-199*21_202-198*21_202-197*21_202-196*21_202-195*21_202-194*21_202-193*21_202-192*21_202-704*21_202-705*21_202-706*21_202-707*21_966-965*18_966-964*18_966-963*18_966-962*18_966-961*18_966-48*18_966-960*18_966-47*18_966-49*18_966-46*18_966-50*18_966-45*18_966-51*18_966-44*18_966-52*18_966-43*18_966-53*18_199-703*22_199-702*22_199-701*22_51-54*19_51-55*19_51-56*19_51-57*19_51-58*19_51-59*19_51-42*19_51-60*19_51-41*19_51-61*19_51-40*19_51-39*19_1279-1278*10_1279-287*10_1279-1277*10_1279-286*10_1279-1276*10_1279-285*10_1279-1275*10_1279-284*10_1279-1274*10_1279-283*10_1279-1273*10_1279-282*10_1279-1272*10_1279-281*10_1279-1271*10_1279-280*10_1279-1270*10_1279-279*10_1279-1269*10_1279-1268*10_1279-1267*10_64-68*17_64-69*17_64-70*17_64-71*17_64-72*17_64-73*17_64-74*17_64-75*17_64-76*17_295-717*18_40-38*20_40-37*20_40-36*20_40-35*20_40-34*20_40-33*20_40-32*20_40-864*20_40-865*20_40-866*20_40-867*20_40-31*20_40-30*20_40-29*20_40-28*20_707-708*23_707-709*23_707-710*23_707-711*23_707-712*23_707-713*23_707-700*23_707-714*23_707-699*23_707-715*23_707-698*23_707-716*23_707-697*23_707-696*23_707-718*23_707-695*23_707-719*23_885-873*20_28-27*21_28-26*21_28-25*21_28-24*21_28-23*21_28-868*21_28-22*21_28-869*21_28-21*21_28-870*21_28-20*21_28-19*21_28-18*21_28-17*21_28-16*21_28-768*21_737-733*19_737-732*19_737-731*19_737-730*19_737-729*19_737-728*19_737-727*19_737-726*19_737-725*19_365-1198*10_365-1197*10_365-1196*10_365-1204*10_365-1195*10_365-1205*10_365-1194*10_365-1206*10_365-1193*10_365-1207*10_796-793*21_796-792*21_796-791*21_796-790*21_796-789*21_796-788*21_796-787*21_796-786*21_796-785*21_796-112*21_796-784*21_699-694*24_699-693*24_699-692*24_699-691*24_699-690*24_699-689*24_699-96*24_699-688*24_699-97*24_699-98*24_699-99*24_699-687*24_18-769*22_18-770*22_18-15*22_18-771*22_18-14*22_18-772*22_18-13*22_18-773*22_18-12*22_18-774*22_18-11*22_18-775*22_18-10*22_18-776*22_18-9*22_18-777*22_18-8*22_18-778*22_18-7*22_18-779*22_18-6*22_785-111*22_785-113*22_785-783*22_785-110*22_785-114*22_785-782*22_785-109*22_785-115*22_785-781*22_785-108*22_785-116*22_785-780*22_785-107*22_785-117*22_785-106*22_785-118*22_785-105*22_785-119*22_785-104*22_785-120*22_785-103*22_1271-1266*11_1271-1265*11_1271-1264*11_1271-191*11_1271-190*11_1271-189*11_1271-1263*11_1271-1262*11_1271-1261*11_1271-1260*11_1271-1259*11_816-294*19_816-293*19_816-292*19_17-5*23_384-724*20_1232-1223*4_1232-1222*4_1232-1221*4_1232-1220*4_1267-188*12_1267-187*12_1267-186*12_1267-185*12_1267-1258*12_1267-1257*12_1267-1256*12_1267-1255*12_687-686*25_687-685*25_687-684*25_687-683*25_687-100*25_687-682*25_687-101*25_687-681*25_687-102*25_687-680*25_687-679*25_687-678*25_687-677*25_687-676*25_687-675*25_1230-1219*5_1230-1218*5_1219-1217*6_1219-464*6_1219-1216*6_1219-465*6_1219-466*6_1219-1215*6_1219-467*6_1219-468*6_1219-1214*6_1219-469*6_1219-1213*6_1219-470*6_1219-1212*6_1219-471*6_1219-1211*6_1219-472*6_1219-1210*6_1219-473*6_1219-1209*6_1219-1208*6_293-291*20_293-290*20_293-289*20_293-288*20_293-720*20_293-721*20_293-722*20_293-723*20_676-674*26_676-673*26_676-0*26_676-672*26_676-1*26_676-2*26_676-3*26_676-4*26_882-872*23_882-871*23_1194-1192*11_1194-1191*11_1194-1190*11_1194-1189*11_1194-1188*11_1194-1187*11_1194-1186*11_1194-1185*11_1194-272*11_1194-1184*11_1194-273*11_1194-274*11_1194-275*11_1194-1183*11_1194-1182*11_191-184*13_191-183*13_191-182*13_191-181*13_1256-1254*14_1256-1253*14_1256-1252*14_1256-1251*14_1256-1250*14_1256-1249*14_1256-1248*14_1256-95*14_1256-94*14_67-77*23_67-78*23_67-79*23_1183-271*12_1183-1181*12_1183-270*12_1183-1180*12_1183-269*12_1183-1179*12_1183-268*12_1183-276*12_1183-1178*12_1183-267*12_1183-277*12_1183-1177*12_1183-266*12_1183-278*12_1183-1176*12_1183-265*12_1183-1175*12_1183-264*12_1183-1174*12_1183-1173*12_1183-1172*12_1183-1171*12_1173-1165*13_1173-1164*13_1173-1163*13_1173-1162*13_1173-1161*13_1249-93*15_1249-92*15_1249-91*15_1249-90*15_1249-89*15_1249-88*15_1249-87*15_94-86*16_94-85*16_94-84*16_94-83*16_94-82*16_1167-1160*15_1167-1159*15_1167-1158*15_1167-1157*15_1167-1156*15_1167-1155*15_1156-1154*16_1156-1153*16_1156-80*16_1156-1152*16_1156-81*16_
