"id","Scenario","Actual Range","Protocol","Buildings","Total nodes","Nodes on circ","Total coverage","Coverage on circ","Alert received mean time","Hops","Slots","Messages sent","Messages received", "Starting x", "Starting y","Starting node", "Vehicle distance", "Received node ids", "Node ids", "Transmission map", "Received on circ nodes", "Transmission vector"
0,1,100,300,0,1776,50,1727,50,302428,20.56,261.16,926,1727,885.27,1422.34,1491,25,1490_1492_1145_1489_1173_1146_1147_1148_1143_1486_1149_1172_1485_1156_1487_1157_1491_1158_1150_1151_1142_1152_1162_1159_1160_1161_1137_1139_1123_1121_1138_1089_1120_1124_1087_1090_1057_1058_1091_1125_1056_1126_1136_1092_1127_1141_1140_1171_1170_1135_1169_1093_1108_1107_1094_1109_1112_1154_1153_1097_1098_1113_1095_1096_1194_1193_1168_1116_1117_803_809_1115_1114_1054_706_1059_1060_1053_1100_1101_707_1061_1183_1052_708_1051_1192_1167_1165_1186_1185_1484_1476_1478_1475_1479_1182_1181_1062_801_800_804_1134_1164_1132_705_1163_1131_1128_1129_1180_1179_845_305_1178_844_304_1176_841_1076_1050_709_1102_799_798_805_1103_797_806_1104_826_796_1480_1472_1481_1130_1174_1187_795_1105_1532_1521_1106_1543_1510_1466_817_816_843_842_1075_1078_1068_1069_1067_1070_783_1079_1184_807_825_808_1444_1455_823_1432_1471_1175_818_932_931_815_819_934_930_1555_935_814_820_929_1499_1566_936_812_821_928_1071_1072_782_1073_781_1074_291_1080_778_280_313_810_811_1488_937_938_1477_939_1118_1119_301_303_300_306_299_940_941_710_1081_1063_1064_1082_1083_1065_1084_1049_1048_302_324_336_402_391_424_380_413_347_58_269_102_213_1085_789_788_787_1086_786_822_1577_1034_1588_1032_927_1047_1035_1599_926_1036_925_1610_942_943_114_125_258_136_91_147_247_80_924_923_1037_1038_1621_1632_1643_1654_1666_1677_1039_1688_1040_1474_1494_1470_1473_1495_1469_1496_1563_1468_69_763_1493_1483_1399_1410_1482_358_369_47_794_793_36_1765_3_792_1743_1562_1497_1465_772_918_917_773_1699_919_916_920_1710_774_915_785_775_784_776_1721_158_713_702_764_762_765_921_739_1561_1560_225_236_180_435_914_790_1732_913_945_950_1556_1582_1581_1553_949_995_996_994_948_946_997_998_827_1388_828_1189_1190_777_1754_14_912_910_909_1421_1030_1031_740_25_738_766_734_736_767_737_769_1498_1500_1501_712_711_717_714_907_715_906_908_716_890_892_1552_1551_1506_1507_1557_1508_1505_1558_169_905_904_893_891_729_894_728_548_727_887_547_1018_1014_1377_1019_1013_1020_1012_1442_447_458_191_1502_1503_1504_1528_1446_1445_1564_1447_1565_1448_1567_1509_469_202_646_635_480_322_624_1559_1511_1512_1441_1513_1523_903_895_726_896_719_720_897_721_770_886_580_771_885_1584_1522_1514_1583_1517_1516_725_730_723_731_722_732_464_463_465_462_526_466_525_1002_1021_1015_1023_691_613_602_1440_1439_1438_1515_947_951_962_961_461_523_460_522_459_1437_1436_1435_657_591_898_899_467_901_468_1024_1366_1355_1016_1025_1008_1568_1569_1449_1450_960_1026_1027_1191_1195_1460_669_680_546_1527_1526_1531_1525_545_544_549_550_551_543_733_569_884_760_558_321_320_1461_319_1462_542_541_952_953_956_954_957_958_959_989_457_456_507_455_1463_902_718_470_471_527_535_524_761_513_757_759_502_768_318_1196_963_1001_1541_1544_1518_1542_1545_1519_1546_1520_540_552_539_553_964_965_981_967_883_758_1547_1548_1549_317_1197_316_697_698_1003_1017_1004_1007_1005_1006_1524_1529_1530_1009_1010_966_955_1000_977_944_988_1344_993_1177_521_520_475_474_473_476_472_477_1550_1570_1571_1572_992_882_756_506_755_754_699_700_1198_701_315_1200_1201_491_239_240_454_489_1573_1574_1028_1029_488_490_487_492_486_991_478_479_481_1434_1433_1431_1533_1535_1534_990_969_1133_1144_968_1122_1155_1099_1575_1576_1578_1232_1234_780_746_791_1202_1203_703_1223_704_1220_1204_1205_1219_243_242_238_241_538_537_724_329_735_752_753_802_742_813_1231_1235_1230_1229_1228_1241_1236_1227_1242_1226_824_868_869_870_743_835_741_846_871_867_857_881_744_745_865_864_747_493_499_497_485_1218_1759_1758_1217_1206_1757_1216_1207_696_1756_1215_484_872_1243_1245_314_312_311_536_1755_1753_695_1166_987_986_985_1111_873_498_494_495_496_500_1246_1429_482_483_508_509_980_970_982_979_983_972_973_984_1428_1247_1427_874_875_876_878_879_880_453_452_971_355_531_532_534_533_561_563_1752_1760_1751_1761_1762_1750_501_1426_1579_1580_1425_1248_1249_1250_976_978_975_974_1208_1214_1240_1209_1224_1211_1213_1239_1212_1225_1238_1237_1430_510_354_371_564_511_1292_528_530_694_359_370_360_372_361_368_378_362_568_373_367_384_356_374_379_363_567_1424_1423_554_555_562_556_559_366_375_365_364_376_377_529_503_504_451_450_693_505_422_421_519_420_518_419_383_381_399_1749_310_309_512_514_400_408_407_398_692_690_1259_1260_1258_1422_1291_517_516_515_1420_357_1451_418_417_595_353_570_593_594_350_571_592_572_352_382_406_560_405_404_401_403_308_933_1188_922_1199_397_565_396_392_390_393_395_409_389_566_388_1261_1262_1764_1766_1763_1263_1257_1264_1268_394_432_433_431_444_434_430_443_442_1290_1293_1295_1294_1296_1748_1747_163_587_385_441_162_386_429_428_294_275_274_293_276_287_273_286_1396_1409_1411_1398_1395_1412_410_888_999_1289_1600_1297_1287_1771_1772_1770_1265_1278_1611_1276_1609_1612_900_911_1210_889_1310_1222_877_1233_427_426_411_1299_866_1288_1244_440_439_438_387_161_437_160_412_414_423_425_415_1540_1536_1537_1394_1397_1400_1585_1393_1392_1586_1401_1391_1386_1418_436_1404_1417_1385_1403_1416_1384_1402_1415_1587_1589_285_851_272_277_284_852_850_278_849_1303_1302_1773_1613_1614_1769_1627_1615_1267_1601_1626_1387_1591_283_853_279_848_1538_1590_1594_1592_1595_840_839_838_1608_1309_1308_1307_1341_1335_1306_1334_1336_1305_1325_1337_1593_1324_1269_1270_1271_1256_282_1389_1390_1383_1598_1597_1381_779_668_1011_557_1286_1285_1284_1283_271_281_270_847_268_1628_1625_1629_1630_1624_1631_1633_1254_260_1372_1282_1272_1602_1273_1281_1603_1274_1280_1604_1605_837_416_445_448_1371_1596_1370_1362_1361_1360_1323_1539_836_834_833_832_224_113_335_2_446_1665_1044_1338_1359_1339_1326_1327_1328_1329_1330_831_830_1340_1342_1343_1746_1745_1728_1727_1729_1722_1720_1726_1730_1723_1731_1725_1719_1767_1724_1744_1733_1618_1619_1617_1616_1620_1768_1364_1365_1363_1367_259_288_261_289_1022_1345_829_1368_1405_1408_1382_863_1301_1298_1318_1317_1319_1331_1606_1607_1279_1356_1380_1379_1373_1374_1376_1346_1320_1354_1347_1348_854_855_1378_1375_1718_1717_159_589_588_590_157_156_164_155_596_154_575_150_1322_686_1716_1715_1734_1741_856_1655_1653_1652_1714_1735_1742_1713_1736_1253_1252_1251_1275_1353_1357_1352_1358_1300_1634_1635_1033_1066_1554_1443_1369_257_1622_1623_290_292_222_221_223_220_267_342_226_216_1636_1349_1350_1637_1638_1678_1639_1640_1641_334_337_341_217_338_1693_1692_1691_586_585_149_151_584_152_583_604_597_576_582_600_603_577_148_601_581_153_862_861_1406_860_1407_218_339_1304_1315_1311_1312_859_858_1712_1711_1709_1316_1313_1314_1740_650_649_146_606_135_144_134_605_145_607_1642_1644_1645_1646_751_340_750_343_749_1690_219_175_173_1650_1651_1649_1648_174_172_171_203_176_204_1689_1687_1686_1679_1676_1680_1675_1681_1674_1682_1683_344_345_170_168_167_351_1673_1684_1672_1685_574_573_166_346_348_579_201_140_205_139_200_206_138_141_199_207_137_142_599_654_198_1055_1077_1088_1660_1661_1700_1659_1647_1656_208_143_209_133_653_598_130_652_651_131_1657_1658_1671_1670_689_17_16_129_128_197_127_196_687_165_578_262_263_264_256_265_229_228_254_255_230_266_349_1698_1697_1662_1696_1663_688_1694_1351_15_18_13_83_19_12_82_683_20_21_1669_1667_1668_1664_132_1695_1701_1702_1703_1704_1737_1774_1738_1739_4_1775_81_79_78_84_85_64_77_65_227_66_62_76_67_61_75_68_63_86_38_331_326_332_253_5_6_7_186_8_87_60_177_215_178_214_212_1705_73_684_72_11_74_10_685_71_9_195_70_194_59_37_35_675_57_56_672_94_95_193_93_96_92_88_55_648_647_111_54_89_90_673_664_674_663_665_34_179_181_333_328_327_330_666_667_662_109_110_53_52_33_51_32_31_211_210_97_108_107_22_679_1708_1707_681_1706_682_192_98_190_99_189_188_185_187_184_183_655_124_123_656_122_126_182_121_120_612_100_106_611_119_105_23_24_671_670_101_645_644_26_27_748_610_609_658_659_660_50_30_39_40_41_28_29_661_118_115_42_46_43_48_117_103_104_116_112_45_44_49_676_677_632_608_614_615_678_616_642_617_641_618_640_619_639_620_638_621_637_622_623_625_631_630_626_627_629_633_628_643_636_634_,0_1_2_3_4_5_6_7_8_9_10_11_12_13_14_15_16_17_18_19_20_21_22_23_24_25_26_27_28_29_30_31_32_33_34_35_36_37_38_39_40_41_42_43_44_45_46_47_48_49_50_51_52_53_54_55_56_57_58_59_60_61_62_63_64_65_66_67_68_69_70_71_72_73_74_75_76_77_78_79_80_81_82_83_84_85_86_87_88_89_90_91_92_93_94_95_96_97_98_99_100_101_102_103_104_105_106_107_108_109_110_111_112_113_114_115_116_117_118_119_120_121_122_123_124_125_126_127_128_129_130_131_132_133_134_135_136_137_138_139_140_141_142_143_144_145_146_147_148_149_150_151_152_153_154_155_156_157_158_159_160_161_162_163_164_165_166_167_168_169_170_171_172_173_174_175_176_177_178_179_180_181_182_183_184_185_186_187_188_189_190_191_192_193_194_195_196_197_198_199_200_201_202_203_204_205_206_207_208_209_210_211_212_213_214_215_216_217_218_219_220_221_222_223_224_225_226_227_228_229_230_231_232_233_234_235_236_237_238_239_240_241_242_243_244_245_246_247_248_249_250_251_252_253_254_255_256_257_258_259_260_261_262_263_264_265_266_267_268_269_270_271_272_273_274_275_276_277_278_279_280_281_282_283_284_285_286_287_288_289_290_291_292_293_294_295_296_297_298_299_300_301_302_303_304_305_306_307_308_309_310_311_312_313_314_315_316_317_318_319_320_321_322_323_324_325_326_327_328_329_330_331_332_333_334_335_336_337_338_339_340_341_342_343_344_345_346_347_348_349_350_351_352_353_354_355_356_357_358_359_360_361_362_363_364_365_366_367_368_369_370_371_372_373_374_375_376_377_378_379_380_381_382_383_384_385_386_387_388_389_390_391_392_393_394_395_396_397_398_399_400_401_402_403_404_405_406_407_408_409_410_411_412_413_414_415_416_417_418_419_420_421_422_423_424_425_426_427_428_429_430_431_432_433_434_435_436_437_438_439_440_441_442_443_444_445_446_447_448_449_450_451_452_453_454_455_456_457_458_459_460_461_462_463_464_465_466_467_468_469_470_471_472_473_474_475_476_477_478_479_480_481_482_483_484_485_486_487_488_489_490_491_492_493_494_495_496_497_498_499_500_501_502_503_504_505_506_507_508_509_510_511_512_513_514_515_516_517_518_519_520_521_522_523_524_525_526_527_528_529_530_531_532_533_534_535_536_537_538_539_540_541_542_543_544_545_546_547_548_549_550_551_552_553_554_555_556_557_558_559_560_561_562_563_564_565_566_567_568_569_570_571_572_573_574_575_576_577_578_579_580_581_582_583_584_585_586_587_588_589_590_591_592_593_594_595_596_597_598_599_600_601_602_603_604_605_606_607_608_609_610_611_612_613_614_615_616_617_618_619_620_621_622_623_624_625_626_627_628_629_630_631_632_633_634_635_636_637_638_639_640_641_642_643_644_645_646_647_648_649_650_651_652_653_654_655_656_657_658_659_660_661_662_663_664_665_666_667_668_669_670_671_672_673_674_675_676_677_678_679_680_681_682_683_684_685_686_687_688_689_690_691_692_693_694_695_696_697_698_699_700_701_702_703_704_705_706_707_708_709_710_711_712_713_714_715_716_717_718_719_720_721_722_723_724_725_726_727_728_729_730_731_732_733_734_735_736_737_738_739_740_741_742_743_744_745_746_747_748_749_750_751_752_753_754_755_756_757_758_759_760_761_762_763_764_765_766_767_768_769_770_771_772_773_774_775_776_777_778_779_780_781_782_783_784_785_786_787_788_789_790_791_792_793_794_795_796_797_798_799_800_801_802_803_804_805_806_807_808_809_810_811_812_813_814_815_816_817_818_819_820_821_822_823_824_825_826_827_828_829_830_831_832_833_834_835_836_837_838_839_840_841_842_843_844_845_846_847_848_849_850_851_852_853_854_855_856_857_858_859_860_861_862_863_864_865_866_867_868_869_870_871_872_873_874_875_876_877_878_879_880_881_882_883_884_885_886_887_888_889_890_891_892_893_894_895_896_897_898_899_900_901_902_903_904_905_906_907_908_909_910_911_912_913_914_915_916_917_918_919_920_921_922_923_924_925_926_927_928_929_930_931_932_933_934_935_936_937_938_939_940_941_942_943_944_945_946_947_948_949_950_951_952_953_954_955_956_957_958_959_960_961_962_963_964_965_966_967_968_969_970_971_972_973_974_975_976_977_978_979_980_981_982_983_984_985_986_987_988_989_990_991_992_993_994_995_996_997_998_999_1000_1001_1002_1003_1004_1005_1006_1007_1008_1009_1010_1011_1012_1013_1014_1015_1016_1017_1018_1019_1020_1021_1022_1023_1024_1025_1026_1027_1028_1029_1030_1031_1032_1033_1034_1035_1036_1037_1038_1039_1040_1041_1042_1043_1044_1045_1046_1047_1048_1049_1050_1051_1052_1053_1054_1055_1056_1057_1058_1059_1060_1061_1062_1063_1064_1065_1066_1067_1068_1069_1070_1071_1072_1073_1074_1075_1076_1077_1078_1079_1080_1081_1082_1083_1084_1085_1086_1087_1088_1089_1090_1091_1092_1093_1094_1095_1096_1097_1098_1099_1100_1101_1102_1103_1104_1105_1106_1107_1108_1109_1110_1111_1112_1113_1114_1115_1116_1117_1118_1119_1120_1121_1122_1123_1124_1125_1126_1127_1128_1129_1130_1131_1132_1133_1134_1135_1136_1137_1138_1139_1140_1141_1142_1143_1144_1145_1146_1147_1148_1149_1150_1151_1152_1153_1154_1155_1156_1157_1158_1159_1160_1161_1162_1163_1164_1165_1166_1167_1168_1169_1170_1171_1172_1173_1174_1175_1176_1177_1178_1179_1180_1181_1182_1183_1184_1185_1186_1187_1188_1189_1190_1191_1192_1193_1194_1195_1196_1197_1198_1199_1200_1201_1202_1203_1204_1205_1206_1207_1208_1209_1210_1211_1212_1213_1214_1215_1216_1217_1218_1219_1220_1221_1222_1223_1224_1225_1226_1227_1228_1229_1230_1231_1232_1233_1234_1235_1236_1237_1238_1239_1240_1241_1242_1243_1244_1245_1246_1247_1248_1249_1250_1251_1252_1253_1254_1255_1256_1257_1258_1259_1260_1261_1262_1263_1264_1265_1266_1267_1268_1269_1270_1271_1272_1273_1274_1275_1276_1277_1278_1279_1280_1281_1282_1283_1284_1285_1286_1287_1288_1289_1290_1291_1292_1293_1294_1295_1296_1297_1298_1299_1300_1301_1302_1303_1304_1305_1306_1307_1308_1309_1310_1311_1312_1313_1314_1315_1316_1317_1318_1319_1320_1321_1322_1323_1324_1325_1326_1327_1328_1329_1330_1331_1332_1333_1334_1335_1336_1337_1338_1339_1340_1341_1342_1343_1344_1345_1346_1347_1348_1349_1350_1351_1352_1353_1354_1355_1356_1357_1358_1359_1360_1361_1362_1363_1364_1365_1366_1367_1368_1369_1370_1371_1372_1373_1374_1375_1376_1377_1378_1379_1380_1381_1382_1383_1384_1385_1386_1387_1388_1389_1390_1391_1392_1393_1394_1395_1396_1397_1398_1399_1400_1401_1402_1403_1404_1405_1406_1407_1408_1409_1410_1411_1412_1413_1414_1415_1416_1417_1418_1419_1420_1421_1422_1423_1424_1425_1426_1427_1428_1429_1430_1431_1432_1433_1434_1435_1436_1437_1438_1439_1440_1441_1442_1443_1444_1445_1446_1447_1448_1449_1450_1451_1452_1453_1454_1455_1456_1457_1458_1459_1460_1461_1462_1463_1464_1465_1466_1467_1468_1469_1470_1471_1472_1473_1474_1475_1476_1477_1478_1479_1480_1481_1482_1483_1484_1485_1486_1487_1488_1489_1490_1491_1492_1493_1494_1495_1496_1497_1498_1499_1500_1501_1502_1503_1504_1505_1506_1507_1508_1509_1510_1511_1512_1513_1514_1515_1516_1517_1518_1519_1520_1521_1522_1523_1524_1525_1526_1527_1528_1529_1530_1531_1532_1533_1534_1535_1536_1537_1538_1539_1540_1541_1542_1543_1544_1545_1546_1547_1548_1549_1550_1551_1552_1553_1554_1555_1556_1557_1558_1559_1560_1561_1562_1563_1564_1565_1566_1567_1568_1569_1570_1571_1572_1573_1574_1575_1576_1577_1578_1579_1580_1581_1582_1583_1584_1585_1586_1587_1588_1589_1590_1591_1592_1593_1594_1595_1596_1597_1598_1599_1600_1601_1602_1603_1604_1605_1606_1607_1608_1609_1610_1611_1612_1613_1614_1615_1616_1617_1618_1619_1620_1621_1622_1623_1624_1625_1626_1627_1628_1629_1630_1631_1632_1633_1634_1635_1636_1637_1638_1639_1640_1641_1642_1643_1644_1645_1646_1647_1648_1649_1650_1651_1652_1653_1654_1655_1656_1657_1658_1659_1660_1661_1662_1663_1664_1665_1666_1667_1668_1669_1670_1671_1672_1673_1674_1675_1676_1677_1678_1679_1680_1681_1682_1683_1684_1685_1686_1687_1688_1689_1690_1691_1692_1693_1694_1695_1696_1697_1698_1699_1700_1701_1702_1703_1704_1705_1706_1707_1708_1709_1710_1711_1712_1713_1714_1715_1716_1717_1718_1719_1720_1721_1722_1723_1724_1725_1726_1727_1728_1729_1730_1731_1732_1733_1734_1735_1736_1737_1738_1739_1740_1741_1742_1743_1744_1745_1746_1747_1748_1749_1750_1751_1752_1753_1754_1755_1756_1757_1758_1759_1760_1761_1762_1763_1764_1765_1766_1767_1768_1769_1770_1771_1772_1773_1774_1775_,4:{5;6;7;186;8;}7:{185;187;184;}16:{15;18;13;83;19;12;82;683;}18:{20;21;}21:{22;679;1708;1707;681;1706;682;}23:{26;27;}24:{28;29;}38:{34;}39:{42;46;43;48;}41:{45;44;49;676;677;}43:{678;}51:{41;}52:{50;30;39;40;}54:{53;52;33;51;32;31;}56:{55;648;647;111;54;}63:{59;37;35;675;57;56;672;}65:{87;60;}69:{740;25;738;}71:{94;95;193;93;96;92;88;}80:{739;}82:{78;84;85;64;77;65;}83:{81;79;}85:{66;62;76;67;61;75;68;63;86;38;}88:{89;90;673;664;674;663;665;}100:{671;670;101;}101:{117;103;104;116;112;}102:{762;765;}108:{105;}123:{611;119;}124:{121;120;612;}125:{158;713;702;764;}127:{655;124;123;656;122;126;}133:{132;}142:{208;143;209;133;653;598;130;652;651;131;}147:{691;613;602;}150:{586;585;149;151;584;152;583;604;597;576;582;600;603;577;148;601;581;}154:{153;}160:{159;589;588;590;157;156;164;155;596;154;575;150;}168:{574;573;166;346;348;579;}169:{447;458;191;}173:{174;172;171;203;176;204;}176:{177;215;178;214;212;}177:{179;181;}185:{182;}186:{183;}188:{100;}193:{192;98;190;99;189;188;}204:{201;140;205;139;200;206;138;141;199;207;137;142;599;654;198;}213:{225;236;180;435;}215:{211;210;}216:{219;175;173;}221:{334;337;341;217;338;}224:{1022;}243:{724;329;735;}256:{331;326;332;253;}260:{262;263;264;256;265;229;228;254;255;230;266;}265:{227;}272:{271;281;270;847;268;}281:{257;}282:{259;288;261;289;}283:{260;}286:{283;853;279;848;}287:{285;851;272;277;284;852;850;278;849;}289:{290;292;222;221;223;220;267;342;226;216;}304:{213;}308:{294;275;274;293;276;287;273;286;}311:{308;}313:{302;324;336;402;391;424;380;413;347;58;269;102;}314:{310;309;}315:{314;312;311;}319:{317;1197;316;697;698;}321:{318;1196;}332:{333;328;327;330;}334:{218;339;}338:{751;340;750;343;749;}343:{344;345;170;168;167;351;}348:{349;}368:{366;375;365;364;376;377;}371:{359;370;360;372;361;368;378;362;568;373;367;384;356;374;379;363;567;}375:{383;381;399;}377:{400;408;407;398;}380:{114;125;258;136;91;147;247;80;}385:{436;}391:{69;763;}392:{394;432;433;431;444;434;430;443;442;}396:{411;}399:{565;396;392;390;393;395;409;389;566;388;}401:{410;}405:{397;}407:{406;560;405;404;401;403;}410:{412;414;423;425;415;}415:{416;445;}416:{448;}419:{418;417;}424:{358;369;47;794;793;36;1765;3;792;1743;}430:{427;426;}431:{429;428;}441:{440;439;438;387;161;437;160;}447:{469;202;646;635;480;322;624;}453:{564;}454:{453;452;}456:{454;489;}460:{506;}461:{457;456;507;455;}463:{461;523;460;522;459;}467:{902;718;470;471;527;}477:{478;479;481;}480:{491;239;240;}481:{482;483;508;509;}482:{510;}484:{511;}488:{484;}489:{493;499;497;485;}491:{243;242;238;241;}492:{498;494;495;496;500;}493:{528;530;}500:{501;}501:{505;}504:{422;421;519;420;518;419;}506:{488;490;487;492;486;}511:{512;514;}519:{517;516;515;}522:{521;520;475;474;473;476;472;477;}530:{529;503;504;451;450;}533:{554;555;562;556;559;}537:{534;533;561;563;}539:{536;}540:{538;537;}543:{540;552;539;553;}546:{535;524;761;513;757;759;502;768;}547:{545;544;549;550;551;543;}557:{224;113;335;2;446;1665;1044;}568:{595;353;570;593;594;350;571;592;572;352;382;}573:{165;578;}594:{163;587;385;441;162;386;}601:{650;649;146;606;135;144;134;605;145;607;}611:{610;609;658;659;660;}615:{616;642;617;641;618;640;619;639;}617:{620;638;}618:{621;637;}621:{623;625;}632:{631;630;626;627;629;633;628;643;}640:{622;}643:{636;634;}644:{632;}647:{645;644;}652:{129;128;197;127;196;}659:{661;118;115;}660:{608;614;615;}662:{106;}663:{108;107;}664:{662;109;110;}665:{666;667;}682:{23;24;}683:{73;684;72;11;74;10;685;71;9;195;70;194;}685:{97;}688:{1669;1667;1668;1664;}691:{669;680;546;}694:{692;690;1259;1260;1258;}696:{693;}698:{699;700;1198;701;315;1200;1201;}709:{710;1081;1063;1064;1082;1083;1065;1084;}713:{657;591;}716:{893;891;729;894;728;548;727;887;547;}717:{905;904;}722:{464;463;465;462;526;466;525;}727:{725;730;723;731;722;732;}732:{542;541;}738:{890;892;}739:{712;711;717;714;907;715;906;908;716;}751:{748;}761:{780;746;791;}764:{766;734;736;767;737;769;}766:{770;886;580;771;885;}768:{752;753;802;742;813;}769:{733;569;884;760;558;}771:{883;758;}772:{914;}773:{790;1732;913;}783:{777;}789:{1643;1654;1666;1677;1039;1688;1040;}794:{1754;14;912;910;909;}797:{795;1105;1532;1521;1106;1543;1510;1466;817;816;}800:{799;798;805;1103;797;806;1104;826;796;}802:{824;868;869;870;743;835;741;846;871;867;857;}812:{810;811;1488;937;938;1477;939;}813:{872;}817:{818;932;931;815;819;934;930;1555;935;814;820;929;1499;1566;936;812;821;928;}821:{822;1577;1034;1588;1032;927;1047;1035;1599;926;1036;925;1610;}824:{744;745;865;864;747;}826:{807;825;808;1444;1455;823;1432;}828:{1018;1014;1377;1019;1013;1020;1012;}830:{854;855;}832:{829;}833:{831;830;}837:{836;834;833;832;}840:{837;}844:{843;842;1075;1078;1068;1069;1067;1070;783;1079;1184;}848:{282;}855:{856;1655;1653;1652;}857:{355;}862:{859;858;}864:{357;}865:{354;371;}870:{873;}873:{874;875;876;878;879;880;}876:{531;532;}877:{779;668;1011;557;}882:{881;}883:{755;754;}884:{882;756;}888:{1540;1536;1537;}892:{895;726;}894:{896;719;720;897;721;}896:{898;899;467;901;468;}900:{1299;866;1288;1244;}905:{903;}922:{900;911;1210;889;1310;1222;877;1233;}924:{921;}925:{924;923;1037;1038;1621;1632;}938:{940;941;}940:{942;943;}941:{945;950;}943:{1030;1031;}947:{960;1026;1027;}949:{947;951;962;961;}950:{949;995;996;994;948;946;997;998;}951:{952;953;956;954;957;958;959;989;}959:{964;965;981;967;}961:{963;}964:{980;970;982;979;983;972;973;}979:{976;978;975;974;}986:{971;}989:{990;969;1133;1144;968;1122;1155;1099;}992:{991;}999:{1538;}1000:{933;1188;922;1199;}1008:{992;}1011:{1033;1066;}1012:{1001;}1013:{1002;1021;1015;1023;}1015:{1003;1017;1004;1007;1005;1006;}1020:{1024;1366;1355;1016;1025;1008;}1025:{1009;1010;966;955;1000;977;944;988;1344;993;1177;}1027:{1028;1029;}1033:{1055;1077;1088;}1051:{1049;1048;}1053:{1050;709;}1054:{1052;708;1051;}1058:{1061;1183;}1060:{1182;1181;1062;}1070:{1071;1072;782;1073;781;1074;291;1080;778;280;313;}1080:{169;}1083:{1085;789;788;787;1086;786;}1087:{707;}1089:{1115;1114;1054;706;1059;}1092:{1093;1108;1107;1094;1109;1112;1154;1153;1097;1098;1113;1095;1096;}1107:{801;800;804;}1109:{1102;}1113:{1100;1101;}1116:{1118;1119;}1118:{1493;1483;1399;1410;1482;}1119:{1421;}1120:{1060;1053;}1126:{1130;}1128:{1174;}1131:{1175;}1142:{1141;1140;1171;1170;1135;1169;}1147:{1157;1491;1158;1150;1151;1142;1152;1162;}1154:{1116;1117;803;809;}1155:{1166;987;986;985;1111;}1156:{1159;1160;1161;1137;}1161:{1139;1123;1121;1138;1089;1120;1124;1087;1090;1057;1058;1091;1125;1056;1126;1136;1092;1127;}1166:{984;}1168:{1134;1164;1132;705;1163;1131;1128;1129;}1172:{1194;1193;1168;}1175:{301;303;300;306;299;}1181:{1180;1179;845;305;1178;844;304;1176;841;1076;}1185:{1187;}1186:{1189;1190;}1187:{1191;1195;1460;}1190:{321;320;1461;319;1462;}1194:{1192;1167;1165;1186;1185;}1195:{1463;}1201:{1202;1203;703;1223;704;1220;1204;1205;1219;}1215:{1208;1214;1240;1209;1224;1211;1213;1239;1212;1225;1238;1237;}1216:{694;}1219:{1218;1759;1758;1217;1206;1757;1216;1207;696;1756;1215;}1230:{1243;1245;}1232:{1231;1235;1230;1229;1228;1241;1236;1227;1242;1226;}1242:{1246;1429;}1243:{1428;1247;1427;}1247:{1248;1249;1250;}1248:{1292;}1249:{1291;}1254:{1253;1252;1251;1275;}1256:{1254;}1257:{1269;1270;1271;1256;}1260:{1261;1262;1764;1766;1763;1263;1257;1264;1268;}1268:{1286;1285;1284;1283;}1284:{1282;1272;1602;1273;1281;1603;1274;1280;}1289:{1278;1611;1276;1609;1612;}1291:{1289;1600;1297;1287;}1292:{1290;1293;1295;1294;1296;}1296:{1303;1302;}1298:{1304;1315;1311;1312;}1301:{1300;}1302:{1301;1298;}1305:{1322;}1306:{1323;}1308:{1307;1341;1335;1306;1334;1336;1305;1325;1337;1593;1324;}1319:{1320;1354;}1322:{1316;1313;1314;}1324:{1318;1317;1319;1331;}1325:{1326;1327;1328;1329;1330;}1328:{1356;}1338:{1340;1342;1343;}1343:{1346;}1346:{1347;1348;}1348:{1349;1350;}1349:{1351;}1356:{1353;1357;1352;1358;}1359:{1345;}1362:{1338;1359;1339;}1363:{1368;}1368:{1369;}1370:{1364;1365;1363;1367;}1376:{1378;1375;}1382:{1380;1379;1373;1374;1376;}1387:{1389;1390;1383;1598;1597;1381;}1389:{1372;}1391:{1387;1591;}1395:{1394;1397;1400;1585;1393;1392;1586;1401;1391;1386;1418;}1401:{1404;1417;1385;1403;1416;1384;1402;1415;}1402:{1405;1408;1382;863;}1408:{862;861;1406;860;1407;}1420:{1396;1409;1411;1398;1395;1412;}1423:{1420;}1425:{1422;}1427:{1426;1579;1580;1425;}1431:{1424;1423;}1434:{1430;}1435:{1434;1433;1431;}1438:{1437;1436;1435;}1471:{1562;1497;1465;}1472:{1474;1494;1470;1473;1495;1469;1496;1563;1468;}1476:{1471;}1484:{1480;1472;1481;}1485:{1484;1476;1478;1475;1479;}1491:{1490;1492;1145;1489;1173;1146;1147;1148;1143;1486;1149;1172;1485;1156;1487;}1493:{827;1388;828;}1494:{1561;1560;}1496:{1498;1500;1501;}1501:{1502;1503;1504;1528;}1503:{1527;1526;1531;1525;}1516:{1541;1544;1518;1542;1545;1519;1546;1520;}1523:{1524;1529;1530;}1529:{1533;1535;1534;}1534:{888;999;}1537:{1539;}1545:{1547;1548;1549;}1546:{1550;}1552:{1509;}1553:{1552;1551;1506;1507;1557;1508;1505;1558;}1556:{1442;}1557:{1559;1511;1512;1441;1513;1523;}1559:{1584;1522;1514;1583;1517;1516;}1560:{1556;1582;1581;1553;}1564:{1451;}1565:{1568;1569;1449;1450;}1569:{1570;1571;1572;}1570:{1573;1574;}1574:{1575;1576;1578;1232;1234;}1581:{1446;1445;1564;1447;1565;1448;1567;}1583:{1440;1439;1438;1515;}1585:{1587;1589;}1587:{1590;1594;1592;1595;}1589:{1309;1308;}1598:{1371;1596;1370;1362;1361;1360;}1601:{1628;1625;}1602:{1604;1605;}1604:{1606;1607;1279;}1612:{840;839;838;1608;}1613:{1618;1619;1617;1616;1620;1768;}1618:{1622;1623;}1620:{1693;1692;1691;}1623:{1690;}1628:{1629;1630;1624;1631;1633;}1631:{1634;1635;}1633:{1636;}1635:{1637;1638;1678;}1638:{1639;1640;1641;}1641:{1642;1644;1645;1646;}1645:{1650;1651;1649;1648;}1648:{1647;1656;}1656:{1657;1658;1671;1670;689;}1661:{687;}1665:{1554;1443;}1674:{1660;1661;1700;1659;}1675:{1673;1684;1672;1685;}1678:{1679;1676;1680;1675;1681;1674;1682;1683;}1684:{1698;1697;1662;1696;1663;}1685:{688;1694;}1688:{772;918;917;773;1699;919;916;920;1710;774;915;785;775;784;776;1721;}1691:{1689;1687;1686;}1696:{1703;1704;}1698:{1695;1701;1702;}1701:{1705;}1709:{17;16;}1713:{1712;1711;1709;}1716:{1714;1735;1742;1713;1736;}1717:{1740;}1719:{686;1716;1715;1734;1741;}1728:{1727;1729;1722;1720;1726;1730;1723;1731;1725;1719;1767;1724;1744;1733;}1729:{1718;1717;}1736:{1737;1774;1738;1739;4;1775;}1747:{1746;1745;1728;}1749:{1748;1747;}1752:{1749;}1755:{1752;1760;1751;1761;1762;1750;}1758:{1755;1753;695;}1764:{1771;1772;1770;1265;}1772:{1773;1613;1614;1769;1627;1615;1267;1601;1626;},4_5_181_217_218_340_343_344_542_543_719_725_726_727_730_731_732_857_858_859_860_864_865_867_871_872_879_880_896_1293_1294_1295_1382_1383_1384_1385_1587_1603_1604_1605_1606_1622_1623_1624_1628_1629_1693_1713_1714_1775_,1491-1490*0_1491-1492*0_1491-1145*0_1491-1489*0_1491-1173*0_1491-1146*0_1491-1147*0_1491-1148*0_1491-1143*0_1491-1486*0_1491-1149*0_1491-1172*0_1491-1485*0_1491-1156*0_1491-1487*0_1147-1157*1_1147-1491*1_1147-1158*1_1147-1150*1_1147-1151*1_1147-1142*1_1147-1152*1_1147-1162*1_1156-1159*2_1156-1160*2_1156-1161*2_1156-1137*2_1161-1139*3_1161-1123*3_1161-1121*3_1161-1138*3_1161-1089*3_1161-1120*3_1161-1124*3_1161-1087*3_1161-1090*3_1161-1057*3_1161-1058*3_1161-1091*3_1161-1125*3_1161-1056*3_1161-1126*3_1161-1136*3_1161-1092*3_1161-1127*3_1142-1141*2_1142-1140*2_1142-1171*2_1142-1170*2_1142-1135*2_1142-1169*2_1092-1093*4_1092-1108*4_1092-1107*4_1092-1094*4_1092-1109*4_1092-1112*4_1092-1154*4_1092-1153*4_1092-1097*4_1092-1098*4_1092-1113*4_1092-1095*4_1092-1096*4_1172-1194*1_1172-1193*1_1172-1168*1_1154-1116*5_1154-1117*5_1154-803*5_1154-809*5_1089-1115*4_1089-1114*4_1089-1054*4_1089-706*4_1089-1059*4_1120-1060*5_1120-1053*5_1113-1100*5_1113-1101*5_1087-707*6_1058-1061*6_1058-1183*6_1054-1052*5_1054-708*5_1054-1051*5_1194-1192*2_1194-1167*2_1194-1165*2_1194-1186*2_1194-1185*2_1485-1484*1_1485-1476*1_1485-1478*1_1485-1475*1_1485-1479*1_1060-1182*6_1060-1181*6_1060-1062*6_1107-801*6_1107-800*6_1107-804*6_1168-1134*2_1168-1164*2_1168-1132*2_1168-705*2_1168-1163*2_1168-1131*2_1168-1128*2_1168-1129*2_1181-1180*7_1181-1179*7_1181-845*7_1181-305*7_1181-1178*7_1181-844*7_1181-304*7_1181-1176*7_1181-841*7_1181-1076*7_1053-1050*6_1053-709*6_1109-1102*7_800-799*8_800-798*8_800-805*8_800-1103*8_800-797*8_800-806*8_800-1104*8_800-826*8_800-796*8_1484-1480*2_1484-1472*2_1484-1481*2_1126-1130*4_1128-1174*3_1185-1187*3_797-795*9_797-1105*9_797-1532*9_797-1521*9_797-1106*9_797-1543*9_797-1510*9_797-1466*9_797-817*9_797-816*9_844-843*8_844-842*8_844-1075*8_844-1078*8_844-1068*8_844-1069*8_844-1067*8_844-1070*8_844-783*8_844-1079*8_844-1184*8_826-807*9_826-825*9_826-808*9_826-1444*9_826-1455*9_826-823*9_826-1432*9_1476-1471*2_1131-1175*5_817-818*10_817-932*10_817-931*10_817-815*10_817-819*10_817-934*10_817-930*10_817-1555*10_817-935*10_817-814*10_817-820*10_817-929*10_817-1499*10_817-1566*10_817-936*10_817-812*10_817-821*10_817-928*10_1070-1071*9_1070-1072*9_1070-782*9_1070-1073*9_1070-781*9_1070-1074*9_1070-291*9_1070-1080*9_1070-778*9_1070-280*9_1070-313*9_812-810*11_812-811*11_812-1488*11_812-937*11_812-938*11_812-1477*11_812-939*11_1116-1118*6_1116-1119*6_1175-301*6_1175-303*6_1175-300*6_1175-306*6_1175-299*6_938-940*12_938-941*12_709-710*7_709-1081*7_709-1063*7_709-1064*7_709-1082*7_709-1083*7_709-1065*7_709-1084*7_1051-1049*7_1051-1048*7_313-302*10_313-324*10_313-336*10_313-402*10_313-391*10_313-424*10_313-380*10_313-413*10_313-347*10_313-58*10_313-269*10_313-102*10_304-213*8_1083-1085*8_1083-789*8_1083-788*8_1083-787*8_1083-1086*8_1083-786*8_821-822*11_821-1577*11_821-1034*11_821-1588*11_821-1032*11_821-927*11_821-1047*11_821-1035*11_821-1599*11_821-926*11_821-1036*11_821-925*11_821-1610*11_940-942*13_940-943*13_380-114*11_380-125*11_380-258*11_380-136*11_380-91*11_380-147*11_380-247*11_380-80*11_925-924*12_925-923*12_925-1037*12_925-1038*12_925-1621*12_925-1632*12_789-1643*9_789-1654*9_789-1666*9_789-1677*9_789-1039*9_789-1688*9_789-1040*9_1472-1474*3_1472-1494*3_1472-1470*3_1472-1473*3_1472-1495*3_1472-1469*3_1472-1496*3_1472-1563*3_1472-1468*3_391-69*12_391-763*12_1118-1493*7_1118-1483*7_1118-1399*7_1118-1410*7_1118-1482*7_424-358*13_424-369*13_424-47*13_424-794*13_424-793*13_424-36*13_424-1765*13_424-3*13_424-792*13_424-1743*13_1471-1562*4_1471-1497*4_1471-1465*4_1688-772*10_1688-918*10_1688-917*10_1688-773*10_1688-1699*10_1688-919*10_1688-916*10_1688-920*10_1688-1710*10_1688-774*10_1688-915*10_1688-785*10_1688-775*10_1688-784*10_1688-776*10_1688-1721*10_125-158*13_125-713*13_125-702*13_125-764*13_102-762*14_102-765*14_924-921*13_80-739*15_1494-1561*4_1494-1560*4_213-225*9_213-236*9_213-180*9_213-435*9_772-914*11_773-790*11_773-1732*11_773-913*11_941-945*13_941-950*13_1560-1556*5_1560-1582*5_1560-1581*5_1560-1553*5_950-949*14_950-995*14_950-996*14_950-994*14_950-948*14_950-946*14_950-997*14_950-998*14_1493-827*8_1493-1388*8_1493-828*8_1186-1189*3_1186-1190*3_783-777*10_794-1754*14_794-14*14_794-912*14_794-910*14_794-909*14_1119-1421*9_943-1030*14_943-1031*14_69-740*16_69-25*16_69-738*16_764-766*14_764-734*14_764-736*14_764-767*14_764-737*14_764-769*14_1496-1498*5_1496-1500*5_1496-1501*5_739-712*16_739-711*16_739-717*16_739-714*16_739-907*16_739-715*16_739-906*16_739-908*16_739-716*16_738-890*17_738-892*17_1553-1552*6_1553-1551*6_1553-1506*6_1553-1507*6_1553-1557*6_1553-1508*6_1553-1505*6_1553-1558*6_1080-169*12_717-905*18_717-904*18_716-893*18_716-891*18_716-729*18_716-894*18_716-728*18_716-548*18_716-727*18_716-887*18_716-547*18_828-1018*10_828-1014*10_828-1377*10_828-1019*10_828-1013*10_828-1020*10_828-1012*10_1556-1442*7_169-447*13_169-458*13_169-191*13_1501-1502*6_1501-1503*6_1501-1504*6_1501-1528*6_1581-1446*6_1581-1445*6_1581-1564*6_1581-1447*6_1581-1565*6_1581-1448*6_1581-1567*6_1552-1509*8_447-469*14_447-202*14_447-646*14_447-635*14_447-480*14_447-322*14_447-624*14_1557-1559*9_1557-1511*9_1557-1512*9_1557-1441*9_1557-1513*9_1557-1523*9_905-903*19_892-895*18_892-726*18_894-896*19_894-719*19_894-720*19_894-897*19_894-721*19_766-770*16_766-886*16_766-580*16_766-771*16_766-885*16_1559-1584*10_1559-1522*10_1559-1514*10_1559-1583*10_1559-1517*10_1559-1516*10_727-725*19_727-730*19_727-723*19_727-731*19_727-722*19_727-732*19_722-464*20_722-463*20_722-465*20_722-462*20_722-526*20_722-466*20_722-525*20_1013-1002*11_1013-1021*11_1013-1015*11_1013-1023*11_147-691*14_147-613*14_147-602*14_1583-1440*11_1583-1439*11_1583-1438*11_1583-1515*11_949-947*15_949-951*15_949-962*15_949-961*15_463-461*21_463-523*21_463-460*21_463-522*21_463-459*21_1438-1437*12_1438-1436*12_1438-1435*12_713-657*16_713-591*16_896-898*20_896-899*20_896-467*20_896-901*20_896-468*20_1020-1024*11_1020-1366*11_1020-1355*11_1020-1016*11_1020-1025*11_1020-1008*11_1565-1568*7_1565-1569*7_1565-1449*7_1565-1450*7_947-960*16_947-1026*16_947-1027*16_1187-1191*4_1187-1195*4_1187-1460*4_691-669*17_691-680*17_691-546*17_1503-1527*7_1503-1526*7_1503-1531*7_1503-1525*7_547-545*19_547-544*19_547-549*19_547-550*19_547-551*19_547-543*19_769-733*17_769-569*17_769-884*17_769-760*17_769-558*17_1190-321*4_1190-320*4_1190-1461*4_1190-319*4_1190-1462*4_732-542*20_732-541*20_951-952*16_951-953*16_951-956*16_951-954*16_951-957*16_951-958*16_951-959*16_951-989*16_461-457*22_461-456*22_461-507*22_461-455*22_1195-1463*5_467-902*21_467-718*21_467-470*21_467-471*21_467-527*21_546-535*19_546-524*19_546-761*19_546-513*19_546-757*19_546-759*19_546-502*19_546-768*19_321-318*6_321-1196*6_961-963*16_1012-1001*12_1516-1541*11_1516-1544*11_1516-1518*11_1516-1542*11_1516-1545*11_1516-1519*11_1516-1546*11_1516-1520*11_543-540*21_543-552*21_543-539*21_543-553*21_959-964*17_959-965*17_959-981*17_959-967*17_771-883*17_771-758*17_1545-1547*12_1545-1548*12_1545-1549*12_319-317*7_319-1197*7_319-316*7_319-697*7_319-698*7_1015-1003*13_1015-1017*13_1015-1004*13_1015-1007*13_1015-1005*13_1015-1006*13_1523-1524*10_1523-1529*10_1523-1530*10_1025-1009*14_1025-1010*14_1025-966*14_1025-955*14_1025-1000*14_1025-977*14_1025-944*14_1025-988*14_1025-1344*14_1025-993*14_1025-1177*14_522-521*22_522-520*22_522-475*22_522-474*22_522-473*22_522-476*22_522-472*22_522-477*22_1546-1550*13_1569-1570*8_1569-1571*8_1569-1572*8_1008-992*12_884-882*20_884-756*20_460-506*22_883-755*18_883-754*18_698-699*8_698-700*8_698-1198*8_698-701*8_698-315*8_698-1200*8_698-1201*8_480-491*15_480-239*15_480-240*15_456-454*23_456-489*23_1570-1573*9_1570-1574*9_1027-1028*17_1027-1029*17_506-488*23_506-490*23_506-487*23_506-492*23_506-486*23_992-991*13_477-478*23_477-479*23_477-481*23_1435-1434*13_1435-1433*13_1435-1431*13_1529-1533*12_1529-1535*12_1529-1534*12_989-990*17_989-969*17_989-1133*17_989-1144*17_989-968*17_989-1122*17_989-1155*17_989-1099*17_1574-1575*10_1574-1576*10_1574-1578*10_1574-1232*10_1574-1234*10_761-780*20_761-746*20_761-791*20_1201-1202*9_1201-1203*9_1201-703*9_1201-1223*9_1201-704*9_1201-1220*9_1201-1204*9_1201-1205*9_1201-1219*9_491-243*16_491-242*16_491-238*16_491-241*16_540-538*22_540-537*22_243-724*17_243-329*17_243-735*17_768-752*20_768-753*20_768-802*20_768-742*20_768-813*20_1232-1231*11_1232-1235*11_1232-1230*11_1232-1229*11_1232-1228*11_1232-1241*11_1232-1236*11_1232-1227*11_1232-1242*11_1232-1226*11_802-824*21_802-868*21_802-869*21_802-870*21_802-743*21_802-835*21_802-741*21_802-846*21_802-871*21_802-867*21_802-857*21_882-881*21_824-744*22_824-745*22_824-865*22_824-864*22_824-747*22_489-493*24_489-499*24_489-497*24_489-485*24_1219-1218*10_1219-1759*10_1219-1758*10_1219-1217*10_1219-1206*10_1219-1757*10_1219-1216*10_1219-1207*10_1219-696*10_1219-1756*10_1219-1215*10_488-484*24_813-872*22_1230-1243*12_1230-1245*12_315-314*9_315-312*9_315-311*9_539-536*22_1758-1755*11_1758-1753*11_1758-695*11_1155-1166*18_1155-987*18_1155-986*18_1155-985*18_1155-1111*18_870-873*23_492-498*24_492-494*24_492-495*24_492-496*24_492-500*24_1242-1246*12_1242-1429*12_481-482*24_481-483*24_481-508*24_481-509*24_964-980*18_964-970*18_964-982*18_964-979*18_964-983*18_964-972*18_964-973*18_1166-984*19_1243-1428*13_1243-1247*13_1243-1427*13_873-874*24_873-875*24_873-876*24_873-878*24_873-879*24_873-880*24_454-453*24_454-452*24_986-971*20_857-355*23_876-531*25_876-532*25_537-534*23_537-533*23_537-561*23_537-563*23_1755-1752*12_1755-1760*12_1755-1751*12_1755-1761*12_1755-1762*12_1755-1750*12_500-501*25_1427-1426*14_1427-1579*14_1427-1580*14_1427-1425*14_1247-1248*14_1247-1249*14_1247-1250*14_979-976*19_979-978*19_979-975*19_979-974*19_1215-1208*11_1215-1214*11_1215-1240*11_1215-1209*11_1215-1224*11_1215-1211*11_1215-1213*11_1215-1239*11_1215-1212*11_1215-1225*11_1215-1238*11_1215-1237*11_1434-1430*14_482-510*27_865-354*23_865-371*23_453-564*25_484-511*28_1248-1292*15_493-528*25_493-530*25_1216-694*12_371-359*24_371-370*24_371-360*24_371-372*24_371-361*24_371-368*24_371-378*24_371-362*24_371-568*24_371-373*24_371-367*24_371-384*24_371-356*24_371-374*24_371-379*24_371-363*24_371-567*24_1431-1424*14_1431-1423*14_533-554*24_533-555*24_533-562*24_533-556*24_533-559*24_368-366*25_368-375*25_368-365*25_368-364*25_368-376*25_368-377*25_530-529*26_530-503*26_530-504*26_530-451*26_530-450*26_696-693*12_501-505*27_504-422*28_504-421*28_504-519*28_504-420*28_504-518*28_504-419*28_375-383*26_375-381*26_375-399*26_1752-1749*13_314-310*10_314-309*10_511-512*30_511-514*30_377-400*26_377-408*26_377-407*26_377-398*26_694-692*13_694-690*13_694-1259*13_694-1260*13_694-1258*13_1425-1422*15_1249-1291*16_519-517*29_519-516*29_519-515*29_1423-1420*16_864-357*24_1564-1451*9_419-418*29_419-417*29_568-595*25_568-353*25_568-570*25_568-593*25_568-594*25_568-350*25_568-571*25_568-592*25_568-572*25_568-352*25_568-382*25_407-406*27_407-560*27_407-405*27_407-404*27_407-401*27_407-403*27_311-308*10_1000-933*15_1000-1188*15_1000-922*15_1000-1199*15_405-397*28_399-565*27_399-396*27_399-392*27_399-390*27_399-393*27_399-395*27_399-409*27_399-389*27_399-566*27_399-388*27_1260-1261*14_1260-1262*14_1260-1764*14_1260-1766*14_1260-1763*14_1260-1263*14_1260-1257*14_1260-1264*14_1260-1268*14_392-394*28_392-432*28_392-433*28_392-431*28_392-444*28_392-434*28_392-430*28_392-443*28_392-442*28_1292-1290*16_1292-1293*16_1292-1295*16_1292-1294*16_1292-1296*16_1749-1748*14_1749-1747*14_594-163*26_594-587*26_594-385*26_594-441*26_594-162*26_594-386*26_431-429*29_431-428*29_308-294*11_308-275*11_308-274*11_308-293*11_308-276*11_308-287*11_308-273*11_308-286*11_1420-1396*17_1420-1409*17_1420-1411*17_1420-1398*17_1420-1395*17_1420-1412*17_401-410*28_1534-888*14_1534-999*14_1291-1289*17_1291-1600*17_1291-1297*17_1291-1287*17_1764-1771*16_1764-1772*16_1764-1770*16_1764-1265*16_1289-1278*18_1289-1611*18_1289-1276*18_1289-1609*18_1289-1612*18_922-900*16_922-911*16_922-1210*16_922-889*16_922-1310*16_922-1222*16_922-877*16_922-1233*16_430-427*30_430-426*30_396-411*28_900-1299*17_900-866*17_900-1288*17_900-1244*17_441-440*27_441-439*27_441-438*27_441-387*27_441-161*27_441-437*27_441-160*27_410-412*30_410-414*30_410-423*30_410-425*30_410-415*30_888-1540*15_888-1536*15_888-1537*15_1395-1394*18_1395-1397*18_1395-1400*18_1395-1585*18_1395-1393*18_1395-1392*18_1395-1586*18_1395-1401*18_1395-1391*18_1395-1386*18_1395-1418*18_385-436*28_1401-1404*19_1401-1417*19_1401-1385*19_1401-1403*19_1401-1416*19_1401-1384*19_1401-1402*19_1401-1415*19_1585-1587*19_1585-1589*19_287-285*12_287-851*12_287-272*12_287-277*12_287-284*12_287-852*12_287-850*12_287-278*12_287-849*12_1296-1303*17_1296-1302*17_1772-1773*17_1772-1613*17_1772-1614*17_1772-1769*17_1772-1627*17_1772-1615*17_1772-1267*17_1772-1601*17_1772-1626*17_1391-1387*20_1391-1591*20_286-283*12_286-853*12_286-279*12_286-848*12_999-1538*15_1587-1590*21_1587-1594*21_1587-1592*21_1587-1595*21_1612-840*19_1612-839*19_1612-838*19_1612-1608*19_1589-1309*22_1589-1308*22_1308-1307*23_1308-1341*23_1308-1335*23_1308-1306*23_1308-1334*23_1308-1336*23_1308-1305*23_1308-1325*23_1308-1337*23_1308-1593*23_1308-1324*23_1257-1269*15_1257-1270*15_1257-1271*15_1257-1256*15_848-282*13_1387-1389*21_1387-1390*21_1387-1383*21_1387-1598*21_1387-1597*21_1387-1381*21_877-779*17_877-668*17_877-1011*17_877-557*17_1268-1286*15_1268-1285*15_1268-1284*15_1268-1283*15_272-271*13_272-281*13_272-270*13_272-847*13_272-268*13_1601-1628*18_1601-1625*18_1628-1629*19_1628-1630*19_1628-1624*19_1628-1631*19_1628-1633*19_1256-1254*16_283-260*14_1389-1372*22_1284-1282*19_1284-1272*19_1284-1602*19_1284-1273*19_1284-1281*19_1284-1603*19_1284-1274*19_1284-1280*19_1602-1604*20_1602-1605*20_840-837*20_415-416*31_415-445*31_416-448*32_1598-1371*23_1598-1596*23_1598-1370*23_1598-1362*23_1598-1361*23_1598-1360*23_1306-1323*24_1537-1539*16_837-836*21_837-834*21_837-833*21_837-832*21_557-224*19_557-113*19_557-335*19_557-2*19_557-446*19_557-1665*19_557-1044*19_1362-1338*24_1362-1359*24_1362-1339*24_1325-1326*24_1325-1327*24_1325-1328*24_1325-1329*24_1325-1330*24_833-831*22_833-830*22_1338-1340*25_1338-1342*25_1338-1343*25_1747-1746*15_1747-1745*15_1747-1728*15_1728-1727*16_1728-1729*16_1728-1722*16_1728-1720*16_1728-1726*16_1728-1730*16_1728-1723*16_1728-1731*16_1728-1725*16_1728-1719*16_1728-1767*16_1728-1724*16_1728-1744*16_1728-1733*16_1613-1618*18_1613-1619*18_1613-1617*18_1613-1616*18_1613-1620*18_1613-1768*18_1370-1364*24_1370-1365*24_1370-1363*24_1370-1367*24_282-259*14_282-288*14_282-261*14_282-289*14_224-1022*20_1359-1345*25_832-829*23_1363-1368*25_1402-1405*20_1402-1408*20_1402-1382*20_1402-863*20_1302-1301*18_1302-1298*18_1324-1318*25_1324-1317*25_1324-1319*25_1324-1331*25_1604-1606*21_1604-1607*21_1604-1279*21_1328-1356*26_1382-1380*21_1382-1379*21_1382-1373*21_1382-1374*21_1382-1376*21_1343-1346*26_1319-1320*26_1319-1354*26_1346-1347*27_1346-1348*27_830-854*23_830-855*23_1376-1378*22_1376-1375*22_1729-1718*17_1729-1717*17_160-159*28_160-589*28_160-588*28_160-590*28_160-157*28_160-156*28_160-164*28_160-155*28_160-596*28_160-154*28_160-575*28_160-150*28_1305-1322*25_1719-686*17_1719-1716*17_1719-1715*17_1719-1734*17_1719-1741*17_855-856*24_855-1655*24_855-1653*24_855-1652*24_1716-1714*18_1716-1735*18_1716-1742*18_1716-1713*18_1716-1736*18_1254-1253*17_1254-1252*17_1254-1251*17_1254-1275*17_1356-1353*28_1356-1357*28_1356-1352*28_1356-1358*28_1301-1300*19_1631-1634*20_1631-1635*20_1011-1033*18_1011-1066*18_1665-1554*21_1665-1443*21_1368-1369*26_281-257*15_1618-1622*19_1618-1623*19_289-290*15_289-292*15_289-222*15_289-221*15_289-223*15_289-220*15_289-267*15_289-342*15_289-226*15_289-216*15_1633-1636*20_1348-1349*28_1348-1350*28_1635-1637*21_1635-1638*21_1635-1678*21_1638-1639*22_1638-1640*22_1638-1641*22_221-334*16_221-337*16_221-341*16_221-217*16_221-338*16_1620-1693*19_1620-1692*19_1620-1691*19_150-586*29_150-585*29_150-149*29_150-151*29_150-584*29_150-152*29_150-583*29_150-604*29_150-597*29_150-576*29_150-582*29_150-600*29_150-603*29_150-577*29_150-148*29_150-601*29_150-581*29_154-153*29_1408-862*21_1408-861*21_1408-1406*21_1408-860*21_1408-1407*21_334-218*17_334-339*17_1298-1304*19_1298-1315*19_1298-1311*19_1298-1312*19_862-859*22_862-858*22_1713-1712*19_1713-1711*19_1713-1709*19_1322-1316*26_1322-1313*26_1322-1314*26_1717-1740*20_601-650*30_601-649*30_601-146*30_601-606*30_601-135*30_601-144*30_601-134*30_601-605*30_601-145*30_601-607*30_1641-1642*23_1641-1644*23_1641-1645*23_1641-1646*23_338-751*18_338-340*18_338-750*18_338-343*18_338-749*18_1623-1690*20_216-219*17_216-175*17_216-173*17_1645-1650*24_1645-1651*24_1645-1649*24_1645-1648*24_173-174*18_173-172*18_173-171*18_173-203*18_173-176*18_173-204*18_1691-1689*21_1691-1687*21_1691-1686*21_1678-1679*22_1678-1676*22_1678-1680*22_1678-1675*22_1678-1681*22_1678-1674*22_1678-1682*22_1678-1683*22_343-344*19_343-345*19_343-170*19_343-168*19_343-167*19_343-351*19_1675-1673*23_1675-1684*23_1675-1672*23_1675-1685*23_168-574*20_168-573*20_168-166*20_168-346*20_168-348*20_168-579*20_204-201*19_204-140*19_204-205*19_204-139*19_204-200*19_204-206*19_204-138*19_204-141*19_204-199*19_204-207*19_204-137*19_204-142*19_204-599*19_204-654*19_204-198*19_1033-1055*19_1033-1077*19_1033-1088*19_1674-1660*23_1674-1661*23_1674-1700*23_1674-1659*23_1648-1647*26_1648-1656*26_142-208*20_142-143*20_142-209*20_142-133*20_142-653*20_142-598*20_142-130*20_142-652*20_142-651*20_142-131*20_1656-1657*27_1656-1658*27_1656-1671*27_1656-1670*27_1656-689*27_1709-17*20_1709-16*20_652-129*21_652-128*21_652-197*21_652-127*21_652-196*21_1661-687*24_573-165*21_573-578*21_260-262*17_260-263*17_260-264*17_260-256*17_260-265*17_260-229*17_260-228*17_260-254*17_260-255*17_260-230*17_260-266*17_348-349*21_1684-1698*24_1684-1697*24_1684-1662*24_1684-1696*24_1684-1663*24_1685-688*24_1685-1694*24_1349-1351*29_16-15*21_16-18*21_16-13*21_16-83*21_16-19*21_16-12*21_16-82*21_16-683*21_18-20*22_18-21*22_688-1669*25_688-1667*25_688-1668*25_688-1664*25_133-132*22_1698-1695*25_1698-1701*25_1698-1702*25_1696-1703*26_1696-1704*26_1736-1737*21_1736-1774*21_1736-1738*21_1736-1739*21_1736-4*21_1736-1775*21_83-81*22_83-79*22_82-78*23_82-84*23_82-85*23_82-64*23_82-77*23_82-65*23_265-227*18_85-66*24_85-62*24_85-76*24_85-67*24_85-61*24_85-75*24_85-68*24_85-63*24_85-86*24_85-38*24_256-331*18_256-326*18_256-332*18_256-253*18_4-5*22_4-6*22_4-7*22_4-186*22_4-8*22_65-87*24_65-60*24_176-177*19_176-215*19_176-178*19_176-214*19_176-212*19_1701-1705*27_683-73*22_683-684*22_683-72*22_683-11*22_683-74*22_683-10*22_683-685*22_683-71*22_683-9*22_683-195*22_683-70*22_683-194*22_63-59*25_63-37*25_63-35*25_63-675*25_63-57*25_63-56*25_63-672*25_71-94*23_71-95*23_71-193*23_71-93*23_71-96*23_71-92*23_71-88*23_56-55*26_56-648*26_56-647*26_56-111*26_56-54*26_88-89*24_88-90*24_88-673*24_88-664*24_88-674*24_88-663*24_88-665*24_38-34*25_177-179*20_177-181*20_332-333*19_332-328*19_332-327*19_332-330*19_665-666*25_665-667*25_664-662*26_664-109*26_664-110*26_54-53*27_54-52*27_54-33*27_54-51*27_54-32*27_54-31*27_215-211*20_215-210*20_685-97*23_663-108*27_663-107*27_21-22*23_21-679*23_21-1708*23_21-1707*23_21-681*23_21-1706*23_21-682*23_193-192*24_193-98*24_193-190*24_193-99*24_193-189*24_193-188*24_7-185*23_7-187*23_7-184*23_186-183*23_127-655*22_127-124*22_127-123*22_127-656*22_127-122*22_127-126*22_185-182*24_124-121*23_124-120*23_124-612*23_188-100*25_662-106*29_123-611*23_123-119*23_108-105*30_682-23*24_682-24*24_100-671*26_100-670*26_100-101*26_647-645*29_647-644*29_23-26*25_23-27*25_751-748*21_611-610*25_611-609*25_611-658*25_611-659*25_611-660*25_52-50*28_52-30*28_52-39*28_52-40*28_51-41*28_24-28*26_24-29*26_659-661*26_659-118*26_659-115*26_39-42*29_39-46*29_39-43*29_39-48*29_101-117*27_101-103*27_101-104*27_101-116*27_101-112*27_41-45*30_41-44*30_41-49*30_41-676*30_41-677*30_644-632*30_660-608*27_660-614*27_660-615*27_43-678*30_615-616*28_615-642*28_615-617*28_615-641*28_615-618*28_615-640*28_615-619*28_615-639*28_617-620*29_617-638*29_618-621*29_618-637*29_640-622*30_621-623*30_621-625*30_632-631*31_632-630*31_632-626*31_632-627*31_632-629*31_632-633*31_632-628*31_632-643*31_643-636*32_643-634*32_
