"id","Scenario","Actual Range","Protocol","Buildings","Total nodes","Nodes on circ","Total coverage","Coverage on circ","Alert received mean time","Hops","Slots","Messages sent","Messages received", "Starting x", "Starting y","Starting node", "Vehicle distance", "Received node ids", "Node ids", "Transmission map", "Received on circ nodes", "Transmission vector"
0,1,100,0,0,600,3,600,3,1.00087e+07,170,10059,184,600,0,100,0,25,1_2_3_0_4_5_6_7_8_9_10_11_12_13_14_15_16_17_18_19_20_21_22_23_24_25_26_27_28_29_30_31_32_33_34_35_36_37_38_39_40_41_42_43_44_45_46_47_48_49_50_51_52_53_54_55_56_57_58_59_60_61_62_63_64_65_66_67_68_69_70_71_72_73_74_75_76_77_78_79_80_81_82_83_84_85_86_87_88_89_90_91_92_93_94_95_96_97_98_99_100_101_102_103_104_105_106_107_108_109_110_111_112_113_114_115_116_117_118_119_120_121_122_123_124_125_126_127_128_129_130_131_132_133_134_135_136_137_138_139_140_141_142_143_144_145_146_147_148_149_150_151_152_153_154_155_156_157_158_159_160_161_162_163_164_165_166_167_168_169_170_171_172_173_174_175_176_177_178_179_180_181_182_183_184_185_186_187_188_189_190_191_192_193_194_195_196_197_198_199_200_201_202_203_204_205_206_207_208_209_210_211_212_213_214_215_216_217_218_219_220_221_222_223_224_225_226_227_228_229_230_231_232_233_234_235_236_237_238_239_240_241_242_243_244_245_246_247_248_249_250_251_252_253_254_255_256_257_258_259_260_261_262_263_264_265_266_267_268_269_270_271_272_273_274_275_276_277_278_279_280_281_282_283_284_285_286_287_288_289_290_291_292_293_294_295_296_297_298_299_300_301_302_303_304_305_306_307_308_309_310_311_312_313_314_315_316_317_318_319_320_321_322_323_324_325_326_327_328_329_330_331_332_333_334_335_336_337_338_339_340_341_342_343_344_345_346_347_348_349_350_351_352_353_354_355_356_357_358_359_360_361_362_363_364_365_366_367_368_369_370_371_372_373_374_375_376_377_378_379_380_381_382_383_384_385_386_387_388_389_390_391_392_393_394_395_396_397_398_399_400_401_402_403_404_405_406_407_408_409_410_411_412_413_414_415_416_417_418_419_420_421_422_423_424_425_426_427_428_429_430_431_432_433_434_435_436_437_438_439_440_441_442_443_444_445_446_447_448_449_450_451_452_453_454_455_456_457_458_459_460_461_462_463_464_465_466_467_468_469_470_471_472_473_474_475_476_477_478_479_480_481_482_483_484_485_486_487_488_489_490_491_492_493_494_495_496_497_498_499_500_501_502_503_504_505_506_507_508_509_510_511_512_513_514_515_516_517_518_519_520_521_522_523_524_525_526_527_528_529_530_531_532_533_534_535_536_537_538_539_540_541_542_543_544_545_546_547_548_549_550_551_552_553_554_555_556_557_558_559_560_561_562_563_564_565_566_567_568_569_570_571_572_573_574_575_576_577_578_579_580_581_582_583_584_585_586_587_588_589_590_591_592_593_594_595_596_597_598_599_,0_1_2_3_4_5_6_7_8_9_10_11_12_13_14_15_16_17_18_19_20_21_22_23_24_25_26_27_28_29_30_31_32_33_34_35_36_37_38_39_40_41_42_43_44_45_46_47_48_49_50_51_52_53_54_55_56_57_58_59_60_61_62_63_64_65_66_67_68_69_70_71_72_73_74_75_76_77_78_79_80_81_82_83_84_85_86_87_88_89_90_91_92_93_94_95_96_97_98_99_100_101_102_103_104_105_106_107_108_109_110_111_112_113_114_115_116_117_118_119_120_121_122_123_124_125_126_127_128_129_130_131_132_133_134_135_136_137_138_139_140_141_142_143_144_145_146_147_148_149_150_151_152_153_154_155_156_157_158_159_160_161_162_163_164_165_166_167_168_169_170_171_172_173_174_175_176_177_178_179_180_181_182_183_184_185_186_187_188_189_190_191_192_193_194_195_196_197_198_199_200_201_202_203_204_205_206_207_208_209_210_211_212_213_214_215_216_217_218_219_220_221_222_223_224_225_226_227_228_229_230_231_232_233_234_235_236_237_238_239_240_241_242_243_244_245_246_247_248_249_250_251_252_253_254_255_256_257_258_259_260_261_262_263_264_265_266_267_268_269_270_271_272_273_274_275_276_277_278_279_280_281_282_283_284_285_286_287_288_289_290_291_292_293_294_295_296_297_298_299_300_301_302_303_304_305_306_307_308_309_310_311_312_313_314_315_316_317_318_319_320_321_322_323_324_325_326_327_328_329_330_331_332_333_334_335_336_337_338_339_340_341_342_343_344_345_346_347_348_349_350_351_352_353_354_355_356_357_358_359_360_361_362_363_364_365_366_367_368_369_370_371_372_373_374_375_376_377_378_379_380_381_382_383_384_385_386_387_388_389_390_391_392_393_394_395_396_397_398_399_400_401_402_403_404_405_406_407_408_409_410_411_412_413_414_415_416_417_418_419_420_421_422_423_424_425_426_427_428_429_430_431_432_433_434_435_436_437_438_439_440_441_442_443_444_445_446_447_448_449_450_451_452_453_454_455_456_457_458_459_460_461_462_463_464_465_466_467_468_469_470_471_472_473_474_475_476_477_478_479_480_481_482_483_484_485_486_487_488_489_490_491_492_493_494_495_496_497_498_499_500_501_502_503_504_505_506_507_508_509_510_511_512_513_514_515_516_517_518_519_520_521_522_523_524_525_526_527_528_529_530_531_532_533_534_535_536_537_538_539_540_541_542_543_544_545_546_547_548_549_550_551_552_553_554_555_556_557_558_559_560_561_562_563_564_565_566_567_568_569_570_571_572_573_574_575_576_577_578_579_580_581_582_583_584_585_586_587_588_589_590_591_592_593_594_595_596_597_598_599_,0:{1;2;3;}1:{0;4;}4:{5;6;7;8;}8:{9;10;11;12;}12:{13;14;15;16;}16:{17;18;19;}18:{20;21;}21:{22;23;24;25;}25:{26;27;28;29;}29:{30;31;32;33;}33:{34;35;36;37;}37:{38;39;40;41;}41:{42;43;44;45;}45:{46;47;48;}47:{49;50;51;}51:{52;53;54;55;}55:{56;57;58;}58:{59;60;61;}59:{62;}62:{63;64;65;}64:{66;67;}67:{68;69;70;}70:{71;72;73;}73:{74;75;76;77;}77:{78;79;80;}79:{81;82;83;}83:{84;85;86;}86:{87;88;89;90;}90:{91;92;93;}91:{94;}94:{95;96;97;}97:{98;99;100;101;}101:{102;103;104;105;}105:{106;107;108;}108:{109;110;111;112;}112:{113;114;115;116;}116:{117;118;119;}118:{120;121;}121:{122;123;124;}124:{125;126;127;128;}128:{129;130;131;132;}132:{133;134;135;}135:{136;137;138;139;}139:{140;141;142;143;}143:{144;145;146;}146:{147;148;149;}149:{150;151;152;153;}153:{154;155;156;}156:{157;158;159;160;}160:{161;162;163;}163:{164;165;166;167;}167:{168;169;170;171;}171:{172;173;174;175;}175:{176;177;178;}178:{179;180;181;}179:{182;183;}183:{184;185;186;187;}187:{188;189;190;191;}191:{192;193;194;}194:{195;196;197;}197:{198;199;200;201;}201:{202;203;204;205;}205:{206;207;208;209;}209:{210;211;212;213;}213:{214;215;216;}216:{217;218;219;220;}220:{221;222;223;224;}224:{225;226;227;}227:{228;229;230;231;}231:{232;233;234;235;}235:{236;237;238;}238:{239;240;241;}241:{242;243;244;245;}245:{246;247;248;249;}249:{250;251;252;253;}251:{254;}254:{255;256;257;}257:{258;259;260;261;}261:{262;263;264;265;}265:{266;267;268;}267:{269;270;271;}271:{272;273;274;275;}275:{276;277;278;279;}278:{280;281;}281:{282;283;284;}284:{285;286;287;288;}287:{289;290;291;}291:{292;293;294;295;}295:{296;297;298;}298:{299;300;301;}300:{302;303;304;}304:{305;306;307;}307:{308;309;310;}310:{311;312;313;314;}314:{315;316;317;318;}318:{319;320;321;}321:{322;323;324;}324:{325;326;327;328;}328:{329;330;331;}330:{332;333;334;}334:{335;336;337;}337:{338;339;340;341;}341:{342;343;344;}343:{345;346;}346:{347;348;349;350;}350:{351;352;353;354;}354:{355;356;357;}357:{358;359;360;}358:{361;362;}362:{363;364;365;366;}366:{367;368;369;370;}370:{371;372;373;374;}374:{375;376;377;378;}378:{379;380;381;}381:{382;383;384;385;}385:{386;387;388;389;}389:{390;391;392;393;}393:{394;395;396;397;}397:{398;399;400;401;}401:{402;403;404;405;}405:{406;407;408;409;}409:{410;411;412;413;}413:{414;415;416;}416:{417;418;419;}418:{420;421;422;}422:{423;424;425;426;}426:{427;428;429;}427:{430;431;}431:{432;433;434;}432:{435;436;}436:{437;438;439;}439:{440;441;442;}442:{443;444;445;}445:{446;447;448;}448:{449;450;451;452;}452:{453;454;455;}455:{456;457;458;}458:{459;460;461;}461:{462;463;464;465;}463:{466;467;}467:{468;469;470;}470:{471;472;473;474;475;}475:{476;477;478;}476:{479;}479:{480;481;482;483;}483:{484;485;486;}486:{487;488;489;}489:{490;491;492;}492:{493;494;495;}493:{496;497;}497:{498;499;500;}499:{501;502;}502:{503;504;505;506;}506:{507;508;509;}508:{510;511;512;}512:{513;514;515;}515:{516;517;518;519;}517:{520;}520:{521;522;523;524;}524:{525;526;527;528;}528:{529;530;531;}531:{532;533;534;535;}535:{536;537;538;539;}539:{540;541;542;}542:{543;544;545;}545:{546;547;548;}548:{549;550;551;}551:{552;553;554;555;}555:{556;557;558;}558:{559;560;561;}561:{562;563;564;565;}565:{566;567;568;569;}569:{570;571;572;573;}573:{574;575;576;}576:{577;578;579;}579:{580;581;582;}580:{583;584;}584:{585;586;587;}585:{588;589;}589:{590;591;592;}592:{593;594;595;596;}594:{597;598;}598:{599;},559_560_561_,0-1*0_0-2*0_0-3*0_1-0*1_1-4*1_4-5*2_4-6*2_4-7*2_4-8*2_8-9*3_8-10*3_8-11*3_8-12*3_12-13*4_12-14*4_12-15*4_12-16*4_16-17*5_16-18*5_16-19*5_18-20*6_18-21*6_21-22*7_21-23*7_21-24*7_21-25*7_25-26*8_25-27*8_25-28*8_25-29*8_29-30*9_29-31*9_29-32*9_29-33*9_33-34*10_33-35*10_33-36*10_33-37*10_37-38*11_37-39*11_37-40*11_37-41*11_41-42*12_41-43*12_41-44*12_41-45*12_45-46*13_45-47*13_45-48*13_47-49*14_47-50*14_47-51*14_51-52*15_51-53*15_51-54*15_51-55*15_55-56*16_55-57*16_55-58*16_58-59*17_58-60*17_58-61*17_59-62*18_62-63*19_62-64*19_62-65*19_64-66*20_64-67*20_67-68*21_67-69*21_67-70*21_70-71*22_70-72*22_70-73*22_73-74*23_73-75*23_73-76*23_73-77*23_77-78*24_77-79*24_77-80*24_79-81*25_79-82*25_79-83*25_83-84*26_83-85*26_83-86*26_86-87*27_86-88*27_86-89*27_86-90*27_90-91*28_90-92*28_90-93*28_91-94*29_94-95*30_94-96*30_94-97*30_97-98*31_97-99*31_97-100*31_97-101*31_101-102*32_101-103*32_101-104*32_101-105*32_105-106*33_105-107*33_105-108*33_108-109*34_108-110*34_108-111*34_108-112*34_112-113*35_112-114*35_112-115*35_112-116*35_116-117*36_116-118*36_116-119*36_118-120*37_118-121*37_121-122*38_121-123*38_121-124*38_124-125*39_124-126*39_124-127*39_124-128*39_128-129*40_128-130*40_128-131*40_128-132*40_132-133*41_132-134*41_132-135*41_135-136*42_135-137*42_135-138*42_135-139*42_139-140*43_139-141*43_139-142*43_139-143*43_143-144*44_143-145*44_143-146*44_146-147*45_146-148*45_146-149*45_149-150*46_149-151*46_149-152*46_149-153*46_153-154*47_153-155*47_153-156*47_156-157*48_156-158*48_156-159*48_156-160*48_160-161*49_160-162*49_160-163*49_163-164*50_163-165*50_163-166*50_163-167*50_167-168*51_167-169*51_167-170*51_167-171*51_171-172*52_171-173*52_171-174*52_171-175*52_175-176*53_175-177*53_175-178*53_178-179*54_178-180*54_178-181*54_179-182*55_179-183*55_183-184*56_183-185*56_183-186*56_183-187*56_187-188*57_187-189*57_187-190*57_187-191*57_191-192*58_191-193*58_191-194*58_194-195*59_194-196*59_194-197*59_197-198*60_197-199*60_197-200*60_197-201*60_201-202*61_201-203*61_201-204*61_201-205*61_205-206*62_205-207*62_205-208*62_205-209*62_209-210*63_209-211*63_209-212*63_209-213*63_213-214*64_213-215*64_213-216*64_216-217*65_216-218*65_216-219*65_216-220*65_220-221*66_220-222*66_220-223*66_220-224*66_224-225*67_224-226*67_224-227*67_227-228*68_227-229*68_227-230*68_227-231*68_231-232*69_231-233*69_231-234*69_231-235*69_235-236*70_235-237*70_235-238*70_238-239*71_238-240*71_238-241*71_241-242*72_241-243*72_241-244*72_241-245*72_245-246*73_245-247*73_245-248*73_245-249*73_249-250*74_249-251*74_249-252*74_249-253*74_251-254*75_254-255*76_254-256*76_254-257*76_257-258*77_257-259*77_257-260*77_257-261*77_261-262*78_261-263*78_261-264*78_261-265*78_265-266*79_265-267*79_265-268*79_267-269*80_267-270*80_267-271*80_271-272*81_271-273*81_271-274*81_271-275*81_275-276*82_275-277*82_275-278*82_275-279*82_278-280*83_278-281*83_281-282*84_281-283*84_281-284*84_284-285*85_284-286*85_284-287*85_284-288*85_287-289*86_287-290*86_287-291*86_291-292*87_291-293*87_291-294*87_291-295*87_295-296*88_295-297*88_295-298*88_298-299*89_298-300*89_298-301*89_300-302*90_300-303*90_300-304*90_304-305*91_304-306*91_304-307*91_307-308*92_307-309*92_307-310*92_310-311*93_310-312*93_310-313*93_310-314*93_314-315*94_314-316*94_314-317*94_314-318*94_318-319*95_318-320*95_318-321*95_321-322*96_321-323*96_321-324*96_324-325*97_324-326*97_324-327*97_324-328*97_328-329*98_328-330*98_328-331*98_330-332*99_330-333*99_330-334*99_334-335*100_334-336*100_334-337*100_337-338*101_337-339*101_337-340*101_337-341*101_341-342*102_341-343*102_341-344*102_343-345*103_343-346*103_346-347*104_346-348*104_346-349*104_346-350*104_350-351*105_350-352*105_350-353*105_350-354*105_354-355*106_354-356*106_354-357*106_357-358*107_357-359*107_357-360*107_358-361*108_358-362*108_362-363*109_362-364*109_362-365*109_362-366*109_366-367*110_366-368*110_366-369*110_366-370*110_370-371*111_370-372*111_370-373*111_370-374*111_374-375*112_374-376*112_374-377*112_374-378*112_378-379*113_378-380*113_378-381*113_381-382*114_381-383*114_381-384*114_381-385*114_385-386*115_385-387*115_385-388*115_385-389*115_389-390*116_389-391*116_389-392*116_389-393*116_393-394*117_393-395*117_393-396*117_393-397*117_397-398*118_397-399*118_397-400*118_397-401*118_401-402*119_401-403*119_401-404*119_401-405*119_405-406*120_405-407*120_405-408*120_405-409*120_409-410*121_409-411*121_409-412*121_409-413*121_413-414*122_413-415*122_413-416*122_416-417*123_416-418*123_416-419*123_418-420*124_418-421*124_418-422*124_422-423*125_422-424*125_422-425*125_422-426*125_426-427*126_426-428*126_426-429*126_427-430*127_427-431*127_431-432*128_431-433*128_431-434*128_432-435*129_432-436*129_436-437*130_436-438*130_436-439*130_439-440*131_439-441*131_439-442*131_442-443*132_442-444*132_442-445*132_445-446*133_445-447*133_445-448*133_448-449*134_448-450*134_448-451*134_448-452*134_452-453*135_452-454*135_452-455*135_455-456*136_455-457*136_455-458*136_458-459*137_458-460*137_458-461*137_461-462*138_461-463*138_461-464*138_461-465*138_463-466*139_463-467*139_467-468*140_467-469*140_467-470*140_470-471*141_470-472*141_470-473*141_470-474*141_470-475*141_475-476*142_475-477*142_475-478*142_476-479*143_479-480*144_479-481*144_479-482*144_479-483*144_483-484*145_483-485*145_483-486*145_486-487*146_486-488*146_486-489*146_489-490*147_489-491*147_489-492*147_492-493*148_492-494*148_492-495*148_493-496*149_493-497*149_497-498*150_497-499*150_497-500*150_499-501*151_499-502*151_502-503*152_502-504*152_502-505*152_502-506*152_506-507*153_506-508*153_506-509*153_508-510*154_508-511*154_508-512*154_512-513*155_512-514*155_512-515*155_515-516*156_515-517*156_515-518*156_515-519*156_517-520*157_520-521*158_520-522*158_520-523*158_520-524*158_524-525*159_524-526*159_524-527*159_524-528*159_528-529*160_528-530*160_528-531*160_531-532*161_531-533*161_531-534*161_531-535*161_535-536*162_535-537*162_535-538*162_535-539*162_539-540*163_539-541*163_539-542*163_542-543*164_542-544*164_542-545*164_545-546*165_545-547*165_545-548*165_548-549*166_548-550*166_548-551*166_551-552*167_551-553*167_551-554*167_551-555*167_555-556*168_555-557*168_555-558*168_558-559*169_558-560*169_558-561*169_561-562*170_561-563*170_561-564*170_561-565*170_565-566*171_565-567*171_565-568*171_565-569*171_569-570*172_569-571*172_569-572*172_569-573*172_573-574*173_573-575*173_573-576*173_576-577*174_576-578*174_576-579*174_579-580*175_579-581*175_579-582*175_580-583*176_580-584*176_584-585*177_584-586*177_584-587*177_585-588*178_585-589*178_589-590*179_589-591*179_589-592*179_592-593*180_592-594*180_592-595*180_592-596*180_594-597*181_594-598*181_598-599*182_
