"id","Scenario","Actual Range","Protocol","Buildings","Total nodes","Nodes on circ","Total coverage","Coverage on circ","Alert received mean time","Hops","Slots","Messages sent","Messages received", "Starting x", "Starting y","Starting node", "Vehicle distance", "Received node ids", "Node ids", "Transmission map", "Received on circ nodes", "Transmission vector"
0,1,500,300,1,1776,80,1718,79,139262,12.4937,104.633,898,1718,1153.84,1884.7,310,25,309_311_308_312_314_274_315_273_316_310_287_286_272_317_318_319_320_278_277_850_284_279_271_849_852_848_270_268_260_259_261_262_257_263_256_229_331_321_1195_1460_1461_285_851_283_853_276_847_275_174_332_294_293_1191_1196_1197_1198_1462_1463_1464_1459_1458_1473_1474_1471_333_173_203_219_204_218_201_217_205_140_139_177_216_206_138_141_207_334_137_142_337_341_342_292_208_143_290_222_209_289_145_288_605_226_134_144_606_135_227_265_228_282_264_281_607_255_1470_1494_1472_1495_1469_1475_1563_1468_1476_1467_133_130_652_230_326_760_266_267_328_223_200_697_698_1200_1201_132_612_611_610_609_658_659_118_115_116_112_104_654_198_759_733_884_883_758_771_885_761_756_569_580_768_755_757_767_886_724_221_220_338_649_650_175_176_178_339_340_751_179_343_181_750_749_748_6_4_5_1738_1775_1737_1774_1740_1736_1735_1741_1717_1202_1203_1223_1220_1219_172_171_170_168_1739_1734_686_1716_215_214_182_212_211_183_210_184_185_186_124_8_655_9_122_123_656_10_74_1742_11_12_1733_1744_13_15_16_17_344_345_346_351_348_352_747_593_743_594_381_7_187_188_100_101_117_103_608_1706_1705_119_120_121_660_126_661_105_106_614_107_615_616_127_617_642_128_618_641_619_640_129_639_620_638_621_637_622_623_146_149_131_1496_1497_1498_1500_254_18_83_19_1709_1711_20_1712_21_22_1708_1707_679_681_1704_1703_1702_1701_1695_1694_1664_1667_1668_625_671_626_632_627_631_628_630_643_629_633_196_636_197_634_199_167_574_573_166_165_108_109_110_673_111_674_672_57_56_55_54_53_52_1697_51_50_41_644_645_647_648_59_60_189_99_190_98_192_193_194_195_70_86_75_76_77_39_30_40_33_34_28_42_35_43_37_45_44_38_63_678_61_62_65_349_350_571_570_353_1669_687_682_595_357_356_354_568_587_162_592_572_567_383_163_355_161_588_160_589_159_864_590_865_157_857_867_154_869_868_151_813_152_802_153_585_584_150_586_597_600_148_601_156_431_430_442_382_379_384_373_385_441_374_440_361_155_596_575_676_49_677_48_46_327_735_359_378_372_371_360_362_363_364_329_242_94_68_93_71_87_95_685_67_92_72_88_96_66_97_73_683_90_89_78_164_576_577_582_581_241_243_240_524_238_85_64_84_79_23_604_603_439_882_766_769_765_770_764_591_734_438_754_791_753_752_432_429_443_428_427_426_425_423_444_394_393_566_395_433_434_409_436_410_437_414_415_416_417_418_419_390_565_398_420_421_422_445_412_396_397_403_404_405_560_559_556_555_554_745_370_741_81_82_665_684_392_389_388_387_1501_448_411_553_24_26_1713_27_1714_29_1663_1662_688_689_1718_742_746_835_704_1759_703_1204_1758_1205_1218_1206_1217_535_513_502_680_546_669_552_670_667_1696_881_551_880_550_879_549_544_545_505_31_1690_1691_1692_1693_1623_1624_1484_1478_1479_1485_1480_1486_1481_1482_1483_1493_1410_1421_368_367_375_377_32_1670_1671_1659_1658_1660_1661_1207_1215_1240_1208_1216_1214_1239_696_1213_1224_1211_1238_695_366_365_376_408_407_406_1118_1388_1117_664_663_1190_1189_1187_1186_1174_824_744_846_870_871_872_873_874_875_531_532_533_561_828_1399_536_537_878_562_539_563_564_528_529_530_503_504_1657_1656_1672_1685_1684_675_542_887_548_890_547_736_891_893_538_540_541_534_543_452_1237_1236_1225_1209_1226_1235_1227_1234_1232_1014_1432_1018_1019_808_500_501_494_495_496_451_400_399_519_1231_1228_1230_1241_1574_780_518_517_1212_401_1502_1503_1504_1505_1528_1573_1575_1572_1571_1570_1569_1568_1567_1565_1564_827_1377_1119_729_892_716_894_728_895_896_726_712_711_897_467_694_693_692_876_732_731_730_723_386_737_738_714_717_907_1020_1013_1021_1012_1023_1002_1024_1025_1757_1756_1755_1753_1752_763_762_91_69_1130_1163_1131_1164_1176_1165_1127_1185_1167_1178_1527_1526_1531_1525_1530_1551_1524_1529_1552_516_1009_1015_1016_1008_1010_1007_1355_1344_966_1366_977_515_514_512_511_510_509_508_657_491_624_602_1456_1454_1465_80_47_58_369_413_558_613_955_988_1000_993_944_992_933_991_922_953_911_954_956_715_727_908_909_910_36_358_402_1765_906_905_904_903_901_902_718_471_527_725_690_1260_1259_1261_1262_1764_470_472_722_666_952_989_957_990_958_959_967_1029_3_14_25_1754_794_912_1743_793_740_1732_913_792_739_1721_914_1710_915_1699_916_917_1688_918_1677_919_1666_920_1040_1039_1038_1037_1036_1035_1032_821_1673_1674_1683_1686_1687_1689_473_474_475_520_476_477_478_479_481_482_483_484_774_1654_820_822_1566_1555_928_819_927_929_1047_930_818_926_1048_931_817_932_816_934_815_814_812_651_772_921_1610_1599_1621_1034_924_925_1632_923_1643_898_466_719_465_720_468_464_721_1086_1522_1507_1519_1444_1455_825_823_1466_806_463_462_526_1229_1242_1243_1245_1246_1761_1762_773_691_635_702_713_646_480_158_453_454_455_489_1028_961_978_963_980_947_964_982_946_945_949_943_942_899_525_461_523_460_459_507_506_490_492_493_499_1763_1760_1766_1263_1477_1488_1499_1510_826_1521_795_810_807_811_937_809_1258_1257_1256_1253_936_935_938_1532_796_1518_1520_1517_1523_1509_1516_1512_1535_1508_1514_498_653_1429_1428_1427_1249_485_486_487_488_347_424_336_324_313_939_1576_1578_1579_1264_1772_1265_1613_1627_1247_1542_1533_940_941_948_583_1580_1425_1424_1423_1422_1420_1396_1398_662_1254_1541_1544_1549_1545_1515_1547_1534_1554_1395_1394_1397_1400_1585_1393_1418_1391_1577_1588_1443_1332_1221_1110_1_0_999_888_1540_1539_1453_1452_1457_1451_1450_1001_998_1003_997_1511_1584_1583_1401_1392_1386_1404_1416_1385_1403_1384_1402_1408_863_862_861_860_859_858_1626_1601_1625_1773_1628_1286_1267_1376_1378_1379_1375_1380_1374_1381_1365_1367_1368_1369_1751_1749_1417_1415_1414_1543_1106_1548_1546_979_981_983_974_975_973_965_971_960_968_969_1586_1387_1389_1383_1390_1372_1371_1370_976_1364_1363_1346_1598_962_1252_1251_1274_1272_497_1273_1275_1276_1647_1347_1348_1349_1350_1351_972_984_985_986_987_970_1279_1278_1280_1287_1281_1282_1289_1603_1283_1290_1271_1284_1270_1294_1295_1285_1293_1296_1303_303_1175_1126_1128_304_301_705_1179_1125_1136_1134_1135_305_1180_994_950_1030_951_1026_1027_456_1345_1181_1182_1184_1268_147_247_136_169_180_380_1017_1006_1005_1004_1352_1354_996_522_521_1600_1291_1297_1302_1301_1298_1300_1304_1315_1311_1312_1322_1316_1317_1318_1319_1426_1313_1314_1320_1356_1382_840_1144_1133_1155_1122_1166_1269_1331_1323_1324_1325_1353_258_125_114_102_790_1305_1306_1307_1308_1309_1596_1597_1550_1362_1593_1361_1592_1360_1373_391_995_280_269_291_1074_435_202_1111_1099_1088_1077_1066_1055_446_335_224_113_2_1771_1587_1248_1250_1292_839_838_837_836_834_833_832_831_1770_1614_1769_1615_1768_1616_1725_1767_1724_1726_1723_1727_1722_1728_1729_1720_1730_1719_1731_1124_1138_1129_1137_1123_1141_1334_1595_1336_830_1343_1031_1648_1649_1650_1335_1341_1326_1338_1329_1328_1192_1168_1169_1536_1537_1538_1139_1140_1161_1132_1089_1085_1060_1160_1159_1612_1609_1608_1449_1448_1447_1121_1120_1157_1056_1090_1057_1059_1087_1162_1158_1054_1061_1156_1359_1337_1339_1342_1591_1590_829_1193_1194_1170_191_775_776_854_1091_1092_1093_1602_1604_1605_1606_1607_1115_1058_1611_706_1053_707_1052_708_1051_1050_1049_1562_1622_1619_1618_1330_1327_1108_1094_1147_1098_1146_1145_1594_1589_1171_1142_1172_1143_1629_1630_302_1072_781_1340_1715_1631_1633_1430_1431_1433_1105_1492_1154_1153_1095_1152_1116_803_1183_855_856_1561_1560_457_1109_1100_1107_1097_1101_1113_801_1102_804_799_1103_1064_1114_1357_1446_805_800_1358_1581_1445_1582_1442_1441_1096_1698_1700_778_782_777_783_1069_1068_1070_1067_1071_1076_1081_1112_798_1634_1635_1636_1637_1638_1679_1639_1640_1641_1173_1491_1642_1644_1645_1646_1151_1490_1489_1487_1412_1413_1419_845_1062_1078_1440_1409_213_1073_1411_1678_1680_1676_1681_1682_1104_797_1675_1150_1149_1651_1652_1653_785_1148_1655_1439_1438_1437_1513_1436_1559_1557_1435_1434_784_1188_1177_1199_1556_1553_1506_1558_786_787_788_789_1063_710_709_844_1082_841_1079_842_843_1075_900_1210_1011_1022_1299_1033_1044_668_1084_1083_1041_1042_1043_1045_1046_1665_1065_225_236_889_1310_877_1222_866_1288_779_557_,0_1_2_3_4_5_6_7_8_9_10_11_12_13_14_15_16_17_18_19_20_21_22_23_24_25_26_27_28_29_30_31_32_33_34_35_36_37_38_39_40_41_42_43_44_45_46_47_48_49_50_51_52_53_54_55_56_57_58_59_60_61_62_63_64_65_66_67_68_69_70_71_72_73_74_75_76_77_78_79_80_81_82_83_84_85_86_87_88_89_90_91_92_93_94_95_96_97_98_99_100_101_102_103_104_105_106_107_108_109_110_111_112_113_114_115_116_117_118_119_120_121_122_123_124_125_126_127_128_129_130_131_132_133_134_135_136_137_138_139_140_141_142_143_144_145_146_147_148_149_150_151_152_153_154_155_156_157_158_159_160_161_162_163_164_165_166_167_168_169_170_171_172_173_174_175_176_177_178_179_180_181_182_183_184_185_186_187_188_189_190_191_192_193_194_195_196_197_198_199_200_201_202_203_204_205_206_207_208_209_210_211_212_213_214_215_216_217_218_219_220_221_222_223_224_225_226_227_228_229_230_231_232_233_234_235_236_237_238_239_240_241_242_243_244_245_246_247_248_249_250_251_252_253_254_255_256_257_258_259_260_261_262_263_264_265_266_267_268_269_270_271_272_273_274_275_276_277_278_279_280_281_282_283_284_285_286_287_288_289_290_291_292_293_294_295_296_297_298_299_300_301_302_303_304_305_306_307_308_309_310_311_312_313_314_315_316_317_318_319_320_321_322_323_324_325_326_327_328_329_330_331_332_333_334_335_336_337_338_339_340_341_342_343_344_345_346_347_348_349_350_351_352_353_354_355_356_357_358_359_360_361_362_363_364_365_366_367_368_369_370_371_372_373_374_375_376_377_378_379_380_381_382_383_384_385_386_387_388_389_390_391_392_393_394_395_396_397_398_399_400_401_402_403_404_405_406_407_408_409_410_411_412_413_414_415_416_417_418_419_420_421_422_423_424_425_426_427_428_429_430_431_432_433_434_435_436_437_438_439_440_441_442_443_444_445_446_447_448_449_450_451_452_453_454_455_456_457_458_459_460_461_462_463_464_465_466_467_468_469_470_471_472_473_474_475_476_477_478_479_480_481_482_483_484_485_486_487_488_489_490_491_492_493_494_495_496_497_498_499_500_501_502_503_504_505_506_507_508_509_510_511_512_513_514_515_516_517_518_519_520_521_522_523_524_525_526_527_528_529_530_531_532_533_534_535_536_537_538_539_540_541_542_543_544_545_546_547_548_549_550_551_552_553_554_555_556_557_558_559_560_561_562_563_564_565_566_567_568_569_570_571_572_573_574_575_576_577_578_579_580_581_582_583_584_585_586_587_588_589_590_591_592_593_594_595_596_597_598_599_600_601_602_603_604_605_606_607_608_609_610_611_612_613_614_615_616_617_618_619_620_621_622_623_624_625_626_627_628_629_630_631_632_633_634_635_636_637_638_639_640_641_642_643_644_645_646_647_648_649_650_651_652_653_654_655_656_657_658_659_660_661_662_663_664_665_666_667_668_669_670_671_672_673_674_675_676_677_678_679_680_681_682_683_684_685_686_687_688_689_690_691_692_693_694_695_696_697_698_699_700_701_702_703_704_705_706_707_708_709_710_711_712_713_714_715_716_717_718_719_720_721_722_723_724_725_726_727_728_729_730_731_732_733_734_735_736_737_738_739_740_741_742_743_744_745_746_747_748_749_750_751_752_753_754_755_756_757_758_759_760_761_762_763_764_765_766_767_768_769_770_771_772_773_774_775_776_777_778_779_780_781_782_783_784_785_786_787_788_789_790_791_792_793_794_795_796_797_798_799_800_801_802_803_804_805_806_807_808_809_810_811_812_813_814_815_816_817_818_819_820_821_822_823_824_825_826_827_828_829_830_831_832_833_834_835_836_837_838_839_840_841_842_843_844_845_846_847_848_849_850_851_852_853_854_855_856_857_858_859_860_861_862_863_864_865_866_867_868_869_870_871_872_873_874_875_876_877_878_879_880_881_882_883_884_885_886_887_888_889_890_891_892_893_894_895_896_897_898_899_900_901_902_903_904_905_906_907_908_909_910_911_912_913_914_915_916_917_918_919_920_921_922_923_924_925_926_927_928_929_930_931_932_933_934_935_936_937_938_939_940_941_942_943_944_945_946_947_948_949_950_951_952_953_954_955_956_957_958_959_960_961_962_963_964_965_966_967_968_969_970_971_972_973_974_975_976_977_978_979_980_981_982_983_984_985_986_987_988_989_990_991_992_993_994_995_996_997_998_999_1000_1001_1002_1003_1004_1005_1006_1007_1008_1009_1010_1011_1012_1013_1014_1015_1016_1017_1018_1019_1020_1021_1022_1023_1024_1025_1026_1027_1028_1029_1030_1031_1032_1033_1034_1035_1036_1037_1038_1039_1040_1041_1042_1043_1044_1045_1046_1047_1048_1049_1050_1051_1052_1053_1054_1055_1056_1057_1058_1059_1060_1061_1062_1063_1064_1065_1066_1067_1068_1069_1070_1071_1072_1073_1074_1075_1076_1077_1078_1079_1080_1081_1082_1083_1084_1085_1086_1087_1088_1089_1090_1091_1092_1093_1094_1095_1096_1097_1098_1099_1100_1101_1102_1103_1104_1105_1106_1107_1108_1109_1110_1111_1112_1113_1114_1115_1116_1117_1118_1119_1120_1121_1122_1123_1124_1125_1126_1127_1128_1129_1130_1131_1132_1133_1134_1135_1136_1137_1138_1139_1140_1141_1142_1143_1144_1145_1146_1147_1148_1149_1150_1151_1152_1153_1154_1155_1156_1157_1158_1159_1160_1161_1162_1163_1164_1165_1166_1167_1168_1169_1170_1171_1172_1173_1174_1175_1176_1177_1178_1179_1180_1181_1182_1183_1184_1185_1186_1187_1188_1189_1190_1191_1192_1193_1194_1195_1196_1197_1198_1199_1200_1201_1202_1203_1204_1205_1206_1207_1208_1209_1210_1211_1212_1213_1214_1215_1216_1217_1218_1219_1220_1221_1222_1223_1224_1225_1226_1227_1228_1229_1230_1231_1232_1233_1234_1235_1236_1237_1238_1239_1240_1241_1242_1243_1244_1245_1246_1247_1248_1249_1250_1251_1252_1253_1254_1255_1256_1257_1258_1259_1260_1261_1262_1263_1264_1265_1266_1267_1268_1269_1270_1271_1272_1273_1274_1275_1276_1277_1278_1279_1280_1281_1282_1283_1284_1285_1286_1287_1288_1289_1290_1291_1292_1293_1294_1295_1296_1297_1298_1299_1300_1301_1302_1303_1304_1305_1306_1307_1308_1309_1310_1311_1312_1313_1314_1315_1316_1317_1318_1319_1320_1321_1322_1323_1324_1325_1326_1327_1328_1329_1330_1331_1332_1333_1334_1335_1336_1337_1338_1339_1340_1341_1342_1343_1344_1345_1346_1347_1348_1349_1350_1351_1352_1353_1354_1355_1356_1357_1358_1359_1360_1361_1362_1363_1364_1365_1366_1367_1368_1369_1370_1371_1372_1373_1374_1375_1376_1377_1378_1379_1380_1381_1382_1383_1384_1385_1386_1387_1388_1389_1390_1391_1392_1393_1394_1395_1396_1397_1398_1399_1400_1401_1402_1403_1404_1405_1406_1407_1408_1409_1410_1411_1412_1413_1414_1415_1416_1417_1418_1419_1420_1421_1422_1423_1424_1425_1426_1427_1428_1429_1430_1431_1432_1433_1434_1435_1436_1437_1438_1439_1440_1441_1442_1443_1444_1445_1446_1447_1448_1449_1450_1451_1452_1453_1454_1455_1456_1457_1458_1459_1460_1461_1462_1463_1464_1465_1466_1467_1468_1469_1470_1471_1472_1473_1474_1475_1476_1477_1478_1479_1480_1481_1482_1483_1484_1485_1486_1487_1488_1489_1490_1491_1492_1493_1494_1495_1496_1497_1498_1499_1500_1501_1502_1503_1504_1505_1506_1507_1508_1509_1510_1511_1512_1513_1514_1515_1516_1517_1518_1519_1520_1521_1522_1523_1524_1525_1526_1527_1528_1529_1530_1531_1532_1533_1534_1535_1536_1537_1538_1539_1540_1541_1542_1543_1544_1545_1546_1547_1548_1549_1550_1551_1552_1553_1554_1555_1556_1557_1558_1559_1560_1561_1562_1563_1564_1565_1566_1567_1568_1569_1570_1571_1572_1573_1574_1575_1576_1577_1578_1579_1580_1581_1582_1583_1584_1585_1586_1587_1588_1589_1590_1591_1592_1593_1594_1595_1596_1597_1598_1599_1600_1601_1602_1603_1604_1605_1606_1607_1608_1609_1610_1611_1612_1613_1614_1615_1616_1617_1618_1619_1620_1621_1622_1623_1624_1625_1626_1627_1628_1629_1630_1631_1632_1633_1634_1635_1636_1637_1638_1639_1640_1641_1642_1643_1644_1645_1646_1647_1648_1649_1650_1651_1652_1653_1654_1655_1656_1657_1658_1659_1660_1661_1662_1663_1664_1665_1666_1667_1668_1669_1670_1671_1672_1673_1674_1675_1676_1677_1678_1679_1680_1681_1682_1683_1684_1685_1686_1687_1688_1689_1690_1691_1692_1693_1694_1695_1696_1697_1698_1699_1700_1701_1702_1703_1704_1705_1706_1707_1708_1709_1710_1711_1712_1713_1714_1715_1716_1717_1718_1719_1720_1721_1722_1723_1724_1725_1726_1727_1728_1729_1730_1731_1732_1733_1734_1735_1736_1737_1738_1739_1740_1741_1742_1743_1744_1745_1746_1747_1748_1749_1750_1751_1752_1753_1754_1755_1756_1757_1758_1759_1760_1761_1762_1763_1764_1765_1766_1767_1768_1769_1770_1771_1772_1773_1774_1775_,8:{1706;1705;}16:{18;83;19;1709;1711;20;1712;21;22;1708;1707;679;681;1704;1703;1702;1701;1695;1694;1664;1667;1668;}23:{31;1690;1691;1692;1693;1623;1624;}24:{32;}27:{675;}47:{36;358;402;1765;906;905;904;903;901;902;718;471;527;}51:{39;30;40;33;34;28;42;35;43;37;45;44;38;63;678;61;62;65;}68:{85;64;84;79;23;}70:{94;68;93;71;87;95;685;67;92;72;88;96;66;97;73;683;90;89;78;}84:{81;82;}87:{665;684;}88:{664;663;}102:{391;}107:{108;109;110;673;111;674;672;57;56;55;54;53;52;51;50;41;}118:{119;120;121;660;126;661;105;106;614;107;615;616;127;617;642;128;618;641;619;640;129;639;620;638;621;637;622;623;146;149;}132:{651;}133:{653;}141:{200;}145:{133;130;652;}147:{258;125;114;102;}148:{583;}149:{585;584;150;586;597;600;148;601;156;431;430;442;}152:{604;603;439;}158:{147;247;136;169;180;380;}168:{167;574;573;166;165;}173:{172;171;170;168;1739;1734;686;1716;}174:{173;203;219;204;218;201;217;205;140;139;177;216;206;138;141;207;334;137;142;337;341;342;292;208;143;290;222;209;289;145;288;605;226;134;144;606;135;227;265;228;282;264;281;607;255;}175:{1718;}178:{215;214;182;212;211;183;210;184;185;186;124;8;655;9;122;123;656;10;74;1742;11;12;1733;1744;13;15;16;17;}186:{7;187;188;100;101;117;103;608;}207:{654;198;}209:{131;}211:{189;99;190;98;192;193;194;195;70;86;75;76;77;}218:{175;176;178;339;340;751;179;343;181;750;749;748;6;4;5;1738;1775;1737;1774;1740;1736;1735;1741;1717;}223:{221;220;338;}229:{266;267;328;223;}242:{241;243;240;524;238;}258:{191;}259:{332;}260:{333;}263:{230;326;760;}268:{257;263;256;229;331;}272:{278;277;850;284;279;271;849;852;848;270;268;260;259;261;262;}273:{294;293;}280:{302;1072;781;}286:{285;851;283;853;276;847;275;174;}302:{1073;}305:{213;}308:{310;287;286;272;}310:{309;311;308;312;314;274;315;273;316;}314:{317;318;319;320;}315:{321;1195;1460;1461;}320:{1191;1196;1197;1198;1462;1463;1464;1459;1458;1473;1474;1471;}331:{254;}332:{327;735;}333:{329;242;}343:{344;345;346;351;348;352;593;594;381;}348:{349;350;571;570;353;}349:{595;357;356;354;568;587;162;}357:{359;378;372;371;360;362;363;364;}358:{347;424;336;324;313;}360:{368;367;375;377;}367:{366;365;376;408;407;406;}377:{400;399;}378:{370;741;}380:{280;269;291;1074;435;202;}381:{382;379;384;373;385;441;374;440;361;155;596;575;}385:{386;}400:{401;}416:{448;411;}418:{420;421;422;445;412;}420:{505;}422:{518;517;}425:{392;389;388;387;}428:{396;397;403;404;405;560;559;556;555;554;}429:{444;394;393;566;395;433;434;409;436;410;437;414;415;416;417;418;419;}431:{390;565;398;}440:{438;}452:{453;454;455;489;}463:{525;461;523;460;459;507;506;490;492;493;499;}467:{899;}472:{473;474;475;520;476;477;478;479;481;482;483;484;}483:{485;486;487;488;}489:{456;}496:{497;}500:{498;}503:{495;496;451;}504:{519;}506:{457;}516:{515;514;512;511;510;509;508;}519:{516;}524:{535;513;502;680;546;669;}526:{522;521;}529:{500;501;494;}531:{536;537;878;562;539;563;564;528;529;530;503;504;}539:{538;540;541;534;543;}550:{732;731;730;723;}552:{542;}553:{881;551;880;550;879;549;544;545;}561:{452;}590:{164;576;577;582;581;}593:{592;572;567;383;163;355;161;588;160;589;159;864;590;865;157;857;867;154;869;868;151;813;152;802;153;}596:{432;429;443;428;427;426;425;423;}606:{649;650;}607:{132;612;611;610;609;658;659;118;115;116;112;104;}608:{625;671;626;632;627;631;628;630;643;629;633;196;636;197;634;199;}624:{691;635;702;713;646;480;158;}628:{644;645;647;648;59;60;}659:{670;667;}663:{662;}674:{666;}678:{676;49;677;48;46;}680:{657;491;624;602;}682:{1715;}689:{1670;1671;1659;1658;1660;1661;}692:{690;1260;1259;1261;1262;1764;}708:{1064;1114;}709:{1065;}716:{715;727;908;909;910;}718:{470;472;}722:{463;462;526;}728:{722;}731:{725;}735:{742;746;835;}736:{737;738;714;717;907;}743:{824;744;846;870;871;872;873;874;875;531;532;533;561;}747:{745;}748:{747;743;}756:{754;791;753;752;}760:{759;733;884;883;758;771;885;761;756;569;580;768;755;757;767;886;724;}762:{80;47;58;369;413;}764:{763;762;91;69;}767:{769;765;770;764;591;734;}770:{558;613;}777:{784;}778:{785;}781:{778;782;777;783;1069;1068;1070;1067;1071;1076;1081;}785:{786;787;788;}788:{789;}793:{790;}801:{1096;}802:{780;}804:{805;800;}806:{798;}811:{940;941;948;}812:{939;}814:{936;935;938;1532;796;}819:{1105;}821:{820;822;1566;1555;928;819;927;929;1047;930;818;926;1048;931;817;932;816;934;815;814;812;}828:{827;1377;1119;}829:{854;}830:{829;}832:{830;}854:{855;856;}860:{1376;1378;1379;1375;1380;1374;1381;1365;1367;1368;1369;}881:{876;}882:{552;}883:{553;}885:{882;766;}886:{887;548;890;547;736;891;893;}893:{729;892;716;894;728;895;896;726;712;711;897;467;}897:{898;466;719;465;720;468;464;721;}900:{889;1310;877;1222;866;1288;779;557;}910:{3;14;25;1754;794;912;1743;793;740;1732;913;792;739;1721;914;1710;915;1699;916;917;1688;918;1677;919;1666;920;1040;1039;1038;1037;1036;1035;1032;821;}912:{774;1654;}914:{775;776;}918:{773;}919:{772;921;}920:{1086;}927:{1577;1588;}928:{1543;1106;}933:{900;1210;1011;1022;1299;1033;1044;}948:{994;950;1030;951;1026;1027;}954:{952;989;957;990;958;959;967;1029;}958:{962;}966:{955;988;1000;993;944;992;933;991;922;953;911;954;956;}971:{970;}975:{972;984;985;986;987;}978:{976;}980:{979;981;983;974;975;973;965;971;960;968;969;}990:{1144;1133;1155;1122;1166;}997:{995;}998:{996;}1002:{1001;998;1003;997;}1007:{1017;1006;1005;1004;}1019:{1020;1013;1021;1012;1023;1002;1024;1025;}1022:{668;}1023:{1009;1015;1016;1008;1010;1007;1355;1344;966;1366;977;}1029:{1028;961;978;963;980;947;964;982;946;945;949;943;942;}1030:{1031;}1036:{1610;1599;1621;1034;924;925;1632;923;1643;}1040:{1085;}1054:{706;1053;707;1052;708;1051;1050;1049;}1057:{1183;}1062:{1063;710;709;844;1082;}1078:{841;1079;842;843;1075;}1086:{1084;1083;1041;1042;1043;1045;1046;}1089:{1115;1058;}1094:{1154;1153;1095;1152;1116;803;}1098:{1109;1100;1107;1097;1101;1113;801;1102;804;799;1103;}1102:{1104;797;}1114:{1112;}1116:{1151;}1121:{1087;1162;1158;1054;1061;1156;}1122:{1111;1099;1088;1077;1066;1055;446;335;224;113;2;}1124:{1060;1160;1159;}1126:{1124;1138;1129;1137;1123;1141;}1127:{1126;1128;705;1125;1136;1134;1135;}1137:{1139;1140;1161;1132;1089;}1139:{1121;1120;1157;1056;}1142:{1492;}1156:{1148;}1159:{1091;1092;1093;}1161:{1090;1057;1059;}1162:{1108;1094;1147;1098;1146;1145;}1169:{1171;1142;1172;1143;}1171:{1173;1491;}1174:{1130;1163;1131;1164;1176;1165;1127;1185;1167;1178;}1176:{303;1175;304;301;1179;305;1180;}1179:{1181;1182;1184;}1181:{845;1062;1078;}1184:{225;236;}1186:{1192;1168;1169;}1191:{1190;1189;1187;1186;1174;}1192:{1193;1194;1170;}1196:{697;698;1200;1201;}1201:{1202;1203;1223;1220;1219;}1206:{1207;1215;1240;1208;1216;1214;1239;696;1213;1224;1211;1238;695;}1207:{1212;}1220:{704;1759;703;1204;1758;1205;1218;1206;1217;}1225:{1229;1242;1243;1245;1246;}1234:{1231;1228;1230;1241;1574;}1238:{1237;1236;1225;1209;1226;1235;1227;1234;1232;}1240:{694;693;692;}1243:{1429;1428;1427;1249;}1245:{1247;}1249:{1248;1250;1292;839;838;837;836;834;833;832;831;}1253:{1252;1251;1274;1272;}1254:{1273;1275;1276;}1257:{1254;}1260:{1258;1257;1256;1253;}1262:{1268;}1263:{1264;1772;1265;1613;1627;}1264:{1771;}1268:{1269;}1276:{1279;1278;1280;1287;1281;1282;1289;1603;1283;1290;1271;1284;1270;1294;1295;1285;1293;1296;1303;}1290:{1611;}1293:{1600;1291;1297;1302;1301;1298;1300;1304;1315;1311;1312;1322;1316;1317;1318;1319;}1296:{840;}1304:{1305;1306;1307;1308;1309;1596;1597;}1305:{1334;1595;1336;}1311:{1313;1314;}1312:{1587;}1318:{1320;1356;}1319:{1331;1323;1324;1325;1353;}1323:{1329;1328;}1331:{1330;1327;}1332:{1665;}1334:{1335;1341;1326;1338;}1342:{1340;}1344:{1188;1177;1199;}1348:{1345;}1351:{1352;1354;}1353:{1358;}1356:{1357;}1361:{1359;1337;1339;1342;1591;1590;}1365:{1343;}1368:{1364;1363;1346;1598;}1369:{1347;1348;1349;1350;1351;}1383:{1382;}1393:{1586;1387;1389;1383;1390;1372;1371;1370;}1396:{1395;1394;1397;1400;1585;1393;1418;1391;}1397:{1401;1392;1386;1404;1416;1385;1403;1384;1402;1408;863;862;861;860;859;858;}1410:{828;1399;}1418:{1417;1415;1414;}1419:{1411;}1420:{1409;}1421:{1014;1432;1018;1019;808;}1423:{1412;1413;1419;}1427:{1426;}1432:{1444;1455;825;823;1466;806;}1440:{1439;1438;1437;1513;1436;1559;1557;1435;1434;}1442:{1440;}1446:{1581;1445;1582;1442;1441;}1449:{1446;}1450:{1449;1448;1447;}1454:{1453;1452;1457;1451;1450;}1459:{1456;1454;1465;}1465:{1562;}1466:{1477;1488;1499;1510;826;1521;795;810;807;811;937;809;}1471:{1470;1494;1472;1495;1469;1475;1563;1468;1476;1467;}1476:{1484;1478;1479;1485;1480;1486;1481;1482;1483;1493;1410;1421;}1482:{1118;1388;1117;}1487:{1150;1149;}1491:{1490;1489;1487;}1495:{1496;1497;1498;1500;}1497:{1501;}1500:{1502;1503;1504;1505;1528;}1503:{1506;}1514:{1558;}1517:{1511;1584;1583;}1519:{1518;1520;1517;1523;1509;1516;1512;1535;1508;1514;}1526:{1522;1507;1519;}1528:{1527;1526;1531;1525;1530;1551;1524;1529;1552;}1529:{1542;1533;}1535:{1536;1537;1538;}1542:{1541;1544;1549;1545;1515;1547;1534;1554;}1545:{1550;}1547:{1548;1546;}1554:{1443;1332;1221;1110;1;0;999;888;1540;1539;}1563:{1561;1560;}1574:{1573;1575;1572;1571;1570;1569;1568;1567;1565;1564;}1575:{1576;1578;1579;}1576:{1580;1425;1424;1423;1422;1420;1396;1398;}1580:{1430;1431;1433;}1582:{1556;1553;}1595:{1594;1589;}1596:{1362;1593;1361;1592;1360;1373;}1600:{1612;1609;1608;}1603:{1602;1604;1605;1606;1607;}1625:{1622;1619;1618;}1627:{1626;1601;1625;1773;1628;1286;1267;}1628:{1629;1630;}1629:{1631;1633;}1630:{1634;1635;1636;1637;1638;}1631:{1679;1639;1640;1641;}1638:{1642;1644;1645;1646;}1646:{1651;1652;1653;}1647:{1648;1649;1650;}1653:{1655;}1656:{1647;}1657:{1673;1674;1683;1686;1687;1689;}1658:{1657;1656;1672;1685;1684;}1667:{1663;1662;688;689;}1668:{1669;687;682;}1679:{1678;1680;1676;1681;1682;}1685:{1675;}1695:{1696;}1696:{1698;1700;}1701:{1697;}1707:{24;26;1713;27;1714;29;}1752:{1751;1749;}1755:{1761;1762;}1758:{1757;1756;1755;1753;1752;}1762:{1763;1760;1766;1263;}1773:{1770;1614;1769;1615;1768;1616;1725;1767;1724;1726;1723;1727;1722;1728;1729;1720;1730;1719;1731;},1_29_30_39_51_52_53_54_392_397_398_401_403_404_405_432_433_434_454_455_462_463_464_465_466_467_562_563_565_566_608_615_616_617_642_645_688_689_810_811_833_834_836_897_898_899_901_935_936_937_1002_1021_1023_1041_1042_1199_1210_1222_1288_1302_1303_1344_1396_1398_1415_1533_1534_1546_1547_1548_1549_1550_1642_1644_1658_1659_1664_1667_1671_,310-309*0_310-311*0_310-308*0_310-312*0_310-314*0_310-274*0_310-315*0_310-273*0_310-316*0_308-310*1_308-287*1_308-286*1_308-272*1_314-317*2_314-318*2_314-319*2_314-320*2_272-278*2_272-277*2_272-850*2_272-284*2_272-279*2_272-271*2_272-849*2_272-852*2_272-848*2_272-270*2_272-268*2_272-260*2_272-259*2_272-261*2_272-262*2_268-257*3_268-263*3_268-256*3_268-229*3_268-331*3_315-321*2_315-1195*2_315-1460*2_315-1461*2_286-285*2_286-851*2_286-283*2_286-853*2_286-276*2_286-847*2_286-275*2_286-174*2_259-332*4_273-294*3_273-293*3_320-1191*3_320-1196*3_320-1197*3_320-1198*3_320-1462*3_320-1463*3_320-1464*3_320-1459*3_320-1458*3_320-1473*3_320-1474*3_320-1471*3_260-333*3_174-173*3_174-203*3_174-219*3_174-204*3_174-218*3_174-201*3_174-217*3_174-205*3_174-140*3_174-139*3_174-177*3_174-216*3_174-206*3_174-138*3_174-141*3_174-207*3_174-334*3_174-137*3_174-142*3_174-337*3_174-341*3_174-342*3_174-292*3_174-208*3_174-143*3_174-290*3_174-222*3_174-209*3_174-289*3_174-145*3_174-288*3_174-605*3_174-226*3_174-134*3_174-144*3_174-606*3_174-135*3_174-227*3_174-265*3_174-228*3_174-282*3_174-264*3_174-281*3_174-607*3_174-255*3_1471-1470*4_1471-1494*4_1471-1472*4_1471-1495*4_1471-1469*4_1471-1475*4_1471-1563*4_1471-1468*4_1471-1476*4_1471-1467*4_145-133*4_145-130*4_145-652*4_263-230*5_263-326*5_263-760*5_229-266*6_229-267*6_229-328*6_229-223*6_141-200*4_1196-697*4_1196-698*4_1196-1200*4_1196-1201*4_607-132*4_607-612*4_607-611*4_607-610*4_607-609*4_607-658*4_607-659*4_607-118*4_607-115*4_607-116*4_607-112*4_607-104*4_207-654*5_207-198*5_760-759*6_760-733*6_760-884*6_760-883*6_760-758*6_760-771*6_760-885*6_760-761*6_760-756*6_760-569*6_760-580*6_760-768*6_760-755*6_760-757*6_760-767*6_760-886*6_760-724*6_223-221*7_223-220*7_223-338*7_606-649*6_606-650*6_218-175*7_218-176*7_218-178*7_218-339*7_218-340*7_218-751*7_218-179*7_218-343*7_218-181*7_218-750*7_218-749*7_218-748*7_218-6*7_218-4*7_218-5*7_218-1738*7_218-1775*7_218-1737*7_218-1774*7_218-1740*7_218-1736*7_218-1735*7_218-1741*7_218-1717*7_1201-1202*5_1201-1203*5_1201-1223*5_1201-1220*5_1201-1219*5_173-172*7_173-171*7_173-170*7_173-168*7_173-1739*7_173-1734*7_173-686*7_173-1716*7_178-215*8_178-214*8_178-182*8_178-212*8_178-211*8_178-183*8_178-210*8_178-184*8_178-185*8_178-186*8_178-124*8_178-8*8_178-655*8_178-9*8_178-122*8_178-123*8_178-656*8_178-10*8_178-74*8_178-1742*8_178-11*8_178-12*8_178-1733*8_178-1744*8_178-13*8_178-15*8_178-16*8_178-17*8_343-344*8_343-345*8_343-346*8_343-351*8_343-348*8_343-352*8_748-747*8_343-593*8_748-743*8_343-594*8_343-381*8_186-7*9_186-187*9_186-188*9_186-100*9_186-101*9_186-117*9_186-103*9_186-608*9_8-1706*9_8-1705*9_118-119*9_118-120*9_118-121*9_118-660*9_118-126*9_118-661*9_118-105*9_118-106*9_118-614*9_118-107*9_118-615*9_118-616*9_118-127*9_118-617*9_118-642*9_118-128*9_118-618*9_118-641*9_118-619*9_118-640*9_118-129*9_118-639*9_118-620*9_118-638*9_118-621*9_118-637*9_118-622*9_118-623*9_118-146*9_118-149*9_209-131*9_1495-1496*5_1495-1497*5_1495-1498*5_1495-1500*5_331-254*7_16-18*9_16-83*9_16-19*9_16-1709*9_16-1711*9_16-20*9_16-1712*9_16-21*9_16-22*9_16-1708*9_16-1707*9_16-679*9_16-681*9_16-1704*9_16-1703*9_16-1702*9_16-1701*9_16-1695*9_16-1694*9_16-1664*9_16-1667*9_16-1668*9_608-625*10_608-671*10_608-626*10_608-632*10_608-627*10_608-631*10_608-628*10_608-630*10_608-643*10_608-629*10_608-633*10_608-196*10_608-636*10_608-197*10_608-634*10_608-199*10_168-167*8_168-574*8_168-573*8_168-166*8_168-165*8_107-108*10_107-109*10_107-110*10_107-673*10_107-111*10_107-674*10_107-672*10_107-57*10_107-56*10_107-55*10_107-54*10_107-53*10_107-52*10_1701-1697*10_107-51*10_107-50*10_107-41*10_628-644*11_628-645*11_628-647*11_628-648*11_628-59*11_628-60*11_211-189*9_211-99*9_211-190*9_211-98*9_211-192*9_211-193*9_211-194*9_211-195*9_211-70*9_211-86*9_211-75*9_211-76*9_211-77*9_51-39*11_51-30*11_51-40*11_51-33*11_51-34*11_51-28*11_51-42*11_51-35*11_51-43*11_51-37*11_51-45*11_51-44*11_51-38*11_51-63*11_51-678*11_51-61*11_51-62*11_51-65*11_348-349*9_348-350*9_348-571*9_348-570*9_348-353*9_1668-1669*10_1668-687*10_1668-682*10_349-595*10_349-357*10_349-356*10_349-354*10_349-568*10_349-587*10_349-162*10_593-592*9_593-572*9_593-567*9_593-383*9_593-163*9_593-355*9_593-161*9_593-588*9_593-160*9_593-589*9_593-159*9_593-864*9_593-590*9_593-865*9_593-157*9_593-857*9_593-867*9_593-154*9_593-869*9_593-868*9_593-151*9_593-813*9_593-152*9_593-802*9_593-153*9_149-585*10_149-584*10_149-150*10_149-586*10_149-597*10_149-600*10_149-148*10_149-601*10_149-156*10_149-431*10_149-430*10_149-442*10_381-382*9_381-379*9_381-384*9_381-373*9_381-385*9_381-441*9_381-374*9_381-440*9_381-361*9_381-155*9_381-596*9_381-575*9_678-676*12_678-49*12_678-677*12_678-48*12_678-46*12_332-327*5_332-735*5_357-359*11_357-378*11_357-372*11_357-371*11_357-360*11_357-362*11_357-363*11_357-364*11_333-329*6_333-242*6_70-94*10_70-68*10_70-93*10_70-71*10_70-87*10_70-95*10_70-685*10_70-67*10_70-92*10_70-72*10_70-88*10_70-96*10_70-66*10_70-97*10_70-73*10_70-683*10_70-90*10_70-89*10_70-78*10_590-164*10_590-576*10_590-577*10_590-582*10_590-581*10_242-241*7_242-243*7_242-240*7_242-524*7_242-238*7_68-85*11_68-64*11_68-84*11_68-79*11_68-23*11_152-604*10_152-603*10_152-439*10_885-882*7_885-766*7_767-769*7_767-765*7_767-770*7_767-764*7_767-591*7_767-734*7_440-438*10_756-754*7_756-791*7_756-753*7_756-752*7_596-432*11_596-429*11_596-443*11_596-428*11_596-427*11_596-426*11_596-425*11_596-423*11_429-444*12_429-394*12_429-393*12_429-566*12_429-395*12_429-433*12_429-434*12_429-409*12_429-436*12_429-410*12_429-437*12_429-414*12_429-415*12_429-416*12_429-417*12_429-418*12_429-419*12_431-390*11_431-565*11_431-398*11_418-420*13_418-421*13_418-422*13_418-445*13_418-412*13_428-396*13_428-397*13_428-403*13_428-404*13_428-405*13_428-560*13_428-559*13_428-556*13_428-555*13_428-554*13_747-745*9_378-370*12_378-741*12_84-81*12_84-82*12_87-665*11_87-684*11_425-392*14_425-389*14_425-388*14_425-387*14_1497-1501*6_416-448*14_416-411*14_883-553*8_1707-24*11_1707-26*11_1707-1713*11_1707-27*11_1707-1714*11_1707-29*11_1667-1663*11_1667-1662*11_1667-688*11_1667-689*11_175-1718*10_735-742*6_735-746*6_735-835*6_1220-704*6_1220-1759*6_1220-703*6_1220-1204*6_1220-1758*6_1220-1205*6_1220-1218*6_1220-1206*6_1220-1217*6_524-535*8_524-513*8_524-502*8_524-680*8_524-546*8_524-669*8_882-552*8_659-670*14_659-667*14_1695-1696*11_553-881*9_553-551*9_553-880*9_553-550*9_553-879*9_553-549*9_553-544*9_553-545*9_420-505*14_23-31*12_23-1690*12_23-1691*12_23-1692*12_23-1693*12_23-1623*12_23-1624*12_1476-1484*5_1476-1478*5_1476-1479*5_1476-1485*5_1476-1480*5_1476-1486*5_1476-1481*5_1476-1482*5_1476-1483*5_1476-1493*5_1476-1410*5_1476-1421*5_360-368*13_360-367*13_360-375*13_360-377*13_24-32*13_689-1670*12_689-1671*12_689-1659*12_689-1658*12_689-1660*12_689-1661*12_1206-1207*7_1206-1215*7_1206-1240*7_1206-1208*7_1206-1216*7_1206-1214*7_1206-1239*7_1206-696*7_1206-1213*7_1206-1224*7_1206-1211*7_1206-1238*7_1206-695*7_367-366*14_367-365*14_367-376*14_367-408*14_367-407*14_367-406*14_1482-1118*6_1482-1388*6_1482-1117*6_88-664*12_88-663*12_1191-1190*4_1191-1189*4_1191-1187*4_1191-1186*4_1191-1174*4_743-824*9_743-744*9_743-846*9_743-870*9_743-871*9_743-872*9_743-873*9_743-874*9_743-875*9_743-531*9_743-532*9_743-533*9_743-561*9_1410-828*6_1410-1399*6_531-536*10_531-537*10_531-878*10_531-562*10_531-539*10_531-563*10_531-564*10_531-528*10_531-529*10_531-530*10_531-503*10_531-504*10_1658-1657*13_1658-1656*13_1658-1672*13_1658-1685*13_1658-1684*13_27-675*14_552-542*9_886-887*8_886-548*8_886-890*8_886-547*8_886-736*8_886-891*8_886-893*8_539-538*11_539-540*11_539-541*11_539-534*11_539-543*11_561-452*10_1238-1237*8_1238-1236*8_1238-1225*8_1238-1209*8_1238-1226*8_1238-1235*8_1238-1227*8_1238-1234*8_1238-1232*8_1421-1014*7_1421-1432*7_1421-1018*7_1421-1019*7_1421-808*7_529-500*11_529-501*11_529-494*11_503-495*11_503-496*11_503-451*11_377-400*15_377-399*15_504-519*11_1234-1231*9_1234-1228*9_1234-1230*9_1234-1241*9_1234-1574*9_802-780*10_422-518*14_422-517*14_1207-1212*8_400-401*16_1500-1502*6_1500-1503*6_1500-1504*6_1500-1505*6_1500-1528*6_1574-1573*10_1574-1575*10_1574-1572*10_1574-1571*10_1574-1570*10_1574-1569*10_1574-1568*10_1574-1567*10_1574-1565*10_1574-1564*10_828-827*7_828-1377*7_828-1119*7_893-729*9_893-892*9_893-716*9_893-894*9_893-728*9_893-895*9_893-896*9_893-726*9_893-712*9_893-711*9_893-897*9_893-467*9_1240-694*9_1240-693*9_1240-692*9_881-876*10_550-732*10_550-731*10_550-730*10_550-723*10_385-386*13_736-737*9_736-738*9_736-714*9_736-717*9_736-907*9_1019-1020*8_1019-1013*8_1019-1021*8_1019-1012*8_1019-1023*8_1019-1002*8_1019-1024*8_1019-1025*8_1758-1757*7_1758-1756*7_1758-1755*7_1758-1753*7_1758-1752*7_764-763*8_764-762*8_764-91*8_764-69*8_1174-1130*5_1174-1163*5_1174-1131*5_1174-1164*5_1174-1176*5_1174-1165*5_1174-1127*5_1174-1185*5_1174-1167*5_1174-1178*5_1528-1527*7_1528-1526*7_1528-1531*7_1528-1525*7_1528-1530*7_1528-1551*7_1528-1524*7_1528-1529*7_1528-1552*7_519-516*12_1023-1009*9_1023-1015*9_1023-1016*9_1023-1008*9_1023-1010*9_1023-1007*9_1023-1355*9_1023-1344*9_1023-966*9_1023-1366*9_1023-977*9_516-515*13_516-514*13_516-512*13_516-511*13_516-510*13_516-509*13_516-508*13_680-657*9_680-491*9_680-624*9_680-602*9_1459-1456*6_1459-1454*6_1459-1465*6_762-80*9_762-47*9_762-58*9_762-369*9_762-413*9_770-558*10_770-613*10_966-955*10_966-988*10_966-1000*10_966-993*10_966-944*10_966-992*10_966-933*10_966-991*10_966-922*10_966-953*10_966-911*10_966-954*10_966-956*10_716-715*10_716-727*10_716-908*10_716-909*10_716-910*10_47-36*10_47-358*10_47-402*10_47-1765*10_47-906*10_47-905*10_47-904*10_47-903*10_47-901*10_47-902*10_47-718*10_47-471*10_47-527*10_731-725*11_692-690*10_692-1260*10_692-1259*10_692-1261*10_692-1262*10_692-1764*10_718-470*11_718-472*11_728-722*11_674-666*13_954-952*11_954-989*11_954-957*11_954-990*11_954-958*11_954-959*11_954-967*11_954-1029*11_910-3*11_910-14*11_910-25*11_910-1754*11_910-794*11_910-912*11_910-1743*11_910-793*11_910-740*11_910-1732*11_910-913*11_910-792*11_910-739*11_910-1721*11_910-914*11_910-1710*11_910-915*11_910-1699*11_910-916*11_910-917*11_910-1688*11_910-918*11_910-1677*11_910-919*11_910-1666*11_910-920*11_910-1040*11_910-1039*11_910-1038*11_910-1037*11_910-1036*11_910-1035*11_910-1032*11_910-821*11_1657-1673*14_1657-1674*14_1657-1683*14_1657-1686*14_1657-1687*14_1657-1689*14_472-473*12_472-474*12_472-475*12_472-520*12_472-476*12_472-477*12_472-478*12_472-479*12_472-481*12_472-482*12_472-483*12_472-484*12_912-774*12_912-1654*12_821-820*12_821-822*12_821-1566*12_821-1555*12_821-928*12_821-819*12_821-927*12_821-929*12_821-1047*12_821-930*12_821-818*12_821-926*12_821-1048*12_821-931*12_821-817*12_821-932*12_821-816*12_821-934*12_821-815*12_821-814*12_821-812*12_132-651*11_919-772*12_919-921*12_1036-1610*12_1036-1599*12_1036-1621*12_1036-1034*12_1036-924*12_1036-925*12_1036-1632*12_1036-923*12_1036-1643*12_897-898*10_897-466*10_897-719*10_897-465*10_897-720*10_897-468*10_897-464*10_897-721*10_920-1086*12_1526-1522*8_1526-1507*8_1526-1519*8_1432-1444*8_1432-1455*8_1432-825*8_1432-823*8_1432-1466*8_1432-806*8_722-463*13_722-462*13_722-526*13_1225-1229*9_1225-1242*9_1225-1243*9_1225-1245*9_1225-1246*9_1755-1761*8_1755-1762*8_918-773*13_624-691*10_624-635*10_624-702*10_624-713*10_624-646*10_624-480*10_624-158*10_452-453*12_452-454*12_452-455*12_452-489*12_1029-1028*12_1029-961*12_1029-978*12_1029-963*12_1029-980*12_1029-947*12_1029-964*12_1029-982*12_1029-946*12_1029-945*12_1029-949*12_1029-943*12_1029-942*12_467-899*11_463-525*14_463-461*14_463-523*14_463-460*14_463-459*14_463-507*14_463-506*14_463-490*14_463-492*14_463-493*14_463-499*14_1762-1763*9_1762-1760*9_1762-1766*9_1762-1263*9_1466-1477*9_1466-1488*9_1466-1499*9_1466-1510*9_1466-826*9_1466-1521*9_1466-795*9_1466-810*9_1466-807*9_1466-811*9_1466-937*9_1466-809*9_1260-1258*11_1260-1257*11_1260-1256*11_1260-1253*11_814-936*14_814-935*14_814-938*14_814-1532*14_814-796*14_1519-1518*9_1519-1520*9_1519-1517*9_1519-1523*9_1519-1509*9_1519-1516*9_1519-1512*9_1519-1535*9_1519-1508*9_1519-1514*9_500-498*15_133-653*13_1243-1429*10_1243-1428*10_1243-1427*10_1243-1249*10_483-485*13_483-486*13_483-487*13_483-488*13_358-347*11_358-424*11_358-336*11_358-324*11_358-313*11_812-939*13_1575-1576*11_1575-1578*11_1575-1579*11_1263-1264*10_1263-1772*10_1263-1265*10_1263-1613*10_1263-1627*10_1245-1247*11_1529-1542*8_1529-1533*8_811-940*14_811-941*14_811-948*14_148-583*14_1576-1580*12_1576-1425*12_1576-1424*12_1576-1423*12_1576-1422*12_1576-1420*12_1576-1396*12_1576-1398*12_663-662*13_1257-1254*12_1542-1541*9_1542-1544*9_1542-1549*9_1542-1545*9_1542-1515*9_1542-1547*9_1542-1534*9_1542-1554*9_1396-1395*13_1396-1394*13_1396-1397*13_1396-1400*13_1396-1585*13_1396-1393*13_1396-1418*13_1396-1391*13_927-1577*13_927-1588*13_1554-1443*10_1554-1332*10_1554-1221*10_1554-1110*10_1554-1*10_1554-0*10_1554-999*10_1554-888*10_1554-1540*10_1554-1539*10_1454-1453*7_1454-1452*7_1454-1457*7_1454-1451*7_1454-1450*7_1002-1001*9_1002-998*9_1002-1003*9_1002-997*9_1517-1511*10_1517-1584*10_1517-1583*10_1397-1401*14_1397-1392*14_1397-1386*14_1397-1404*14_1397-1416*14_1397-1385*14_1397-1403*14_1397-1384*14_1397-1402*14_1397-1408*14_1397-863*14_1397-862*14_1397-861*14_1397-860*14_1397-859*14_1397-858*14_1627-1626*11_1627-1601*11_1627-1625*11_1627-1773*11_1627-1628*11_1627-1286*11_1627-1267*11_860-1376*15_860-1378*15_860-1379*15_860-1375*15_860-1380*15_860-1374*15_860-1381*15_860-1365*15_860-1367*15_860-1368*15_860-1369*15_1752-1751*10_1752-1749*10_1418-1417*14_1418-1415*14_1418-1414*14_928-1543*13_928-1106*13_1547-1548*10_1547-1546*10_980-979*13_980-981*13_980-983*13_980-974*13_980-975*13_980-973*13_980-965*13_980-971*13_980-960*13_980-968*13_980-969*13_1393-1586*14_1393-1387*14_1393-1389*14_1393-1383*14_1393-1390*14_1393-1372*14_1393-1371*14_1393-1370*14_978-976*14_1368-1364*16_1368-1363*16_1368-1346*16_1368-1598*16_958-962*12_1253-1252*12_1253-1251*12_1253-1274*12_1253-1272*12_496-497*16_1254-1273*13_1254-1275*13_1254-1276*13_1656-1647*14_1369-1347*16_1369-1348*16_1369-1349*16_1369-1350*16_1369-1351*16_975-972*15_975-984*15_975-985*15_975-986*15_975-987*15_971-970*14_1276-1279*14_1276-1278*14_1276-1280*14_1276-1287*14_1276-1281*14_1276-1282*14_1276-1289*14_1276-1603*14_1276-1283*14_1276-1290*14_1276-1271*14_1276-1284*14_1276-1270*14_1276-1294*14_1276-1295*14_1276-1285*14_1276-1293*14_1276-1296*14_1276-1303*14_1176-303*6_1176-1175*6_1127-1126*6_1127-1128*6_1176-304*6_1176-301*6_1127-705*6_1176-1179*6_1127-1125*6_1127-1136*6_1127-1134*6_1127-1135*6_1176-305*6_1176-1180*6_948-994*15_948-950*15_948-1030*15_948-951*15_948-1026*15_948-1027*15_489-456*13_1348-1345*17_1179-1181*7_1179-1182*7_1179-1184*7_1262-1268*12_158-147*11_158-247*11_158-136*11_158-169*11_158-180*11_158-380*11_1007-1017*10_1007-1006*10_1007-1005*10_1007-1004*10_1351-1352*17_1351-1354*17_998-996*10_526-522*14_526-521*14_1293-1600*15_1293-1291*15_1293-1297*15_1293-1302*15_1293-1301*15_1293-1298*15_1293-1300*15_1293-1304*15_1293-1315*15_1293-1311*15_1293-1312*15_1293-1322*15_1293-1316*15_1293-1317*15_1293-1318*15_1293-1319*15_1427-1426*11_1311-1313*16_1311-1314*16_1318-1320*16_1318-1356*16_1383-1382*15_1296-840*16_990-1144*12_990-1133*12_990-1155*12_990-1122*12_990-1166*12_1268-1269*13_1319-1331*16_1319-1323*16_1319-1324*16_1319-1325*16_1319-1353*16_147-258*13_147-125*13_147-114*13_147-102*13_793-790*12_1304-1305*17_1304-1306*17_1304-1307*17_1304-1308*17_1304-1309*17_1304-1596*17_1304-1597*17_1545-1550*11_1596-1362*18_1596-1593*18_1596-1361*18_1596-1592*18_1596-1360*18_1596-1373*18_102-391*14_997-995*11_380-280*12_380-269*12_380-291*12_380-1074*12_380-435*12_380-202*12_1122-1111*13_1122-1099*13_1122-1088*13_1122-1077*13_1122-1066*13_1122-1055*13_1122-446*13_1122-335*13_1122-224*13_1122-113*13_1122-2*13_1264-1771*14_1312-1587*17_1249-1248*13_1249-1250*13_1249-1292*13_1249-839*13_1249-838*13_1249-837*13_1249-836*13_1249-834*13_1249-833*13_1249-832*13_1249-831*13_1773-1770*14_1773-1614*14_1773-1769*14_1773-1615*14_1773-1768*14_1773-1616*14_1773-1725*14_1773-1767*14_1773-1724*14_1773-1726*14_1773-1723*14_1773-1727*14_1773-1722*14_1773-1728*14_1773-1729*14_1773-1720*14_1773-1730*14_1773-1719*14_1773-1731*14_1126-1124*7_1126-1138*7_1126-1129*7_1126-1137*7_1126-1123*7_1126-1141*7_1305-1334*18_1305-1595*18_1305-1336*18_832-830*14_1365-1343*21_1030-1031*16_1647-1648*15_1647-1649*15_1647-1650*15_1334-1335*19_1334-1341*19_1334-1326*19_1334-1338*19_1323-1329*20_1323-1328*20_1186-1192*7_1186-1168*7_1186-1169*7_1535-1536*10_1535-1537*10_1535-1538*10_1137-1139*8_1137-1140*8_1137-1161*8_1137-1132*8_1137-1089*8_1040-1085*18_1124-1060*8_1124-1160*8_1124-1159*8_1600-1612*16_1600-1609*16_1600-1608*16_1450-1449*8_1450-1448*8_1450-1447*8_1139-1121*9_1139-1120*9_1139-1157*9_1139-1056*9_1161-1090*9_1161-1057*9_1161-1059*9_1121-1087*10_1121-1162*10_1121-1158*10_1121-1054*10_1121-1061*10_1121-1156*10_1361-1359*19_1361-1337*19_1361-1339*19_1361-1342*19_1361-1591*19_1361-1590*19_830-829*18_1192-1193*8_1192-1194*8_1192-1170*8_258-191*14_914-775*19_914-776*19_829-854*19_1159-1091*9_1159-1092*9_1159-1093*9_1603-1602*18_1603-1604*18_1603-1605*18_1603-1606*18_1603-1607*18_1089-1115*10_1089-1058*10_1290-1611*18_1054-706*11_1054-1053*11_1054-707*11_1054-1052*11_1054-708*11_1054-1051*11_1054-1050*11_1054-1049*11_1465-1562*8_1625-1622*16_1625-1619*16_1625-1618*16_1331-1330*17_1331-1327*17_1162-1108*11_1162-1094*11_1162-1147*11_1162-1098*11_1162-1146*11_1162-1145*11_1595-1594*19_1595-1589*19_1169-1171*9_1169-1142*9_1169-1172*9_1169-1143*9_1628-1629*12_1628-1630*12_280-302*16_280-1072*16_280-781*16_1342-1340*20_682-1715*19_1629-1631*13_1629-1633*13_1580-1430*13_1580-1431*13_1580-1433*13_819-1105*21_1142-1492*10_1094-1154*12_1094-1153*12_1094-1095*12_1094-1152*12_1094-1116*12_1094-803*12_1057-1183*11_854-855*20_854-856*20_1563-1561*9_1563-1560*9_506-457*16_1098-1109*12_1098-1100*12_1098-1107*12_1098-1097*12_1098-1101*12_1098-1113*12_1098-801*12_1098-1102*12_1098-804*12_1098-799*12_1098-1103*12_708-1064*12_708-1114*12_1356-1357*21_1449-1446*9_804-805*13_804-800*13_1353-1358*22_1446-1581*10_1446-1445*10_1446-1582*10_1446-1442*10_1446-1441*10_801-1096*13_1696-1698*19_1696-1700*19_781-778*17_781-782*17_781-777*17_781-783*17_781-1069*17_781-1068*17_781-1070*17_781-1067*17_781-1071*17_781-1076*17_781-1081*17_1114-1112*14_806-798*14_1630-1634*13_1630-1635*13_1630-1636*13_1630-1637*13_1630-1638*13_1631-1679*14_1631-1639*14_1631-1640*14_1631-1641*14_1171-1173*10_1171-1491*10_1638-1642*14_1638-1644*14_1638-1645*14_1638-1646*14_1116-1151*14_1491-1490*11_1491-1489*11_1491-1487*11_1423-1412*15_1423-1413*15_1423-1419*15_1181-845*9_1181-1062*9_1181-1078*9_1442-1440*12_1420-1409*16_305-213*10_302-1073*17_1419-1411*16_1679-1678*15_1679-1680*15_1679-1676*15_1679-1681*15_1679-1682*15_1102-1104*13_1102-797*13_1685-1675*20_1487-1150*12_1487-1149*12_1646-1651*15_1646-1652*15_1646-1653*15_778-785*18_1156-1148*12_1653-1655*16_1440-1439*13_1440-1438*13_1440-1437*13_1440-1513*13_1440-1436*13_1440-1559*13_1440-1557*13_1440-1435*13_1440-1434*13_777-784*18_1344-1188*15_1344-1177*15_1344-1199*15_1582-1556*11_1582-1553*11_1503-1506*13_1514-1558*15_785-786*19_785-787*19_785-788*19_788-789*20_1062-1063*10_1062-710*10_1062-709*10_1062-844*10_1062-1082*10_1078-841*10_1078-1079*10_1078-842*10_1078-843*10_1078-1075*10_933-900*16_933-1210*16_933-1011*16_933-1022*16_933-1299*16_933-1033*16_933-1044*16_1022-668*17_1086-1084*20_1086-1083*20_1086-1041*20_1086-1042*20_1086-1043*20_1086-1045*20_1086-1046*20_1332-1665*16_709-1065*11_1184-225*11_1184-236*11_900-889*17_900-1310*17_900-877*17_900-1222*17_900-866*17_900-1288*17_900-779*17_900-557*17_
