"id","Scenario","Actual Range","Protocol","Buildings","Total nodes","Nodes on circ","Total coverage","Coverage on circ","Alert received mean time","Hops","Slots","Messages sent","Messages received", "Starting x", "Starting y","Starting node", "Vehicle distance", "Received node ids", "Node ids", "Transmission map", "Received on circ nodes", "Transmission vector"
0,1,300,100,0,1344,41,1344,41,5084.05,5.46341,5,958,1344,1300,1875,407,25,406_408_1224_1223_1225_405_409_1222_1226_404_410_1221_1227_403_411_1220_1228_402_412_1219_1229_401_413_1218_1230_400_414_1217_1231_399_415_1216_1232_398_416_1215_1233_397_417_1214_1234_396_418_1140_1139_1141_1213_1235_1138_1142_1137_1143_1136_1144_323_395_419_491_324_1212_325_322_326_321_327_394_320_328_1211_319_329_1135_1145_393_318_330_1210_1134_1146_317_331_392_1209_316_332_1133_1147_391_1208_1304_1132_1148_390_1131_1149_389_1130_1150_388_1129_1151_315_387_483_486_312_1128_311_313_310_314_309_308_1127_307_306_1126_305_386_1125_304_385_1052_1124_1308_1307_1309_1306_1310_1305_1311_1312_1303_1313_1302_1314_407_1301_1315_1300_1316_1299_1317_1298_1318_499_498_384_1056_1057_302_1058_383_1059_301_382_1060_300_1044_1043_1061_1042_381_299_1041_1062_380_1040_298_1063_1039_379_297_1064_1038_378_296_1065_1037_377_1036_1066_295_1123_376_1035_1067_294_1122_375_471_1121_1034_293_1120_1033_220_292_1207_1206_333_1205_334_1204_335_1203_484_1296_1320_502_501_500_1295_1321_1294_1322_497_1293_1323_496_1292_1324_1051_1053_1050_1054_1049_1055_1048_1047_1046_1045_303_374_373_968_480_1152_479_478_1153_477_476_1154_475_1155_474_1156_473_1157_1158_1159_470_1160_469_1161_952_1023_1022_949_1021_1117_492_1236_493_494_495_1237_1238_1239_1240_1241_1242_1243_503_1244_1201_240_1200_239_241_238_242_1199_237_243_236_244_1198_245_1197_234_246_1196_233_247_1195_232_248_1194_231_249_1193_230_250_1192_229_251_1191_1287_1319_1325_1326_1327_1328_1329_481_482_485_487_472_488_372_972_971_973_970_974_975_371_976_977_370_978_369_979_368_980_981_367_982_366_462_291_290_289_288_960_959_961_958_957_287_956_955_286_954_953_285_284_951_211_283_468_1068_467_466_465_1069_464_463_1070_461_1071_460_1072_459_1073_489_490_1162_132_1020_1024_131_133_130_134_1019_1025_129_135_1018_1026_128_136_1017_1027_127_137_1016_1028_126_138_1015_1029_125_139_1014_1030_124_140_1013_1031_123_141_216_1012_1032_217_122_142_214_213_219_212_1011_121_143_221_210_222_938_1010_1106_1245_962_963_964_1119_1118_228_1116_227_226_225_1115_224_223_1114_1113_1112_1111_1110_1189_160_161_1297_1330_1331_1332_587_586_585_1333_584_1334_583_582_1335_581_1336_580_1337_579_1338_578_1339_983_456_984_455_457_454_458_453_985_452_451_986_450_987_361_449_886_448_988_447_989_446_894_990_215_218_950_204_948_203_202_201_947_200_199_281_946_198_280_197_945_279_196_944_278_195_871_943_1291_1290_1289_1202_1288_1246_1247_576_1248_575_577_574_573_572_1249_571_570_1250_1074_1075_1076_1077_1078_1079_552_1080_551_553_550_554_549_555_548_556_1081_547_557_546_558_1082_545_559_1083_235_1190_156_1188_155_157_154_158_153_159_152_1187_151_150_162_1186_149_163_1185_1281_144_1104_1103_1105_1101_1107_1100_1108_145_1099_1109_48_1008_47_49_46_50_1098_45_146_44_52_1097_43_53_147_42_54_934_1251_569_1252_568_1253_567_1254_566_1255_282_207_365_364_363_362_1286_1285_209_208_148_1102_991_445_992_444_900_899_901_898_902_897_903_993_896_904_443_895_905_994_906_442_893_907_995_441_537_1009_51_41_55_40_56_39_57_38_58_929_277_276_876_875_877_874_878_873_879_872_880_275_881_870_882_274_360_888_1284_1283_1282_1280_1084_1085_1086_543_1087_542_1088_541_1089_164_165_166_167_1272_1271_1273_1270_1274_1269_1275_1268_1276_1267_1277_1266_1278_1184_1183_1265_1279_1182_1264_1181_1263_1180_1262_1179_79_120_936_935_937_119_933_939_118_932_940_931_941_117_930_942_116_115_928_114_927_113_926_112_925_111_1163_564_1164_565_1165_1166_1167_1168_1169_1170_1171_1340_1341_1342_1343_671_670_669_668_667_666_890_869_273_194_193_865_660_563_659_908_909_910_911_528_912_527_529_526_530_525_531_913_440_524_532_439_523_533_914_438_522_534_915_437_521_535_436_520_536_916_435_519_917_434_518_538_822_918_37_59_36_60_924_1092_887_889_885_891_884_892_359_358_868_867_866_192_864_191_190_189_863_188_272_187_271_862_186_270_861_185_269_184_268_860_183_267_859_182_266_786_858_540_996_997_1090_998_539_999_1091_636_635_637_634_638_1001_633_639_560_632_640_1002_631_641_561_630_642_1003_629_643_1004_628_644_1005_1006_1007_627_1096_1094_1093_205_206_965_357_883_356_355_354_353_352_351_966_350_1178_1261_1177_1260_72_1176_71_73_70_74_69_75_68_67_66_65_64_63_62_61_1256_1257_1258_1259_658_562_1172_544_785_857_661_657_663_656_664_655_665_654_653_652_651_650_649_648_433_432_816_815_814_813_431_812_430_811_923_810_429_809_428_808_427_807_426_806_606_509_425_839_508_604_626_625_110_109_854_1173_1174_1175_647_1095_349_348_804_803_805_802_801_347_800_799_346_798_797_345_796_344_795_343_83_82_81_80_78_77_76_662_856_855_853_35_34_33_32_31_30_29_28_27_847_784_783_787_782_788_789_180_780_790_179_178_177_779_791_176_264_778_792_175_263_265_262_261_174_777_793_260_173_259_776_794_258_172_257_775_171_256_774_170_255_701_773_517_817_818_819_820_821_424_603_823_423_602_824_422_601_825_421_600_342_838_730_826_599_837_836_598_835_597_834_596_833_832_595_594_830_593_829_592_26_845_1000_624_623_622_621_620_967_969_645_646_619_618_617_181_843_842_769_841_771_770_96_768_95_94_93_99_767_92_100_766_91_101_90_102_765_781_89_103_764_88_104_763_87_105_762_86_106_689_761_108_852_588_755_754_751_750_107_337_719_726_919_922_612_25_24_840_23_22_21_20_19_18_17_16_15_920_254_253_252_708_707_709_706_705_704_703_702_700_699_698_697_694_851_850_849_848_846_844_420_732_731_733_341_734_735_736_737_738_339_739_338_740_741_336_720_721_722_516_828_514_513_827_512_589_510_753_752_611_507_506_749_748_747_746_590_591_745_504_744_505_743_742_511_169_168_696_695_693_692_691_690_688_687_686_772_685_98_97_718_717_723_340_724_725_727_728_729_14_13_12_756_757_11_10_9_8_7_6_85_605_716_715_714_713_712_711_710_616_615_614_921_607_678_677_676_675_674_760_758_831_515_609_84_684_683_682_681_680_679_759_613_610_608_673_0_672_1_2_3_4_5_,0_1_2_3_4_5_6_7_8_9_10_11_12_13_14_15_16_17_18_19_20_21_22_23_24_25_26_27_28_29_30_31_32_33_34_35_36_37_38_39_40_41_42_43_44_45_46_47_48_49_50_51_52_53_54_55_56_57_58_59_60_61_62_63_64_65_66_67_68_69_70_71_72_73_74_75_76_77_78_79_80_81_82_83_84_85_86_87_88_89_90_91_92_93_94_95_96_97_98_99_100_101_102_103_104_105_106_107_108_109_110_111_112_113_114_115_116_117_118_119_120_121_122_123_124_125_126_127_128_129_130_131_132_133_134_135_136_137_138_139_140_141_142_143_144_145_146_147_148_149_150_151_152_153_154_155_156_157_158_159_160_161_162_163_164_165_166_167_168_169_170_171_172_173_174_175_176_177_178_179_180_181_182_183_184_185_186_187_188_189_190_191_192_193_194_195_196_197_198_199_200_201_202_203_204_205_206_207_208_209_210_211_212_213_214_215_216_217_218_219_220_221_222_223_224_225_226_227_228_229_230_231_232_233_234_235_236_237_238_239_240_241_242_243_244_245_246_247_248_249_250_251_252_253_254_255_256_257_258_259_260_261_262_263_264_265_266_267_268_269_270_271_272_273_274_275_276_277_278_279_280_281_282_283_284_285_286_287_288_289_290_291_292_293_294_295_296_297_298_299_300_301_302_303_304_305_306_307_308_309_310_311_312_313_314_315_316_317_318_319_320_321_322_323_324_325_326_327_328_329_330_331_332_333_334_335_336_337_338_339_340_341_342_343_344_345_346_347_348_349_350_351_352_353_354_355_356_357_358_359_360_361_362_363_364_365_366_367_368_369_370_371_372_373_374_375_376_377_378_379_380_381_382_383_384_385_386_387_388_389_390_391_392_393_394_395_396_397_398_399_400_401_402_403_404_405_406_407_408_409_410_411_412_413_414_415_416_417_418_419_420_421_422_423_424_425_426_427_428_429_430_431_432_433_434_435_436_437_438_439_440_441_442_443_444_445_446_447_448_449_450_451_452_453_454_455_456_457_458_459_460_461_462_463_464_465_466_467_468_469_470_471_472_473_474_475_476_477_478_479_480_481_482_483_484_485_486_487_488_489_490_491_492_493_494_495_496_497_498_499_500_501_502_503_504_505_506_507_508_509_510_511_512_513_514_515_516_517_518_519_520_521_522_523_524_525_526_527_528_529_530_531_532_533_534_535_536_537_538_539_540_541_542_543_544_545_546_547_548_549_550_551_552_553_554_555_556_557_558_559_560_561_562_563_564_565_566_567_568_569_570_571_572_573_574_575_576_577_578_579_580_581_582_583_584_585_586_587_588_589_590_591_592_593_594_595_596_597_598_599_600_601_602_603_604_605_606_607_608_609_610_611_612_613_614_615_616_617_618_619_620_621_622_623_624_625_626_627_628_629_630_631_632_633_634_635_636_637_638_639_640_641_642_643_644_645_646_647_648_649_650_651_652_653_654_655_656_657_658_659_660_661_662_663_664_665_666_667_668_669_670_671_672_673_674_675_676_677_678_679_680_681_682_683_684_685_686_687_688_689_690_691_692_693_694_695_696_697_698_699_700_701_702_703_704_705_706_707_708_709_710_711_712_713_714_715_716_717_718_719_720_721_722_723_724_725_726_727_728_729_730_731_732_733_734_735_736_737_738_739_740_741_742_743_744_745_746_747_748_749_750_751_752_753_754_755_756_757_758_759_760_761_762_763_764_765_766_767_768_769_770_771_772_773_774_775_776_777_778_779_780_781_782_783_784_785_786_787_788_789_790_791_792_793_794_795_796_797_798_799_800_801_802_803_804_805_806_807_808_809_810_811_812_813_814_815_816_817_818_819_820_821_822_823_824_825_826_827_828_829_830_831_832_833_834_835_836_837_838_839_840_841_842_843_844_845_846_847_848_849_850_851_852_853_854_855_856_857_858_859_860_861_862_863_864_865_866_867_868_869_870_871_872_873_874_875_876_877_878_879_880_881_882_883_884_885_886_887_888_889_890_891_892_893_894_895_896_897_898_899_900_901_902_903_904_905_906_907_908_909_910_911_912_913_914_915_916_917_918_919_920_921_922_923_924_925_926_927_928_929_930_931_932_933_934_935_936_937_938_939_940_941_942_943_944_945_946_947_948_949_950_951_952_953_954_955_956_957_958_959_960_961_962_963_964_965_966_967_968_969_970_971_972_973_974_975_976_977_978_979_980_981_982_983_984_985_986_987_988_989_990_991_992_993_994_995_996_997_998_999_1000_1001_1002_1003_1004_1005_1006_1007_1008_1009_1010_1011_1012_1013_1014_1015_1016_1017_1018_1019_1020_1021_1022_1023_1024_1025_1026_1027_1028_1029_1030_1031_1032_1033_1034_1035_1036_1037_1038_1039_1040_1041_1042_1043_1044_1045_1046_1047_1048_1049_1050_1051_1052_1053_1054_1055_1056_1057_1058_1059_1060_1061_1062_1063_1064_1065_1066_1067_1068_1069_1070_1071_1072_1073_1074_1075_1076_1077_1078_1079_1080_1081_1082_1083_1084_1085_1086_1087_1088_1089_1090_1091_1092_1093_1094_1095_1096_1097_1098_1099_1100_1101_1102_1103_1104_1105_1106_1107_1108_1109_1110_1111_1112_1113_1114_1115_1116_1117_1118_1119_1120_1121_1122_1123_1124_1125_1126_1127_1128_1129_1130_1131_1132_1133_1134_1135_1136_1137_1138_1139_1140_1141_1142_1143_1144_1145_1146_1147_1148_1149_1150_1151_1152_1153_1154_1155_1156_1157_1158_1159_1160_1161_1162_1163_1164_1165_1166_1167_1168_1169_1170_1171_1172_1173_1174_1175_1176_1177_1178_1179_1180_1181_1182_1183_1184_1185_1186_1187_1188_1189_1190_1191_1192_1193_1194_1195_1196_1197_1198_1199_1200_1201_1202_1203_1204_1205_1206_1207_1208_1209_1210_1211_1212_1213_1214_1215_1216_1217_1218_1219_1220_1221_1222_1223_1224_1225_1226_1227_1228_1229_1230_1231_1232_1233_1234_1235_1236_1237_1238_1239_1240_1241_1242_1243_1244_1245_1246_1247_1248_1249_1250_1251_1252_1253_1254_1255_1256_1257_1258_1259_1260_1261_1262_1263_1264_1265_1266_1267_1268_1269_1270_1271_1272_1273_1274_1275_1276_1277_1278_1279_1280_1281_1282_1283_1284_1285_1286_1287_1288_1289_1290_1291_1292_1293_1294_1295_1296_1297_1298_1299_1300_1301_1302_1303_1304_1305_1306_1307_1308_1309_1310_1311_1312_1313_1314_1315_1316_1317_1318_1319_1320_1321_1322_1323_1324_1325_1326_1327_1328_1329_1330_1331_1332_1333_1334_1335_1336_1337_1338_1339_1340_1341_1342_1343_,18:{14;13;12;756;757;11;10;9;8;7;6;}27:{25;24;840;23;22;21;20;19;18;17;16;15;}48:{37;59;36;60;924;1092;}90:{84;684;683;682;681;680;679;759;}99:{760;758;}109:{98;97;}112:{107;}120:{108;852;}123:{120;936;935;937;119;933;939;118;932;940;931;941;117;930;942;116;115;928;114;927;113;926;112;925;111;}135:{144;1104;1103;1105;1101;1107;1100;1108;145;1099;1109;1098;146;1097;147;}144:{1096;1094;1093;}145:{1095;}163:{164;165;166;167;1272;1271;1273;1270;1274;1269;1275;1268;1276;1267;1277;1266;1278;1184;1183;1265;1279;1182;1264;1181;1263;1180;1262;1179;79;}172:{169;168;696;695;693;692;691;690;688;687;686;772;685;}244:{1189;160;}245:{161;}256:{254;253;252;708;707;709;706;705;704;703;702;700;699;698;697;}285:{869;273;}286:{277;276;876;875;877;874;878;873;879;872;880;275;881;870;882;274;}291:{282;207;}295:{291;290;289;288;960;959;961;958;957;287;956;955;286;954;953;285;284;951;211;283;}299:{962;963;964;}304:{302;301;300;1044;1043;1042;299;1041;1040;298;1039;297;1038;296;1037;1036;295;1123;1035;294;1122;1121;1034;293;1120;1033;220;292;}328:{1291;1290;1289;1202;1288;}333:{1286;1285;}342:{341;339;338;336;720;721;722;}355:{349;348;804;803;805;802;801;347;800;799;346;798;797;345;796;344;795;343;}362:{357;883;356;355;354;353;352;351;966;350;}370:{887;889;885;891;884;892;359;358;}372:{360;888;}373:{365;364;363;362;}378:{372;972;971;973;970;974;975;371;976;977;370;978;369;979;368;980;981;367;982;366;462;}387:{384;1056;1057;1058;383;1059;382;1060;1061;381;1062;380;1063;379;1064;378;1065;377;1066;376;1067;375;471;}399:{394;1135;1145;393;1134;1146;392;1133;1147;391;1132;1148;390;1131;1149;389;1130;1150;388;1129;1151;315;387;483;}400:{484;}402:{486;}407:{406;408;1224;1223;1225;405;409;1222;1226;404;410;1221;1227;403;411;1220;1228;402;412;1219;1229;401;413;1218;1230;400;414;1217;1231;399;415;1216;1232;398;416;1215;1233;397;417;1214;1234;396;418;1140;1139;1141;1213;1235;1138;1142;1137;1143;1136;1144;323;395;419;491;}414:{498;}415:{1308;1307;1309;1306;1310;1305;1311;1312;1303;1313;1302;1314;407;1301;1315;1300;1316;1299;1317;1298;1318;499;}427:{420;732;731;733;734;735;736;737;738;739;740;741;}437:{433;432;816;815;814;813;431;812;430;811;810;429;809;428;808;427;807;426;806;425;}453:{991;445;992;444;900;899;901;898;902;897;903;993;896;904;443;895;905;994;906;442;893;907;995;441;537;}520:{509;839;508;604;}522:{606;}523:{921;607;}525:{831;515;609;}532:{920;}541:{625;}543:{540;996;997;998;539;999;1001;1002;1003;1004;1005;1006;1007;627;}556:{562;1172;544;}574:{1256;1257;1258;1259;658;}575:{563;659;}576:{660;}593:{605;}598:{588;755;754;751;750;}599:{589;753;752;611;}604:{603;602;601;600;838;599;837;836;598;835;597;834;596;833;832;595;594;830;593;829;592;}619:{613;610;608;}626:{616;615;614;}634:{645;646;}660:{661;657;663;656;664;655;665;654;653;652;651;650;649;648;}676:{673;0;672;1;2;3;4;5;}686:{678;677;676;675;674;}719:{718;717;723;340;724;725;727;728;729;}720:{716;715;714;713;712;711;710;}751:{749;748;747;746;590;591;745;504;744;505;743;742;511;}770:{85;}773:{771;770;96;768;95;94;93;99;767;92;100;766;91;101;90;102;765;781;89;103;764;88;104;763;87;105;762;86;106;689;761;}778:{694;}785:{784;783;787;782;788;789;180;780;790;179;178;177;779;791;176;264;778;792;175;263;265;262;261;174;777;793;260;173;259;776;794;258;172;257;775;171;256;774;170;255;701;773;}803:{337;719;}810:{726;}814:{817;818;819;820;821;424;823;423;824;422;825;421;342;730;826;}834:{516;828;514;513;827;512;510;507;506;}853:{843;842;769;841;}854:{851;850;849;848;846;844;}862:{181;}865:{856;855;853;}869:{785;857;}870:{868;867;866;192;864;191;190;189;863;188;272;187;271;862;186;270;861;185;269;184;268;860;183;267;859;182;266;786;858;}906:{908;909;910;911;528;912;527;529;526;530;525;531;913;440;524;532;439;523;533;914;438;522;534;915;437;521;535;436;520;536;916;435;519;917;434;518;538;822;918;}911:{923;}915:{517;}918:{919;922;612;}929:{26;845;}931:{35;34;33;32;31;30;29;28;27;847;}938:{110;109;854;}949:{194;193;865;}953:{205;206;965;}955:{950;204;948;203;202;201;947;200;199;281;946;198;280;197;945;279;196;944;278;195;871;943;}968:{967;969;}970:{361;886;}974:{890;}978:{983;456;984;455;457;454;458;453;985;452;451;986;450;987;449;448;988;447;989;446;894;990;}999:{619;618;617;}1001:{1000;624;623;622;621;620;}1013:{1009;51;41;55;40;56;39;57;38;58;929;}1018:{48;1008;47;49;46;50;45;44;52;43;53;42;54;934;}1022:{132;1020;1024;131;133;130;134;1019;1025;129;135;1018;1026;128;136;1017;1027;127;137;1016;1028;126;138;1015;1029;125;139;1014;1030;124;140;1013;1031;123;141;216;1012;1032;217;122;142;214;213;219;212;1011;121;143;221;210;222;938;1010;1106;}1033:{1023;1022;949;1021;1117;}1035:{215;218;}1036:{952;}1039:{209;208;}1052:{1051;1053;1050;1054;1049;1055;1048;1047;1046;1045;303;374;373;968;}1061:{468;1068;467;466;465;1069;464;463;1070;461;1071;460;1072;459;1073;}1071:{1074;1075;1076;1077;1078;1079;552;1080;551;553;550;554;549;555;548;556;1081;547;557;546;558;1082;545;559;1083;}1077:{1084;1085;1086;543;1087;542;1088;541;1089;}1084:{1090;1091;636;635;637;634;638;633;639;560;632;640;631;641;561;630;642;629;643;628;644;}1086:{626;}1113:{148;1102;}1122:{1119;1118;228;1116;227;226;225;1115;224;223;1114;1113;1112;1111;1110;}1136:{312;1128;311;313;310;314;309;308;1127;307;306;1126;305;386;1125;304;385;1052;1124;}1144:{481;482;485;487;472;488;}1149:{480;1152;479;478;1153;477;476;1154;475;1155;474;1156;473;1157;1158;1159;470;1160;469;1161;}1150:{489;490;1162;}1159:{1163;564;1164;565;1165;1166;1167;1168;1169;1170;1171;}1168:{1173;1174;1175;647;}1179:{1178;1177;72;1176;71;73;70;74;69;75;68;67;66;65;64;63;62;61;}1197:{235;1190;156;1188;155;157;154;158;153;159;152;1187;151;150;162;1186;149;163;1185;1281;}1203:{1201;240;1200;239;241;238;242;1199;237;243;236;244;1198;245;1197;234;246;1196;233;247;1195;232;248;1194;231;249;1193;230;250;1192;229;251;1191;1287;}1215:{1207;1206;333;1205;334;1204;335;1203;}1220:{324;1212;325;322;326;321;327;320;328;1211;319;329;318;330;1210;317;331;1209;316;332;1208;1304;}1232:{492;1236;493;494;495;1237;1238;1239;1240;1241;1242;1243;503;1244;}1233:{1245;}1238:{1246;1247;576;1248;575;577;574;573;572;1249;571;570;1250;}1243:{1251;569;1252;568;1253;567;1254;566;1255;}1254:{662;}1261:{83;82;81;80;78;77;76;}1268:{1261;1260;}1287:{1297;}1292:{1284;1283;1282;1280;}1304:{1296;1295;1294;1293;1292;}1312:{1320;502;501;500;1321;1322;497;1323;496;1324;}1317:{1319;1325;1326;1327;1328;1329;}1327:{1330;1331;1332;587;586;585;1333;584;1334;583;582;1335;581;1336;580;1337;579;1338;578;1339;}1334:{1340;1341;1342;1343;671;670;669;668;667;666;},136_137_138_139_140_206_207_208_284_285_366_367_368_452_453_542_543_544_640_641_642_643_644_951_952_953_954_990_991_992_993_1023_1024_1088_1089_1101_1102_1184_1185_1270_1271_,407-406*0_407-408*0_407-1224*0_407-1223*0_407-1225*0_407-405*0_407-409*0_407-1222*0_407-1226*0_407-404*0_407-410*0_407-1221*0_407-1227*0_407-403*0_407-411*0_407-1220*0_407-1228*0_407-402*0_407-412*0_407-1219*0_407-1229*0_407-401*0_407-413*0_407-1218*0_407-1230*0_407-400*0_407-414*0_407-1217*0_407-1231*0_407-399*0_407-415*0_407-1216*0_407-1232*0_407-398*0_407-416*0_407-1215*0_407-1233*0_407-397*0_407-417*0_407-1214*0_407-1234*0_407-396*0_407-418*0_407-1140*0_407-1139*0_407-1141*0_407-1213*0_407-1235*0_407-1138*0_407-1142*0_407-1137*0_407-1143*0_407-1136*0_407-1144*0_407-323*0_407-395*0_407-419*0_407-491*0_1220-324*1_1220-1212*1_1220-325*1_1220-322*1_1220-326*1_1220-321*1_1220-327*1_399-394*1_1220-320*1_1220-328*1_1220-1211*1_1220-319*1_1220-329*1_399-1135*1_399-1145*1_399-393*1_1220-318*1_1220-330*1_1220-1210*1_399-1134*1_399-1146*1_1220-317*1_1220-331*1_399-392*1_1220-1209*1_1220-316*1_1220-332*1_399-1133*1_399-1147*1_399-391*1_1220-1208*1_1220-1304*1_399-1132*1_399-1148*1_399-390*1_399-1131*1_399-1149*1_399-389*1_399-1130*1_399-1150*1_399-388*1_399-1129*1_399-1151*1_399-315*1_399-387*1_399-483*1_402-486*1_1136-312*1_1136-1128*1_1136-311*1_1136-313*1_1136-310*1_1136-314*1_1136-309*1_1136-308*1_1136-1127*1_1136-307*1_1136-306*1_1136-1126*1_1136-305*1_1136-386*1_1136-1125*1_1136-304*1_1136-385*1_1136-1052*1_1136-1124*1_415-1308*2_415-1307*2_415-1309*2_415-1306*2_415-1310*2_415-1305*2_415-1311*2_415-1312*2_415-1303*2_415-1313*2_415-1302*2_415-1314*2_415-407*2_415-1301*2_415-1315*2_415-1300*2_415-1316*2_415-1299*2_415-1317*2_415-1298*2_415-1318*2_415-499*2_414-498*2_387-384*2_387-1056*2_387-1057*2_304-302*2_387-1058*2_387-383*2_387-1059*2_304-301*2_387-382*2_387-1060*2_304-300*2_304-1044*2_304-1043*2_387-1061*2_304-1042*2_387-381*2_304-299*2_304-1041*2_387-1062*2_387-380*2_304-1040*2_304-298*2_387-1063*2_304-1039*2_387-379*2_304-297*2_387-1064*2_304-1038*2_387-378*2_304-296*2_387-1065*2_304-1037*2_387-377*2_304-1036*2_387-1066*2_304-295*2_304-1123*2_387-376*2_304-1035*2_387-1067*2_304-294*2_304-1122*2_387-375*2_387-471*2_304-1121*2_304-1034*2_304-293*2_304-1120*2_304-1033*2_304-220*2_304-292*2_1215-1207*3_1215-1206*3_1215-333*3_1215-1205*3_1215-334*3_1215-1204*3_1215-335*3_1215-1203*3_400-484*1_1304-1296*3_1312-1320*3_1312-502*3_1312-501*3_1312-500*3_1304-1295*3_1312-1321*3_1304-1294*3_1312-1322*3_1312-497*3_1304-1293*3_1312-1323*3_1312-496*3_1304-1292*3_1312-1324*3_1052-1051*2_1052-1053*2_1052-1050*2_1052-1054*2_1052-1049*2_1052-1055*2_1052-1048*2_1052-1047*2_1052-1046*2_1052-1045*2_1052-303*2_1052-374*2_1052-373*2_1052-968*2_1149-480*2_1149-1152*2_1149-479*2_1149-478*2_1149-1153*2_1149-477*2_1149-476*2_1149-1154*2_1149-475*2_1149-1155*2_1149-474*2_1149-1156*2_1149-473*2_1149-1157*2_1149-1158*2_1149-1159*2_1149-470*2_1149-1160*2_1149-469*2_1149-1161*2_1036-952*3_1033-1023*3_1033-1022*3_1033-949*3_1033-1021*3_1033-1117*3_1232-492*3_1232-1236*3_1232-493*3_1232-494*3_1232-495*3_1232-1237*3_1232-1238*3_1232-1239*3_1232-1240*3_1232-1241*3_1232-1242*3_1232-1243*3_1232-503*3_1232-1244*3_1203-1201*4_1203-240*4_1203-1200*4_1203-239*4_1203-241*4_1203-238*4_1203-242*4_1203-1199*4_1203-237*4_1203-243*4_1203-236*4_1203-244*4_1203-1198*4_1203-245*4_1203-1197*4_1203-234*4_1203-246*4_1203-1196*4_1203-233*4_1203-247*4_1203-1195*4_1203-232*4_1203-248*4_1203-1194*4_1203-231*4_1203-249*4_1203-1193*4_1203-230*4_1203-250*4_1203-1192*4_1203-229*4_1203-251*4_1203-1191*4_1203-1287*4_1317-1319*3_1317-1325*3_1317-1326*3_1317-1327*3_1317-1328*3_1317-1329*3_1144-481*2_1144-482*2_1144-485*2_1144-487*2_1144-472*2_1144-488*2_378-372*3_378-972*3_378-971*3_378-973*3_378-970*3_378-974*3_378-975*3_378-371*3_378-976*3_378-977*3_378-370*3_378-978*3_378-369*3_378-979*3_378-368*3_378-980*3_378-981*3_378-367*3_378-982*3_378-366*3_378-462*3_295-291*3_295-290*3_295-289*3_295-288*3_295-960*3_295-959*3_295-961*3_295-958*3_295-957*3_295-287*3_295-956*3_295-955*3_295-286*3_295-954*3_295-953*3_295-285*3_295-284*3_295-951*3_295-211*3_295-283*3_1061-468*3_1061-1068*3_1061-467*3_1061-466*3_1061-465*3_1061-1069*3_1061-464*3_1061-463*3_1061-1070*3_1061-461*3_1061-1071*3_1061-460*3_1061-1072*3_1061-459*3_1061-1073*3_1150-489*3_1150-490*3_1150-1162*3_1022-132*4_1022-1020*4_1022-1024*4_1022-131*4_1022-133*4_1022-130*4_1022-134*4_1022-1019*4_1022-1025*4_1022-129*4_1022-135*4_1022-1018*4_1022-1026*4_1022-128*4_1022-136*4_1022-1017*4_1022-1027*4_1022-127*4_1022-137*4_1022-1016*4_1022-1028*4_1022-126*4_1022-138*4_1022-1015*4_1022-1029*4_1022-125*4_1022-139*4_1022-1014*4_1022-1030*4_1022-124*4_1022-140*4_1022-1013*4_1022-1031*4_1022-123*4_1022-141*4_1022-216*4_1022-1012*4_1022-1032*4_1022-217*4_1022-122*4_1022-142*4_1022-214*4_1022-213*4_1022-219*4_1022-212*4_1022-1011*4_1022-121*4_1022-143*4_1022-221*4_1022-210*4_1022-222*4_1022-938*4_1022-1010*4_1022-1106*4_1233-1245*3_299-962*3_299-963*3_299-964*3_1122-1119*5_1122-1118*5_1122-228*5_1122-1116*5_1122-227*5_1122-226*5_1122-225*5_1122-1115*5_1122-224*5_1122-223*5_1122-1114*5_1122-1113*5_1122-1112*5_1122-1111*5_1122-1110*5_244-1189*5_244-160*5_245-161*5_1287-1297*5_1327-1330*4_1327-1331*4_1327-1332*4_1327-587*4_1327-586*4_1327-585*4_1327-1333*4_1327-584*4_1327-1334*4_1327-583*4_1327-582*4_1327-1335*4_1327-581*4_1327-1336*4_1327-580*4_1327-1337*4_1327-579*4_1327-1338*4_1327-578*4_1327-1339*4_978-983*4_978-456*4_978-984*4_978-455*4_978-457*4_978-454*4_978-458*4_978-453*4_978-985*4_978-452*4_978-451*4_978-986*4_978-450*4_978-987*4_970-361*4_978-449*4_970-886*4_978-448*4_978-988*4_978-447*4_978-989*4_978-446*4_978-894*4_978-990*4_1035-215*3_1035-218*3_955-950*4_955-204*4_955-948*4_955-203*4_955-202*4_955-201*4_955-947*4_955-200*4_955-199*4_955-281*4_955-946*4_955-198*4_955-280*4_955-197*4_955-945*4_955-279*4_955-196*4_955-944*4_955-278*4_955-195*4_955-871*4_955-943*4_328-1291*4_328-1290*4_328-1289*4_328-1202*4_328-1288*4_1238-1246*4_1238-1247*4_1238-576*4_1238-1248*4_1238-575*4_1238-577*4_1238-574*4_1238-573*4_1238-572*4_1238-1249*4_1238-571*4_1238-570*4_1238-1250*4_1071-1074*4_1071-1075*4_1071-1076*4_1071-1077*4_1071-1078*4_1071-1079*4_1071-552*4_1071-1080*4_1071-551*4_1071-553*4_1071-550*4_1071-554*4_1071-549*4_1071-555*4_1071-548*4_1071-556*4_1071-1081*4_1071-547*4_1071-557*4_1071-546*4_1071-558*4_1071-1082*4_1071-545*4_1071-559*4_1071-1083*4_1197-235*5_1197-1190*5_1197-156*5_1197-1188*5_1197-155*5_1197-157*5_1197-154*5_1197-158*5_1197-153*5_1197-159*5_1197-152*5_1197-1187*5_1197-151*5_1197-150*5_1197-162*5_1197-1186*5_1197-149*5_1197-163*5_1197-1185*5_1197-1281*5_135-144*5_135-1104*5_135-1103*5_135-1105*5_135-1101*5_135-1107*5_135-1100*5_135-1108*5_135-145*5_135-1099*5_135-1109*5_1018-48*5_1018-1008*5_1018-47*5_1018-49*5_1018-46*5_1018-50*5_135-1098*5_1018-45*5_135-146*5_1018-44*5_1018-52*5_135-1097*5_1018-43*5_1018-53*5_135-147*5_1018-42*5_1018-54*5_1018-934*5_1243-1251*4_1243-569*4_1243-1252*4_1243-568*4_1243-1253*4_1243-567*4_1243-1254*4_1243-566*4_1243-1255*4_291-282*4_291-207*4_373-365*4_373-364*4_373-363*4_373-362*4_333-1286*4_333-1285*4_1039-209*4_1039-208*4_1113-148*6_1113-1102*6_453-991*5_453-445*5_453-992*5_453-444*5_453-900*5_453-899*5_453-901*5_453-898*5_453-902*5_453-897*5_453-903*5_453-993*5_453-896*5_453-904*5_453-443*5_453-895*5_453-905*5_453-994*5_453-906*5_453-442*5_453-893*5_453-907*5_453-995*5_453-441*5_453-537*5_1013-1009*5_1013-51*5_1013-41*5_1013-55*5_1013-40*5_1013-56*5_1013-39*5_1013-57*5_1013-38*5_1013-58*5_1013-929*5_286-277*4_286-276*4_286-876*4_286-875*4_286-877*4_286-874*4_286-878*4_286-873*4_286-879*4_286-872*4_286-880*4_286-275*4_286-881*4_286-870*4_286-882*4_286-274*4_372-360*4_372-888*4_1292-1284*5_1292-1283*5_1292-1282*5_1292-1280*5_1077-1084*5_1077-1085*5_1077-1086*5_1077-543*5_1077-1087*5_1077-542*5_1077-1088*5_1077-541*5_1077-1089*5_163-164*6_163-165*6_163-166*6_163-167*6_163-1272*6_163-1271*6_163-1273*6_163-1270*6_163-1274*6_163-1269*6_163-1275*6_163-1268*6_163-1276*6_163-1267*6_163-1277*6_163-1266*6_163-1278*6_163-1184*6_163-1183*6_163-1265*6_163-1279*6_163-1182*6_163-1264*6_163-1181*6_163-1263*6_163-1180*6_163-1262*6_163-1179*6_163-79*6_123-120*5_123-936*5_123-935*5_123-937*5_123-119*5_123-933*5_123-939*5_123-118*5_123-932*5_123-940*5_123-931*5_123-941*5_123-117*5_123-930*5_123-942*5_123-116*5_123-115*5_123-928*5_123-114*5_123-927*5_123-113*5_123-926*5_123-112*5_123-925*5_123-111*5_1159-1163*5_1159-564*5_1159-1164*5_1159-565*5_1159-1165*5_1159-1166*5_1159-1167*5_1159-1168*5_1159-1169*5_1159-1170*5_1159-1171*5_1334-1340*5_1334-1341*5_1334-1342*5_1334-1343*5_1334-671*5_1334-670*5_1334-669*5_1334-668*5_1334-667*5_1334-666*5_974-890*5_285-869*4_285-273*4_949-194*5_949-193*5_949-865*5_576-660*5_575-563*5_575-659*5_906-908*6_906-909*6_906-910*6_906-911*6_906-528*6_906-912*6_906-527*6_906-529*6_906-526*6_906-530*6_906-525*6_906-531*6_906-913*6_906-440*6_906-524*6_906-532*6_906-439*6_906-523*6_906-533*6_906-914*6_906-438*6_906-522*6_906-534*6_906-915*6_906-437*6_906-521*6_906-535*6_906-436*6_906-520*6_906-536*6_906-916*6_906-435*6_906-519*6_906-917*6_906-434*6_906-518*6_906-538*6_906-822*6_906-918*6_48-37*6_48-59*6_48-36*6_48-60*6_48-924*6_48-1092*6_370-887*4_370-889*4_370-885*4_370-891*4_370-884*4_370-892*4_370-359*4_370-358*4_870-868*5_870-867*5_870-866*5_870-192*5_870-864*5_870-191*5_870-190*5_870-189*5_870-863*5_870-188*5_870-272*5_870-187*5_870-271*5_870-862*5_870-186*5_870-270*5_870-861*5_870-185*5_870-269*5_870-184*5_870-268*5_870-860*5_870-183*5_870-267*5_870-859*5_870-182*5_870-266*5_870-786*5_870-858*5_543-540*6_543-996*6_543-997*6_1084-1090*6_543-998*6_543-539*6_543-999*6_1084-1091*6_1084-636*6_1084-635*6_1084-637*6_1084-634*6_1084-638*6_543-1001*6_1084-633*6_1084-639*6_1084-560*6_1084-632*6_1084-640*6_543-1002*6_1084-631*6_1084-641*6_1084-561*6_1084-630*6_1084-642*6_543-1003*6_1084-629*6_1084-643*6_543-1004*6_1084-628*6_1084-644*6_543-1005*6_543-1006*6_543-1007*6_543-627*6_144-1096*7_144-1094*7_144-1093*7_953-205*5_953-206*5_953-965*5_362-357*5_362-883*5_362-356*5_362-355*5_362-354*5_362-353*5_362-352*5_362-351*5_362-966*5_362-350*5_1179-1178*7_1268-1261*7_1179-1177*7_1268-1260*7_1179-72*7_1179-1176*7_1179-71*7_1179-73*7_1179-70*7_1179-74*7_1179-69*7_1179-75*7_1179-68*7_1179-67*7_1179-66*7_1179-65*7_1179-64*7_1179-63*7_1179-62*7_1179-61*7_574-1256*5_574-1257*5_574-1258*5_574-1259*5_574-658*5_556-562*5_556-1172*5_556-544*5_869-785*5_869-857*5_660-661*6_660-657*6_660-663*6_660-656*6_660-664*6_660-655*6_660-665*6_660-654*6_660-653*6_660-652*6_660-651*6_660-650*6_660-649*6_660-648*6_437-433*7_437-432*7_437-816*7_437-815*7_437-814*7_437-813*7_437-431*7_437-812*7_437-430*7_437-811*7_911-923*7_437-810*7_437-429*7_437-809*7_437-428*7_437-808*7_437-427*7_437-807*7_437-426*7_437-806*7_522-606*7_520-509*7_437-425*7_520-839*7_520-508*7_520-604*7_1086-626*6_541-625*6_938-110*6_938-109*6_938-854*6_1168-1173*6_1168-1174*6_1168-1175*6_1168-647*6_145-1095*7_355-349*6_355-348*6_355-804*6_355-803*6_355-805*6_355-802*6_355-801*6_355-347*6_355-800*6_355-799*6_355-346*6_355-798*6_355-797*6_355-345*6_355-796*6_355-344*6_355-795*6_355-343*6_1261-83*8_1261-82*8_1261-81*8_1261-80*8_1261-78*8_1261-77*8_1261-76*8_1254-662*6_865-856*6_865-855*6_865-853*6_931-35*6_931-34*6_931-33*6_931-32*6_931-31*6_931-30*6_931-29*6_931-28*6_931-27*6_931-847*6_785-784*6_785-783*6_785-787*6_785-782*6_785-788*6_785-789*6_785-180*6_785-780*6_785-790*6_785-179*6_785-178*6_785-177*6_785-779*6_785-791*6_785-176*6_785-264*6_785-778*6_785-792*6_785-175*6_785-263*6_785-265*6_785-262*6_785-261*6_785-174*6_785-777*6_785-793*6_785-260*6_785-173*6_785-259*6_785-776*6_785-794*6_785-258*6_785-172*6_785-257*6_785-775*6_785-171*6_785-256*6_785-774*6_785-170*6_785-255*6_785-701*6_785-773*6_915-517*7_814-817*8_814-818*8_814-819*8_814-820*8_814-821*8_814-424*8_604-603*8_814-823*8_814-423*8_604-602*8_814-824*8_814-422*8_604-601*8_814-825*8_814-421*8_604-600*8_814-342*8_604-838*8_814-730*8_814-826*8_604-599*8_604-837*8_604-836*8_604-598*8_604-835*8_604-597*8_604-834*8_604-596*8_604-833*8_604-832*8_604-595*8_604-594*8_604-830*8_604-593*8_604-829*8_604-592*8_929-26*6_929-845*6_1001-1000*7_1001-624*7_1001-623*7_1001-622*7_1001-621*7_1001-620*7_968-967*3_968-969*3_634-645*7_634-646*7_999-619*7_999-618*7_999-617*7_862-181*7_853-843*7_853-842*7_853-769*7_853-841*7_773-771*7_773-770*7_773-96*7_773-768*7_773-95*7_773-94*7_773-93*7_773-99*7_773-767*7_773-92*7_773-100*7_773-766*7_773-91*7_773-101*7_773-90*7_773-102*7_773-765*7_773-781*7_773-89*7_773-103*7_773-764*7_773-88*7_773-104*7_773-763*7_773-87*7_773-105*7_773-762*7_773-86*7_773-106*7_773-689*7_773-761*7_120-108*6_120-852*6_598-588*9_598-755*9_598-754*9_598-751*9_598-750*9_112-107*7_803-337*7_803-719*7_810-726*7_918-919*7_918-922*7_918-612*7_27-25*7_27-24*7_27-840*7_27-23*7_27-22*7_27-21*7_27-20*7_27-19*7_27-18*7_27-17*7_27-16*7_27-15*7_532-920*8_256-254*7_256-253*7_256-252*7_256-708*7_256-707*7_256-709*7_256-706*7_256-705*7_256-704*7_256-703*7_256-702*7_256-700*7_256-699*7_256-698*7_256-697*7_778-694*8_854-851*7_854-850*7_854-849*7_854-848*7_854-846*7_854-844*7_427-420*9_427-732*9_427-731*9_427-733*9_342-341*9_427-734*9_427-735*9_427-736*9_427-737*9_427-738*9_342-339*9_427-739*9_342-338*9_427-740*9_427-741*9_342-336*9_342-720*9_342-721*9_342-722*9_834-516*9_834-828*9_834-514*9_834-513*9_834-827*9_834-512*9_599-589*9_834-510*9_599-753*9_599-752*9_599-611*9_834-507*9_834-506*9_751-749*10_751-748*10_751-747*10_751-746*10_751-590*10_751-591*10_751-745*10_751-504*10_751-744*10_751-505*10_751-743*10_751-742*10_751-511*10_172-169*8_172-168*8_172-696*8_172-695*8_172-693*8_172-692*8_172-691*8_172-690*8_172-688*8_172-687*8_172-686*8_172-772*8_172-685*8_109-98*7_109-97*7_719-718*8_719-717*8_719-723*8_719-340*8_719-724*8_719-725*8_719-727*8_719-728*8_719-729*8_18-14*8_18-13*8_18-12*8_18-756*8_18-757*8_18-11*8_18-10*8_18-9*8_18-8*8_18-7*8_18-6*8_770-85*8_593-605*9_720-716*10_720-715*10_720-714*10_720-713*10_720-712*10_720-711*10_720-710*10_626-616*8_626-615*8_626-614*8_523-921*8_523-607*8_686-678*9_686-677*9_686-676*9_686-675*9_686-674*9_99-760*8_99-758*8_525-831*8_525-515*8_525-609*8_90-84*9_90-684*9_90-683*9_90-682*9_90-681*9_90-680*9_90-679*9_90-759*9_619-613*9_619-610*9_619-608*9_676-673*10_676-0*10_676-672*10_676-1*10_676-2*10_676-3*10_676-4*10_676-5*10_
