"id","Scenario","Actual Range","Protocol","Buildings","Total nodes","Nodes on circ","Total coverage","Coverage on circ","Alert received mean time","Hops","Slots","Messages sent","Messages received", "Starting x", "Starting y","Starting node", "Vehicle distance", "Received node ids", "Node ids", "Transmission map", "Received on circ nodes", "Transmission vector"
0,1,300,100,0,1776,80,1776,80,10146.2,5.375,8.85,997,1776,1153.84,1884.7,310,25,309_311_308_312_294_314_293_275_274_315_276_287_273_277_316_286_272_699_249_285_317_278_851_250_698_700_248_284_318_850_852_251_325_697_701_271_1196_252_849_279_283_323_1197_853_296_295_319_297_270_244_253_1198_298_847_848_281_233_268_1200_245_320_259_299_254_260_232_703_231_1201_282_307_306_246_321_257_1202_1189_255_1187_1186_1192_1190_1193_1185_1191_1165_1167_1195_1194_1460_1168_1169_1164_1461_1170_1462_1163_1171_1463_1140_1134_1131_1172_1132_1141_1174_1464_1135_705_1142_1130_1129_1128_1173_1143_1459_1136_1175_1127_1145_1137_1492_1457_1126_1458_1146_1456_1491_1138_1454_1156_1490_1139_1465_1157_288_261_289_262_263_265_264_266_290_267_228_227_256_229_226_223_230_222_292_221_310_220_331_342_326_1739_334_1740_216_332_1741_1738_341_337_1742_327_217_1735_1736_328_1737_338_1453_1452_1451_1467_1468_1450_1562_1469_1561_1563_1473_1449_1560_1448_1474_1447_1494_1564_1581_1446_1582_1565_1445_1567_1556_1442_1553_1568_1441_218_219_175_173_176_172_174_177_171_339_178_215_751_340_203_179_214_181_170_343_750_204_212_201_344_749_168_182_200_205_211_140_139_199_345_167_183_574_599_210_206_138_141_198_579_654_573_184_748_197_207_137_142_598_351_196_1203_1223_704_1204_1220_1205_1219_1759_1218_1206_1758_1217_1757_1207_1756_1216_1240_1215_1214_1208_1755_696_1239_1213_695_1753_1209_1224_1238_694_1211_1212_1751_693_1752_1225_1237_1760_1750_692_1761_1226_1236_1749_690_1260_1763_1259_300_578_185_166_346_581_186_577_165_348_582_6_7_5_4_576_1775_187_352_597_349_583_188_164_1774_587_571_8_588_189_350_584_163_589_99_190_593_9_98_97_1470_1471_1472_1475_1495_1476_1496_1489_1485_1484_1497_1486_1478_1498_1487_1479_1147_1148_1552_1149_1500_1551_1150_1480_1506_1501_1505_1151_1481_1507_1502_1557_1504_1482_1503_1734_686_1744_1733_1717_1716_1718_1731_1719_1715_1745_1730_1746_1720_1729_1714_1747_1728_1713_1748_1727_1722_1712_10_74_1726_11_1723_1711_12_1725_1767_13_1724_1709_73_683_15_1616_1768_72_1508_1558_1528_1509_1527_1559_1511_1523_1525_1615_1769_16_1618_684_1158_1160_1161_1159_1123_1124_1125_1162_1121_1091_1090_1089_1120_1092_1087_1152_1058_1057_1059_1093_1153_1060_1176_1094_1183_1056_1108_1154_1182_1178_1061_301_1107_1179_1115_1114_303_1113_1112_1181_1109_1095_304_1180_1116_1097_1054_706_1098_1096_305_1117_208_143_653_209_652_133_130_651_145_146_129_131_148_605_134_128_144_132_606_127_600_135_585_149_649_601_650_150_586_655_124_603_123_607_126_122_590_656_604_151_154_157_152_159_153_160_155_156_161_596_162_17_18_19_83_20_1708_21_1707_82_22_1706_1690_81_679_1617_1691_1619_79_1620_1689_1692_78_1705_77_681_1622_76_85_84_1693_75_1687_65_66_1704_67_1623_1614_64_682_68_1686_1624_1770_1702_1526_1531_1321_1333_1266_1530_1524_1522_1520_1277_1255_0_1529_1519_1244_1512_1518_1_1483_1513_1233_1517_1288_1388_1377_1542_1533_1399_1440_572_592_570_595_353_357_356_594_568_354_379_355_381_382_378_567_441_383_440_384_747_359_372_864_385_439_371_373_360_745_865_857_846_386_370_438_741_575_835_374_744_743_362_1541_1534_1222_1584_1299_1516_1535_1515_1493_1258_1261_1257_1262_1764_1766_1263_1268_1269_1267_1264_1270_1265_1762_1271_1773_1601_1256_1772_1286_1285_1272_1771_1284_1254_1627_1283_1273_1613_1282_1253_1274_1626_1281_1252_1625_1275_1280_1227_1602_1628_1228_1251_1603_1276_1279_1629_1229_1604_1278_1235_1630_1230_1605_1234_1631_1287_1232_1231_1573_1574_1241_1572_1571_1575_1570_1569_1242_1576_1243_1578_1245_437_436_1053_1100_707_1052_1101_803_708_1051_1102_801_800_804_1103_1050_709_799_1062_710_805_1063_1104_809_1049_798_808_806_1081_1064_807_1105_1118_797_1048_1082_826_1065_1083_1106_845_1119_796_844_1047_1084_1067_1577_1566_1588_1599_825_1610_795_1085_843_1068_1455_62_61_63_86_38_685_87_70_60_71_93_88_94_195_92_37_59_89_35_194_95_90_674_673_675_34_193_96_664_57_56_33_672_663_55_111_665_192_110_32_662_666_54_109_648_31_53_108_23_24_26_647_52_27_30_28_107_51_29_106_50_434_387_433_388_432_389_390_431_392_566_430_375_1555_1543_823_1532_1444_819_121_612_120_1436_1438_1439_1703_1701_1696_1695_1697_1694_1698_1700_1682_1683_1664_1663_46_1662_1684_1681_48_39_1667_687_1685_49_1661_1668_688_41_1660_1669_689_1466_1410_1432_1521_1421_1477_1510_818_820_817_821_1499_816_1488_822_827_815_828_814_1014_1035_1621_930_931_1036_928_611_119_610_658_609_118_659_1246_1429_1247_1428_1427_1579_1426_1248_1249_1580_1430_1250_1431_1425_1292_1433_1434_1034_330_333_329_240_239_238_241_234_237_235_242_105_104_112_103_117_667_101_116_670_115_671_614_615_617_618_661_642_616_608_100_641_619_660_640_645_620_639_644_621_638_622_637_623_632_625_631_1606_1607_1633_1289_1608_1634_1290_1609_1635_1611_1612_1018_1013_1012_1019_1002_1020_1366_812_1021_1001_810_1355_1015_998_1023_811_937_938_935_1016_997_1024_934_939_932_393_565_394_444_443_395_429_442_398_396_399_428_427_409_397_426_400_401_410_425_403_376_423_377_411_404_412_364_405_363_407_408_414_406_365_366_560_361_367_415_368_559_416_556_445_243_322_502_513_491_480_724_469_524_646_1550_1544_1549_1545_1546_1547_1514_1548_1583_888_1536_999_1537_1538_1540_1419_1437_1539_1414_1407_936_929_940_202_191_447_735_1003_1017_1004_1025_1008_1007_1005_1009_1010_1000_966_1344_977_955_988_993_944_1177_991_927_1032_926_922_1424_1423_1422_1420_1435_1412_1411_1409_1396_1413_1398_1395_1415_1394_1397_1416_1400_1585_1417_1586_1393_1401_1418_1392_1391_626_627_628_630_643_629_633_636_634_925_924_1037_923_1038_1188_1632_1199_1210_1039_921_1643_933_1654_1086_1040_789_911_1666_1680_1679_1678_1676_1675_1636_1674_1637_1638_1672_867_873_874_872_875_871_870_869_876_868_531_878_813_532_555_824_879_554_802_533_752_753_880_754_534_561_791_881_536_755_562_742_537_538_788_787_1677_786_920_1688_785_919_1069_772_918_782_783_781_784_1075_778_777_773_776_43_42_45_44_678_40_676_677_941_996_942_950_1291_1293_1295_1296_1294_1297_1600_1303_1302_840_1301_839_458_435_635_535_669_680_236_657_180_225_624_1310_900_1006_992_838_837_836_613_691_702_713_602_169_158_546_591_558_147_247_569_580_136_258_770_771_1080_125_269_769_213_761_757_746_759_767_733_114_1079_768_1073_760_280_380_766_1072_758_1184_1074_884_780_1078_102_765_291_391_885_841_1071_756_764_883_91_842_302_1070_763_402_1076_80_734_736_1406_1405_863_1408_862_861_860_1402_859_1403_858_1404_1378_1383_1379_1382_1381_1380_1376_1384_1375_1385_1374_1386_1373_1011_889_1022_877_1033_989_866_1099_1088_1111_1077_1055_448_449_450_451_417_418_419_420_529_528_530_421_503_501_564_504_500_563_422_505_834_833_832_831_1639_1640_830_1641_943_995_945_829_1298_1300_1304_452_453_454_539_540_541_455_456_492_493_490_542_494_499_506_457_489_507_543_495_498_488_459_552_553_551_550_497_549_732_460_731_487_461_917_1699_1041_1110_1221_1332_1443_1554_779_1315_1311_1312_1313_1322_1031_1659_1670_1673_1671_1658_1657_1656_668_1665_2_113_737_738_887_890_739_886_891_715_716_714_762_548_892_740_712_547_69_711_893_36_717_47_907_729_25_906_545_58_728_369_905_894_908_14_413_727_544_904_358_909_895_726_3_424_903_882_347_910_725_730_896_336_1765_794_324_719_313_723_720_1754_721_722_793_897_1743_898_792_899_466_465_1732_912_464_901_994_949_951_948_952_946_953_947_954_956_962_957_1030_961_958_960_959_990_963_1133_1122_1144_968_964_967_790_775_1721_774_1710_1642_1644_1645_1647_1648_1649_1646_1587_519_518_517_516_496_515_514_467_463_526_462_468_902_525_718_523_470_1650_1651_1652_969_1155_1166_1066_965_1044_986_970_1589_1590_1387_471_522_527_472_521_473_474_520_1653_856_1655_855_854_1591_1389_1594_1592_475_476_477_913_914_915_916_512_1390_1372_1371_1598_1370_1597_486_485_511_484_510_509_483_508_482_481_479_478_1314_1316_1305_1317_1306_1323_1318_1026_446_335_557_224_1324_1307_1319_1325_1308_1334_1320_1326_1331_1335_1330_1327_1595_1329_1341_1328_1356_1309_1042_1043_1045_1046_1596_1362_1593_1361_1360_1359_1363_1364_1336_1337_1338_1343_1339_1342_1365_1340_1367_1368_1345_1369_1346_1347_1348_1027_1028_1029_981_980_979_982_978_976_971_983_972_973_974_984_975_985_987_1354_1353_1357_1358_1352_1351_1350_1349_,0_1_2_3_4_5_6_7_8_9_10_11_12_13_14_15_16_17_18_19_20_21_22_23_24_25_26_27_28_29_30_31_32_33_34_35_36_37_38_39_40_41_42_43_44_45_46_47_48_49_50_51_52_53_54_55_56_57_58_59_60_61_62_63_64_65_66_67_68_69_70_71_72_73_74_75_76_77_78_79_80_81_82_83_84_85_86_87_88_89_90_91_92_93_94_95_96_97_98_99_100_101_102_103_104_105_106_107_108_109_110_111_112_113_114_115_116_117_118_119_120_121_122_123_124_125_126_127_128_129_130_131_132_133_134_135_136_137_138_139_140_141_142_143_144_145_146_147_148_149_150_151_152_153_154_155_156_157_158_159_160_161_162_163_164_165_166_167_168_169_170_171_172_173_174_175_176_177_178_179_180_181_182_183_184_185_186_187_188_189_190_191_192_193_194_195_196_197_198_199_200_201_202_203_204_205_206_207_208_209_210_211_212_213_214_215_216_217_218_219_220_221_222_223_224_225_226_227_228_229_230_231_232_233_234_235_236_237_238_239_240_241_242_243_244_245_246_247_248_249_250_251_252_253_254_255_256_257_258_259_260_261_262_263_264_265_266_267_268_269_270_271_272_273_274_275_276_277_278_279_280_281_282_283_284_285_286_287_288_289_290_291_292_293_294_295_296_297_298_299_300_301_302_303_304_305_306_307_308_309_310_311_312_313_314_315_316_317_318_319_320_321_322_323_324_325_326_327_328_329_330_331_332_333_334_335_336_337_338_339_340_341_342_343_344_345_346_347_348_349_350_351_352_353_354_355_356_357_358_359_360_361_362_363_364_365_366_367_368_369_370_371_372_373_374_375_376_377_378_379_380_381_382_383_384_385_386_387_388_389_390_391_392_393_394_395_396_397_398_399_400_401_402_403_404_405_406_407_408_409_410_411_412_413_414_415_416_417_418_419_420_421_422_423_424_425_426_427_428_429_430_431_432_433_434_435_436_437_438_439_440_441_442_443_444_445_446_447_448_449_450_451_452_453_454_455_456_457_458_459_460_461_462_463_464_465_466_467_468_469_470_471_472_473_474_475_476_477_478_479_480_481_482_483_484_485_486_487_488_489_490_491_492_493_494_495_496_497_498_499_500_501_502_503_504_505_506_507_508_509_510_511_512_513_514_515_516_517_518_519_520_521_522_523_524_525_526_527_528_529_530_531_532_533_534_535_536_537_538_539_540_541_542_543_544_545_546_547_548_549_550_551_552_553_554_555_556_557_558_559_560_561_562_563_564_565_566_567_568_569_570_571_572_573_574_575_576_577_578_579_580_581_582_583_584_585_586_587_588_589_590_591_592_593_594_595_596_597_598_599_600_601_602_603_604_605_606_607_608_609_610_611_612_613_614_615_616_617_618_619_620_621_622_623_624_625_626_627_628_629_630_631_632_633_634_635_636_637_638_639_640_641_642_643_644_645_646_647_648_649_650_651_652_653_654_655_656_657_658_659_660_661_662_663_664_665_666_667_668_669_670_671_672_673_674_675_676_677_678_679_680_681_682_683_684_685_686_687_688_689_690_691_692_693_694_695_696_697_698_699_700_701_702_703_704_705_706_707_708_709_710_711_712_713_714_715_716_717_718_719_720_721_722_723_724_725_726_727_728_729_730_731_732_733_734_735_736_737_738_739_740_741_742_743_744_745_746_747_748_749_750_751_752_753_754_755_756_757_758_759_760_761_762_763_764_765_766_767_768_769_770_771_772_773_774_775_776_777_778_779_780_781_782_783_784_785_786_787_788_789_790_791_792_793_794_795_796_797_798_799_800_801_802_803_804_805_806_807_808_809_810_811_812_813_814_815_816_817_818_819_820_821_822_823_824_825_826_827_828_829_830_831_832_833_834_835_836_837_838_839_840_841_842_843_844_845_846_847_848_849_850_851_852_853_854_855_856_857_858_859_860_861_862_863_864_865_866_867_868_869_870_871_872_873_874_875_876_877_878_879_880_881_882_883_884_885_886_887_888_889_890_891_892_893_894_895_896_897_898_899_900_901_902_903_904_905_906_907_908_909_910_911_912_913_914_915_916_917_918_919_920_921_922_923_924_925_926_927_928_929_930_931_932_933_934_935_936_937_938_939_940_941_942_943_944_945_946_947_948_949_950_951_952_953_954_955_956_957_958_959_960_961_962_963_964_965_966_967_968_969_970_971_972_973_974_975_976_977_978_979_980_981_982_983_984_985_986_987_988_989_990_991_992_993_994_995_996_997_998_999_1000_1001_1002_1003_1004_1005_1006_1007_1008_1009_1010_1011_1012_1013_1014_1015_1016_1017_1018_1019_1020_1021_1022_1023_1024_1025_1026_1027_1028_1029_1030_1031_1032_1033_1034_1035_1036_1037_1038_1039_1040_1041_1042_1043_1044_1045_1046_1047_1048_1049_1050_1051_1052_1053_1054_1055_1056_1057_1058_1059_1060_1061_1062_1063_1064_1065_1066_1067_1068_1069_1070_1071_1072_1073_1074_1075_1076_1077_1078_1079_1080_1081_1082_1083_1084_1085_1086_1087_1088_1089_1090_1091_1092_1093_1094_1095_1096_1097_1098_1099_1100_1101_1102_1103_1104_1105_1106_1107_1108_1109_1110_1111_1112_1113_1114_1115_1116_1117_1118_1119_1120_1121_1122_1123_1124_1125_1126_1127_1128_1129_1130_1131_1132_1133_1134_1135_1136_1137_1138_1139_1140_1141_1142_1143_1144_1145_1146_1147_1148_1149_1150_1151_1152_1153_1154_1155_1156_1157_1158_1159_1160_1161_1162_1163_1164_1165_1166_1167_1168_1169_1170_1171_1172_1173_1174_1175_1176_1177_1178_1179_1180_1181_1182_1183_1184_1185_1186_1187_1188_1189_1190_1191_1192_1193_1194_1195_1196_1197_1198_1199_1200_1201_1202_1203_1204_1205_1206_1207_1208_1209_1210_1211_1212_1213_1214_1215_1216_1217_1218_1219_1220_1221_1222_1223_1224_1225_1226_1227_1228_1229_1230_1231_1232_1233_1234_1235_1236_1237_1238_1239_1240_1241_1242_1243_1244_1245_1246_1247_1248_1249_1250_1251_1252_1253_1254_1255_1256_1257_1258_1259_1260_1261_1262_1263_1264_1265_1266_1267_1268_1269_1270_1271_1272_1273_1274_1275_1276_1277_1278_1279_1280_1281_1282_1283_1284_1285_1286_1287_1288_1289_1290_1291_1292_1293_1294_1295_1296_1297_1298_1299_1300_1301_1302_1303_1304_1305_1306_1307_1308_1309_1310_1311_1312_1313_1314_1315_1316_1317_1318_1319_1320_1321_1322_1323_1324_1325_1326_1327_1328_1329_1330_1331_1332_1333_1334_1335_1336_1337_1338_1339_1340_1341_1342_1343_1344_1345_1346_1347_1348_1349_1350_1351_1352_1353_1354_1355_1356_1357_1358_1359_1360_1361_1362_1363_1364_1365_1366_1367_1368_1369_1370_1371_1372_1373_1374_1375_1376_1377_1378_1379_1380_1381_1382_1383_1384_1385_1386_1387_1388_1389_1390_1391_1392_1393_1394_1395_1396_1397_1398_1399_1400_1401_1402_1403_1404_1405_1406_1407_1408_1409_1410_1411_1412_1413_1414_1415_1416_1417_1418_1419_1420_1421_1422_1423_1424_1425_1426_1427_1428_1429_1430_1431_1432_1433_1434_1435_1436_1437_1438_1439_1440_1441_1442_1443_1444_1445_1446_1447_1448_1449_1450_1451_1452_1453_1454_1455_1456_1457_1458_1459_1460_1461_1462_1463_1464_1465_1466_1467_1468_1469_1470_1471_1472_1473_1474_1475_1476_1477_1478_1479_1480_1481_1482_1483_1484_1485_1486_1487_1488_1489_1490_1491_1492_1493_1494_1495_1496_1497_1498_1499_1500_1501_1502_1503_1504_1505_1506_1507_1508_1509_1510_1511_1512_1513_1514_1515_1516_1517_1518_1519_1520_1521_1522_1523_1524_1525_1526_1527_1528_1529_1530_1531_1532_1533_1534_1535_1536_1537_1538_1539_1540_1541_1542_1543_1544_1545_1546_1547_1548_1549_1550_1551_1552_1553_1554_1555_1556_1557_1558_1559_1560_1561_1562_1563_1564_1565_1566_1567_1568_1569_1570_1571_1572_1573_1574_1575_1576_1577_1578_1579_1580_1581_1582_1583_1584_1585_1586_1587_1588_1589_1590_1591_1592_1593_1594_1595_1596_1597_1598_1599_1600_1601_1602_1603_1604_1605_1606_1607_1608_1609_1610_1611_1612_1613_1614_1615_1616_1617_1618_1619_1620_1621_1622_1623_1624_1625_1626_1627_1628_1629_1630_1631_1632_1633_1634_1635_1636_1637_1638_1639_1640_1641_1642_1643_1644_1645_1646_1647_1648_1649_1650_1651_1652_1653_1654_1655_1656_1657_1658_1659_1660_1661_1662_1663_1664_1665_1666_1667_1668_1669_1670_1671_1672_1673_1674_1675_1676_1677_1678_1679_1680_1681_1682_1683_1684_1685_1686_1687_1688_1689_1690_1691_1692_1693_1694_1695_1696_1697_1698_1699_1700_1701_1702_1703_1704_1705_1706_1707_1708_1709_1710_1711_1712_1713_1714_1715_1716_1717_1718_1719_1720_1721_1722_1723_1724_1725_1726_1727_1728_1729_1730_1731_1732_1733_1734_1735_1736_1737_1738_1739_1740_1741_1742_1743_1744_1745_1746_1747_1748_1749_1750_1751_1752_1753_1754_1755_1756_1757_1758_1759_1760_1761_1762_1763_1764_1765_1766_1767_1768_1769_1770_1771_1772_1773_1774_1775_,0:{1110;1221;1332;1443;1554;779;}1:{668;1665;2;113;}48:{43;42;45;44;678;40;676;677;}69:{913;914;915;916;}85:{62;61;63;86;38;685;87;70;60;71;93;88;94;195;92;37;59;89;35;194;95;90;674;673;675;34;193;96;664;57;56;33;672;663;55;111;665;192;110;32;662;666;54;109;648;31;53;108;23;24;26;647;52;27;30;28;107;51;29;106;50;}107:{105;104;112;103;117;667;101;116;670;115;671;614;615;617;618;661;642;616;608;100;641;619;660;640;645;620;639;644;621;638;622;637;623;632;625;631;}125:{790;775;1721;774;1710;}129:{611;119;610;658;609;118;659;}141:{121;612;120;}155:{434;387;433;388;432;389;390;431;392;566;430;375;}167:{572;592;570;595;353;357;356;594;568;354;379;355;381;382;378;567;441;383;440;384;747;359;372;864;385;439;371;373;360;745;865;857;846;386;370;438;741;575;835;374;744;743;362;}171:{578;166;346;581;577;165;348;582;576;352;597;349;583;164;587;571;588;350;584;163;589;593;}181:{185;186;6;7;5;4;1775;187;188;1774;8;189;99;190;9;98;97;}206:{208;143;653;209;652;133;130;651;145;146;129;131;148;605;134;128;144;132;606;127;600;135;585;149;649;601;650;150;586;655;124;603;123;607;126;122;590;656;604;151;154;157;152;159;153;160;155;156;161;596;162;}216:{218;219;175;173;176;172;174;177;171;339;178;215;751;340;203;179;214;181;170;343;750;204;212;201;344;749;168;182;200;205;211;140;139;199;345;167;183;574;599;210;206;138;141;198;579;654;573;184;748;197;207;137;142;598;351;196;}231:{458;435;635;535;669;680;236;657;180;225;624;}253:{202;191;447;735;}254:{243;322;502;513;491;480;724;469;524;646;}259:{330;333;329;240;239;238;241;234;237;235;242;}283:{288;261;289;262;263;265;264;266;290;267;228;227;256;229;226;223;230;222;292;221;310;220;331;342;326;1739;334;1740;216;332;1741;1738;341;337;1742;327;217;1735;1736;328;1737;338;}310:{309;311;308;312;294;314;293;275;274;315;276;287;273;277;316;286;272;699;249;285;317;278;851;250;698;700;248;284;318;850;852;251;325;697;701;271;1196;252;849;279;283;323;1197;853;296;295;319;297;270;244;253;1198;298;847;848;281;233;268;1200;245;320;259;299;254;260;232;703;231;1201;282;307;306;246;321;257;1202;1189;255;1187;}315:{300;}370:{867;873;874;872;875;871;870;869;876;868;531;878;813;532;555;824;879;554;802;533;752;753;880;754;534;561;791;881;536;755;562;742;537;538;}416:{448;449;450;451;417;418;419;420;529;528;530;421;503;501;564;504;500;563;422;505;}417:{519;518;517;516;496;515;514;}419:{512;}494:{486;485;511;484;510;509;483;508;482;481;479;478;}561:{452;453;454;539;540;541;455;456;492;493;490;542;494;499;506;457;489;507;543;495;498;488;459;552;553;551;550;497;549;732;460;731;487;461;}566:{393;565;394;444;443;395;429;442;398;396;399;428;427;409;397;426;400;401;410;425;403;376;423;377;411;404;412;364;405;363;407;408;414;406;365;366;560;361;367;415;368;559;416;556;445;}583:{437;436;}621:{626;627;628;630;643;629;633;636;634;}646:{613;691;702;713;602;169;158;546;591;558;147;247;569;580;136;258;770;771;1080;125;269;769;213;761;757;746;759;767;733;114;1079;768;1073;760;280;380;766;1072;758;1184;1074;884;780;1078;102;765;291;391;885;841;1071;756;764;883;91;842;302;1070;763;402;1076;80;734;736;}681:{1703;1701;1696;1695;1697;1694;1698;1700;1682;1683;1664;1663;46;1662;1684;1681;48;39;1667;687;1685;49;1661;1668;688;41;1660;1669;689;}689:{1650;1651;1652;}736:{737;738;887;890;739;886;891;715;716;714;762;548;892;740;712;547;69;711;893;36;717;47;907;729;25;906;545;58;728;369;905;894;908;14;413;727;544;904;358;909;895;726;3;424;903;882;347;910;725;730;896;336;1765;794;324;719;313;723;720;1754;721;722;793;897;1743;898;792;899;466;465;1732;912;464;901;}805:{936;929;940;}808:{1018;1013;1012;1019;1002;1020;1366;812;1021;1001;810;1355;1015;998;1023;811;937;938;935;1016;997;1024;934;939;932;}816:{1031;}819:{925;924;1037;923;1038;1632;1039;921;1643;1654;1086;1040;789;1666;}825:{943;995;945;}826:{941;996;942;950;}827:{1188;1199;1210;933;911;}891:{467;463;526;462;468;902;525;718;523;470;}894:{471;522;527;472;521;473;474;520;}895:{475;476;477;}919:{1042;1043;1045;1046;}946:{1027;1028;1029;981;980;979;982;978;976;}964:{971;983;972;973;974;984;975;985;987;}966:{446;335;557;224;}998:{994;949;951;948;952;946;953;947;954;956;962;957;1030;961;958;960;959;990;963;1133;1122;1144;968;964;967;}1004:{1026;}1005:{969;1155;1166;1066;965;1044;986;970;}1012:{1003;1017;1004;1025;1008;1007;1005;1009;1010;1000;966;1344;977;955;988;993;944;1177;991;922;}1024:{1011;889;1022;877;1033;989;866;1099;1088;1111;1077;1055;}1048:{917;1699;1041;}1051:{788;787;1677;786;920;1688;785;919;1069;772;918;782;783;781;784;1075;778;777;773;776;}1090:{1053;1100;707;1052;1101;803;708;1051;1102;801;800;804;1103;1050;709;799;1062;710;805;1063;1104;809;1049;798;808;806;1081;1064;807;1105;1118;797;1048;1082;826;1065;1083;1106;845;1119;796;844;1047;1084;1067;1577;1566;1588;1599;825;1610;795;1085;843;1068;1455;}1091:{1555;1543;823;1532;1444;819;}1107:{1466;1410;1432;1521;1421;1477;1510;818;820;817;821;1499;816;1488;822;827;815;828;814;1014;1035;1621;930;931;1036;928;}1108:{1034;}1142:{1158;1160;1161;1159;1123;1124;1125;1162;1121;1091;1090;1089;1120;1092;1087;1152;1058;1057;1059;1093;1153;1060;1176;1094;1183;1056;1108;1154;1182;1178;1061;301;1107;1179;1115;1114;303;1113;1112;1181;1109;1095;304;1180;1116;1097;1054;706;1098;1096;305;1117;}1187:{1186;1192;1190;1193;1185;1191;1165;1167;1195;1194;1460;1168;1169;1164;1461;1170;1462;1163;1171;1463;1140;1134;1131;1172;1132;1141;1174;1464;1135;705;1142;1130;1129;1128;1173;1143;1459;1136;1175;1127;1145;1137;1492;1457;1126;1458;1146;1456;1491;1138;1454;1156;1490;1139;1465;1157;}1202:{1203;1223;704;1204;1220;1205;1219;1759;1218;1206;1758;1217;1757;1207;1756;1216;1240;1215;1214;1208;1755;696;1239;1213;695;1753;1209;1224;1238;694;1211;1212;1751;693;1752;1225;1237;1760;1750;692;1761;1226;1236;1749;690;1260;1763;1259;}1228:{1246;1429;1247;1428;1427;1579;1426;1248;1249;1580;1430;1250;1431;1425;1292;1433;1434;}1239:{1232;1231;1573;1574;1241;1572;1571;1575;1570;1569;1242;1576;1243;1578;1245;}1247:{1291;1293;1295;1296;1294;1297;1600;1303;1302;840;1301;839;}1259:{1258;1261;1257;1262;1764;1766;1263;1268;1269;1267;1264;1270;1265;1762;1271;1773;1601;1256;1772;1286;1285;1272;1771;1284;1254;1627;1283;1273;1613;1282;1253;1274;1626;1281;1252;1625;1275;1280;1227;1602;1628;1228;1251;1603;1276;1279;1629;1229;1604;1278;1235;1630;1230;1605;1234;1631;1287;}1270:{1606;1607;1633;1289;1608;1634;1290;1609;1635;1611;1612;}1275:{838;837;836;}1295:{1298;1300;1304;}1296:{1315;1311;1312;1313;1322;}1300:{1324;1307;1319;1325;1308;1334;1320;1326;1331;1335;1330;1327;1595;1329;1341;1328;1356;1309;}1302:{1314;1316;1305;1317;1306;1323;1318;}1320:{1354;1353;1357;1358;1352;1351;1350;1349;}1377:{1310;900;1006;992;}1407:{1406;1405;863;1408;862;861;860;1402;859;1403;858;1404;1378;1383;1379;1382;1381;1380;1376;1384;1375;1385;1374;1386;1373;}1408:{1390;1372;1371;1598;1370;1597;}1420:{1591;1389;1594;1592;}1422:{1589;1590;1387;}1424:{1587;}1425:{1424;1423;1422;1420;1435;1412;1411;1409;1396;1413;1398;1395;1415;1394;1397;1416;1400;1585;1417;1586;1393;1401;1418;1392;1391;}1454:{1453;1452;1451;1467;1468;1450;1562;1469;1561;1563;1473;1449;1560;1448;1474;1447;1494;1564;1581;1446;1582;1565;1445;1567;1556;1442;1553;1568;1441;}1465:{1470;1471;1472;1475;1495;1476;1496;1489;1485;1484;1497;1486;1478;1498;1487;1479;1147;1148;1552;1149;1500;1551;1150;1480;1506;1501;1505;1151;1481;1507;1502;1557;1504;1482;1503;}1469:{1508;1558;1528;1509;1527;1559;1511;1523;1525;}1498:{1526;1531;1321;1333;1266;1530;1524;1522;1520;1277;1255;0;1529;1519;1244;1512;1518;1;1483;1513;1233;1517;1288;1388;1377;1542;1533;1399;1440;}1500:{1541;1534;1222;1584;1299;1516;1535;1515;1493;}1510:{927;1032;926;}1542:{1550;1544;1549;1545;1546;1547;1514;1548;1583;888;1536;999;1537;1538;1540;1419;1437;1539;1414;1407;}1571:{1436;1438;1439;}1597:{1596;1362;1593;1361;1360;1359;1363;1364;1336;1337;1338;1343;1339;1342;1365;1340;1367;1368;1345;1369;1346;1347;1348;}1608:{834;833;832;831;1639;1640;830;1641;}1611:{829;}1638:{1653;856;1655;855;854;}1680:{1642;1644;1645;1647;1648;1649;1646;}1692:{1680;1679;1678;1676;1675;1636;1674;1637;1638;1672;}1701:{1659;1670;1673;1671;1658;1657;1656;}1709:{17;18;19;83;20;1708;21;1707;82;22;1706;1690;81;679;1617;1691;1619;79;1620;1689;1692;78;1705;77;681;1622;76;85;84;1693;75;1687;65;66;1704;67;1623;1614;64;682;68;1686;1624;1770;1702;}1741:{1734;686;1744;1733;1717;1716;1718;1731;1719;1715;1745;1730;1746;1720;1729;1714;1747;1728;1713;1748;1727;1722;1712;10;74;1726;11;1723;1711;12;1725;1767;13;1724;1709;73;683;15;1616;1768;72;}1742:{1615;1769;16;1618;684;},1_29_30_39_51_52_53_54_392_397_398_401_403_404_405_432_433_434_454_455_462_463_464_465_466_467_562_563_565_566_608_615_616_617_642_645_688_689_810_811_833_834_836_897_898_899_901_935_936_937_1002_1021_1023_1041_1042_1199_1210_1222_1233_1288_1302_1303_1344_1396_1398_1415_1533_1534_1546_1547_1548_1549_1550_1642_1644_1658_1659_1664_1667_1671_,310-309*0_310-311*0_310-308*0_310-312*0_310-294*0_310-314*0_310-293*0_310-275*0_310-274*0_310-315*0_310-276*0_310-287*0_310-273*0_310-277*0_310-316*0_310-286*0_310-272*0_310-699*0_310-249*0_310-285*0_310-317*0_310-278*0_310-851*0_310-250*0_310-698*0_310-700*0_310-248*0_310-284*0_310-318*0_310-850*0_310-852*0_310-251*0_310-325*0_310-697*0_310-701*0_310-271*0_310-1196*0_310-252*0_310-849*0_310-279*0_310-283*0_310-323*0_310-1197*0_310-853*0_310-296*0_310-295*0_310-319*0_310-297*0_310-270*0_310-244*0_310-253*0_310-1198*0_310-298*0_310-847*0_310-848*0_310-281*0_310-233*0_310-268*0_310-1200*0_310-245*0_310-320*0_310-259*0_310-299*0_310-254*0_310-260*0_310-232*0_310-703*0_310-231*0_310-1201*0_310-282*0_310-307*0_310-306*0_310-246*0_310-321*0_310-257*0_310-1202*0_310-1189*0_310-255*0_310-1187*0_1187-1186*1_1187-1192*1_1187-1190*1_1187-1193*1_1187-1185*1_1187-1191*1_1187-1165*1_1187-1167*1_1187-1195*1_1187-1194*1_1187-1460*1_1187-1168*1_1187-1169*1_1187-1164*1_1187-1461*1_1187-1170*1_1187-1462*1_1187-1163*1_1187-1171*1_1187-1463*1_1187-1140*1_1187-1134*1_1187-1131*1_1187-1172*1_1187-1132*1_1187-1141*1_1187-1174*1_1187-1464*1_1187-1135*1_1187-705*1_1187-1142*1_1187-1130*1_1187-1129*1_1187-1128*1_1187-1173*1_1187-1143*1_1187-1459*1_1187-1136*1_1187-1175*1_1187-1127*1_1187-1145*1_1187-1137*1_1187-1492*1_1187-1457*1_1187-1126*1_1187-1458*1_1187-1146*1_1187-1456*1_1187-1491*1_1187-1138*1_1187-1454*1_1187-1156*1_1187-1490*1_1187-1139*1_1187-1465*1_1187-1157*1_283-288*1_283-261*1_283-289*1_283-262*1_283-263*1_283-265*1_283-264*1_283-266*1_283-290*1_283-267*1_283-228*1_283-227*1_283-256*1_283-229*1_283-226*1_283-223*1_283-230*1_283-222*1_283-292*1_283-221*1_283-310*1_283-220*1_283-331*1_283-342*1_283-326*1_283-1739*1_283-334*1_283-1740*1_283-216*1_283-332*1_283-1741*1_283-1738*1_283-341*1_283-337*1_283-1742*1_283-327*1_283-217*1_283-1735*1_283-1736*1_283-328*1_283-1737*1_283-338*1_1454-1453*2_1454-1452*2_1454-1451*2_1454-1467*2_1454-1468*2_1454-1450*2_1454-1562*2_1454-1469*2_1454-1561*2_1454-1563*2_1454-1473*2_1454-1449*2_1454-1560*2_1454-1448*2_1454-1474*2_1454-1447*2_1454-1494*2_1454-1564*2_1454-1581*2_1454-1446*2_1454-1582*2_1454-1565*2_1454-1445*2_1454-1567*2_1454-1556*2_1454-1442*2_1454-1553*2_1454-1568*2_1454-1441*2_216-218*2_216-219*2_216-175*2_216-173*2_216-176*2_216-172*2_216-174*2_216-177*2_216-171*2_216-339*2_216-178*2_216-215*2_216-751*2_216-340*2_216-203*2_216-179*2_216-214*2_216-181*2_216-170*2_216-343*2_216-750*2_216-204*2_216-212*2_216-201*2_216-344*2_216-749*2_216-168*2_216-182*2_216-200*2_216-205*2_216-211*2_216-140*2_216-139*2_216-199*2_216-345*2_216-167*2_216-183*2_216-574*2_216-599*2_216-210*2_216-206*2_216-138*2_216-141*2_216-198*2_216-579*2_216-654*2_216-573*2_216-184*2_216-748*2_216-197*2_216-207*2_216-137*2_216-142*2_216-598*2_216-351*2_216-196*2_1202-1203*1_1202-1223*1_1202-704*1_1202-1204*1_1202-1220*1_1202-1205*1_1202-1219*1_1202-1759*1_1202-1218*1_1202-1206*1_1202-1758*1_1202-1217*1_1202-1757*1_1202-1207*1_1202-1756*1_1202-1216*1_1202-1240*1_1202-1215*1_1202-1214*1_1202-1208*1_1202-1755*1_1202-696*1_1202-1239*1_1202-1213*1_1202-695*1_1202-1753*1_1202-1209*1_1202-1224*1_1202-1238*1_1202-694*1_1202-1211*1_1202-1212*1_1202-1751*1_1202-693*1_1202-1752*1_1202-1225*1_1202-1237*1_1202-1760*1_1202-1750*1_1202-692*1_1202-1761*1_1202-1226*1_1202-1236*1_1202-1749*1_1202-690*1_1202-1260*1_1202-1763*1_1202-1259*1_315-300*1_171-578*3_181-185*3_171-166*3_171-346*3_171-581*3_181-186*3_171-577*3_171-165*3_171-348*3_171-582*3_181-6*3_181-7*3_181-5*3_181-4*3_171-576*3_181-1775*3_181-187*3_171-352*3_171-597*3_171-349*3_171-583*3_181-188*3_171-164*3_181-1774*3_171-587*3_171-571*3_181-8*3_171-588*3_181-189*3_171-350*3_171-584*3_171-163*3_171-589*3_181-99*3_181-190*3_171-593*3_181-9*3_181-98*3_181-97*3_1465-1470*2_1465-1471*2_1465-1472*2_1465-1475*2_1465-1495*2_1465-1476*2_1465-1496*2_1465-1489*2_1465-1485*2_1465-1484*2_1465-1497*2_1465-1486*2_1465-1478*2_1465-1498*2_1465-1487*2_1465-1479*2_1465-1147*2_1465-1148*2_1465-1552*2_1465-1149*2_1465-1500*2_1465-1551*2_1465-1150*2_1465-1480*2_1465-1506*2_1465-1501*2_1465-1505*2_1465-1151*2_1465-1481*2_1465-1507*2_1465-1502*2_1465-1557*2_1465-1504*2_1465-1482*2_1465-1503*2_1741-1734*2_1741-686*2_1741-1744*2_1741-1733*2_1741-1717*2_1741-1716*2_1741-1718*2_1741-1731*2_1741-1719*2_1741-1715*2_1741-1745*2_1741-1730*2_1741-1746*2_1741-1720*2_1741-1729*2_1741-1714*2_1741-1747*2_1741-1728*2_1741-1713*2_1741-1748*2_1741-1727*2_1741-1722*2_1741-1712*2_1741-10*2_1741-74*2_1741-1726*2_1741-11*2_1741-1723*2_1741-1711*2_1741-12*2_1741-1725*2_1741-1767*2_1741-13*2_1741-1724*2_1741-1709*2_1741-73*2_1741-683*2_1741-15*2_1741-1616*2_1741-1768*2_1741-72*2_1469-1508*3_1469-1558*3_1469-1528*3_1469-1509*3_1469-1527*3_1469-1559*3_1469-1511*3_1469-1523*3_1469-1525*3_1742-1615*2_1742-1769*2_1742-16*2_1742-1618*2_1742-684*2_1142-1158*2_1142-1160*2_1142-1161*2_1142-1159*2_1142-1123*2_1142-1124*2_1142-1125*2_1142-1162*2_1142-1121*2_1142-1091*2_1142-1090*2_1142-1089*2_1142-1120*2_1142-1092*2_1142-1087*2_1142-1152*2_1142-1058*2_1142-1057*2_1142-1059*2_1142-1093*2_1142-1153*2_1142-1060*2_1142-1176*2_1142-1094*2_1142-1183*2_1142-1056*2_1142-1108*2_1142-1154*2_1142-1182*2_1142-1178*2_1142-1061*2_1142-301*2_1142-1107*2_1142-1179*2_1142-1115*2_1142-1114*2_1142-303*2_1142-1113*2_1142-1112*2_1142-1181*2_1142-1109*2_1142-1095*2_1142-304*2_1142-1180*2_1142-1116*2_1142-1097*2_1142-1054*2_1142-706*2_1142-1098*2_1142-1096*2_1142-305*2_1142-1117*2_206-208*3_206-143*3_206-653*3_206-209*3_206-652*3_206-133*3_206-130*3_206-651*3_206-145*3_206-146*3_206-129*3_206-131*3_206-148*3_206-605*3_206-134*3_206-128*3_206-144*3_206-132*3_206-606*3_206-127*3_206-600*3_206-135*3_206-585*3_206-149*3_206-649*3_206-601*3_206-650*3_206-150*3_206-586*3_206-655*3_206-124*3_206-603*3_206-123*3_206-607*3_206-126*3_206-122*3_206-590*3_206-656*3_206-604*3_206-151*3_206-154*3_206-157*3_206-152*3_206-159*3_206-153*3_206-160*3_206-155*3_206-156*3_206-161*3_206-596*3_206-162*3_1709-17*3_1709-18*3_1709-19*3_1709-83*3_1709-20*3_1709-1708*3_1709-21*3_1709-1707*3_1709-82*3_1709-22*3_1709-1706*3_1709-1690*3_1709-81*3_1709-679*3_1709-1617*3_1709-1691*3_1709-1619*3_1709-79*3_1709-1620*3_1709-1689*3_1709-1692*3_1709-78*3_1709-1705*3_1709-77*3_1709-681*3_1709-1622*3_1709-76*3_1709-85*3_1709-84*3_1709-1693*3_1709-75*3_1709-1687*3_1709-65*3_1709-66*3_1709-1704*3_1709-67*3_1709-1623*3_1709-1614*3_1709-64*3_1709-682*3_1709-68*3_1709-1686*3_1709-1624*3_1709-1770*3_1709-1702*3_1498-1526*3_1498-1531*3_1498-1321*3_1498-1333*3_1498-1266*3_1498-1530*3_1498-1524*3_1498-1522*3_1498-1520*3_1498-1277*3_1498-1255*3_1498-0*3_1498-1529*3_1498-1519*3_1498-1244*3_1498-1512*3_1498-1518*3_1498-1*3_1498-1483*3_1498-1513*3_1498-1233*3_1498-1517*3_1498-1288*3_1498-1388*3_1498-1377*3_1498-1542*3_1498-1533*3_1498-1399*3_1498-1440*3_167-572*3_167-592*3_167-570*3_167-595*3_167-353*3_167-357*3_167-356*3_167-594*3_167-568*3_167-354*3_167-379*3_167-355*3_167-381*3_167-382*3_167-378*3_167-567*3_167-441*3_167-383*3_167-440*3_167-384*3_167-747*3_167-359*3_167-372*3_167-864*3_167-385*3_167-439*3_167-371*3_167-373*3_167-360*3_167-745*3_167-865*3_167-857*3_167-846*3_167-386*3_167-370*3_167-438*3_167-741*3_167-575*3_167-835*3_167-374*3_167-744*3_167-743*3_167-362*3_1500-1541*3_1500-1534*3_1500-1222*3_1500-1584*3_1500-1299*3_1500-1516*3_1500-1535*3_1500-1515*3_1500-1493*3_1259-1258*2_1259-1261*2_1259-1257*2_1259-1262*2_1259-1764*2_1259-1766*2_1259-1263*2_1259-1268*2_1259-1269*2_1259-1267*2_1259-1264*2_1259-1270*2_1259-1265*2_1259-1762*2_1259-1271*2_1259-1773*2_1259-1601*2_1259-1256*2_1259-1772*2_1259-1286*2_1259-1285*2_1259-1272*2_1259-1771*2_1259-1284*2_1259-1254*2_1259-1627*2_1259-1283*2_1259-1273*2_1259-1613*2_1259-1282*2_1259-1253*2_1259-1274*2_1259-1626*2_1259-1281*2_1259-1252*2_1259-1625*2_1259-1275*2_1259-1280*2_1259-1227*2_1259-1602*2_1259-1628*2_1259-1228*2_1259-1251*2_1259-1603*2_1259-1276*2_1259-1279*2_1259-1629*2_1259-1229*2_1259-1604*2_1259-1278*2_1259-1235*2_1259-1630*2_1259-1230*2_1259-1605*2_1259-1234*2_1259-1631*2_1259-1287*2_1239-1232*2_1239-1231*2_1239-1573*2_1239-1574*2_1239-1241*2_1239-1572*2_1239-1571*2_1239-1575*2_1239-1570*2_1239-1569*2_1239-1242*2_1239-1576*2_1239-1243*2_1239-1578*2_1239-1245*2_583-437*4_583-436*4_1090-1053*3_1090-1100*3_1090-707*3_1090-1052*3_1090-1101*3_1090-803*3_1090-708*3_1090-1051*3_1090-1102*3_1090-801*3_1090-800*3_1090-804*3_1090-1103*3_1090-1050*3_1090-709*3_1090-799*3_1090-1062*3_1090-710*3_1090-805*3_1090-1063*3_1090-1104*3_1090-809*3_1090-1049*3_1090-798*3_1090-808*3_1090-806*3_1090-1081*3_1090-1064*3_1090-807*3_1090-1105*3_1090-1118*3_1090-797*3_1090-1048*3_1090-1082*3_1090-826*3_1090-1065*3_1090-1083*3_1090-1106*3_1090-845*3_1090-1119*3_1090-796*3_1090-844*3_1090-1047*3_1090-1084*3_1090-1067*3_1090-1577*3_1090-1566*3_1090-1588*3_1090-1599*3_1090-825*3_1090-1610*3_1090-795*3_1090-1085*3_1090-843*3_1090-1068*3_1090-1455*3_85-62*4_85-61*4_85-63*4_85-86*4_85-38*4_85-685*4_85-87*4_85-70*4_85-60*4_85-71*4_85-93*4_85-88*4_85-94*4_85-195*4_85-92*4_85-37*4_85-59*4_85-89*4_85-35*4_85-194*4_85-95*4_85-90*4_85-674*4_85-673*4_85-675*4_85-34*4_85-193*4_85-96*4_85-664*4_85-57*4_85-56*4_85-33*4_85-672*4_85-663*4_85-55*4_85-111*4_85-665*4_85-192*4_85-110*4_85-32*4_85-662*4_85-666*4_85-54*4_85-109*4_85-648*4_85-31*4_85-53*4_85-108*4_85-23*4_85-24*4_85-26*4_85-647*4_85-52*4_85-27*4_85-30*4_85-28*4_85-107*4_85-51*4_85-29*4_85-106*4_85-50*4_155-434*4_155-387*4_155-433*4_155-388*4_155-432*4_155-389*4_155-390*4_155-431*4_155-392*4_155-566*4_155-430*4_155-375*4_1091-1555*3_1091-1543*3_1091-823*3_1091-1532*3_1091-1444*3_1091-819*3_141-121*3_141-612*3_141-120*3_1571-1436*3_1571-1438*3_1571-1439*3_681-1703*5_681-1701*5_681-1696*5_681-1695*5_681-1697*5_681-1694*5_681-1698*5_681-1700*5_681-1682*5_681-1683*5_681-1664*5_681-1663*5_681-46*5_681-1662*5_681-1684*5_681-1681*5_681-48*5_681-39*5_681-1667*5_681-687*5_681-1685*5_681-49*5_681-1661*5_681-1668*5_681-688*5_681-41*5_681-1660*5_681-1669*5_681-689*5_1107-1466*3_1107-1410*3_1107-1432*3_1107-1521*3_1107-1421*3_1107-1477*3_1107-1510*3_1107-818*3_1107-820*3_1107-817*3_1107-821*3_1107-1499*3_1107-816*3_1107-1488*3_1107-822*3_1107-827*3_1107-815*3_1107-828*3_1107-814*3_1107-1014*3_1107-1035*3_1107-1621*3_1107-930*3_1107-931*3_1107-1036*3_1107-928*3_129-611*4_129-119*4_129-610*4_129-658*4_129-609*4_129-118*4_129-659*4_1228-1246*3_1228-1429*3_1228-1247*3_1228-1428*3_1228-1427*3_1228-1579*3_1228-1426*3_1228-1248*3_1228-1249*3_1228-1580*3_1228-1430*3_1228-1250*3_1228-1431*3_1228-1425*3_1228-1292*3_1228-1433*3_1228-1434*3_1108-1034*3_259-330*1_259-333*1_259-329*1_259-240*1_259-239*1_259-238*1_259-241*1_259-234*1_259-237*1_259-235*1_259-242*1_107-105*5_107-104*5_107-112*5_107-103*5_107-117*5_107-667*5_107-101*5_107-116*5_107-670*5_107-115*5_107-671*5_107-614*5_107-615*5_107-617*5_107-618*5_107-661*5_107-642*5_107-616*5_107-608*5_107-100*5_107-641*5_107-619*5_107-660*5_107-640*5_107-645*5_107-620*5_107-639*5_107-644*5_107-621*5_107-638*5_107-622*5_107-637*5_107-623*5_107-632*5_107-625*5_107-631*5_1270-1606*3_1270-1607*3_1270-1633*3_1270-1289*3_1270-1608*3_1270-1634*3_1270-1290*3_1270-1609*3_1270-1635*3_1270-1611*3_1270-1612*3_808-1018*4_808-1013*4_808-1012*4_808-1019*4_808-1002*4_808-1020*4_808-1366*4_808-812*4_808-1021*4_808-1001*4_808-810*4_808-1355*4_808-1015*4_808-998*4_808-1023*4_808-811*4_808-937*4_808-938*4_808-935*4_808-1016*4_808-997*4_808-1024*4_808-934*4_808-939*4_808-932*4_566-393*5_566-565*5_566-394*5_566-444*5_566-443*5_566-395*5_566-429*5_566-442*5_566-398*5_566-396*5_566-399*5_566-428*5_566-427*5_566-409*5_566-397*5_566-426*5_566-400*5_566-401*5_566-410*5_566-425*5_566-403*5_566-376*5_566-423*5_566-377*5_566-411*5_566-404*5_566-412*5_566-364*5_566-405*5_566-363*5_566-407*5_566-408*5_566-414*5_566-406*5_566-365*5_566-366*5_566-560*5_566-361*5_566-367*5_566-415*5_566-368*5_566-559*5_566-416*5_566-556*5_566-445*5_254-243*1_254-322*1_254-502*1_254-513*1_254-491*1_254-480*1_254-724*1_254-469*1_254-524*1_254-646*1_1542-1550*4_1542-1544*4_1542-1549*4_1542-1545*4_1542-1546*4_1542-1547*4_1542-1514*4_1542-1548*4_1542-1583*4_1542-888*4_1542-1536*4_1542-999*4_1542-1537*4_1542-1538*4_1542-1540*4_1542-1419*4_1542-1437*4_1542-1539*4_1542-1414*4_1542-1407*4_805-936*4_805-929*4_805-940*4_253-202*2_253-191*2_253-447*2_253-735*2_1012-1003*5_1012-1017*5_1012-1004*5_1012-1025*5_1012-1008*5_1012-1007*5_1012-1005*5_1012-1009*5_1012-1010*5_1012-1000*5_1012-966*5_1012-1344*5_1012-977*5_1012-955*5_1012-988*5_1012-993*5_1012-944*5_1012-1177*5_1012-991*5_1510-927*5_1510-1032*5_1510-926*5_1012-922*5_1425-1424*4_1425-1423*4_1425-1422*4_1425-1420*4_1425-1435*4_1425-1412*4_1425-1411*4_1425-1409*4_1425-1396*4_1425-1413*4_1425-1398*4_1425-1395*4_1425-1415*4_1425-1394*4_1425-1397*4_1425-1416*4_1425-1400*4_1425-1585*4_1425-1417*4_1425-1586*4_1425-1393*4_1425-1401*4_1425-1418*4_1425-1392*4_1425-1391*4_621-626*6_621-627*6_621-628*6_621-630*6_621-643*6_621-629*6_621-633*6_621-636*6_621-634*6_819-925*4_819-924*4_819-1037*4_819-923*4_819-1038*4_827-1188*4_819-1632*4_827-1199*4_827-1210*4_819-1039*4_819-921*4_819-1643*4_827-933*4_819-1654*4_819-1086*4_819-1040*4_819-789*4_827-911*4_819-1666*4_1692-1680*4_1692-1679*4_1692-1678*4_1692-1676*4_1692-1675*4_1692-1636*4_1692-1674*4_1692-1637*4_1692-1638*4_1692-1672*4_370-867*4_370-873*4_370-874*4_370-872*4_370-875*4_370-871*4_370-870*4_370-869*4_370-876*4_370-868*4_370-531*4_370-878*4_370-813*4_370-532*4_370-555*4_370-824*4_370-879*4_370-554*4_370-802*4_370-533*4_370-752*4_370-753*4_370-880*4_370-754*4_370-534*4_370-561*4_370-791*4_370-881*4_370-536*4_370-755*4_370-562*4_370-742*4_370-537*4_370-538*4_1051-788*4_1051-787*4_1051-1677*4_1051-786*4_1051-920*4_1051-1688*4_1051-785*4_1051-919*4_1051-1069*4_1051-772*4_1051-918*4_1051-782*4_1051-783*4_1051-781*4_1051-784*4_1051-1075*4_1051-778*4_1051-777*4_1051-773*4_1051-776*4_48-43*6_48-42*6_48-45*6_48-44*6_48-678*6_48-40*6_48-676*6_48-677*6_826-941*4_826-996*4_826-942*4_826-950*4_1247-1291*4_1247-1293*4_1247-1295*4_1247-1296*4_1247-1294*4_1247-1297*4_1247-1600*4_1247-1303*4_1247-1302*4_1247-840*4_1247-1301*4_1247-839*4_231-458*1_231-435*1_231-635*1_231-535*1_231-669*1_231-680*1_231-236*1_231-657*1_231-180*1_231-225*1_231-624*1_1377-1310*4_1377-900*4_1377-1006*4_1377-992*4_1275-838*3_1275-837*3_1275-836*3_646-613*3_646-691*3_646-702*3_646-713*3_646-602*3_646-169*3_646-158*3_646-546*3_646-591*3_646-558*3_646-147*3_646-247*3_646-569*3_646-580*3_646-136*3_646-258*3_646-770*3_646-771*3_646-1080*3_646-125*3_646-269*3_646-769*3_646-213*3_646-761*3_646-757*3_646-746*3_646-759*3_646-767*3_646-733*3_646-114*3_646-1079*3_646-768*3_646-1073*3_646-760*3_646-280*3_646-380*3_646-766*3_646-1072*3_646-758*3_646-1184*3_646-1074*3_646-884*3_646-780*3_646-1078*3_646-102*3_646-765*3_646-291*3_646-391*3_646-885*3_646-841*3_646-1071*3_646-756*3_646-764*3_646-883*3_646-91*3_646-842*3_646-302*3_646-1070*3_646-763*3_646-402*3_646-1076*3_646-80*3_646-734*3_646-736*3_1407-1406*5_1407-1405*5_1407-863*5_1407-1408*5_1407-862*5_1407-861*5_1407-860*5_1407-1402*5_1407-859*5_1407-1403*5_1407-858*5_1407-1404*5_1407-1378*5_1407-1383*5_1407-1379*5_1407-1382*5_1407-1381*5_1407-1380*5_1407-1376*5_1407-1384*5_1407-1375*5_1407-1385*5_1407-1374*5_1407-1386*5_1407-1373*5_1024-1011*5_1024-889*5_1024-1022*5_1024-877*5_1024-1033*5_1024-989*5_1024-866*5_1024-1099*5_1024-1088*5_1024-1111*5_1024-1077*5_1024-1055*5_416-448*6_416-449*6_416-450*6_416-451*6_416-417*6_416-418*6_416-419*6_416-420*6_416-529*6_416-528*6_416-530*6_416-421*6_416-503*6_416-501*6_416-564*6_416-504*6_416-500*6_416-563*6_416-422*6_416-505*6_1608-834*5_1608-833*5_1608-832*5_1608-831*5_1608-1639*5_1608-1640*5_1608-830*5_1608-1641*5_825-943*4_825-995*4_825-945*4_1611-829*4_1295-1298*5_1295-1300*5_1295-1304*5_561-452*5_561-453*5_561-454*5_561-539*5_561-540*5_561-541*5_561-455*5_561-456*5_561-492*5_561-493*5_561-490*5_561-542*5_561-494*5_561-499*5_561-506*5_561-457*5_561-489*5_561-507*5_561-543*5_561-495*5_561-498*5_561-488*5_561-459*5_561-552*5_561-553*5_561-551*5_561-550*5_561-497*5_561-549*5_561-732*5_561-460*5_561-731*5_561-487*5_561-461*5_1048-917*4_1048-1699*4_1048-1041*4_0-1110*4_0-1221*4_0-1332*4_0-1443*4_0-1554*4_0-779*4_1296-1315*5_1296-1311*5_1296-1312*5_1296-1313*5_1296-1322*5_816-1031*5_1701-1659*6_1701-1670*6_1701-1673*6_1701-1671*6_1701-1658*6_1701-1657*6_1701-1656*6_1-668*4_1-1665*4_1-2*4_1-113*4_736-737*4_736-738*4_736-887*4_736-890*4_736-739*4_736-886*4_736-891*4_736-715*4_736-716*4_736-714*4_736-762*4_736-548*4_736-892*4_736-740*4_736-712*4_736-547*4_736-69*4_736-711*4_736-893*4_736-36*4_736-717*4_736-47*4_736-907*4_736-729*4_736-25*4_736-906*4_736-545*4_736-58*4_736-728*4_736-369*4_736-905*4_736-894*4_736-908*4_736-14*4_736-413*4_736-727*4_736-544*4_736-904*4_736-358*4_736-909*4_736-895*4_736-726*4_736-3*4_736-424*4_736-903*4_736-882*4_736-347*4_736-910*4_736-725*4_736-730*4_736-896*4_736-336*4_736-1765*4_736-794*4_736-324*4_736-719*4_736-313*4_736-723*4_736-720*4_736-1754*4_736-721*4_736-722*4_736-793*4_736-897*4_736-1743*4_736-898*4_736-792*4_736-899*4_736-466*4_736-465*4_736-1732*4_736-912*4_736-464*4_736-901*4_998-994*5_998-949*5_998-951*5_998-948*5_998-952*5_998-946*5_998-953*5_998-947*5_998-954*5_998-956*5_998-962*5_998-957*5_998-1030*5_998-961*5_998-958*5_998-960*5_998-959*5_998-990*5_998-963*5_998-1133*5_998-1122*5_998-1144*5_998-968*5_998-964*5_998-967*5_125-790*4_125-775*4_125-1721*4_125-774*4_125-1710*4_1680-1642*5_1680-1644*5_1680-1645*5_1680-1647*5_1680-1648*5_1680-1649*5_1680-1646*5_1424-1587*5_417-519*7_417-518*7_417-517*7_417-516*7_417-496*7_417-515*7_417-514*7_891-467*5_891-463*5_891-526*5_891-462*5_891-468*5_891-902*5_891-525*5_891-718*5_891-523*5_891-470*5_689-1650*6_689-1651*6_689-1652*6_1005-969*6_1005-1155*6_1005-1166*6_1005-1066*6_1005-965*6_1005-1044*6_1005-986*6_1005-970*6_1422-1589*5_1422-1590*5_1422-1387*5_894-471*5_894-522*5_894-527*5_894-472*5_894-521*5_894-473*5_894-474*5_894-520*5_1638-1653*6_1638-856*6_1638-1655*6_1638-855*6_1638-854*6_1420-1591*5_1420-1389*5_1420-1594*5_1420-1592*5_895-475*6_895-476*6_895-477*6_69-913*5_69-914*5_69-915*5_69-916*5_419-512*8_1408-1390*6_1408-1372*6_1408-1371*6_1408-1598*6_1408-1370*6_1408-1597*6_494-486*6_494-485*6_494-511*6_494-484*6_494-510*6_494-509*6_494-483*6_494-508*6_494-482*6_494-481*6_494-479*6_494-478*6_1302-1314*5_1302-1316*5_1302-1305*5_1302-1317*5_1302-1306*5_1302-1323*5_1302-1318*5_1004-1026*6_966-446*6_966-335*6_966-557*6_966-224*6_1300-1324*6_1300-1307*6_1300-1319*6_1300-1325*6_1300-1308*6_1300-1334*6_1300-1320*6_1300-1326*6_1300-1331*6_1300-1335*6_1300-1330*6_1300-1327*6_1300-1595*6_1300-1329*6_1300-1341*6_1300-1328*6_1300-1356*6_1300-1309*6_919-1042*5_919-1043*5_919-1045*5_919-1046*5_1597-1596*7_1597-1362*7_1597-1593*7_1597-1361*7_1597-1360*7_1597-1359*7_1597-1363*7_1597-1364*7_1597-1336*7_1597-1337*7_1597-1338*7_1597-1343*7_1597-1339*7_1597-1342*7_1597-1365*7_1597-1340*7_1597-1367*7_1597-1368*7_1597-1345*7_1597-1369*7_1597-1346*7_1597-1347*7_1597-1348*7_946-1027*6_946-1028*6_946-1029*6_946-981*6_946-980*6_946-979*6_946-982*6_946-978*6_946-976*6_964-971*6_964-983*6_964-972*6_964-973*6_964-974*6_964-984*6_964-975*6_964-985*6_964-987*6_1320-1354*7_1320-1353*7_1320-1357*7_1320-1358*7_1320-1352*7_1320-1351*7_1320-1350*7_1320-1349*7_
