"id","Scenario","Actual Range","Protocol","Buildings","Total nodes","Nodes on circ","Total coverage","Coverage on circ","Alert received mean time","Hops","Slots","Messages sent","Messages received", "Starting x", "Starting y","Starting node", "Vehicle distance", "Received node ids", "Node ids", "Transmission map", "Received on circ nodes", "Transmission vector"
0,0,300,0,1,1776,55,1444,41,1.00496e+07,11.7317,46.1463,426,1443,1737.28,2357.19,66,25,77_76_65_67_85_75_68_78_86_64_70_84_79_94_195_95_194_96_193_97_192_98_190_99_189_188_100_187_671_186_101_7_6_117_5_103_1775_4_112_1737_210_211_212_214_1738_215_1739_1740_1736_1735_1774_1741_1734_1742_1733_1744_1731_184_181_1730_1729_179_1728_1727_178_177_1726_176_182_216_183_220_292_221_290_185_124_222_289_126_288_123_122_656_226_612_1725_1723_1767_1724_1722_1768_1616_1615_1617_1769_1720_1614_1770_1618_1613_1719_1771_1619_1718_1772_1620_1717_1773_1622_1693_1601_267_266_227_223_265_228_175_264_229_263_219_218_256_217_230_255_172_171_337_341_338_339_170_340_751_655_168_8_1286_1285_1284_1283_1282_1281_1280_1279_1276_1278_1287_1289_121_611_120_610_119_658_609_118_659_115_660_116_661_104_608_614_105_616_615_106_1623_1692_1624_1691_1625_1690_1626_1627_681_682_81_82_62_61_83_63_38_18_17_19_60_20_59_57_1709_1711_648_1712_1290_1294_1295_1293_1275_1296_1274_1297_1273_1303_1302_1301_9_10_74_11_12_13_15_16_647_672_111_645_675_644_632_631_630_628_643_1713_1714_1715_1708_21_1707_22_1706_679_1705_1704_23_1703_24_1702_1701_26_27_1695_28_1694_29_30_1664_39_1667_1668_686_1716_629_633_636_627_634_626_625_623_622_637_621_638_620_639_619_640_618_641_617_642_1298_1300_1304_1315_1311_1312_1313_1322_1316_1317_1318_1319_167_166_165_173_107_108_109_110_667_56_55_1264_127_128_129_130_133_146_148_1669_262_257_261_259_268_260_331_270_332_271_279_333_850_750_749_343_748_747_1320_1356_1354_1353_1352_284_852_283_849_285_851_272_847_848_278_281_282_40_174_203_201_334_342_1272_1271_1270_54_53_52_32_51_50_41_42_666_43_1263_1265_1766_1764_1763_1762_1761_587_163_37_35_34_33_31_344_345_351_683_73_72_684_71_685_93_87_92_88_90_89_162_161_572_592_588_571_593_160_589_595_159_570_590_353_157_156_357_155_356_154_354_596_575_355_151_152_864_153_865_867_45_44_48_676_46_678_677_346_348_1760_1751_857_741_846_869_868_835_813_568_378_384_670_665_664_352_600_594_584_149_585_381_150_586_673_674_1267_1268_1269_1314_383_567_382_379_385_441_440_196_604_439_1670_689_1671_1658_277_276_275_294_1657_1659_1660_1656_1685_1684_197_198_199_200_204_49_373_372_359_1683_1686_1687_1689_663_164_431_430_429_350_360_853_286_438_437_436_434_433_432_428_273_274_140_205_139_206_138_141_207_137_142_208_143_209_579_578_145_605_134_144_606_135_607_427_442_443_426_444_425_394_393_395_423_396_409_410_397_414_415_403_416_404_405_560_349_361_601_597_293_249_248_245_246_322_191_406_559_556_555_554_534_202_236_180_169_244_247_258_269_583_582_577_599_362_368_370_374_363_364_743_742_735_724_386_387_598_759_760_733_280_380_391_402_413_435_536_561_537_538_539_870_871_371_771_883_761_757_734_736_737_287_649_132_576_581_445_412_448_411_417_418_419_738_739_740_717_907_908_909_910_662_447_225_213_1184_308_309_310_311_312_314_315_316_377_317_318_319_320_321_1195_1460_1461_1462_1463_388_389_390_392_295_233_234_296_297_58_424_47_36_711_906_905_904_903_3_14_1765_25_1754_912_1743_1732_913_712_1721_914_714_1710_915_715_1699_916_716_917_1688_918_1677_919_1666_603_650_540_541_542_543_544_901_902_718_471_527_367_366_365_408_407_298_299_882_549_545_732_550_547_731_551_548_1464_1459_1458_1473_1474_1471_1654_1040_1039_920_1038_772_923_1037_773_924_925_1032_872_873_874_824_875_531_532_533_841_844_566_565_420_421_422_323_325_251_291_1074_562_563_564_528_529_530_503_504_300_472_470_473_474_475_520_476_477_478_479_481_482_483_484_376_1470_1494_1472_1563_1073_302_252_313_250_1080_253_324_254_505_501_843_845_842_1078_1079_336_301_921_1036_1035_926_1034_1047_820_1048_819_818_1049_817_1050_816_1051_815_1052_814_1053_1054_890_375_303_304_305_485_508_509_486_487_488_489_892_893_552_553_1180_1179_1178_1176_519_518_517_458_730_725_723_510_511_512_514_515_744_745_131_516_347_891_887_886_1175_706_1056_1120_722_721_1599_822_821_812_1469_1562_1561_1560_500_494_499_493_492_490_506_507_459_460_398_358_885_884_449_450_451_726_727_728_729_810_1499_811_938_461_462_457_463_464_465_466_399_894_369_794_69_793_1495_792_720_719_762_763_764_1087_1057_1121_1139_1138_895_467_1496_1497_1498_1500_1468_400_401_898_468_897_896_1467_765_766_1501_1502_1503_1528_1137_1123_1136_1465_767_899_707_1115_1527_1504_1526_1505_1531_1525_1530_1551_1524_1529_939_937_940_936_941_942_948_947_961_960_769_770_1114_1113_1112_1096_962_959_1026_963_1027_1028_946_964_1029_945_981_943_970_971_1135_1141_580_708_1058_1059_1183_803_1097_1095_1109_1124_1161_1160_1159_949_950_1030_951_952_953_1506_1552_1553_1556_1582_1089_1090_1091_1162_1060_1140_1134_1132_1581_1510_1521_1061_456_455_705_1131_569_591_972_984_973_983_985_986_974_987_975_1092_1093_1098_1107_1610_1588_1621_1577_1566_1555_1543_1532_1154_1094_801_1174_1158_1157_1156_1146_1145_1142_1143_804_800_935_934_932_931_930_929_1108_1117_996_1130_1163_1164_1185_1186_1187_1189_1190_1191_1173_1153_1116_1118_1119_928_927_1446_1445_799_798_797_796_795_1128_1127_1126_602_558_546_954_989_991_990_992_1144_993_988_1155_977_1166_966_955_944_976_978_1507_1508_1442_1441_1125_535_524_1000_933_1010_1009_922_1025_900_454_453_452_1100_1509_1523_1101_1102_1103_1105_1106_613_691_1172_1492_1511_1522_1520_1104_1165_702_624_713_158_1152_1151_1150_889_911_1310_877_866_1177_779_668_557_1487_1149_1519_1129_1031_1008_1024_1007_1023_1021_1344_1006_1020_1019_1018_635_646_995_997_979_980_965_967_1014_958_957_956_469_480_1512_1513_968_969_1133_1122_1491_1148_1147_1518_1517_1486_1559_1558_998_1001_1002_1399_1584_1514_1515_1436_1435_1434_1433_1111_1099_1088_1077_1066_1055_446_335_224_1490_1489_1005_1167_1168_827_1388_828_1013_1012_994_491_502_513_1557_1485_1431_1430_1437_1438_1439_1583_1541_1516_113_2_1665_1299_1288_1484_1542_1440_1533_1534_1244_1277_1478_1221_1332_1443_1321_1266_1004_1003_1479_1476_1480_1475_1481_1482_1483_1493_1410_1421_1255_1233_1222_1210_1554_1110_1_0_888_999_1540_1432_1199_1188_1580_1377_1333_1366_1355_1444_1455_825_823_1466_1477_1488_826_807_808_809_1579_1425_1424_1423_1422_1578_1576_1420_1396_1398_1395_1394_1397_1585_1393_1401_1404_1403_1402_1408_863_862_861_860_859_858_1378_1375_1575_1374_1376_1379_1373_1372_1598_1365_1367_1597_1368_1369_1364_1370_1371_1347_1390_1348_1389_1387_1349_1596_1593_1309_1308_1307_1306_1305_1350_1351_1346_1391_1392_1595_1345_1340_1339_1338_1337_1336_1341_1335_1334_1594_1325_1324_1589_1323_1587_1586_1380_1381_1382_1383_1384_1385_1592_1362_1591_1361_1590_1360_1359_1400_1386_1343_1363_1342_,0_1_2_3_4_5_6_7_8_9_10_11_12_13_14_15_16_17_18_19_20_21_22_23_24_25_26_27_28_29_30_31_32_33_34_35_36_37_38_39_40_41_42_43_44_45_46_47_48_49_50_51_52_53_54_55_56_57_58_59_60_61_62_63_64_65_66_67_68_69_70_71_72_73_74_75_76_77_78_79_80_81_82_83_84_85_86_87_88_89_90_91_92_93_94_95_96_97_98_99_100_101_102_103_104_105_106_107_108_109_110_111_112_113_114_115_116_117_118_119_120_121_122_123_124_125_126_127_128_129_130_131_132_133_134_135_136_137_138_139_140_141_142_143_144_145_146_147_148_149_150_151_152_153_154_155_156_157_158_159_160_161_162_163_164_165_166_167_168_169_170_171_172_173_174_175_176_177_178_179_180_181_182_183_184_185_186_187_188_189_190_191_192_193_194_195_196_197_198_199_200_201_202_203_204_205_206_207_208_209_210_211_212_213_214_215_216_217_218_219_220_221_222_223_224_225_226_227_228_229_230_231_232_233_234_235_236_237_238_239_240_241_242_243_244_245_246_247_248_249_250_251_252_253_254_255_256_257_258_259_260_261_262_263_264_265_266_267_268_269_270_271_272_273_274_275_276_277_278_279_280_281_282_283_284_285_286_287_288_289_290_291_292_293_294_295_296_297_298_299_300_301_302_303_304_305_306_307_308_309_310_311_312_313_314_315_316_317_318_319_320_321_322_323_324_325_326_327_328_329_330_331_332_333_334_335_336_337_338_339_340_341_342_343_344_345_346_347_348_349_350_351_352_353_354_355_356_357_358_359_360_361_362_363_364_365_366_367_368_369_370_371_372_373_374_375_376_377_378_379_380_381_382_383_384_385_386_387_388_389_390_391_392_393_394_395_396_397_398_399_400_401_402_403_404_405_406_407_408_409_410_411_412_413_414_415_416_417_418_419_420_421_422_423_424_425_426_427_428_429_430_431_432_433_434_435_436_437_438_439_440_441_442_443_444_445_446_447_448_449_450_451_452_453_454_455_456_457_458_459_460_461_462_463_464_465_466_467_468_469_470_471_472_473_474_475_476_477_478_479_480_481_482_483_484_485_486_487_488_489_490_491_492_493_494_495_496_497_498_499_500_501_502_503_504_505_506_507_508_509_510_511_512_513_514_515_516_517_518_519_520_521_522_523_524_525_526_527_528_529_530_531_532_533_534_535_536_537_538_539_540_541_542_543_544_545_546_547_548_549_550_551_552_553_554_555_556_557_558_559_560_561_562_563_564_565_566_567_568_569_570_571_572_573_574_575_576_577_578_579_580_581_582_583_584_585_586_587_588_589_590_591_592_593_594_595_596_597_598_599_600_601_602_603_604_605_606_607_608_609_610_611_612_613_614_615_616_617_618_619_620_621_622_623_624_625_626_627_628_629_630_631_632_633_634_635_636_637_638_639_640_641_642_643_644_645_646_647_648_649_650_651_652_653_654_655_656_657_658_659_660_661_662_663_664_665_666_667_668_669_670_671_672_673_674_675_676_677_678_679_680_681_682_683_684_685_686_687_688_689_690_691_692_693_694_695_696_697_698_699_700_701_702_703_704_705_706_707_708_709_710_711_712_713_714_715_716_717_718_719_720_721_722_723_724_725_726_727_728_729_730_731_732_733_734_735_736_737_738_739_740_741_742_743_744_745_746_747_748_749_750_751_752_753_754_755_756_757_758_759_760_761_762_763_764_765_766_767_768_769_770_771_772_773_774_775_776_777_778_779_780_781_782_783_784_785_786_787_788_789_790_791_792_793_794_795_796_797_798_799_800_801_802_803_804_805_806_807_808_809_810_811_812_813_814_815_816_817_818_819_820_821_822_823_824_825_826_827_828_829_830_831_832_833_834_835_836_837_838_839_840_841_842_843_844_845_846_847_848_849_850_851_852_853_854_855_856_857_858_859_860_861_862_863_864_865_866_867_868_869_870_871_872_873_874_875_876_877_878_879_880_881_882_883_884_885_886_887_888_889_890_891_892_893_894_895_896_897_898_899_900_901_902_903_904_905_906_907_908_909_910_911_912_913_914_915_916_917_918_919_920_921_922_923_924_925_926_927_928_929_930_931_932_933_934_935_936_937_938_939_940_941_942_943_944_945_946_947_948_949_950_951_952_953_954_955_956_957_958_959_960_961_962_963_964_965_966_967_968_969_970_971_972_973_974_975_976_977_978_979_980_981_982_983_984_985_986_987_988_989_990_991_992_993_994_995_996_997_998_999_1000_1001_1002_1003_1004_1005_1006_1007_1008_1009_1010_1011_1012_1013_1014_1015_1016_1017_1018_1019_1020_1021_1022_1023_1024_1025_1026_1027_1028_1029_1030_1031_1032_1033_1034_1035_1036_1037_1038_1039_1040_1041_1042_1043_1044_1045_1046_1047_1048_1049_1050_1051_1052_1053_1054_1055_1056_1057_1058_1059_1060_1061_1062_1063_1064_1065_1066_1067_1068_1069_1070_1071_1072_1073_1074_1075_1076_1077_1078_1079_1080_1081_1082_1083_1084_1085_1086_1087_1088_1089_1090_1091_1092_1093_1094_1095_1096_1097_1098_1099_1100_1101_1102_1103_1104_1105_1106_1107_1108_1109_1110_1111_1112_1113_1114_1115_1116_1117_1118_1119_1120_1121_1122_1123_1124_1125_1126_1127_1128_1129_1130_1131_1132_1133_1134_1135_1136_1137_1138_1139_1140_1141_1142_1143_1144_1145_1146_1147_1148_1149_1150_1151_1152_1153_1154_1155_1156_1157_1158_1159_1160_1161_1162_1163_1164_1165_1166_1167_1168_1169_1170_1171_1172_1173_1174_1175_1176_1177_1178_1179_1180_1181_1182_1183_1184_1185_1186_1187_1188_1189_1190_1191_1192_1193_1194_1195_1196_1197_1198_1199_1200_1201_1202_1203_1204_1205_1206_1207_1208_1209_1210_1211_1212_1213_1214_1215_1216_1217_1218_1219_1220_1221_1222_1223_1224_1225_1226_1227_1228_1229_1230_1231_1232_1233_1234_1235_1236_1237_1238_1239_1240_1241_1242_1243_1244_1245_1246_1247_1248_1249_1250_1251_1252_1253_1254_1255_1256_1257_1258_1259_1260_1261_1262_1263_1264_1265_1266_1267_1268_1269_1270_1271_1272_1273_1274_1275_1276_1277_1278_1279_1280_1281_1282_1283_1284_1285_1286_1287_1288_1289_1290_1291_1292_1293_1294_1295_1296_1297_1298_1299_1300_1301_1302_1303_1304_1305_1306_1307_1308_1309_1310_1311_1312_1313_1314_1315_1316_1317_1318_1319_1320_1321_1322_1323_1324_1325_1326_1327_1328_1329_1330_1331_1332_1333_1334_1335_1336_1337_1338_1339_1340_1341_1342_1343_1344_1345_1346_1347_1348_1349_1350_1351_1352_1353_1354_1355_1356_1357_1358_1359_1360_1361_1362_1363_1364_1365_1366_1367_1368_1369_1370_1371_1372_1373_1374_1375_1376_1377_1378_1379_1380_1381_1382_1383_1384_1385_1386_1387_1388_1389_1390_1391_1392_1393_1394_1395_1396_1397_1398_1399_1400_1401_1402_1403_1404_1405_1406_1407_1408_1409_1410_1411_1412_1413_1414_1415_1416_1417_1418_1419_1420_1421_1422_1423_1424_1425_1426_1427_1428_1429_1430_1431_1432_1433_1434_1435_1436_1437_1438_1439_1440_1441_1442_1443_1444_1445_1446_1447_1448_1449_1450_1451_1452_1453_1454_1455_1456_1457_1458_1459_1460_1461_1462_1463_1464_1465_1466_1467_1468_1469_1470_1471_1472_1473_1474_1475_1476_1477_1478_1479_1480_1481_1482_1483_1484_1485_1486_1487_1488_1489_1490_1491_1492_1493_1494_1495_1496_1497_1498_1499_1500_1501_1502_1503_1504_1505_1506_1507_1508_1509_1510_1511_1512_1513_1514_1515_1516_1517_1518_1519_1520_1521_1522_1523_1524_1525_1526_1527_1528_1529_1530_1531_1532_1533_1534_1535_1536_1537_1538_1539_1540_1541_1542_1543_1544_1545_1546_1547_1548_1549_1550_1551_1552_1553_1554_1555_1556_1557_1558_1559_1560_1561_1562_1563_1564_1565_1566_1567_1568_1569_1570_1571_1572_1573_1574_1575_1576_1577_1578_1579_1580_1581_1582_1583_1584_1585_1586_1587_1588_1589_1590_1591_1592_1593_1594_1595_1596_1597_1598_1599_1600_1601_1602_1603_1604_1605_1606_1607_1608_1609_1610_1611_1612_1613_1614_1615_1616_1617_1618_1619_1620_1621_1622_1623_1624_1625_1626_1627_1628_1629_1630_1631_1632_1633_1634_1635_1636_1637_1638_1639_1640_1641_1642_1643_1644_1645_1646_1647_1648_1649_1650_1651_1652_1653_1654_1655_1656_1657_1658_1659_1660_1661_1662_1663_1664_1665_1666_1667_1668_1669_1670_1671_1672_1673_1674_1675_1676_1677_1678_1679_1680_1681_1682_1683_1684_1685_1686_1687_1688_1689_1690_1691_1692_1693_1694_1695_1696_1697_1698_1699_1700_1701_1702_1703_1704_1705_1706_1707_1708_1709_1710_1711_1712_1713_1714_1715_1716_1717_1718_1719_1720_1721_1722_1723_1724_1725_1726_1727_1728_1729_1730_1731_1732_1733_1734_1735_1736_1737_1738_1739_1740_1741_1742_1743_1744_1745_1746_1747_1748_1749_1750_1751_1752_1753_1754_1755_1756_1757_1758_1759_1760_1761_1762_1763_1764_1765_1766_1767_1768_1769_1770_1771_1772_1773_1774_1775_,8:{9;10;74;11;12;13;15;16;}12:{683;73;72;684;71;685;93;87;92;88;90;89;}38:{37;35;34;33;31;}39:{40;}43:{45;44;48;676;46;678;677;}55:{54;53;52;32;51;50;41;42;666;43;}66:{77;76;65;67;85;75;68;78;86;64;70;84;79;94;195;95;194;96;193;97;192;98;190;99;189;}69:{762;763;764;}79:{81;82;62;61;83;63;38;18;17;19;60;20;59;57;1709;1711;648;1712;}90:{663;}101:{670;665;664;}106:{107;108;109;110;667;56;55;}132:{131;}135:{649;132;}148:{600;584;149;585;150;586;}153:{604;439;}155:{164;431;430;429;}163:{162;161;572;592;588;571;593;160;589;595;159;570;590;353;157;156;357;155;356;154;354;596;575;355;151;152;864;153;865;867;}165:{587;163;}168:{167;166;165;173;}173:{174;203;201;334;342;}177:{175;219;218;217;172;171;337;341;338;339;170;340;751;655;168;8;}189:{188;100;187;671;186;101;7;6;117;5;103;1775;4;112;1737;210;211;212;214;1738;215;1739;}191:{202;236;180;169;244;247;258;269;}196:{197;198;199;200;204;}204:{140;205;139;206;138;141;207;137;142;208;143;209;579;578;145;605;134;144;606;135;607;}215:{176;182;216;183;220;292;221;290;185;124;222;289;126;288;123;122;656;226;612;}220:{344;345;351;}224:{113;2;1665;}226:{267;266;227;223;265;228;264;229;263;256;230;255;}234:{323;325;251;}244:{295;233;234;296;297;}251:{252;250;253;254;}263:{262;257;261;259;268;260;331;270;332;271;279;333;850;}269:{280;380;391;402;413;435;}272:{273;274;}274:{308;309;310;311;312;314;315;316;}280:{291;1074;}282:{277;276;275;294;}286:{287;}294:{293;249;248;245;246;322;191;}297:{298;299;}299:{300;}300:{301;}301:{303;304;305;}305:{1180;1179;1178;1176;}316:{317;318;319;320;321;1195;1460;1461;1462;1463;}324:{336;}336:{347;}338:{346;348;}343:{352;594;381;}347:{358;}352:{349;361;}358:{369;794;69;793;}359:{371;}361:{362;368;370;374;363;364;}364:{377;}368:{367;366;365;408;407;}376:{375;}377:{376;}381:{383;567;382;379;385;441;440;}384:{373;372;359;}385:{386;387;}387:{388;389;390;392;}392:{566;565;}398:{399;}399:{400;401;}413:{58;424;47;36;711;906;905;904;903;}416:{445;412;448;411;417;418;419;}419:{420;421;422;}421:{519;518;517;}428:{427;442;443;426;444;425;394;393;395;423;396;409;410;397;414;415;403;416;404;405;560;}435:{447;225;213;1184;}439:{438;437;436;434;433;432;428;}447:{458;}448:{449;450;451;}455:{454;453;452;}457:{456;455;}460:{461;462;457;463;464;465;466;}466:{899;}467:{898;468;897;896;}480:{491;502;513;}482:{510;511;512;514;515;}484:{485;508;509;486;487;488;489;}501:{500;494;499;493;492;490;506;507;459;460;}504:{505;501;}517:{516;}527:{472;470;473;474;475;520;476;477;478;479;481;482;483;484;}534:{536;561;537;538;539;}539:{540;541;542;543;544;}544:{549;545;732;550;547;731;551;548;}546:{535;524;}548:{890;}551:{552;553;}560:{406;559;556;555;554;534;}561:{562;563;564;528;529;530;503;504;}565:{398;}568:{350;360;}569:{558;546;}577:{576;581;}580:{569;591;}591:{602;}597:{583;582;577;599;}599:{598;}600:{601;597;}602:{613;691;}604:{603;650;}624:{635;646;}643:{629;633;636;627;634;626;625;623;622;637;621;638;620;639;619;640;618;641;617;642;}646:{469;480;}648:{647;672;111;645;675;644;632;631;630;628;643;}655:{127;128;129;130;133;146;148;}656:{121;611;120;610;119;658;609;118;659;115;660;116;661;104;608;614;105;616;615;106;}660:{196;}663:{662;}666:{673;674;}677:{49;}681:{23;1703;24;1702;1701;26;27;1695;28;1694;29;30;1664;39;1667;1668;}691:{702;624;713;158;}705:{1128;1127;1126;}706:{707;1115;}707:{708;}716:{892;893;}721:{720;719;}723:{722;721;}724:{759;760;733;}725:{726;727;728;729;}729:{894;}731:{730;725;723;}733:{771;883;761;757;734;736;737;}737:{738;739;740;717;907;908;909;910;}751:{750;749;343;748;747;}764:{765;766;}766:{767;}767:{769;770;}770:{580;}793:{792;}800:{799;798;797;796;795;}801:{804;800;}812:{810;1499;811;938;}824:{744;745;}835:{743;742;735;724;}844:{843;845;842;1078;1079;}847:{853;286;}850:{284;852;283;849;285;851;272;847;848;278;281;282;}862:{861;860;859;858;1378;1375;}867:{857;741;846;869;868;835;813;568;378;384;}868:{870;871;}871:{872;873;874;824;875;531;532;533;}883:{882;}886:{885;884;}890:{891;887;886;}892:{895;467;}900:{889;911;1310;877;866;1177;779;668;557;}903:{901;902;718;471;527;}910:{3;14;1765;25;1754;912;1743;1732;913;712;1721;914;714;1710;915;715;1699;916;716;917;1688;918;1677;919;1666;}917:{921;1036;1035;}929:{928;927;}936:{935;934;932;931;930;929;}938:{939;937;940;936;941;942;948;947;961;960;}943:{996;}944:{1000;933;1010;1009;922;1025;900;}948:{949;950;1030;951;952;953;}953:{954;989;991;990;992;1144;993;988;1155;977;1166;966;955;944;}959:{958;957;956;}961:{962;959;1026;963;1027;1028;946;964;1029;945;981;943;970;971;}967:{968;969;1133;1122;}971:{972;984;973;983;985;986;974;987;975;}975:{976;978;}978:{979;980;965;967;}995:{994;}996:{995;997;}997:{998;1001;1002;1399;}1005:{1004;1003;}1006:{1005;}1018:{1014;}1025:{1008;1024;1007;1023;1021;1344;1006;1020;1019;1018;}1030:{1031;}1032:{926;1034;1047;820;1048;819;818;1049;817;1050;816;1051;815;1052;814;1053;1054;}1035:{1599;822;821;812;}1054:{706;1056;1120;}1057:{1058;1059;1183;}1059:{1061;}1074:{1073;302;313;1080;324;}1087:{1089;1090;1091;}1091:{1092;1093;}1093:{1108;1117;}1094:{1153;1116;1118;1119;}1095:{1154;1094;801;}1096:{803;1097;1095;1109;}1100:{1101;1102;1103;1105;1106;}1106:{1104;}1107:{1100;}1109:{1098;1107;}1115:{1114;1113;1112;1096;}1120:{1087;1057;1121;1139;1138;}1122:{1111;1099;1088;1077;1066;1055;446;335;224;}1123:{1124;1161;1160;1159;}1126:{1125;}1128:{1129;}1131:{1174;}1132:{705;1131;}1135:{1140;1134;1132;}1136:{1135;1141;}1138:{1137;1123;1136;}1140:{1142;1143;}1145:{1173;}1149:{1148;1147;}1150:{1487;1149;}1153:{1152;1151;1150;}1159:{1162;}1162:{1158;1157;1156;1146;1145;}1165:{1167;1168;}1173:{1172;1492;}1174:{1130;1163;1164;1185;1186;1187;1189;1190;1191;}1176:{1175;}1183:{1060;}1184:{841;844;}1185:{1165;}1210:{1199;1188;}1244:{1255;1233;1222;1210;}1264:{1263;1265;1766;1764;1763;}1265:{1267;1268;1269;}1273:{1272;1271;1270;}1277:{1321;1266;}1288:{1244;1277;}1289:{1290;1294;1295;1293;1275;1296;1274;1297;1273;1303;1302;1301;}1301:{1298;1300;1304;1315;1311;1312;1313;1322;1316;1317;1318;1319;}1305:{1595;}1310:{1299;1288;}1313:{1314;}1319:{1320;1356;1354;1353;1352;}1321:{1333;}1341:{1335;1334;1594;1325;1324;1589;1323;1587;}1346:{1345;1340;1339;1338;1337;1336;1341;}1349:{1350;1351;1346;}1359:{1343;}1364:{1363;1342;}1369:{1364;1370;1371;1347;1390;1348;1389;1387;1349;}1375:{1374;1376;1379;1373;1372;1598;1365;1367;1597;1368;1369;}1377:{1366;1355;}1379:{1380;1381;1382;1383;1384;1385;}1387:{1391;1392;}1388:{1377;}1392:{1400;1386;}1394:{1586;}1395:{1394;1397;1585;1393;1401;1404;1403;1402;1408;863;862;}1399:{827;1388;828;1013;1012;}1421:{1432;}1425:{1424;1423;1422;1578;1576;1420;1396;1398;1395;}1430:{1580;}1432:{1444;1455;825;823;1466;}1433:{1431;1430;1437;1438;1439;1583;}1443:{1554;1110;1;0;888;999;1540;}1445:{1442;1441;}1463:{1464;1459;1458;1473;1474;1471;}1466:{1477;1488;826;807;808;809;}1467:{1465;}1468:{1467;}1471:{1470;1494;1472;1563;}1478:{1479;1476;1480;1475;1481;1482;1483;1493;1410;1421;}1484:{1478;}1485:{1484;}1487:{1486;}1489:{1485;}1491:{1490;1489;}1492:{1491;}1494:{1495;}1495:{1496;1497;1498;1500;1468;}1499:{1510;1521;}1500:{1501;1502;1503;1528;}1506:{1507;1508;}1508:{1509;1523;}1511:{1512;1513;}1512:{1559;1558;}1513:{1584;1514;1515;1436;1435;1434;1433;}1516:{1542;1440;1533;1534;}1517:{1541;1516;}1519:{1518;1517;}1520:{1519;}1523:{1511;1522;1520;}1528:{1527;1504;1526;1505;1531;1525;1530;1551;1524;1529;}1534:{1221;1332;1443;}1551:{1506;1552;1553;1556;1582;}1559:{1557;}1563:{1469;1562;1561;1560;}1576:{1575;}1580:{1579;1425;}1581:{1446;1445;}1582:{1581;}1593:{1592;1362;1591;1361;1590;1360;1359;}1597:{1596;1593;1309;1308;1307;1306;1305;}1599:{1610;1588;1621;1577;1566;1555;1543;1532;}1601:{1286;1285;1284;1283;1282;1281;1280;1279;1276;1278;1287;1289;}1627:{1264;}1658:{1657;1659;1660;1656;1685;1684;}1666:{1654;1040;1039;920;1038;772;923;1037;773;924;925;1032;}1668:{1669;}1669:{1670;689;1671;1658;}1684:{1683;1686;1687;1689;}1693:{1623;1692;1624;1691;1625;1690;1626;1627;681;682;}1712:{1713;1714;1715;1708;21;1707;22;1706;679;1705;1704;}1717:{686;1716;}1726:{1725;1723;1767;1724;1722;1768;1616;1615;1617;1769;1720;1614;1770;1618;1613;1719;1771;1619;1718;1772;1620;1717;1773;1622;1693;1601;}1739:{1740;1736;1735;1774;1741;1734;1742;1733;1744;1731;184;181;1730;1729;179;1728;1727;178;177;1726;}1761:{1760;1751;}1763:{1762;1761;},202_298_299_300_322_359_360_371_372_373_378_383_384_385_386_387_436_437_480_491_502_513_524_567_741_813_824_846_857_864_865_867_868_869_1189_1190_1191_1195_1293_1296_1460_,66-77*0_66-76*0_66-65*0_66-67*0_66-85*0_66-75*0_66-68*0_66-78*0_66-86*0_66-64*0_66-70*0_66-84*0_66-79*0_66-94*0_66-195*0_66-95*0_66-194*0_66-96*0_66-193*0_66-97*0_66-192*0_66-98*0_66-190*0_66-99*0_66-189*0_189-188*1_189-100*1_189-187*1_189-671*1_189-186*1_189-101*1_189-7*1_189-6*1_189-117*1_189-5*1_189-103*1_189-1775*1_189-4*1_189-112*1_189-1737*1_189-210*1_189-211*1_189-212*1_189-214*1_189-1738*1_189-215*1_189-1739*1_1739-1740*2_1739-1736*2_1739-1735*2_1739-1774*2_1739-1741*2_1739-1734*2_1739-1742*2_1739-1733*2_1739-1744*2_1739-1731*2_1739-184*2_1739-181*2_1739-1730*2_1739-1729*2_1739-179*2_1739-1728*2_1739-1727*2_1739-178*2_1739-177*2_1739-1726*2_215-176*2_215-182*2_215-216*2_215-183*2_215-220*2_215-292*2_215-221*2_215-290*2_215-185*2_215-124*2_215-222*2_215-289*2_215-126*2_215-288*2_215-123*2_215-122*2_215-656*2_215-226*2_215-612*2_1726-1725*3_1726-1723*3_1726-1767*3_1726-1724*3_1726-1722*3_1726-1768*3_1726-1616*3_1726-1615*3_1726-1617*3_1726-1769*3_1726-1720*3_1726-1614*3_1726-1770*3_1726-1618*3_1726-1613*3_1726-1719*3_1726-1771*3_1726-1619*3_1726-1718*3_1726-1772*3_1726-1620*3_1726-1717*3_1726-1773*3_1726-1622*3_1726-1693*3_1726-1601*3_226-267*3_226-266*3_226-227*3_226-223*3_226-265*3_226-228*3_177-175*3_226-264*3_226-229*3_226-263*3_177-219*3_177-218*3_226-256*3_177-217*3_226-230*3_226-255*3_177-172*3_177-171*3_177-337*3_177-341*3_177-338*3_177-339*3_177-170*3_177-340*3_177-751*3_177-655*3_177-168*3_177-8*3_1601-1286*4_1601-1285*4_1601-1284*4_1601-1283*4_1601-1282*4_1601-1281*4_1601-1280*4_1601-1279*4_1601-1276*4_1601-1278*4_1601-1287*4_1601-1289*4_656-121*3_656-611*3_656-120*3_656-610*3_656-119*3_656-658*3_656-609*3_656-118*3_656-659*3_656-115*3_656-660*3_656-116*3_656-661*3_656-104*3_656-608*3_656-614*3_656-105*3_656-616*3_656-615*3_656-106*3_1693-1623*4_1693-1692*4_1693-1624*4_1693-1691*4_1693-1625*4_1693-1690*4_1693-1626*4_1693-1627*4_1693-681*4_1693-682*4_79-81*1_79-82*1_79-62*1_79-61*1_79-83*1_79-63*1_79-38*1_79-18*1_79-17*1_79-19*1_79-60*1_79-20*1_79-59*1_79-57*1_79-1709*1_79-1711*1_79-648*1_79-1712*1_1289-1290*5_1289-1294*5_1289-1295*5_1289-1293*5_1289-1275*5_1289-1296*5_1289-1274*5_1289-1297*5_1289-1273*5_1289-1303*5_1289-1302*5_1289-1301*5_8-9*4_8-10*4_8-74*4_8-11*4_8-12*4_8-13*4_8-15*4_8-16*4_648-647*2_648-672*2_648-111*2_648-645*2_648-675*2_648-644*2_648-632*2_648-631*2_648-630*2_648-628*2_648-643*2_1712-1713*2_1712-1714*2_1712-1715*2_1712-1708*2_1712-21*2_1712-1707*2_1712-22*2_1712-1706*2_1712-679*2_1712-1705*2_1712-1704*2_681-23*5_681-1703*5_681-24*5_681-1702*5_681-1701*5_681-26*5_681-27*5_681-1695*5_681-28*5_681-1694*5_681-29*5_681-30*5_681-1664*5_681-39*5_681-1667*5_681-1668*5_1717-686*4_1717-1716*4_643-629*3_643-633*3_643-636*3_643-627*3_643-634*3_643-626*3_643-625*3_643-623*3_643-622*3_643-637*3_643-621*3_643-638*3_643-620*3_643-639*3_643-619*3_643-640*3_643-618*3_643-641*3_643-617*3_643-642*3_1301-1298*6_1301-1300*6_1301-1304*6_1301-1315*6_1301-1311*6_1301-1312*6_1301-1313*6_1301-1322*6_1301-1316*6_1301-1317*6_1301-1318*6_1301-1319*6_168-167*4_168-166*4_168-165*4_168-173*4_106-107*4_106-108*4_106-109*4_106-110*4_106-667*4_106-56*4_106-55*4_1627-1264*5_655-127*4_655-128*4_655-129*4_655-130*4_655-133*4_655-146*4_655-148*4_1668-1669*6_263-262*4_263-257*4_263-261*4_263-259*4_263-268*4_263-260*4_263-331*4_263-270*4_263-332*4_263-271*4_263-279*4_263-333*4_263-850*4_751-750*4_751-749*4_751-343*4_751-748*4_751-747*4_1319-1320*7_1319-1356*7_1319-1354*7_1319-1353*7_1319-1352*7_850-284*5_850-852*5_850-283*5_850-849*5_850-285*5_850-851*5_850-272*5_850-847*5_850-848*5_850-278*5_850-281*5_850-282*5_39-40*6_173-174*5_173-203*5_173-201*5_173-334*5_173-342*5_1273-1272*6_1273-1271*6_1273-1270*6_55-54*5_55-53*5_55-52*5_55-32*5_55-51*5_55-50*5_55-41*5_55-42*5_55-666*5_55-43*5_1264-1263*6_1264-1265*6_1264-1766*6_1264-1764*6_1264-1763*6_1763-1762*7_1763-1761*7_165-587*5_165-163*5_38-37*2_38-35*2_38-34*2_38-33*2_38-31*2_220-344*3_220-345*3_220-351*3_12-683*5_12-73*5_12-72*5_12-684*5_12-71*5_12-685*5_12-93*5_12-87*5_12-92*5_12-88*5_12-90*5_12-89*5_163-162*6_163-161*6_163-572*6_163-592*6_163-588*6_163-571*6_163-593*6_163-160*6_163-589*6_163-595*6_163-159*6_163-570*6_163-590*6_163-353*6_163-157*6_163-156*6_163-357*6_163-155*6_163-356*6_163-154*6_163-354*6_163-596*6_163-575*6_163-355*6_163-151*6_163-152*6_163-864*6_163-153*6_163-865*6_163-867*6_43-45*6_43-44*6_43-48*6_43-676*6_43-46*6_43-678*6_43-677*6_338-346*4_338-348*4_1761-1760*8_1761-1751*8_867-857*7_867-741*7_867-846*7_867-869*7_867-868*7_867-835*7_867-813*7_867-568*7_867-378*7_867-384*7_101-670*2_101-665*2_101-664*2_343-352*5_148-600*5_343-594*5_148-584*5_148-149*5_148-585*5_343-381*5_148-150*5_148-586*5_666-673*6_666-674*6_1265-1267*7_1265-1268*7_1265-1269*7_1313-1314*7_381-383*6_381-567*6_381-382*6_381-379*6_381-385*6_381-441*6_381-440*6_660-196*4_153-604*7_153-439*7_1669-1670*7_1669-689*7_1669-1671*7_1669-1658*7_282-277*6_282-276*6_282-275*6_282-294*6_1658-1657*8_1658-1659*8_1658-1660*8_1658-1656*8_1658-1685*8_1658-1684*8_196-197*5_196-198*5_196-199*5_196-200*5_196-204*5_677-49*7_384-373*8_384-372*8_384-359*8_1684-1683*9_1684-1686*9_1684-1687*9_1684-1689*9_90-663*6_155-164*7_155-431*7_155-430*7_155-429*7_568-350*8_568-360*8_847-853*6_847-286*6_439-438*8_439-437*8_439-436*8_439-434*8_439-433*8_439-432*8_439-428*8_272-273*6_272-274*6_204-140*6_204-205*6_204-139*6_204-206*6_204-138*6_204-141*6_204-207*6_204-137*6_204-142*6_204-208*6_204-143*6_204-209*6_204-579*6_204-578*6_204-145*6_204-605*6_204-134*6_204-144*6_204-606*6_204-135*6_204-607*6_428-427*9_428-442*9_428-443*9_428-426*9_428-444*9_428-425*9_428-394*9_428-393*9_428-395*9_428-423*9_428-396*9_428-409*9_428-410*9_428-397*9_428-414*9_428-415*9_428-403*9_428-416*9_428-404*9_428-405*9_428-560*9_352-349*6_352-361*6_600-601*6_600-597*6_294-293*7_294-249*7_294-248*7_294-245*7_294-246*7_294-322*7_294-191*7_560-406*10_560-559*10_560-556*10_560-555*10_560-554*10_560-534*10_191-202*8_191-236*8_191-180*8_191-169*8_191-244*8_191-247*8_191-258*8_191-269*8_597-583*7_597-582*7_597-577*7_597-599*7_361-362*7_361-368*7_361-370*7_361-374*7_361-363*7_361-364*7_835-743*8_835-742*8_835-735*8_835-724*8_385-386*7_385-387*7_599-598*8_724-759*9_724-760*9_724-733*9_269-280*9_269-380*9_269-391*9_269-402*9_269-413*9_269-435*9_534-536*11_534-561*11_534-537*11_534-538*11_534-539*11_868-870*8_868-871*8_359-371*9_733-771*10_733-883*10_733-761*10_733-757*10_733-734*10_733-736*10_733-737*10_286-287*7_135-649*7_135-132*7_577-576*8_577-581*8_416-445*10_416-412*10_416-448*10_416-411*10_416-417*10_416-418*10_416-419*10_737-738*11_737-739*11_737-740*11_737-717*11_737-907*11_737-908*11_737-909*11_737-910*11_663-662*7_435-447*10_435-225*10_435-213*10_435-1184*10_274-308*7_274-309*7_274-310*7_274-311*7_274-312*7_274-314*7_274-315*7_274-316*7_364-377*8_316-317*8_316-318*8_316-319*8_316-320*8_316-321*8_316-1195*8_316-1460*8_316-1461*8_316-1462*8_316-1463*8_387-388*8_387-389*8_387-390*8_387-392*8_244-295*9_244-233*9_244-234*9_244-296*9_244-297*9_413-58*10_413-424*10_413-47*10_413-36*10_413-711*10_413-906*10_413-905*10_413-904*10_413-903*10_910-3*12_910-14*12_910-1765*12_910-25*12_910-1754*12_910-912*12_910-1743*12_910-1732*12_910-913*12_910-712*12_910-1721*12_910-914*12_910-714*12_910-1710*12_910-915*12_910-715*12_910-1699*12_910-916*12_910-716*12_910-917*12_910-1688*12_910-918*12_910-1677*12_910-919*12_910-1666*12_604-603*8_604-650*8_539-540*12_539-541*12_539-542*12_539-543*12_539-544*12_903-901*11_903-902*11_903-718*11_903-471*11_903-527*11_368-367*8_368-366*8_368-365*8_368-408*8_368-407*8_297-298*10_297-299*10_883-882*11_544-549*13_544-545*13_544-732*13_544-550*13_544-547*13_544-731*13_544-551*13_544-548*13_1463-1464*9_1463-1459*9_1463-1458*9_1463-1473*9_1463-1474*9_1463-1471*9_1666-1654*13_1666-1040*13_1666-1039*13_1666-920*13_1666-1038*13_1666-772*13_1666-923*13_1666-1037*13_1666-773*13_1666-924*13_1666-925*13_1666-1032*13_871-872*9_871-873*9_871-874*9_871-824*9_871-875*9_871-531*9_871-532*9_871-533*9_1184-841*11_1184-844*11_392-566*9_392-565*9_419-420*11_419-421*11_419-422*11_234-323*10_234-325*10_234-251*10_280-291*10_280-1074*10_561-562*12_561-563*12_561-564*12_561-528*12_561-529*12_561-530*12_561-503*12_561-504*12_299-300*11_527-472*12_527-470*12_527-473*12_527-474*12_527-475*12_527-520*12_527-476*12_527-477*12_527-478*12_527-479*12_527-481*12_527-482*12_527-483*12_527-484*12_377-376*9_1471-1470*10_1471-1494*10_1471-1472*10_1471-1563*10_1074-1073*11_1074-302*11_251-252*11_1074-313*11_251-250*11_1074-1080*11_251-253*11_1074-324*11_251-254*11_504-505*13_504-501*13_844-843*12_844-845*12_844-842*12_844-1078*12_844-1079*12_324-336*12_300-301*12_917-921*13_917-1036*13_917-1035*13_1032-926*14_1032-1034*14_1032-1047*14_1032-820*14_1032-1048*14_1032-819*14_1032-818*14_1032-1049*14_1032-817*14_1032-1050*14_1032-816*14_1032-1051*14_1032-815*14_1032-1052*14_1032-814*14_1032-1053*14_1032-1054*14_548-890*14_376-375*10_301-303*13_301-304*13_301-305*13_484-485*13_484-508*13_484-509*13_484-486*13_484-487*13_484-488*13_484-489*13_716-892*13_716-893*13_551-552*14_551-553*14_305-1180*14_305-1179*14_305-1178*14_305-1176*14_421-519*12_421-518*12_421-517*12_447-458*11_731-730*14_731-725*14_731-723*14_482-510*13_482-511*13_482-512*13_482-514*13_482-515*13_824-744*10_824-745*10_132-131*8_517-516*13_336-347*13_890-891*15_890-887*15_890-886*15_1176-1175*15_1054-706*15_1054-1056*15_1054-1120*15_723-722*15_723-721*15_1035-1599*14_1035-822*14_1035-821*14_1035-812*14_1563-1469*11_1563-1562*11_1563-1561*11_1563-1560*11_501-500*14_501-494*14_501-499*14_501-493*14_501-492*14_501-490*14_501-506*14_501-507*14_501-459*14_501-460*14_565-398*10_347-358*14_886-885*16_886-884*16_448-449*11_448-450*11_448-451*11_725-726*15_725-727*15_725-728*15_725-729*15_812-810*15_812-1499*15_812-811*15_812-938*15_460-461*15_460-462*15_460-457*15_460-463*15_460-464*15_460-465*15_460-466*15_398-399*11_729-894*16_358-369*15_358-794*15_358-69*15_358-793*15_1494-1495*11_793-792*16_721-720*16_721-719*16_69-762*16_69-763*16_69-764*16_1120-1087*16_1120-1057*16_1120-1121*16_1120-1139*16_1120-1138*16_892-895*14_892-467*14_1495-1496*12_1495-1497*12_1495-1498*12_1495-1500*12_1495-1468*12_399-400*12_399-401*12_467-898*15_467-468*15_467-897*15_467-896*15_1468-1467*13_764-765*17_764-766*17_1500-1501*13_1500-1502*13_1500-1503*13_1500-1528*13_1138-1137*17_1138-1123*17_1138-1136*17_1467-1465*14_766-767*18_466-899*16_706-707*16_706-1115*16_1528-1527*14_1528-1504*14_1528-1526*14_1528-1505*14_1528-1531*14_1528-1525*14_1528-1530*14_1528-1551*14_1528-1524*14_1528-1529*14_938-939*16_938-937*16_938-940*16_938-936*16_938-941*16_938-942*16_938-948*16_938-947*16_938-961*16_938-960*16_767-769*19_767-770*19_1115-1114*17_1115-1113*17_1115-1112*17_1115-1096*17_961-962*17_961-959*17_961-1026*17_961-963*17_961-1027*17_961-1028*17_961-946*17_961-964*17_961-1029*17_961-945*17_961-981*17_961-943*17_961-970*17_961-971*17_1136-1135*18_1136-1141*18_770-580*20_707-708*17_1057-1058*17_1057-1059*17_1057-1183*17_1096-803*18_1096-1097*18_1096-1095*18_1096-1109*18_1123-1124*18_1123-1161*18_1123-1160*18_1123-1159*18_948-949*17_948-950*17_948-1030*17_948-951*17_948-952*17_948-953*17_1551-1506*15_1551-1552*15_1551-1553*15_1551-1556*15_1551-1582*15_1087-1089*17_1087-1090*17_1087-1091*17_1159-1162*19_1183-1060*18_1135-1140*19_1135-1134*19_1135-1132*19_1582-1581*16_1499-1510*16_1499-1521*16_1059-1061*18_457-456*16_457-455*16_1132-705*20_1132-1131*20_580-569*21_580-591*21_971-972*18_971-984*18_971-973*18_971-983*18_971-985*18_971-986*18_971-974*18_971-987*18_971-975*18_1091-1092*18_1091-1093*18_1109-1098*19_1109-1107*19_1599-1610*15_1599-1588*15_1599-1621*15_1599-1577*15_1599-1566*15_1599-1555*15_1599-1543*15_1599-1532*15_1095-1154*19_1095-1094*19_1095-801*19_1131-1174*21_1162-1158*20_1162-1157*20_1162-1156*20_1162-1146*20_1162-1145*20_1140-1142*20_1140-1143*20_801-804*20_801-800*20_936-935*17_936-934*17_936-932*17_936-931*17_936-930*17_936-929*17_1093-1108*19_1093-1117*19_943-996*18_1174-1130*22_1174-1163*22_1174-1164*22_1174-1185*22_1174-1186*22_1174-1187*22_1174-1189*22_1174-1190*22_1174-1191*22_1145-1173*21_1094-1153*20_1094-1116*20_1094-1118*20_1094-1119*20_929-928*18_929-927*18_1581-1446*17_1581-1445*17_800-799*21_800-798*21_800-797*21_800-796*21_800-795*21_705-1128*21_705-1127*21_705-1126*21_591-602*22_569-558*22_569-546*22_953-954*18_953-989*18_953-991*18_953-990*18_953-992*18_953-1144*18_953-993*18_953-988*18_953-1155*18_953-977*18_953-1166*18_953-966*18_953-955*18_953-944*18_975-976*19_975-978*19_1506-1507*16_1506-1508*16_1445-1442*18_1445-1441*18_1126-1125*22_546-535*23_546-524*23_944-1000*19_944-933*19_944-1010*19_944-1009*19_944-922*19_944-1025*19_944-900*19_455-454*17_455-453*17_455-452*17_1107-1100*20_1508-1509*17_1508-1523*17_1100-1101*21_1100-1102*21_1100-1103*21_1100-1105*21_1100-1106*21_602-613*23_602-691*23_1173-1172*22_1173-1492*22_1523-1511*18_1523-1522*18_1523-1520*18_1106-1104*22_1185-1165*23_691-702*24_691-624*24_691-713*24_691-158*24_1153-1152*21_1153-1151*21_1153-1150*21_900-889*20_900-911*20_900-1310*20_900-877*20_900-866*20_900-1177*20_900-779*20_900-668*20_900-557*20_1150-1487*22_1150-1149*22_1520-1519*19_1128-1129*22_1030-1031*18_1025-1008*20_1025-1024*20_1025-1007*20_1025-1023*20_1025-1021*20_1025-1344*20_1025-1006*20_1025-1020*20_1025-1019*20_1025-1018*20_624-635*25_624-646*25_996-995*19_996-997*19_978-979*20_978-980*20_978-965*20_978-967*20_1018-1014*21_959-958*18_959-957*18_959-956*18_646-469*26_646-480*26_1511-1512*19_1511-1513*19_967-968*21_967-969*21_967-1133*21_967-1122*21_1492-1491*23_1149-1148*23_1149-1147*23_1519-1518*20_1519-1517*20_1487-1486*23_1512-1559*20_1512-1558*20_997-998*20_997-1001*20_997-1002*20_997-1399*20_1513-1584*20_1513-1514*20_1513-1515*20_1513-1436*20_1513-1435*20_1513-1434*20_1513-1433*20_1122-1111*22_1122-1099*22_1122-1088*22_1122-1077*22_1122-1066*22_1122-1055*22_1122-446*22_1122-335*22_1122-224*22_1491-1490*24_1491-1489*24_1006-1005*21_1165-1167*24_1165-1168*24_1399-827*21_1399-1388*21_1399-828*21_1399-1013*21_1399-1012*21_995-994*20_480-491*27_480-502*27_480-513*27_1559-1557*21_1489-1485*25_1433-1431*21_1433-1430*21_1433-1437*21_1433-1438*21_1433-1439*21_1433-1583*21_1517-1541*21_1517-1516*21_224-113*23_224-2*23_224-1665*23_1310-1299*21_1310-1288*21_1485-1484*26_1516-1542*22_1516-1440*22_1516-1533*22_1516-1534*22_1288-1244*22_1288-1277*22_1484-1478*27_1534-1221*23_1534-1332*23_1534-1443*23_1277-1321*23_1277-1266*23_1005-1004*22_1005-1003*22_1478-1479*28_1478-1476*28_1478-1480*28_1478-1475*28_1478-1481*28_1478-1482*28_1478-1483*28_1478-1493*28_1478-1410*28_1478-1421*28_1244-1255*23_1244-1233*23_1244-1222*23_1244-1210*23_1443-1554*24_1443-1110*24_1443-1*24_1443-0*24_1443-888*24_1443-999*24_1443-1540*24_1421-1432*29_1210-1199*24_1210-1188*24_1430-1580*22_1388-1377*22_1321-1333*24_1377-1366*23_1377-1355*23_1432-1444*30_1432-1455*30_1432-825*30_1432-823*30_1432-1466*30_1466-1477*31_1466-1488*31_1466-826*31_1466-807*31_1466-808*31_1466-809*31_1580-1579*23_1580-1425*23_1425-1424*24_1425-1423*24_1425-1422*24_1425-1578*24_1425-1576*24_1425-1420*24_1425-1396*24_1425-1398*24_1425-1395*24_1395-1394*25_1395-1397*25_1395-1585*25_1395-1393*25_1395-1401*25_1395-1404*25_1395-1403*25_1395-1402*25_1395-1408*25_1395-863*25_1395-862*25_862-861*26_862-860*26_862-859*26_862-858*26_862-1378*26_862-1375*26_1576-1575*25_1375-1374*27_1375-1376*27_1375-1379*27_1375-1373*27_1375-1372*27_1375-1598*27_1375-1365*27_1375-1367*27_1375-1597*27_1375-1368*27_1375-1369*27_1369-1364*28_1369-1370*28_1369-1371*28_1369-1347*28_1369-1390*28_1369-1348*28_1369-1389*28_1369-1387*28_1369-1349*28_1597-1596*28_1597-1593*28_1597-1309*28_1597-1308*28_1597-1307*28_1597-1306*28_1597-1305*28_1349-1350*29_1349-1351*29_1349-1346*29_1387-1391*29_1387-1392*29_1305-1595*29_1346-1345*30_1346-1340*30_1346-1339*30_1346-1338*30_1346-1337*30_1346-1336*30_1346-1341*30_1341-1335*31_1341-1334*31_1341-1594*31_1341-1325*31_1341-1324*31_1341-1589*31_1341-1323*31_1341-1587*31_1394-1586*26_1379-1380*28_1379-1381*28_1379-1382*28_1379-1383*28_1379-1384*28_1379-1385*28_1593-1592*29_1593-1362*29_1593-1591*29_1593-1361*29_1593-1590*29_1593-1360*29_1593-1359*29_1392-1400*30_1392-1386*30_1359-1343*30_1364-1363*29_1364-1342*29_
