"id","Scenario","Actual Range","Protocol","Buildings","Total nodes","Nodes on circ","Total coverage","Coverage on circ","Alert received mean time","Hops","Slots","Messages sent","Messages received", "Starting x", "Starting y","Starting node", "Vehicle distance", "Received node ids", "Node ids", "Transmission map", "Received on circ nodes", "Transmission vector"
0,1,100,300,0,2396,45,2317,45,1.37449e+06,17.3778,1593.93,405,2317,1301.13,2523.59,1853,15,3_1842_2385_14_1830_2374_25_1819_2363_36_1808_2352_47_1797_2341_1731_1742_1719_2330_1697_1686_1708_1675_1664_1653_1786_1552_1642_1551_1631_1550_2141_2163_1620_1608_1597_1586_1564_1553_2152_2175_1549_2186_2197_2130_2208_2119_2219_2108_2230_1575_1864_1875_1886_1446_1897_1908_2263_2274_1643_1641_2241_1773_1774_1638_1644_1645_1637_1646_1636_1647_1648_2252_2286_2297_2308_2319_1953_1625_1941_1624_1964_1629_1623_1649_1650_1654_1656_1651_1657_1853_1652_1655_2004_2005_2000_2006_1658_1639_1930_1975_1919_1986_1997_2008_1622_1578_1577_2019_1574_1659_2024_1576_1573_1572_1776_1777_1778_1779_1988_1989_1987_1990_1780_1985_1991_1984_1781_1621_1618_1617_1616_1626_1615_1627_1614_1613_1992_1993_1994_1995_1784_1996_1783_1998_1782_1838_1855_1999_1854_1852_1851_1612_621_506_507_508_1850_1849_1848_1837_1847_1856_1836_1846_1835_1857_1845_1844_1859_1843_1860_1840_1870_1839_1869_1834_1833_509_505_622_510_495_511_494_512_493_514_492_1571_1858_1771_1668_1669_1772_1667_1670_1666_1861_1671_1665_1862_1672_1863_1865_1662_1663_1981_1982_1980_1983_1979_1661_1978_1977_1673_1976_1974_1973_1674_2001_2002_2003_2327_2328_2329_1640_2326_2061_2062_2060_2325_2065_2050_2059_2051_1635_2317_2066_2053_2067_1335_1224_1113_1001_779_58_2331_2068_2058_2332_2316_890_668_1972_1971_1970_1969_2014_2015_2013_2016_2012_2017_1968_2011_1681_1680_2020_1683_1679_1682_1967_1684_1678_1966_1685_2018_2021_1677_1676_1965_1687_1949_1688_1948_1628_1630_1632_1633_1634_2025_2007_2009_2026_2010_2055_2027_2028_2029_2054_2049_2031_2048_2047_2032_2315_2046_2033_1660_2334_2333_2335_483_497_482_496_1540_479_1689_1690_2022_2023_1691_1692_1752_1693_1963_1694_2039_1748_2324_2323_2322_2321_2320_2030_2041_2052_2064_2075_2086_1866_1916_1867_1868_1914_1913_1915_1871_1900_1901_1770_1899_1769_1947_1946_1945_1944_1943_1902_1961_2038_2040_2037_1749_1750_2042_1751_2036_2043_2035_1747_1450_2034_2093_1746_2044_2092_1448_1449_1445_1745_1754_1744_1732_1733_1962_1960_1959_2318_489_2184_2185_487_2097_1380_1391_1369_1579_1358_1402_1580_1413_1581_1958_1957_1956_1955_1695_1696_1698_1954_1767_1951_2045_2056_2057_1699_1700_1765_1701_1766_1702_1763_1768_1762_1703_1761_1759_1758_1757_1756_1740_488_2183_2182_2181_2180_2179_2187_490_486_2178_2188_1198_485_1199_1534_1950_1760_1741_1743_1704_1527_1705_1755_1706_1526_1707_1200_1201_1203_1204_484_467_468_466_470_1205_465_471_472_1206_1533_464_69_1920_1803_1804_1802_1805_1921_1806_1807_1809_1801_1811_473_474_475_2347_2346_2348_463_2345_2349_462_2344_2343_461_1210_1539_1582_1424_1583_1435_1584_1458_481_2189_2074_2190_2073_2191_2072_2076_2192_2071_2193_2077_2070_2194_2078_2195_2177_478_477_1538_1537_1536_2336_2337_1585_1587_1588_1213_1225_1236_1202_1247_1258_1191_1269_1447_2176_2173_2172_2171_2170_1215_2168_2079_2196_2080_2198_1469_1480_1491_1502_1524_1903_1898_1904_1905_1906_1872_476_1211_1209_2357_2356_2350_1208_1207_2351_2353_2355_2354_1709_1710_1525_1711_1523_1712_1528_1522_1519_1529_1521_1414_1907_1909_1874_1879_1444_1443_1442_1441_1440_1439_2087_2212_2211_1434_2210_1433_2209_1432_2213_1431_2214_2085_2083_2082_1810_1812_1813_1814_1815_1412_1415_1411_1410_1520_1409_1408_1407_1530_1531_2169_98_1214_97_1212_2167_96_2166_95_2165_2164_2202_2201_2200_2203_2199_2204_2162_2205_2161_2206_2160_2207_2159_2099_2103_2215_2216_2217_2218_2220_1430_1425_2094_2158_2157_2156_2155_2154_2104_2153_2105_1216_1217_1218_94_1219_1220_2221_2222_2223_2224_1277_1278_1276_1279_1422_1281_1423_1938_1937_1873_1917_1918_1876_1923_1922_1877_1924_1832_1275_2225_1274_2226_1282_2227_1283_2095_1513_1535_1611_1546_1610_1554_1609_1555_1556_1591_1590_1589_1336_1593_1284_1285_1286_1287_1325_1288_1326_1289_1327_1290_2102_2106_2101_2107_2109_2100_2110_2111_2228_2229_2098_2338_2339_2340_1910_2342_1911_196_195_1912_194_193_1888_1887_192_1885_1939_1880_1557_902_1347_913_924_891_1324_935_879_1313_946_868_1302_957_1291_968_1878_1881_80_91_102_114_2358_2359_2360_2361_1221_1406_1405_1940_1942_1883_2362_2364_2365_2366_2367_2368_1543_1544_1404_1416_1403_1417_1401_1418_1400_1716_1715_1717_1714_1545_1542_1547_1541_1548_181_179_182_178_183_177_329_333_1831_1829_1925_1926_1927_1816_1928_1818_2151_2150_2149_2148_2147_2146_87_2145_2231_2232_2233_2234_93_92_90_89_88_1222_1328_1729_1329_1728_1330_1421_1727_1331_1726_1420_1332_1725_1419_1723_1592_1594_620_619_1595_618_617_1596_1599_979_990_1002_1013_1558_518_519_516_520_537_125_557_446_1180_136_335_147_1280_191_86_85_158_169_180_202_213_190_189_1598_1600_1601_528_1602_1929_1931_1932_1933_1934_1821_1822_1820_1823_1935_1824_1817_1936_517_515_521_522_578_1292_1293_1294_1295_1296_1297_1334_2236_2369_2370_1243_2371_1244_1242_2372_1241_1245_2373_2375_1246_2376_1227_1226_1223_1603_1604_623_1228_625_536_626_627_530_531_628_532_529_533_629_534_1183_1184_1181_527_1185_630_1179_1825_1826_1827_1828_1896_1895_1894_1893_1248_1249_1250_2377_1024_1035_1171_1046_1170_1057_1168_1068_1167_1079_1562_380_347_577_579_576_575_574_538_1399_1398_1397_1396_1395_1721_1718_1724_2096_1392_1390_1393_1394_1389_1388_1333_1337_560_559_539_561_197_1338_1339_1340_1341_1342_1343_1386_1382_1344_2235_2237_2238_2239_2240_2112_1892_1891_1890_1889_2113_2114_2115_2116_1345_1383_1384_1379_1385_1378_225_236_247_258_224_113_2_269_2285_1186_1187_1182_1188_1189_526_1178_1722_1166_1165_1164_1565_1563_1163_1566_1162_1561_1161_1567_1560_1160_1101_1159_1298_1299_562_199_563_198_564_556_565_566_567_542_1426_1427_1428_1429_1739_1436_1738_1437_1737_1605_1606_1607_1570_1569_638_637_1568_688_636_687_280_291_2174_302_2063_313_602_1882_1884_1532_1952_1841_591_1730_580_1619_569_1112_558_546_1713_1251_1252_1253_1231_1229_2242_686_685_684_634_1559_535_524_513_502_491_480_328_330_327_331_332_175_174_176_173_573_172_165_167_171_1381_1377_1376_1387_1375_660_661_658_2117_2118_2120_2121_2122_540_541_543_544_631_632_639_640_633_641_642_1374_1373_1372_1371_1370_1254_1255_1256_1257_4_2395_5_2394_6_2393_7_1238_1239_2386_2384_2387_2383_1234_2389_662_659_1192_1190_1193_1194_656_1195_655_1196_654_1197_2123_2124_2125_2126_2127_2128_2142_2143_1323_2248_99_2392_8_100_2391_9_101_103_2390_1259_104_2388_105_164_166_163_162_168_161_170_598_160_597_159_581_587_586_157_584_588_585_589_590_592_583_582_593_599_600_594_607_601_604_237_2243_2244_2245_2246_1300_10_1240_1082_1081_1080_11_1078_1301_1303_1304_653_652_651_650_649_648_1157_644_663_643_664_665_645_666_647_1156_1155_1154_156_155_142_141_140_139_138_107_109_106_2378_2379_2380_2381_2382_568_570_571_186_547_184_1153_1152_1151_1150_1149_185_187_188_242_241_240_239_238_572_555_551_137_110_111_115_134_550_552_549_553_548_554_545_457_459_460_108_1083_1084_1085_1073_1086_1071_1088_1346_1348_1349_1350_1351_112_116_1089_1091_1092_1087_117_1094_150_149_148_151_146_145_1070_1072_1069_1066_1074_427_1065_426_1075_1064_425_1076_1063_423_1077_1062_1061_974_667_670_671_672_1090_857_402_846_391_835_413_824_369_424_813_358_435_802_780_2129_2131_1322_1321_2132_1320_2133_1319_2134_2250_2136_2137_768_791_757_746_735_724_713_1177_702_1176_691_1175_624_613_657_523_525_1352_1353_1354_1355_1305_766_763_762_764_761_765_767_760_244_1138_673_674_676_694_1093_1095_416_417_415_418_414_419_412_1096_420_421_759_758_756_755_1139_754_1140_235_234_233_144_143_152_153_154_326_675_693_677_695_678_696_679_697_82_84_469_447_683_682_422_963_964_962_965_961_966_960_967_973_972_971_595_596_205_610_614_680_669_646_635_458_959_958_956_985_986_984_987_983_955_969_988_982_714_712_711_715_710_716_709_1060_1059_71_1356_1357_1359_1360_1361_1474_1362_1475_1366_1367_1476_1364_1309_1307_606_608_605_609_603_611_612_232_226_227_223_228_615_970_975_1056_981_980_978_977_976_996_1015_1016_997_1017_998_1022_989_2247_2249_2251_1318_1306_698_699_700_701_703_222_221_220_219_229_218_230_243_217_231_1144_1097_1098_1099_1100_118_1102_119_1103_70_72_68_73_67_74_66_75_65_76_64_77_34_35_32_31_1169_1158_1147_1174_1136_1173_1125_1114_616_2253_1317_1316_2254_1315_2255_1314_2256_1312_2257_1311_2258_740_739_738_1368_1365_737_736_734_733_732_1308_1310_322_321_215_63_62_61_60_40_325_1108_323_1109_910_1110_909_1111_908_1115_1116_200_1021_999_1000_1044_1003_1045_1067_717_718_719_720_307_721_306_722_305_723_304_708_2135_21_22_20_24_2138_59_57_56_55_1117_1118_1119_1120_1121_203_1004_1005_1006_1007_1008_1009_1010_1032_1034_731_730_729_728_727_726_725_1031_1033_1030_1029_1036_1028_1037_1027_1038_1011_1026_1012_1040_1051_1050_54_1049_53_1048_1047_48_1052_1141_1363_49_46_45_44_50_33_37_38_30_39_29_28_41_1261_27_1263_1262_1264_1265_1260_1266_1267_1268_1270_1271_2272_1137_216_1135_245_1134_246_1133_214_1148_1146_1132_212_1145_211_1143_1142_133_135_132_131_130_129_128_120_127_121_126_123_1122_1123_1124_1126_1127_208_334_204_337_1128_338_339_340_341_342_343_443_444_442_445_344_441_449_345_2259_2260_1055_1058_1054_1053_1129_1130_1131_904_903_901_210_124_122_248_249_772_201_206_207_209_798_797_775_776_774_777_250_1018_1019_1020_1039_1104_1105_1106_778_781_794_782_773_795_783_796_784_771_801_748_747_954_953_952_951_991_992_377_950_376_799_800_749_745_750_803_744_751_804_743_752_805_742_753_806_51_52_1273_1272_2314_2313_43_2312_2261_2262_2264_2265_2266_2267_2268_2269_2270_2271_1172_692_2273_2275_2276_2277_2278_1514_1515_1512_2279_1107_995_456_455_911_454_912_453_914_452_915_451_411_917_410_409_408_407_440_439_438_448_437_928_929_927_930_926_436_450_907_906_918_919_920_916_921_922_923_925_400_401_399_403_398_404_397_405_396_406_785_786_787_788_789_818_792_817_793_251_943_942_944_374_941_373_945_395_940_372_947_939_371_394_938_357_356_359_355_360_354_948_361_362_370_346_348_905_349_434_351_2280_350_256_320_257_319_255_318_259_254_260_317_253_316_252_315_2281_2282_2283_1511_2284_1510_2287_1509_993_994_375_363_364_365_366_367_949_368_790_819_820_821_822_823_816_825_303_301_300_299_298_297_296_23_19_26_18_17_16_2139_15_2140_1498_1497_1496_1495_2288_1494_2289_295_294_741_293_393_392_931_932_933_934_390_389_431_387_826_827_828_829_830_262_261_264_314_837_311_433_432_936_430_353_1014_1025_386_388_385_384_428_383_429_382_2290_2291_2292_2293_2294_2296_690_689_681_836_838_834_839_840_268_267_270_266_271_841_265_272_263_278_279_79_2295_2298_2299_2300_2301_2302_1041_1042_1043_273_274_842_843_872_275_871_276_844_870_277_845_869_867_866_847_848_849_850_851_852_883_884_853_1023_42_854_855_856_865_864_863_2303_2304_2305_2306_2307_2309_292_290_289_288_807_808_809_810_811_812_814_937_352_312_1499_1493_1500_1492_1490_1501_1489_1488_2310_2311_887_886_308_885_309_310_882_815_831_287_832_381_379_378_896_898_899_900_833_286_285_284_283_282_281_893_897_892_895_889_888_881_878_1503_1504_1505_1487_1486_1506_858_859_873_860_874_861_1507_1508_1485_1484_1483_1482_1517_1481_862_877_876_1518_1516_1479_875_1478_1477_,0_1_2_3_4_5_6_7_8_9_10_11_12_13_14_15_16_17_18_19_20_21_22_23_24_25_26_27_28_29_30_31_32_33_34_35_36_37_38_39_40_41_42_43_44_45_46_47_48_49_50_51_52_53_54_55_56_57_58_59_60_61_62_63_64_65_66_67_68_69_70_71_72_73_74_75_76_77_78_79_80_81_82_83_84_85_86_87_88_89_90_91_92_93_94_95_96_97_98_99_100_101_102_103_104_105_106_107_108_109_110_111_112_113_114_115_116_117_118_119_120_121_122_123_124_125_126_127_128_129_130_131_132_133_134_135_136_137_138_139_140_141_142_143_144_145_146_147_148_149_150_151_152_153_154_155_156_157_158_159_160_161_162_163_164_165_166_167_168_169_170_171_172_173_174_175_176_177_178_179_180_181_182_183_184_185_186_187_188_189_190_191_192_193_194_195_196_197_198_199_200_201_202_203_204_205_206_207_208_209_210_211_212_213_214_215_216_217_218_219_220_221_222_223_224_225_226_227_228_229_230_231_232_233_234_235_236_237_238_239_240_241_242_243_244_245_246_247_248_249_250_251_252_253_254_255_256_257_258_259_260_261_262_263_264_265_266_267_268_269_270_271_272_273_274_275_276_277_278_279_280_281_282_283_284_285_286_287_288_289_290_291_292_293_294_295_296_297_298_299_300_301_302_303_304_305_306_307_308_309_310_311_312_313_314_315_316_317_318_319_320_321_322_323_324_325_326_327_328_329_330_331_332_333_334_335_336_337_338_339_340_341_342_343_344_345_346_347_348_349_350_351_352_353_354_355_356_357_358_359_360_361_362_363_364_365_366_367_368_369_370_371_372_373_374_375_376_377_378_379_380_381_382_383_384_385_386_387_388_389_390_391_392_393_394_395_396_397_398_399_400_401_402_403_404_405_406_407_408_409_410_411_412_413_414_415_416_417_418_419_420_421_422_423_424_425_426_427_428_429_430_431_432_433_434_435_436_437_438_439_440_441_442_443_444_445_446_447_448_449_450_451_452_453_454_455_456_457_458_459_460_461_462_463_464_465_466_467_468_469_470_471_472_473_474_475_476_477_478_479_480_481_482_483_484_485_486_487_488_489_490_491_492_493_494_495_496_497_498_499_500_501_502_503_504_505_506_507_508_509_510_511_512_513_514_515_516_517_518_519_520_521_522_523_524_525_526_527_528_529_530_531_532_533_534_535_536_537_538_539_540_541_542_543_544_545_546_547_548_549_550_551_552_553_554_555_556_557_558_559_560_561_562_563_564_565_566_567_568_569_570_571_572_573_574_575_576_577_578_579_580_581_582_583_584_585_586_587_588_589_590_591_592_593_594_595_596_597_598_599_600_601_602_603_604_605_606_607_608_609_610_611_612_613_614_615_616_617_618_619_620_621_622_623_624_625_626_627_628_629_630_631_632_633_634_635_636_637_638_639_640_641_642_643_644_645_646_647_648_649_650_651_652_653_654_655_656_657_658_659_660_661_662_663_664_665_666_667_668_669_670_671_672_673_674_675_676_677_678_679_680_681_682_683_684_685_686_687_688_689_690_691_692_693_694_695_696_697_698_699_700_701_702_703_704_705_706_707_708_709_710_711_712_713_714_715_716_717_718_719_720_721_722_723_724_725_726_727_728_729_730_731_732_733_734_735_736_737_738_739_740_741_742_743_744_745_746_747_748_749_750_751_752_753_754_755_756_757_758_759_760_761_762_763_764_765_766_767_768_769_770_771_772_773_774_775_776_777_778_779_780_781_782_783_784_785_786_787_788_789_790_791_792_793_794_795_796_797_798_799_800_801_802_803_804_805_806_807_808_809_810_811_812_813_814_815_816_817_818_819_820_821_822_823_824_825_826_827_828_829_830_831_832_833_834_835_836_837_838_839_840_841_842_843_844_845_846_847_848_849_850_851_852_853_854_855_856_857_858_859_860_861_862_863_864_865_866_867_868_869_870_871_872_873_874_875_876_877_878_879_880_881_882_883_884_885_886_887_888_889_890_891_892_893_894_895_896_897_898_899_900_901_902_903_904_905_906_907_908_909_910_911_912_913_914_915_916_917_918_919_920_921_922_923_924_925_926_927_928_929_930_931_932_933_934_935_936_937_938_939_940_941_942_943_944_945_946_947_948_949_950_951_952_953_954_955_956_957_958_959_960_961_962_963_964_965_966_967_968_969_970_971_972_973_974_975_976_977_978_979_980_981_982_983_984_985_986_987_988_989_990_991_992_993_994_995_996_997_998_999_1000_1001_1002_1003_1004_1005_1006_1007_1008_1009_1010_1011_1012_1013_1014_1015_1016_1017_1018_1019_1020_1021_1022_1023_1024_1025_1026_1027_1028_1029_1030_1031_1032_1033_1034_1035_1036_1037_1038_1039_1040_1041_1042_1043_1044_1045_1046_1047_1048_1049_1050_1051_1052_1053_1054_1055_1056_1057_1058_1059_1060_1061_1062_1063_1064_1065_1066_1067_1068_1069_1070_1071_1072_1073_1074_1075_1076_1077_1078_1079_1080_1081_1082_1083_1084_1085_1086_1087_1088_1089_1090_1091_1092_1093_1094_1095_1096_1097_1098_1099_1100_1101_1102_1103_1104_1105_1106_1107_1108_1109_1110_1111_1112_1113_1114_1115_1116_1117_1118_1119_1120_1121_1122_1123_1124_1125_1126_1127_1128_1129_1130_1131_1132_1133_1134_1135_1136_1137_1138_1139_1140_1141_1142_1143_1144_1145_1146_1147_1148_1149_1150_1151_1152_1153_1154_1155_1156_1157_1158_1159_1160_1161_1162_1163_1164_1165_1166_1167_1168_1169_1170_1171_1172_1173_1174_1175_1176_1177_1178_1179_1180_1181_1182_1183_1184_1185_1186_1187_1188_1189_1190_1191_1192_1193_1194_1195_1196_1197_1198_1199_1200_1201_1202_1203_1204_1205_1206_1207_1208_1209_1210_1211_1212_1213_1214_1215_1216_1217_1218_1219_1220_1221_1222_1223_1224_1225_1226_1227_1228_1229_1230_1231_1232_1233_1234_1235_1236_1237_1238_1239_1240_1241_1242_1243_1244_1245_1246_1247_1248_1249_1250_1251_1252_1253_1254_1255_1256_1257_1258_1259_1260_1261_1262_1263_1264_1265_1266_1267_1268_1269_1270_1271_1272_1273_1274_1275_1276_1277_1278_1279_1280_1281_1282_1283_1284_1285_1286_1287_1288_1289_1290_1291_1292_1293_1294_1295_1296_1297_1298_1299_1300_1301_1302_1303_1304_1305_1306_1307_1308_1309_1310_1311_1312_1313_1314_1315_1316_1317_1318_1319_1320_1321_1322_1323_1324_1325_1326_1327_1328_1329_1330_1331_1332_1333_1334_1335_1336_1337_1338_1339_1340_1341_1342_1343_1344_1345_1346_1347_1348_1349_1350_1351_1352_1353_1354_1355_1356_1357_1358_1359_1360_1361_1362_1363_1364_1365_1366_1367_1368_1369_1370_1371_1372_1373_1374_1375_1376_1377_1378_1379_1380_1381_1382_1383_1384_1385_1386_1387_1388_1389_1390_1391_1392_1393_1394_1395_1396_1397_1398_1399_1400_1401_1402_1403_1404_1405_1406_1407_1408_1409_1410_1411_1412_1413_1414_1415_1416_1417_1418_1419_1420_1421_1422_1423_1424_1425_1426_1427_1428_1429_1430_1431_1432_1433_1434_1435_1436_1437_1438_1439_1440_1441_1442_1443_1444_1445_1446_1447_1448_1449_1450_1451_1452_1453_1454_1455_1456_1457_1458_1459_1460_1461_1462_1463_1464_1465_1466_1467_1468_1469_1470_1471_1472_1473_1474_1475_1476_1477_1478_1479_1480_1481_1482_1483_1484_1485_1486_1487_1488_1489_1490_1491_1492_1493_1494_1495_1496_1497_1498_1499_1500_1501_1502_1503_1504_1505_1506_1507_1508_1509_1510_1511_1512_1513_1514_1515_1516_1517_1518_1519_1520_1521_1522_1523_1524_1525_1526_1527_1528_1529_1530_1531_1532_1533_1534_1535_1536_1537_1538_1539_1540_1541_1542_1543_1544_1545_1546_1547_1548_1549_1550_1551_1552_1553_1554_1555_1556_1557_1558_1559_1560_1561_1562_1563_1564_1565_1566_1567_1568_1569_1570_1571_1572_1573_1574_1575_1576_1577_1578_1579_1580_1581_1582_1583_1584_1585_1586_1587_1588_1589_1590_1591_1592_1593_1594_1595_1596_1597_1598_1599_1600_1601_1602_1603_1604_1605_1606_1607_1608_1609_1610_1611_1612_1613_1614_1615_1616_1617_1618_1619_1620_1621_1622_1623_1624_1625_1626_1627_1628_1629_1630_1631_1632_1633_1634_1635_1636_1637_1638_1639_1640_1641_1642_1643_1644_1645_1646_1647_1648_1649_1650_1651_1652_1653_1654_1655_1656_1657_1658_1659_1660_1661_1662_1663_1664_1665_1666_1667_1668_1669_1670_1671_1672_1673_1674_1675_1676_1677_1678_1679_1680_1681_1682_1683_1684_1685_1686_1687_1688_1689_1690_1691_1692_1693_1694_1695_1696_1697_1698_1699_1700_1701_1702_1703_1704_1705_1706_1707_1708_1709_1710_1711_1712_1713_1714_1715_1716_1717_1718_1719_1720_1721_1722_1723_1724_1725_1726_1727_1728_1729_1730_1731_1732_1733_1734_1735_1736_1737_1738_1739_1740_1741_1742_1743_1744_1745_1746_1747_1748_1749_1750_1751_1752_1753_1754_1755_1756_1757_1758_1759_1760_1761_1762_1763_1764_1765_1766_1767_1768_1769_1770_1771_1772_1773_1774_1775_1776_1777_1778_1779_1780_1781_1782_1783_1784_1785_1786_1787_1788_1789_1790_1791_1792_1793_1794_1795_1796_1797_1798_1799_1800_1801_1802_1803_1804_1805_1806_1807_1808_1809_1810_1811_1812_1813_1814_1815_1816_1817_1818_1819_1820_1821_1822_1823_1824_1825_1826_1827_1828_1829_1830_1831_1832_1833_1834_1835_1836_1837_1838_1839_1840_1841_1842_1843_1844_1845_1846_1847_1848_1849_1850_1851_1852_1853_1854_1855_1856_1857_1858_1859_1860_1861_1862_1863_1864_1865_1866_1867_1868_1869_1870_1871_1872_1873_1874_1875_1876_1877_1878_1879_1880_1881_1882_1883_1884_1885_1886_1887_1888_1889_1890_1891_1892_1893_1894_1895_1896_1897_1898_1899_1900_1901_1902_1903_1904_1905_1906_1907_1908_1909_1910_1911_1912_1913_1914_1915_1916_1917_1918_1919_1920_1921_1922_1923_1924_1925_1926_1927_1928_1929_1930_1931_1932_1933_1934_1935_1936_1937_1938_1939_1940_1941_1942_1943_1944_1945_1946_1947_1948_1949_1950_1951_1952_1953_1954_1955_1956_1957_1958_1959_1960_1961_1962_1963_1964_1965_1966_1967_1968_1969_1970_1971_1972_1973_1974_1975_1976_1977_1978_1979_1980_1981_1982_1983_1984_1985_1986_1987_1988_1989_1990_1991_1992_1993_1994_1995_1996_1997_1998_1999_2000_2001_2002_2003_2004_2005_2006_2007_2008_2009_2010_2011_2012_2013_2014_2015_2016_2017_2018_2019_2020_2021_2022_2023_2024_2025_2026_2027_2028_2029_2030_2031_2032_2033_2034_2035_2036_2037_2038_2039_2040_2041_2042_2043_2044_2045_2046_2047_2048_2049_2050_2051_2052_2053_2054_2055_2056_2057_2058_2059_2060_2061_2062_2063_2064_2065_2066_2067_2068_2069_2070_2071_2072_2073_2074_2075_2076_2077_2078_2079_2080_2081_2082_2083_2084_2085_2086_2087_2088_2089_2090_2091_2092_2093_2094_2095_2096_2097_2098_2099_2100_2101_2102_2103_2104_2105_2106_2107_2108_2109_2110_2111_2112_2113_2114_2115_2116_2117_2118_2119_2120_2121_2122_2123_2124_2125_2126_2127_2128_2129_2130_2131_2132_2133_2134_2135_2136_2137_2138_2139_2140_2141_2142_2143_2144_2145_2146_2147_2148_2149_2150_2151_2152_2153_2154_2155_2156_2157_2158_2159_2160_2161_2162_2163_2164_2165_2166_2167_2168_2169_2170_2171_2172_2173_2174_2175_2176_2177_2178_2179_2180_2181_2182_2183_2184_2185_2186_2187_2188_2189_2190_2191_2192_2193_2194_2195_2196_2197_2198_2199_2200_2201_2202_2203_2204_2205_2206_2207_2208_2209_2210_2211_2212_2213_2214_2215_2216_2217_2218_2219_2220_2221_2222_2223_2224_2225_2226_2227_2228_2229_2230_2231_2232_2233_2234_2235_2236_2237_2238_2239_2240_2241_2242_2243_2244_2245_2246_2247_2248_2249_2250_2251_2252_2253_2254_2255_2256_2257_2258_2259_2260_2261_2262_2263_2264_2265_2266_2267_2268_2269_2270_2271_2272_2273_2274_2275_2276_2277_2278_2279_2280_2281_2282_2283_2284_2285_2286_2287_2288_2289_2290_2291_2292_2293_2294_2295_2296_2297_2298_2299_2300_2301_2302_2303_2304_2305_2306_2307_2308_2309_2310_2311_2312_2313_2314_2315_2316_2317_2318_2319_2320_2321_2322_2323_2324_2325_2326_2327_2328_2329_2330_2331_2332_2333_2334_2335_2336_2337_2338_2339_2340_2341_2342_2343_2344_2345_2346_2347_2348_2349_2350_2351_2352_2353_2354_2355_2356_2357_2358_2359_2360_2361_2362_2363_2364_2365_2366_2367_2368_2369_2370_2371_2372_2373_2374_2375_2376_2377_2378_2379_2380_2381_2382_2383_2384_2385_2386_2387_2388_2389_2390_2391_2392_2393_2394_2395_,8:{10;1240;1082;1081;1080;11;1078;}22:{23;19;26;18;17;16;2139;15;2140;}26:{79;}34:{33;37;38;30;39;29;28;41;1261;27;1263;}50:{51;52;1273;1272;2314;2313;43;2312;}54:{49;46;45;44;50;}58:{80;91;102;114;}59:{1051;1050;54;1049;53;1048;1047;48;1052;}63:{59;57;56;55;}66:{63;62;61;60;40;}71:{70;72;68;73;67;74;66;75;65;76;64;77;34;35;32;31;}90:{86;85;}91:{125;557;446;1180;136;335;147;}94:{93;92;90;89;88;1222;}103:{457;459;460;108;1083;1084;1085;1073;1086;1071;1088;}109:{112;116;1089;1091;1092;1087;117;1094;}124:{456;455;911;454;912;453;914;452;915;451;411;917;}131:{124;122;}134:{133;135;132;131;130;129;128;120;127;121;126;123;}142:{137;110;111;115;134;}146:{144;143;152;153;154;326;}147:{158;169;180;202;213;}162:{156;155;}165:{164;166;163;162;168;161;170;598;160;597;159;581;587;586;157;584;}184:{185;187;188;}213:{225;236;247;258;224;113;2;269;2285;}222:{322;321;215;}223:{222;221;220;219;229;218;230;243;217;231;1144;}242:{235;234;233;}247:{280;291;2174;302;2063;313;602;}248:{798;797;775;776;774;777;250;}261:{887;886;308;885;309;310;882;}271:{273;274;842;843;872;275;871;276;844;870;277;845;869;867;866;}289:{287;}299:{295;294;741;293;}304:{303;301;300;299;298;297;296;}321:{1137;216;1135;245;1134;246;1133;214;1148;1146;1132;212;1145;211;1143;}326:{325;1108;323;1109;910;1110;909;1111;908;1115;1116;200;}329:{328;330;327;331;332;175;174;176;173;573;172;165;167;171;}338:{339;340;341;342;343;443;444;442;445;344;441;449;345;}345:{346;348;905;349;434;351;}351:{350;256;320;257;319;255;318;259;254;260;317;253;316;252;315;}360:{363;364;365;366;367;}379:{899;900;}383:{381;379;378;896;898;}387:{386;388;385;384;428;383;429;382;}401:{943;942;944;374;941;373;945;395;940;372;947;939;371;394;}417:{422;963;964;962;965;961;966;960;967;973;972;971;}433:{937;352;312;}436:{433;432;936;430;353;}442:{440;439;438;448;437;928;929;927;930;926;436;450;907;906;}453:{918;919;920;916;}470:{473;474;475;2347;2346;2348;463;2345;2349;462;2344;2343;461;1210;}473:{476;1211;1209;2357;2356;2350;1208;1207;2351;2353;2355;2354;}479:{478;477;1538;1537;1536;2336;2337;}489:{488;2183;2182;2181;2180;2179;2187;490;486;2178;2188;1198;485;1199;1534;}506:{509;505;622;510;495;511;494;512;493;514;492;}521:{523;525;}524:{469;447;}534:{1186;1187;1182;1188;1189;526;1178;}539:{540;541;543;544;}551:{550;552;549;553;548;554;545;}558:{535;524;513;502;491;480;}561:{562;199;563;198;564;556;565;566;567;542;}564:{568;570;571;186;547;184;}571:{572;555;551;}574:{560;559;539;561;197;}578:{577;579;576;575;574;538;}587:{588;585;589;590;592;583;582;593;599;600;594;607;601;604;237;}590:{595;596;205;610;614;}595:{201;206;207;209;}607:{606;608;605;609;603;611;612;232;226;227;223;228;615;}608:{616;}620:{1598;1600;1601;528;1602;}623:{625;536;626;627;530;531;628;532;529;533;629;534;1183;1184;1181;527;1185;630;1179;}629:{631;632;639;640;633;641;642;}640:{663;643;664;665;645;666;}649:{647;1156;1155;1154;}655:{653;652;651;650;649;648;1157;644;}661:{662;659;1192;1190;1193;1194;656;1195;655;1196;654;1197;}664:{667;670;671;672;}670:{673;674;676;694;}674:{675;693;677;695;678;696;679;697;}684:{683;682;}691:{680;669;646;635;}692:{690;689;681;}695:{698;699;700;701;703;}698:{740;739;738;}716:{717;718;719;720;307;721;306;722;305;723;304;708;}732:{731;730;729;728;727;726;725;}739:{737;736;734;733;732;}753:{292;290;289;288;}754:{714;712;711;715;710;716;709;}760:{759;758;756;755;1139;754;1140;}765:{1141;}776:{778;781;794;782;773;795;783;796;784;771;801;748;747;}780:{768;791;757;746;735;724;713;1177;702;1176;691;1175;624;613;657;}784:{785;786;787;788;789;818;792;817;793;251;}793:{790;819;820;821;822;823;816;825;}796:{799;800;749;745;750;803;744;751;804;743;752;805;742;753;806;}806:{807;808;809;810;811;812;814;}807:{832;}816:{815;831;}825:{826;827;828;829;830;262;261;264;314;837;311;}832:{833;286;285;284;283;282;281;}837:{836;838;834;839;840;268;267;270;266;271;841;265;272;263;278;279;}845:{847;848;849;850;851;852;883;884;853;}848:{881;878;}850:{854;855;856;}856:{858;859;873;860;874;861;}857:{458;}860:{862;}870:{865;864;863;}877:{875;}890:{69;}892:{877;876;}900:{893;897;892;895;889;888;}920:{921;922;923;925;400;401;399;403;398;404;397;405;396;406;}929:{931;932;933;934;390;389;431;387;}935:{979;990;1002;1013;1558;}938:{393;392;}941:{938;357;356;359;355;360;354;948;361;362;370;}953:{949;368;}956:{954;953;952;951;991;992;377;950;376;}962:{959;958;956;985;986;984;987;983;955;969;988;982;}973:{970;975;1056;}982:{981;980;978;977;976;996;1015;1016;997;1017;998;1022;989;}989:{993;994;375;}996:{1021;999;1000;1044;1003;1045;1067;}1003:{1004;1005;1006;1007;1008;1009;1010;1032;1034;}1008:{1014;1025;}1013:{1024;1035;1171;1046;1170;1057;1168;1068;1167;1079;1562;380;347;}1016:{1018;1019;1020;1039;1104;1105;1106;}1020:{1107;995;}1029:{1041;1042;1043;}1032:{1031;1033;1030;1029;1036;1028;1037;1027;1038;1011;1026;1012;1040;}1043:{1023;}1056:{1055;1058;1054;1053;}1066:{1060;1059;71;}1071:{1070;1072;1069;1066;1074;427;1065;426;1075;1064;425;1076;1063;423;1077;1062;1061;974;}1079:{1090;857;402;846;391;835;413;824;369;424;813;358;435;802;780;}1080:{82;84;}1089:{1093;1095;416;417;415;418;414;419;412;1096;420;421;}1095:{1097;1098;1099;1100;118;1102;119;1103;}1099:{410;409;408;407;}1115:{1117;1118;1119;1120;1121;203;}1120:{1122;1123;1124;1126;1127;208;334;204;337;1128;338;}1128:{1129;1130;1131;904;903;901;210;}1141:{1142;}1145:{248;249;772;}1150:{766;763;762;764;761;765;767;760;244;1138;}1154:{1153;1152;1151;1150;1149;}1168:{1166;1165;1164;1565;1563;1163;1566;1162;1561;1161;1567;1560;1160;1101;1159;}1173:{1172;692;}1175:{1169;1158;1147;1174;1136;1173;1125;1114;}1182:{660;661;658;}1197:{242;241;240;239;238;}1199:{1200;1201;1203;1204;484;467;468;466;470;1205;465;471;472;1206;1533;464;}1209:{2358;2359;2360;2361;1221;}1214:{1216;1217;1218;94;1219;1220;}1221:{1228;}1247:{1280;191;}1248:{1251;1252;1253;1231;1229;}1253:{1254;1255;1256;1257;4;2395;5;2394;6;2393;7;1238;1239;2386;2384;2387;2383;1234;2389;}1257:{99;2392;8;100;2391;9;101;103;2390;1259;104;2388;105;}1263:{1262;1264;1265;1260;1266;1267;1268;1270;1271;2272;}1265:{42;}1283:{1284;1285;1286;1287;1325;1288;1326;1289;1327;1290;}1290:{1292;1293;1294;1295;1296;1297;1334;2236;}1293:{1298;1299;}1298:{1301;1303;1304;}1304:{1308;1310;}1326:{1328;1729;1329;1728;1330;1421;1727;1331;1726;1420;1332;1725;1419;1723;}1335:{890;668;}1337:{1338;1339;1340;1341;1342;1343;1386;1382;1344;}1339:{1345;1383;1384;1379;1385;1378;}1345:{1346;1348;1349;1350;1351;}1349:{1352;1353;1354;1355;1305;}1354:{1356;1357;1359;1360;1361;1474;1362;1475;1366;1367;1476;1364;1309;1307;}1358:{1213;1225;1236;1202;1247;1258;1191;1269;1447;}1368:{1363;}1371:{1368;1365;}1377:{1374;1373;1372;1371;1370;}1382:{1381;1377;1376;1387;1375;}1398:{1722;}1401:{1399;1398;1397;1396;1395;1721;1718;1724;}1406:{1404;1416;1403;1417;1401;1418;1400;1716;1715;1717;1714;}1411:{1406;1405;}1412:{1713;}1414:{1412;1415;1411;1410;1520;1409;1408;1407;1530;1531;}1420:{1392;1390;1393;1394;1389;1388;1333;1337;}1425:{1426;1427;1428;1429;1739;1436;1738;1437;1737;}1435:{1469;1480;1491;1502;1524;}1442:{2211;1434;2210;1433;2209;1432;2213;1431;2214;2085;2083;2082;}1445:{1444;1443;1442;1441;1440;1439;2087;2212;}1491:{1513;1535;1611;1546;1610;1554;1609;1555;1556;1591;1590;1589;1336;1593;}1498:{1499;1493;1500;1492;1490;1501;1489;1488;}1500:{1503;1504;1505;1487;1486;1506;}1503:{1507;1508;1485;1484;1483;1482;1517;1481;}1507:{1518;1516;1479;}1510:{1498;1497;1496;1495;2288;1494;2289;}1518:{1478;1477;}1528:{1532;}1544:{1545;1542;1547;1541;1548;181;179;182;178;183;177;329;333;}1556:{1557;902;1347;913;924;891;1324;935;879;1313;946;868;1302;957;1291;968;}1570:{686;685;684;634;1559;}1575:{1335;1224;1113;1001;779;58;}1576:{1571;}1579:{1582;1424;1583;1435;1584;1458;}1582:{1585;1587;1588;}1583:{518;519;516;520;537;}1585:{517;515;521;522;578;}1591:{1592;1594;620;619;1595;618;617;1596;1599;}1598:{1603;1604;623;}1603:{1605;1606;1607;1570;1569;638;637;1568;688;636;687;}1608:{1575;1864;1875;1886;1446;}1616:{1612;621;506;507;508;}1622:{1621;1618;1617;1616;1626;1615;1627;1614;1613;}1629:{1628;1630;1632;1633;1634;}1641:{1644;1645;1637;1646;1636;1647;1648;}1644:{1649;1650;1654;1656;1651;1657;}1650:{1652;1655;2004;2005;2000;2006;1658;1639;}1652:{1659;2024;}1653:{1620;1608;1597;1586;1564;1553;}1661:{1660;}1666:{1663;1981;1982;1980;1983;1979;1661;1978;1977;1673;1976;1974;1973;1674;}1688:{1689;1690;2022;2023;1691;1692;1752;1693;1963;1694;2039;1748;}1697:{1686;1708;1675;1664;1653;1786;1552;1642;1551;1631;1550;2141;2163;}1698:{1699;1700;1765;1701;1766;1702;1763;1768;1762;1703;1761;1759;1758;1757;1756;1740;}1706:{1709;1710;1525;1711;1523;1712;1528;1522;1519;1529;1521;1414;}1751:{1449;1445;1745;1754;1744;1732;1733;}1759:{1760;1741;1743;1704;1527;1705;1755;1706;1526;1707;}1768:{1950;}1773:{1776;1777;1778;1779;1988;1989;1987;1990;1780;1985;1991;1984;1781;}1809:{1810;1812;1813;1814;1815;}1824:{1825;1826;1827;1828;1896;1895;1894;1893;}1840:{1920;1803;1804;1802;1805;1921;1806;1807;1809;1801;1811;}1847:{1844;1859;1843;1860;1840;1870;1839;1869;1834;1833;}1853:{3;1842;2385;14;1830;2374;25;1819;2363;36;1808;2352;47;1797;2341;1731;1742;1719;2330;1697;}1857:{1858;1771;1668;1669;1772;1667;1670;1666;1861;1671;1665;1862;1672;1863;1865;1662;}1863:{1866;1916;1867;1868;1914;1913;1915;1871;1900;1901;1770;1899;1769;}1871:{1938;1937;1873;1917;1918;1876;1923;1922;1877;1924;1832;}1875:{1576;1573;1572;}1879:{1882;1884;}1893:{1892;1891;1890;1889;}1898:{1878;1881;}1903:{1907;1909;1874;1879;}1907:{1910;1911;1912;1888;1887;1885;1939;1880;}1912:{1940;1942;1883;}1913:{1903;1898;1904;1905;1906;1872;}1923:{1831;1829;1925;1926;1927;1816;1928;1818;}1928:{1929;1931;1932;1933;1934;1821;1822;1820;1823;1935;1824;1817;1936;}1945:{1962;1960;1959;}1948:{1947;1946;1945;1944;1943;1902;1961;}1953:{1930;1975;1919;1986;1997;2008;1622;1578;1577;2019;1574;}1960:{1958;1957;1956;1955;1695;1696;1698;1954;1767;1951;}1970:{1682;1967;1684;1678;1966;1685;2018;2021;1677;1676;1965;1687;1949;1688;1948;}1974:{1972;1971;1970;1969;2014;2015;2013;2016;2012;2017;1968;2011;1681;1680;2020;1683;1679;}1991:{1992;1993;1994;1995;1784;1996;1783;1998;1782;1838;1855;1999;1854;1852;1851;}1999:{1850;1849;1848;1837;1847;1856;1836;1846;1835;1857;1845;}2000:{2001;2002;2003;2327;2328;2329;1640;2326;2061;2062;2060;2325;2065;2050;2059;2051;1635;2317;2066;2053;2067;}2003:{2331;2068;2058;2332;2316;}2019:{2030;2041;2052;2064;2075;2086;}2024:{2025;2007;2009;2026;2010;2055;2027;2028;2029;2054;2049;2031;2048;2047;2032;2315;2046;2033;}2029:{2045;2056;2057;}2039:{2038;2040;2037;1749;1750;2042;1751;2036;2043;2035;1747;1450;2034;2093;1746;2044;2092;1448;}2058:{2324;2323;2322;2321;2320;}2064:{2097;1380;1391;1369;1579;1358;1402;1580;1413;1581;}2066:{1539;}2094:{2096;}2104:{2102;2106;2101;2107;2109;2100;2110;2111;2228;2229;2098;}2108:{1897;1908;2263;2274;}2110:{2113;2114;2115;2116;}2114:{2117;2118;2120;2121;2122;}2122:{2123;2124;2125;2126;2127;2128;2142;2143;1323;2248;}2127:{2129;2131;1322;1321;2132;1320;2133;1319;2134;2250;2136;2137;}2129:{2135;21;22;20;24;2138;}2153:{2151;2150;2149;2148;2147;2146;87;2145;}2160:{2158;2157;2156;2155;2154;2104;2153;2105;}2163:{2152;2175;1549;2186;2197;2130;2208;2119;2219;2108;2230;}2170:{2169;98;1214;97;1212;2167;96;2166;95;2165;2164;2202;2201;2200;}2174:{1952;1841;591;1730;580;1619;569;1112;558;546;}2178:{2176;2173;2172;2171;2170;1215;2168;}2186:{1643;1641;2241;1773;1774;1638;}2188:{2189;2074;2190;2073;2191;2072;2076;2192;2071;2193;2077;2070;2194;2078;2195;2177;}2191:{2079;2196;2080;2198;}2201:{2203;2199;2204;2162;2205;2161;2206;2160;2207;2159;2099;2103;}2214:{2215;2216;2217;2218;2220;1430;1425;2094;}2218:{2221;2222;2223;2224;1277;1278;1276;1279;1422;1281;1423;}2222:{1275;2225;1274;2226;1282;2227;1283;2095;}2228:{2231;2232;2233;2234;}2234:{2235;2237;2238;2239;2240;2112;}2235:{2242;}2238:{2243;2244;2245;2246;1300;}2246:{2247;2249;2251;1318;1306;}2251:{2253;1317;1316;2254;1315;2255;1314;2256;1312;2257;1311;2258;}2253:{2259;2260;}2260:{2261;2262;2264;2265;2266;}2263:{2252;2286;2297;2308;2319;1953;1625;1941;1624;1964;1629;1623;}2264:{2267;2268;2269;2270;2271;}2271:{2273;2275;2276;2277;2278;1514;1515;1512;2279;}2273:{2280;}2288:{2290;2291;2292;2293;2294;2296;}2296:{2295;2298;2299;2300;2301;2302;}2302:{2303;2304;2305;2306;2307;2309;}2307:{2310;2311;}2312:{2281;2282;2283;1511;2284;1510;2287;1509;}2320:{2318;489;2184;2185;487;}2331:{481;}2332:{2334;2333;2335;483;497;482;496;1540;479;}2337:{2338;2339;2340;2342;196;195;194;193;192;}2341:{1853;}2342:{190;189;}2361:{2362;2364;2365;2366;2367;2368;1543;1544;}2368:{2369;2370;1243;2371;1244;1242;2372;1241;1245;2373;2375;1246;2376;1227;1226;1223;}2371:{1248;1249;1250;2377;}2377:{2378;2379;2380;2381;2382;}2379:{150;149;148;151;146;145;}2391:{142;141;140;139;138;107;109;106;},93_94_170_330_331_555_597_598_642_643_654_655_656_664_665_680_682_691_702_713_724_735_1147_1158_1177_1197_1220_1221_1277_1278_1279_1281_1405_1406_1542_1543_1722_1723_2103_2104_2158_2159_2225_2362_2364_,1853-3*0_1853-1842*0_1853-2385*0_1853-14*0_1853-1830*0_1853-2374*0_1853-25*0_1853-1819*0_1853-2363*0_1853-36*0_1853-1808*0_1853-2352*0_1853-47*0_1853-1797*0_1853-2341*0_1853-1731*0_1853-1742*0_1853-1719*0_1853-2330*0_1853-1697*0_1697-1686*1_1697-1708*1_1697-1675*1_1697-1664*1_1697-1653*1_1697-1786*1_1697-1552*1_1697-1642*1_1697-1551*1_1697-1631*1_1697-1550*1_1697-2141*1_1697-2163*1_1653-1620*2_1653-1608*2_1653-1597*2_1653-1586*2_1653-1564*2_1653-1553*2_2163-2152*2_2163-2175*2_2163-1549*2_2163-2186*2_2163-2197*2_2163-2130*2_2163-2208*2_2163-2119*2_2163-2219*2_2163-2108*2_2163-2230*2_1608-1575*3_1608-1864*3_1608-1875*3_1608-1886*3_1608-1446*3_2108-1897*3_2108-1908*3_2108-2263*3_2108-2274*3_2186-1643*3_2186-1641*3_2186-2241*3_2186-1773*3_2186-1774*3_2186-1638*3_1641-1644*4_1641-1645*4_1641-1637*4_1641-1646*4_1641-1636*4_1641-1647*4_1641-1648*4_2263-2252*4_2263-2286*4_2263-2297*4_2263-2308*4_2263-2319*4_2263-1953*4_2263-1625*4_2263-1941*4_2263-1624*4_2263-1964*4_2263-1629*4_2263-1623*4_1644-1649*5_1644-1650*5_1644-1654*5_1644-1656*5_1644-1651*5_1644-1657*5_2341-1853*1_1650-1652*6_1650-1655*6_1650-2004*6_1650-2005*6_1650-2000*6_1650-2006*6_1650-1658*6_1650-1639*6_1953-1930*5_1953-1975*5_1953-1919*5_1953-1986*5_1953-1997*5_1953-2008*5_1953-1622*5_1953-1578*5_1953-1577*5_1953-2019*5_1953-1574*5_1652-1659*7_1652-2024*7_1875-1576*4_1875-1573*4_1875-1572*4_1773-1776*4_1773-1777*4_1773-1778*4_1773-1779*4_1773-1988*4_1773-1989*4_1773-1987*4_1773-1990*4_1773-1780*4_1773-1985*4_1773-1991*4_1773-1984*4_1773-1781*4_1622-1621*6_1622-1618*6_1622-1617*6_1622-1616*6_1622-1626*6_1622-1615*6_1622-1627*6_1622-1614*6_1622-1613*6_1991-1992*5_1991-1993*5_1991-1994*5_1991-1995*5_1991-1784*5_1991-1996*5_1991-1783*5_1991-1998*5_1991-1782*5_1991-1838*5_1991-1855*5_1991-1999*5_1991-1854*5_1991-1852*5_1991-1851*5_1616-1612*7_1616-621*7_1616-506*7_1616-507*7_1616-508*7_1999-1850*6_1999-1849*6_1999-1848*6_1999-1837*6_1999-1847*6_1999-1856*6_1999-1836*6_1999-1846*6_1999-1835*6_1999-1857*6_1999-1845*6_1847-1844*7_1847-1859*7_1847-1843*7_1847-1860*7_1847-1840*7_1847-1870*7_1847-1839*7_1847-1869*7_1847-1834*7_1847-1833*7_506-509*8_506-505*8_506-622*8_506-510*8_506-495*8_506-511*8_506-494*8_506-512*8_506-493*8_506-514*8_506-492*8_1576-1571*5_1857-1858*7_1857-1771*7_1857-1668*7_1857-1669*7_1857-1772*7_1857-1667*7_1857-1670*7_1857-1666*7_1857-1861*7_1857-1671*7_1857-1665*7_1857-1862*7_1857-1672*7_1857-1863*7_1857-1865*7_1857-1662*7_1666-1663*8_1666-1981*8_1666-1982*8_1666-1980*8_1666-1983*8_1666-1979*8_1666-1661*8_1666-1978*8_1666-1977*8_1666-1673*8_1666-1976*8_1666-1974*8_1666-1973*8_1666-1674*8_2000-2001*7_2000-2002*7_2000-2003*7_2000-2327*7_2000-2328*7_2000-2329*7_2000-1640*7_2000-2326*7_2000-2061*7_2000-2062*7_2000-2060*7_2000-2325*7_2000-2065*7_2000-2050*7_2000-2059*7_2000-2051*7_2000-1635*7_2000-2317*7_2000-2066*7_2000-2053*7_2000-2067*7_1575-1335*4_1575-1224*4_1575-1113*4_1575-1001*4_1575-779*4_1575-58*4_2003-2331*8_2003-2068*8_2003-2058*8_2003-2332*8_2003-2316*8_1335-890*5_1335-668*5_1974-1972*9_1974-1971*9_1974-1970*9_1974-1969*9_1974-2014*9_1974-2015*9_1974-2013*9_1974-2016*9_1974-2012*9_1974-2017*9_1974-1968*9_1974-2011*9_1974-1681*9_1974-1680*9_1974-2020*9_1974-1683*9_1974-1679*9_1970-1682*10_1970-1967*10_1970-1684*10_1970-1678*10_1970-1966*10_1970-1685*10_1970-2018*10_1970-2021*10_1970-1677*10_1970-1676*10_1970-1965*10_1970-1687*10_1970-1949*10_1970-1688*10_1970-1948*10_1629-1628*5_1629-1630*5_1629-1632*5_1629-1633*5_1629-1634*5_2024-2025*8_2024-2007*8_2024-2009*8_2024-2026*8_2024-2010*8_2024-2055*8_2024-2027*8_2024-2028*8_2024-2029*8_2024-2054*8_2024-2049*8_2024-2031*8_2024-2048*8_2024-2047*8_2024-2032*8_2024-2315*8_2024-2046*8_2024-2033*8_1661-1660*9_2332-2334*9_2332-2333*9_2332-2335*9_2332-483*9_2332-497*9_2332-482*9_2332-496*9_2332-1540*9_2332-479*9_1688-1689*11_1688-1690*11_1688-2022*11_1688-2023*11_1688-1691*11_1688-1692*11_1688-1752*11_1688-1693*11_1688-1963*11_1688-1694*11_1688-2039*11_1688-1748*11_2058-2324*9_2058-2323*9_2058-2322*9_2058-2321*9_2058-2320*9_2019-2030*6_2019-2041*6_2019-2052*6_2019-2064*6_2019-2075*6_2019-2086*6_1863-1866*8_1863-1916*8_1863-1867*8_1863-1868*8_1863-1914*8_1863-1913*8_1863-1915*8_1863-1871*8_1863-1900*8_1863-1901*8_1863-1770*8_1863-1899*8_1863-1769*8_1948-1947*11_1948-1946*11_1948-1945*11_1948-1944*11_1948-1943*11_1948-1902*11_1948-1961*11_2039-2038*12_2039-2040*12_2039-2037*12_2039-1749*12_2039-1750*12_2039-2042*12_2039-1751*12_2039-2036*12_2039-2043*12_2039-2035*12_2039-1747*12_2039-1450*12_2039-2034*12_2039-2093*12_2039-1746*12_2039-2044*12_2039-2092*12_2039-1448*12_1751-1449*13_1751-1445*13_1751-1745*13_1751-1754*13_1751-1744*13_1751-1732*13_1751-1733*13_1945-1962*12_1945-1960*12_1945-1959*12_2320-2318*10_2320-489*10_2320-2184*10_2320-2185*10_2320-487*10_2064-2097*7_2064-1380*7_2064-1391*7_2064-1369*7_2064-1579*7_2064-1358*7_2064-1402*7_2064-1580*7_2064-1413*7_2064-1581*7_1960-1958*13_1960-1957*13_1960-1956*13_1960-1955*13_1960-1695*13_1960-1696*13_1960-1698*13_1960-1954*13_1960-1767*13_1960-1951*13_2029-2045*9_2029-2056*9_2029-2057*9_1698-1699*14_1698-1700*14_1698-1765*14_1698-1701*14_1698-1766*14_1698-1702*14_1698-1763*14_1698-1768*14_1698-1762*14_1698-1703*14_1698-1761*14_1698-1759*14_1698-1758*14_1698-1757*14_1698-1756*14_1698-1740*14_489-488*11_489-2183*11_489-2182*11_489-2181*11_489-2180*11_489-2179*11_489-2187*11_489-490*11_489-486*11_489-2178*11_489-2188*11_489-1198*11_489-485*11_489-1199*11_489-1534*11_1768-1950*15_1759-1760*15_1759-1741*15_1759-1743*15_1759-1704*15_1759-1527*15_1759-1705*15_1759-1755*15_1759-1706*15_1759-1526*15_1759-1707*15_1199-1200*12_1199-1201*12_1199-1203*12_1199-1204*12_1199-484*12_1199-467*12_1199-468*12_1199-466*12_1199-470*12_1199-1205*12_1199-465*12_1199-471*12_1199-472*12_1199-1206*12_1199-1533*12_1199-464*12_890-69*6_1840-1920*8_1840-1803*8_1840-1804*8_1840-1802*8_1840-1805*8_1840-1921*8_1840-1806*8_1840-1807*8_1840-1809*8_1840-1801*8_1840-1811*8_470-473*13_470-474*13_470-475*13_470-2347*13_470-2346*13_470-2348*13_470-463*13_470-2345*13_470-2349*13_470-462*13_470-2344*13_470-2343*13_470-461*13_470-1210*13_2066-1539*8_1579-1582*8_1579-1424*8_1579-1583*8_1579-1435*8_1579-1584*8_1579-1458*8_2331-481*9_2188-2189*12_2188-2074*12_2188-2190*12_2188-2073*12_2188-2191*12_2188-2072*12_2188-2076*12_2188-2192*12_2188-2071*12_2188-2193*12_2188-2077*12_2188-2070*12_2188-2194*12_2188-2078*12_2188-2195*12_2188-2177*12_479-478*10_479-477*10_479-1538*10_479-1537*10_479-1536*10_479-2336*10_479-2337*10_1582-1585*9_1582-1587*9_1582-1588*9_1358-1213*8_1358-1225*8_1358-1236*8_1358-1202*8_1358-1247*8_1358-1258*8_1358-1191*8_1358-1269*8_1358-1447*8_2178-2176*12_2178-2173*12_2178-2172*12_2178-2171*12_2178-2170*12_2178-1215*12_2178-2168*12_2191-2079*13_2191-2196*13_2191-2080*13_2191-2198*13_1435-1469*9_1435-1480*9_1435-1491*9_1435-1502*9_1435-1524*9_1913-1903*9_1913-1898*9_1913-1904*9_1913-1905*9_1913-1906*9_1913-1872*9_473-476*14_473-1211*14_473-1209*14_473-2357*14_473-2356*14_473-2350*14_473-1208*14_473-1207*14_473-2351*14_473-2353*14_473-2355*14_473-2354*14_1706-1709*16_1706-1710*16_1706-1525*16_1706-1711*16_1706-1523*16_1706-1712*16_1706-1528*16_1706-1522*16_1706-1519*16_1706-1529*16_1706-1521*16_1706-1414*16_1903-1907*10_1903-1909*10_1903-1874*10_1903-1879*10_1445-1444*14_1445-1443*14_1445-1442*14_1445-1441*14_1445-1440*14_1445-1439*14_1445-2087*14_1445-2212*14_1442-2211*15_1442-1434*15_1442-2210*15_1442-1433*15_1442-2209*15_1442-1432*15_1442-2213*15_1442-1431*15_1442-2214*15_1442-2085*15_1442-2083*15_1442-2082*15_1809-1810*9_1809-1812*9_1809-1813*9_1809-1814*9_1809-1815*9_1414-1412*17_1414-1415*17_1414-1411*17_1414-1410*17_1414-1520*17_1414-1409*17_1414-1408*17_1414-1407*17_1414-1530*17_1414-1531*17_2170-2169*13_2170-98*13_2170-1214*13_2170-97*13_2170-1212*13_2170-2167*13_2170-96*13_2170-2166*13_2170-95*13_2170-2165*13_2170-2164*13_2170-2202*13_2170-2201*13_2170-2200*13_2201-2203*14_2201-2199*14_2201-2204*14_2201-2162*14_2201-2205*14_2201-2161*14_2201-2206*14_2201-2160*14_2201-2207*14_2201-2159*14_2201-2099*14_2201-2103*14_2214-2215*16_2214-2216*16_2214-2217*16_2214-2218*16_2214-2220*16_2214-1430*16_2214-1425*16_2214-2094*16_2160-2158*15_2160-2157*15_2160-2156*15_2160-2155*15_2160-2154*15_2160-2104*15_2160-2153*15_2160-2105*15_1214-1216*14_1214-1217*14_1214-1218*14_1214-94*14_1214-1219*14_1214-1220*14_2218-2221*17_2218-2222*17_2218-2223*17_2218-2224*17_2218-1277*17_2218-1278*17_2218-1276*17_2218-1279*17_2218-1422*17_2218-1281*17_2218-1423*17_1871-1938*9_1871-1937*9_1871-1873*9_1871-1917*9_1871-1918*9_1871-1876*9_1871-1923*9_1871-1922*9_1871-1877*9_1871-1924*9_1871-1832*9_2222-1275*18_2222-2225*18_2222-1274*18_2222-2226*18_2222-1282*18_2222-2227*18_2222-1283*18_2222-2095*18_1491-1513*10_1491-1535*10_1491-1611*10_1491-1546*10_1491-1610*10_1491-1554*10_1491-1609*10_1491-1555*10_1491-1556*10_1491-1591*10_1491-1590*10_1491-1589*10_1491-1336*10_1491-1593*10_1283-1284*19_1283-1285*19_1283-1286*19_1283-1287*19_1283-1325*19_1283-1288*19_1283-1326*19_1283-1289*19_1283-1327*19_1283-1290*19_2104-2102*16_2104-2106*16_2104-2101*16_2104-2107*16_2104-2109*16_2104-2100*16_2104-2110*16_2104-2111*16_2104-2228*16_2104-2229*16_2104-2098*16_2337-2338*11_2337-2339*11_2337-2340*11_1907-1910*11_2337-2342*11_1907-1911*11_2337-196*11_2337-195*11_1907-1912*11_2337-194*11_2337-193*11_1907-1888*11_1907-1887*11_2337-192*11_1907-1885*11_1907-1939*11_1907-1880*11_1556-1557*11_1556-902*11_1556-1347*11_1556-913*11_1556-924*11_1556-891*11_1556-1324*11_1556-935*11_1556-879*11_1556-1313*11_1556-946*11_1556-868*11_1556-1302*11_1556-957*11_1556-1291*11_1556-968*11_1898-1878*10_1898-1881*10_58-80*5_58-91*5_58-102*5_58-114*5_1209-2358*15_1209-2359*15_1209-2360*15_1209-2361*15_1209-1221*15_1411-1406*18_1411-1405*18_1912-1940*12_1912-1942*12_1912-1883*12_2361-2362*16_2361-2364*16_2361-2365*16_2361-2366*16_2361-2367*16_2361-2368*16_2361-1543*16_2361-1544*16_1406-1404*19_1406-1416*19_1406-1403*19_1406-1417*19_1406-1401*19_1406-1418*19_1406-1400*19_1406-1716*19_1406-1715*19_1406-1717*19_1406-1714*19_1544-1545*17_1544-1542*17_1544-1547*17_1544-1541*17_1544-1548*17_1544-181*17_1544-179*17_1544-182*17_1544-178*17_1544-183*17_1544-177*17_1544-329*17_1544-333*17_1923-1831*10_1923-1829*10_1923-1925*10_1923-1926*10_1923-1927*10_1923-1816*10_1923-1928*10_1923-1818*10_2153-2151*16_2153-2150*16_2153-2149*16_2153-2148*16_2153-2147*16_2153-2146*16_2153-87*16_2153-2145*16_2228-2231*17_2228-2232*17_2228-2233*17_2228-2234*17_94-93*15_94-92*15_94-90*15_94-89*15_94-88*15_94-1222*15_1326-1328*20_1326-1729*20_1326-1329*20_1326-1728*20_1326-1330*20_1326-1421*20_1326-1727*20_1326-1331*20_1326-1726*20_1326-1420*20_1326-1332*20_1326-1725*20_1326-1419*20_1326-1723*20_1591-1592*11_1591-1594*11_1591-620*11_1591-619*11_1591-1595*11_1591-618*11_1591-617*11_1591-1596*11_1591-1599*11_935-979*12_935-990*12_935-1002*12_935-1013*12_935-1558*12_1583-518*9_1583-519*9_1583-516*9_1583-520*9_1583-537*9_91-125*6_91-557*6_91-446*6_91-1180*6_91-136*6_91-335*6_91-147*6_1247-1280*9_1247-191*9_90-86*16_90-85*16_147-158*7_147-169*7_147-180*7_147-202*7_147-213*7_2342-190*12_2342-189*12_620-1598*12_620-1600*12_620-1601*12_620-528*12_620-1602*12_1928-1929*11_1928-1931*11_1928-1932*11_1928-1933*11_1928-1934*11_1928-1821*11_1928-1822*11_1928-1820*11_1928-1823*11_1928-1935*11_1928-1824*11_1928-1817*11_1928-1936*11_1585-517*10_1585-515*10_1585-521*10_1585-522*10_1585-578*10_1290-1292*20_1290-1293*20_1290-1294*20_1290-1295*20_1290-1296*20_1290-1297*20_1290-1334*20_1290-2236*20_2368-2369*17_2368-2370*17_2368-1243*17_2368-2371*17_2368-1244*17_2368-1242*17_2368-2372*17_2368-1241*17_2368-1245*17_2368-2373*17_2368-2375*17_2368-1246*17_2368-2376*17_2368-1227*17_2368-1226*17_2368-1223*17_1598-1603*13_1598-1604*13_1598-623*13_1221-1228*16_623-625*14_623-536*14_623-626*14_623-627*14_623-530*14_623-531*14_623-628*14_623-532*14_623-529*14_623-533*14_623-629*14_623-534*14_623-1183*14_623-1184*14_623-1181*14_623-527*14_623-1185*14_623-630*14_623-1179*14_1824-1825*12_1824-1826*12_1824-1827*12_1824-1828*12_1824-1896*12_1824-1895*12_1824-1894*12_1824-1893*12_2371-1248*18_2371-1249*18_2371-1250*18_2371-2377*18_1013-1024*13_1013-1035*13_1013-1171*13_1013-1046*13_1013-1170*13_1013-1057*13_1013-1168*13_1013-1068*13_1013-1167*13_1013-1079*13_1013-1562*13_1013-380*13_1013-347*13_578-577*11_578-579*11_578-576*11_578-575*11_578-574*11_578-538*11_1401-1399*20_1401-1398*20_1401-1397*20_1401-1396*20_1401-1395*20_1401-1721*20_1401-1718*20_1401-1724*20_2094-2096*17_1420-1392*21_1420-1390*21_1420-1393*21_1420-1394*21_1420-1389*21_1420-1388*21_1420-1333*21_1420-1337*21_574-560*12_574-559*12_574-539*12_574-561*12_574-197*12_1337-1338*22_1337-1339*22_1337-1340*22_1337-1341*22_1337-1342*22_1337-1343*22_1337-1386*22_1337-1382*22_1337-1344*22_2234-2235*18_2234-2237*18_2234-2238*18_2234-2239*18_2234-2240*18_2234-2112*18_1893-1892*13_1893-1891*13_1893-1890*13_1893-1889*13_2110-2113*17_2110-2114*17_2110-2115*17_2110-2116*17_1339-1345*23_1339-1383*23_1339-1384*23_1339-1379*23_1339-1385*23_1339-1378*23_213-225*8_213-236*8_213-247*8_213-258*8_213-224*8_213-113*8_213-2*8_213-269*8_213-2285*8_534-1186*15_534-1187*15_534-1182*15_534-1188*15_534-1189*15_534-526*15_534-1178*15_1398-1722*21_1168-1166*14_1168-1165*14_1168-1164*14_1168-1565*14_1168-1563*14_1168-1163*14_1168-1566*14_1168-1162*14_1168-1561*14_1168-1161*14_1168-1567*14_1168-1560*14_1168-1160*14_1168-1101*14_1168-1159*14_1293-1298*21_1293-1299*21_561-562*13_561-199*13_561-563*13_561-198*13_561-564*13_561-556*13_561-565*13_561-566*13_561-567*13_561-542*13_1425-1426*17_1425-1427*17_1425-1428*17_1425-1429*17_1425-1739*17_1425-1436*17_1425-1738*17_1425-1437*17_1425-1737*17_1603-1605*14_1603-1606*14_1603-1607*14_1603-1570*14_1603-1569*14_1603-638*14_1603-637*14_1603-1568*14_1603-688*14_1603-636*14_1603-687*14_247-280*9_247-291*9_247-2174*9_247-302*9_247-2063*9_247-313*9_247-602*9_1879-1882*11_1879-1884*11_1528-1532*17_2174-1952*10_2174-1841*10_2174-591*10_2174-1730*10_2174-580*10_2174-1619*10_2174-569*10_2174-1112*10_2174-558*10_2174-546*10_1412-1713*18_1248-1251*19_1248-1252*19_1248-1253*19_1248-1231*19_1248-1229*19_2235-2242*19_1570-686*15_1570-685*15_1570-684*15_1570-634*15_1570-1559*15_558-535*11_558-524*11_558-513*11_558-502*11_558-491*11_558-480*11_329-328*18_329-330*18_329-327*18_329-331*18_329-332*18_329-175*18_329-174*18_329-176*18_329-173*18_329-573*18_329-172*18_329-165*18_329-167*18_329-171*18_1382-1381*23_1382-1377*23_1382-1376*23_1382-1387*23_1382-1375*23_1182-660*16_1182-661*16_1182-658*16_2114-2117*18_2114-2118*18_2114-2120*18_2114-2121*18_2114-2122*18_539-540*13_539-541*13_539-543*13_539-544*13_629-631*15_629-632*15_629-639*15_629-640*15_629-633*15_629-641*15_629-642*15_1377-1374*24_1377-1373*24_1377-1372*24_1377-1371*24_1377-1370*24_1253-1254*20_1253-1255*20_1253-1256*20_1253-1257*20_1253-4*20_1253-2395*20_1253-5*20_1253-2394*20_1253-6*20_1253-2393*20_1253-7*20_1253-1238*20_1253-1239*20_1253-2386*20_1253-2384*20_1253-2387*20_1253-2383*20_1253-1234*20_1253-2389*20_661-662*17_661-659*17_661-1192*17_661-1190*17_661-1193*17_661-1194*17_661-656*17_661-1195*17_661-655*17_661-1196*17_661-654*17_661-1197*17_2122-2123*19_2122-2124*19_2122-2125*19_2122-2126*19_2122-2127*19_2122-2128*19_2122-2142*19_2122-2143*19_2122-1323*19_2122-2248*19_1257-99*21_1257-2392*21_1257-8*21_1257-100*21_1257-2391*21_1257-9*21_1257-101*21_1257-103*21_1257-2390*21_1257-1259*21_1257-104*21_1257-2388*21_1257-105*21_165-164*19_165-166*19_165-163*19_165-162*19_165-168*19_165-161*19_165-170*19_165-598*19_165-160*19_165-597*19_165-159*19_165-581*19_165-587*19_165-586*19_165-157*19_165-584*19_587-588*20_587-585*20_587-589*20_587-590*20_587-592*20_587-583*20_587-582*20_587-593*20_587-599*20_587-600*20_587-594*20_587-607*20_587-601*20_587-604*20_587-237*20_2238-2243*19_2238-2244*19_2238-2245*19_2238-2246*19_2238-1300*19_8-10*22_8-1240*22_8-1082*22_8-1081*22_8-1080*22_8-11*22_8-1078*22_1298-1301*22_1298-1303*22_1298-1304*22_655-653*18_655-652*18_655-651*18_655-650*18_655-649*18_655-648*18_655-1157*18_655-644*18_640-663*16_640-643*16_640-664*16_640-665*16_640-645*16_640-666*16_649-647*19_649-1156*19_649-1155*19_649-1154*19_162-156*20_162-155*20_2391-142*22_2391-141*22_2391-140*22_2391-139*22_2391-138*22_2391-107*22_2391-109*22_2391-106*22_2377-2378*19_2377-2379*19_2377-2380*19_2377-2381*19_2377-2382*19_564-568*14_564-570*14_564-571*14_564-186*14_564-547*14_564-184*14_1154-1153*20_1154-1152*20_1154-1151*20_1154-1150*20_1154-1149*20_184-185*15_184-187*15_184-188*15_1197-242*18_1197-241*18_1197-240*18_1197-239*18_1197-238*18_571-572*15_571-555*15_571-551*15_142-137*23_142-110*23_142-111*23_142-115*23_142-134*23_551-550*16_551-552*16_551-549*16_551-553*16_551-548*16_551-554*16_551-545*16_103-457*22_103-459*22_103-460*22_103-108*22_103-1083*22_103-1084*22_103-1085*22_103-1073*22_103-1086*22_103-1071*22_103-1088*22_1345-1346*24_1345-1348*24_1345-1349*24_1345-1350*24_1345-1351*24_109-112*23_109-116*23_109-1089*23_109-1091*23_109-1092*23_109-1087*23_109-117*23_109-1094*23_2379-150*20_2379-149*20_2379-148*20_2379-151*20_2379-146*20_2379-145*20_1071-1070*23_1071-1072*23_1071-1069*23_1071-1066*23_1071-1074*23_1071-427*23_1071-1065*23_1071-426*23_1071-1075*23_1071-1064*23_1071-425*23_1071-1076*23_1071-1063*23_1071-423*23_1071-1077*23_1071-1062*23_1071-1061*23_1071-974*23_664-667*17_664-670*17_664-671*17_664-672*17_1079-1090*14_1079-857*14_1079-402*14_1079-846*14_1079-391*14_1079-835*14_1079-413*14_1079-824*14_1079-369*14_1079-424*14_1079-813*14_1079-358*14_1079-435*14_1079-802*14_1079-780*14_2127-2129*20_2127-2131*20_2127-1322*20_2127-1321*20_2127-2132*20_2127-1320*20_2127-2133*20_2127-1319*20_2127-2134*20_2127-2250*20_2127-2136*20_2127-2137*20_780-768*15_780-791*15_780-757*15_780-746*15_780-735*15_780-724*15_780-713*15_780-1177*15_780-702*15_780-1176*15_780-691*15_780-1175*15_780-624*15_780-613*15_780-657*15_521-523*11_521-525*11_1349-1352*25_1349-1353*25_1349-1354*25_1349-1355*25_1349-1305*25_1150-766*21_1150-763*21_1150-762*21_1150-764*21_1150-761*21_1150-765*21_1150-767*21_1150-760*21_1150-244*21_1150-1138*21_670-673*18_670-674*18_670-676*18_670-694*18_1089-1093*24_1089-1095*24_1089-416*24_1089-417*24_1089-415*24_1089-418*24_1089-414*24_1089-419*24_1089-412*24_1089-1096*24_1089-420*24_1089-421*24_760-759*22_760-758*22_760-756*22_760-755*22_760-1139*22_760-754*22_760-1140*22_242-235*19_242-234*19_242-233*19_146-144*21_146-143*21_146-152*21_146-153*21_146-154*21_146-326*21_674-675*19_674-693*19_674-677*19_674-695*19_674-678*19_674-696*19_674-679*19_674-697*19_1080-82*23_1080-84*23_524-469*12_524-447*12_684-683*16_684-682*16_417-422*25_417-963*25_417-964*25_417-962*25_417-965*25_417-961*25_417-966*25_417-960*25_417-967*25_417-973*25_417-972*25_417-971*25_590-595*21_590-596*21_590-205*21_590-610*21_590-614*21_691-680*16_691-669*16_691-646*16_691-635*16_857-458*15_962-959*26_962-958*26_962-956*26_962-985*26_962-986*26_962-984*26_962-987*26_962-983*26_962-955*26_962-969*26_962-988*26_962-982*26_754-714*23_754-712*23_754-711*23_754-715*23_754-710*23_754-716*23_754-709*23_1066-1060*24_1066-1059*24_1066-71*24_1354-1356*26_1354-1357*26_1354-1359*26_1354-1360*26_1354-1361*26_1354-1474*26_1354-1362*26_1354-1475*26_1354-1366*26_1354-1367*26_1354-1476*26_1354-1364*26_1354-1309*26_1354-1307*26_607-606*21_607-608*21_607-605*21_607-609*21_607-603*21_607-611*21_607-612*21_607-232*21_607-226*21_607-227*21_607-223*21_607-228*21_607-615*21_973-970*26_973-975*26_973-1056*26_982-981*27_982-980*27_982-978*27_982-977*27_982-976*27_982-996*27_982-1015*27_982-1016*27_982-997*27_982-1017*27_982-998*27_982-1022*27_982-989*27_2246-2247*20_2246-2249*20_2246-2251*20_2246-1318*20_2246-1306*20_695-698*20_695-699*20_695-700*20_695-701*20_695-703*20_223-222*22_223-221*22_223-220*22_223-219*22_223-229*22_223-218*22_223-230*22_223-243*22_223-217*22_223-231*22_223-1144*22_1095-1097*25_1095-1098*25_1095-1099*25_1095-1100*25_1095-118*25_1095-1102*25_1095-119*25_1095-1103*25_71-70*25_71-72*25_71-68*25_71-73*25_71-67*25_71-74*25_71-66*25_71-75*25_71-65*25_71-76*25_71-64*25_71-77*25_71-34*25_71-35*25_71-32*25_71-31*25_1175-1169*16_1175-1158*16_1175-1147*16_1175-1174*16_1175-1136*16_1175-1173*16_1175-1125*16_1175-1114*16_608-616*22_2251-2253*21_2251-1317*21_2251-1316*21_2251-2254*21_2251-1315*21_2251-2255*21_2251-1314*21_2251-2256*21_2251-1312*21_2251-2257*21_2251-1311*21_2251-2258*21_698-740*21_698-739*21_698-738*21_1371-1368*25_1371-1365*25_739-737*22_739-736*22_739-734*22_739-733*22_739-732*22_1304-1308*23_1304-1310*23_222-322*23_222-321*23_222-215*23_66-63*26_66-62*26_66-61*26_66-60*26_66-40*26_326-325*22_326-1108*22_326-323*22_326-1109*22_326-910*22_326-1110*22_326-909*22_326-1111*22_326-908*22_326-1115*22_326-1116*22_326-200*22_996-1021*28_996-999*28_996-1000*28_996-1044*28_996-1003*28_996-1045*28_996-1067*28_716-717*24_716-718*24_716-719*24_716-720*24_716-307*24_716-721*24_716-306*24_716-722*24_716-305*24_716-723*24_716-304*24_716-708*24_2129-2135*21_2129-21*21_2129-22*21_2129-20*21_2129-24*21_2129-2138*21_63-59*27_63-57*27_63-56*27_63-55*27_1115-1117*23_1115-1118*23_1115-1119*23_1115-1120*23_1115-1121*23_1115-203*23_1003-1004*29_1003-1005*29_1003-1006*29_1003-1007*29_1003-1008*29_1003-1009*29_1003-1010*29_1003-1032*29_1003-1034*29_732-731*23_732-730*23_732-729*23_732-728*23_732-727*23_732-726*23_732-725*23_1032-1031*30_1032-1033*30_1032-1030*30_1032-1029*30_1032-1036*30_1032-1028*30_1032-1037*30_1032-1027*30_1032-1038*30_1032-1011*30_1032-1026*30_1032-1012*30_1032-1040*30_59-1051*28_59-1050*28_59-54*28_59-1049*28_59-53*28_59-1048*28_59-1047*28_59-48*28_59-1052*28_765-1141*22_1368-1363*26_54-49*29_54-46*29_54-45*29_54-44*29_54-50*29_34-33*26_34-37*26_34-38*26_34-30*26_34-39*26_34-29*26_34-28*26_34-41*26_34-1261*26_34-27*26_34-1263*26_1263-1262*27_1263-1264*27_1263-1265*27_1263-1260*27_1263-1266*27_1263-1267*27_1263-1268*27_1263-1270*27_1263-1271*27_1263-2272*27_321-1137*24_321-216*24_321-1135*24_321-245*24_321-1134*24_321-246*24_321-1133*24_321-214*24_321-1148*24_321-1146*24_321-1132*24_321-212*24_321-1145*24_321-211*24_321-1143*24_1141-1142*23_134-133*24_134-135*24_134-132*24_134-131*24_134-130*24_134-129*24_134-128*24_134-120*24_134-127*24_134-121*24_134-126*24_134-123*24_1120-1122*24_1120-1123*24_1120-1124*24_1120-1126*24_1120-1127*24_1120-208*24_1120-334*24_1120-204*24_1120-337*24_1120-1128*24_1120-338*24_338-339*25_338-340*25_338-341*25_338-342*25_338-343*25_338-443*25_338-444*25_338-442*25_338-445*25_338-344*25_338-441*25_338-449*25_338-345*25_2253-2259*22_2253-2260*22_1056-1055*27_1056-1058*27_1056-1054*27_1056-1053*27_1128-1129*25_1128-1130*25_1128-1131*25_1128-904*25_1128-903*25_1128-901*25_1128-210*25_131-124*25_131-122*25_1145-248*25_1145-249*25_1145-772*25_595-201*22_595-206*22_595-207*22_595-209*22_248-798*26_248-797*26_248-775*26_248-776*26_248-774*26_248-777*26_248-250*26_1016-1018*28_1016-1019*28_1016-1020*28_1016-1039*28_1016-1104*28_1016-1105*28_1016-1106*28_776-778*27_776-781*27_776-794*27_776-782*27_776-773*27_776-795*27_776-783*27_776-796*27_776-784*27_776-771*27_776-801*27_776-748*27_776-747*27_956-954*27_956-953*27_956-952*27_956-951*27_956-991*27_956-992*27_956-377*27_956-950*27_956-376*27_796-799*28_796-800*28_796-749*28_796-745*28_796-750*28_796-803*28_796-744*28_796-751*28_796-804*28_796-743*28_796-752*28_796-805*28_796-742*28_796-753*28_796-806*28_50-51*30_50-52*30_50-1273*30_50-1272*30_50-2314*30_50-2313*30_50-43*30_50-2312*30_2260-2261*23_2260-2262*23_2260-2264*23_2260-2265*23_2260-2266*23_2264-2267*24_2264-2268*24_2264-2269*24_2264-2270*24_2264-2271*24_1173-1172*17_1173-692*17_2271-2273*25_2271-2275*25_2271-2276*25_2271-2277*25_2271-2278*25_2271-1514*25_2271-1515*25_2271-1512*25_2271-2279*25_1020-1107*29_1020-995*29_124-456*26_124-455*26_124-911*26_124-454*26_124-912*26_124-453*26_124-914*26_124-452*26_124-915*26_124-451*26_124-411*26_124-917*26_1099-410*26_1099-409*26_1099-408*26_1099-407*26_442-440*26_442-439*26_442-438*26_442-448*26_442-437*26_442-928*26_442-929*26_442-927*26_442-930*26_442-926*26_442-436*26_442-450*26_442-907*26_442-906*26_453-918*27_453-919*27_453-920*27_453-916*27_920-921*28_920-922*28_920-923*28_920-925*28_920-400*28_920-401*28_920-399*28_920-403*28_920-398*28_920-404*28_920-397*28_920-405*28_920-396*28_920-406*28_784-785*28_784-786*28_784-787*28_784-788*28_784-789*28_784-818*28_784-792*28_784-817*28_784-793*28_784-251*28_401-943*29_401-942*29_401-944*29_401-374*29_401-941*29_401-373*29_401-945*29_401-395*29_401-940*29_401-372*29_401-947*29_401-939*29_401-371*29_401-394*29_941-938*30_941-357*30_941-356*30_941-359*30_941-355*30_941-360*30_941-354*30_941-948*30_941-361*30_941-362*30_941-370*30_345-346*26_345-348*26_345-905*26_345-349*26_345-434*26_345-351*26_2273-2280*26_351-350*27_351-256*27_351-320*27_351-257*27_351-319*27_351-255*27_351-318*27_351-259*27_351-254*27_351-260*27_351-317*27_351-253*27_351-316*27_351-252*27_351-315*27_2312-2281*31_2312-2282*31_2312-2283*31_2312-1511*31_2312-2284*31_2312-1510*31_2312-2287*31_2312-1509*31_989-993*28_989-994*28_989-375*28_360-363*31_360-364*31_360-365*31_360-366*31_360-367*31_953-949*28_953-368*28_793-790*29_793-819*29_793-820*29_793-821*29_793-822*29_793-823*29_793-816*29_793-825*29_304-303*25_304-301*25_304-300*25_304-299*25_304-298*25_304-297*25_304-296*25_22-23*22_22-19*22_22-26*22_22-18*22_22-17*22_22-16*22_22-2139*22_22-15*22_22-2140*22_1510-1498*32_1510-1497*32_1510-1496*32_1510-1495*32_1510-2288*32_1510-1494*32_1510-2289*32_299-295*26_299-294*26_299-741*26_299-293*26_938-393*31_938-392*31_929-931*27_929-932*27_929-933*27_929-934*27_929-390*27_929-389*27_929-431*27_929-387*27_825-826*30_825-827*30_825-828*30_825-829*30_825-830*30_825-262*30_825-261*30_825-264*30_825-314*30_825-837*30_825-311*30_436-433*27_436-432*27_436-936*27_436-430*27_436-353*27_1008-1014*30_1008-1025*30_387-386*28_387-388*28_387-385*28_387-384*28_387-428*28_387-383*28_387-429*28_387-382*28_2288-2290*33_2288-2291*33_2288-2292*33_2288-2293*33_2288-2294*33_2288-2296*33_692-690*18_692-689*18_692-681*18_837-836*31_837-838*31_837-834*31_837-839*31_837-840*31_837-268*31_837-267*31_837-270*31_837-266*31_837-271*31_837-841*31_837-265*31_837-272*31_837-263*31_837-278*31_837-279*31_26-79*23_2296-2295*34_2296-2298*34_2296-2299*34_2296-2300*34_2296-2301*34_2296-2302*34_1029-1041*31_1029-1042*31_1029-1043*31_271-273*32_271-274*32_271-842*32_271-843*32_271-872*32_271-275*32_271-871*32_271-276*32_271-844*32_271-870*32_271-277*32_271-845*32_271-869*32_271-867*32_271-866*32_845-847*33_845-848*33_845-849*33_845-850*33_845-851*33_845-852*33_845-883*33_845-884*33_845-853*33_1043-1023*32_1265-42*28_850-854*34_850-855*34_850-856*34_870-865*33_870-864*33_870-863*33_2302-2303*35_2302-2304*35_2302-2305*35_2302-2306*35_2302-2307*35_2302-2309*35_753-292*29_753-290*29_753-289*29_753-288*29_806-807*29_806-808*29_806-809*29_806-810*29_806-811*29_806-812*29_806-814*29_433-937*28_433-352*28_433-312*28_1498-1499*33_1498-1493*33_1498-1500*33_1498-1492*33_1498-1490*33_1498-1501*33_1498-1489*33_1498-1488*33_2307-2310*36_2307-2311*36_261-887*31_261-886*31_261-308*31_261-885*31_261-309*31_261-310*31_261-882*31_816-815*30_816-831*30_289-287*30_807-832*30_383-381*29_383-379*29_383-378*29_383-896*29_383-898*29_379-899*30_379-900*30_832-833*31_832-286*31_832-285*31_832-284*31_832-283*31_832-282*31_832-281*31_900-893*31_900-897*31_900-892*31_900-895*31_900-889*31_900-888*31_848-881*34_848-878*34_1500-1503*34_1500-1504*34_1500-1505*34_1500-1487*34_1500-1486*34_1500-1506*34_856-858*35_856-859*35_856-873*35_856-860*35_856-874*35_856-861*35_1503-1507*35_1503-1508*35_1503-1485*35_1503-1484*35_1503-1483*35_1503-1482*35_1503-1517*35_1503-1481*35_860-862*36_892-877*32_892-876*32_1507-1518*36_1507-1516*36_1507-1479*36_877-875*33_1518-1478*37_1518-1477*37_
