"id","Scenario","Actual Range","Protocol","Buildings","Total nodes","Nodes on circ","Total coverage","Coverage on circ","Alert received mean time","Hops","Slots","Messages sent","Messages received", "Starting x", "Starting y","Starting node", "Vehicle distance", "Received node ids", "Node ids", "Transmission map", "Received on circ nodes", "Transmission vector"
0,1,300,500,0,1776,55,1776,55,29785,6.05455,30.0545,115,1776,973.71,933.46,0,25,1333_1_1321_1277_1266_1255_1288_1244_1528_1299_1526_1527_1503_1531_1110_1233_1530_1534_1502_1525_1310_1529_1533_1221_1504_1222_1501_1524_911_888_1500_1332_1505_1520_1210_900_1519_999_1535_1522_1498_889_1443_1199_1507_1506_1508_877_1551_1518_1509_922_1523_1542_1550_1497_866_1188_1554_1511_1552_1517_933_779_1541_1549_1540_1177_1496_1344_668_1553_1559_1355_1512_1516_1366_1665_1495_944_1000_1539_1010_1538_1537_1494_1536_955_1011_1025_1022_1513_1514_1558_1584_1515_1583_1557_1440_1439_1544_1441_1556_1545_1438_1442_1582_1546_1437_1445_1581_1547_1436_1446_1548_1560_1564_1435_1565_1567_1447_1561_1568_1419_1434_1569_1448_1562_1414_1570_1433_1413_1563_1449_0_2_113_557_224_335_446_1033_1044_1055_1431_1430_1580_1425_1579_1424_1578_1423_1576_1412_1573_1572_1574_1422_1575_1571_1426_1411_1409_1420_1427_1428_1396_1232_1415_1429_1231_1234_1246_1245_1243_1416_1398_1242_1230_1235_1241_1395_1417_1229_1236_1397_1228_1394_1418_1407_1247_1248_1227_1249_1237_1226_1238_1292_1021_1020_1023_1377_1019_1024_1009_1018_1388_827_828_1014_1008_1013_1015_966_1016_1399_1012_1017_1007_977_1410_1421_1002_1493_988_1003_1006_1004_993_1483_1001_1005_1119_1432_1482_992_998_1118_1481_1444_997_991_1480_809_808_807_826_1117_1479_996_1455_806_825_1478_1116_995_823_1066_953_952_954_989_1099_1088_951_1111_1077_1122_994_1133_990_956_950_949_1144_957_969_1155_958_968_1166_1466_1404_1401_1403_1402_1400_1385_1386_1384_1392_1383_1393_1585_1391_1382_1405_1586_1381_1387_1408_1406_863_1389_1380_1379_1587_1390_862_1378_1589_1373_1374_1375_1590_861_1376_1591_1598_1592_1372_1597_860_1596_1593_1594_1371_859_1309_1370_858_1361_1364_1363_1365_1360_1359_1367_1362_1343_1368_1342_1369_1338_1339_1337_1340_1336_1341_1595_1345_1335_1346_1308_1334_1307_1327_1326_1347_1325_1328_1306_1348_1329_1324_1305_1095_805_803_1154_1096_804_801_1153_1094_1097_1152_800_1093_1108_1107_1151_1098_799_1109_1100_1150_798_1101_1092_1487_1112_1102_1149_797_1162_1091_1103_1486_1113_1477_1148_796_1158_1484_1485_1104_1159_1157_1090_1114_1489_1147_1488_795_1156_1105_1476_1499_1160_1510_1490_1089_1521_1115_1532_1106_1146_1491_1543_1475_1161_812_814_815_1087_1056_816_1054_810_1120_1145_1053_1121_817_1052_1555_1057_818_1472_706_819_1138_937_935_1142_1330_1331_1323_1320_1319_1356_1318_1354_1317_1353_1349_1350_1352_1351_1357_1316_1358_1322_1311_1312_1304_1315_1313_1314_1300_1051_1050_1566_1049_1577_820_1048_707_821_1588_1047_932_934_708_822_931_1058_930_936_811_1123_1139_929_1599_1034_928_1035_1124_1610_1032_927_1036_940_926_967_965_970_964_971_985_984_986_981_963_987_972_959_982_973_983_980_960_974_979_961_975_962_976_978_947_948_1028_1027_1029_1026_946_945_943_1137_1125_1126_1127_1136_1059_705_1128_1135_1060_1134_1132_1140_1129_1141_1183_1061_1131_1182_1143_1130_1174_1168_1163_1169_1181_1492_1167_1173_1171_1164_1170_1178_1176_1179_1175_1172_1180_1165_1194_1062_1185_1063_304_709_1193_303_845_305_710_301_1192_844_1064_1081_1186_1065_843_300_1184_1082_1067_1076_842_841_1187_1083_1068_306_213_1189_1084_1085_789_788_787_786_1086_785_1643_1632_1621_1654_1666_1039_1038_776_772_1040_773_1699_919_1037_925_924_923_921_920_1677_1688_918_917_784_1041_777_781_1710_782_1069_783_1075_1070_778_1071_1078_1072_1079_1074_1073_291_775_302_1080_313_324_774_790_280_336_380_1721_269_391_792_258_916_247_424_402_1732_225_347_793_915_169_413_794_1743_914_180_236_158_125_136_358_114_147_913_1754_58_102_369_435_912_1765_3_910_14_909_47_1042_25_36_908_69_1043_80_91_907_717_1045_740_711_739_763_1469_1468_1470_1467_1474_1473_1465_1471_1456_1458_1454_1457_1453_1452_1451_1459_1450_1464_1463_1462_1461_1460_762_764_765_738_737_736_766_734_712_767_714_906_715_769_887_886_890_716_905_713_891_770_702_591_892_691_580_602_613_904_548_771_893_885_569_624_733_903_729_547_884_894_558_657_728_760_545_635_883_669_895_546_727_759_680_882_896_549_550_447_458_469_551_758_761_552_491_726_544_732_731_725_730_543_723_719_720_722_721_542_897_553_541_466_465_898_464_899_467_540_463_901_526_881_462_468_539_902_880_461_525_756_718_538_460_879_523_470_455_754_456_459_1190_1195_1191_321_1298_1301_1302_1303_1297_1296_1295_840_1294_471_522_527_472_521_473_474_520_475_476_477_457_478_507_479_506_481_489_487_482_490_1030_942_1031_941_939_938_488_492_486_493_499_498_497_485_454_494_453_495_496_484_452_500_483_508_509_528_529_510_501_530_511_564_563_512_503_514_562_504_537_536_515_561_534_505_451_516_450_533_517_518_554_519_422_532_449_555_421_556_320_319_318_299_317_1196_298_316_1197_297_315_307_697_698_314_296_420_419_418_417_448_878_876_874_873_875_872_871_755_753_870_531_752_802_791_869_813_780_868_768_867_824_741_857_865_757_846_835_864_746_743_742_367_368_370_366_371_365_355_408_559_735_359_362_363_361_744_360_407_364_724_535_354_560_406_356_372_524_377_747_375_357_699_700_1198_701_1200_1201_1202_703_312_1203_311_704_1223_1220_310_1204_1759_1219_1205_309_1758_1757_1218_308_1756_1206_1755_293_1217_294_1207_1753_1750_1751_275_1216_1240_274_1214_276_502_646_480_513_243_242_241_239_240_238_329_237_235_191_328_330_202_327_333_322_234_332_326_246_232_233_231_745_331_245_244_230_256_1225_1224_1209_1211_1212_1239_1208_1215_1213_696_695_694_693_1256_1257_1254_692_1258_1253_1259_1252_690_1251_1260_1271_1270_1261_1272_1273_1269_1274_1268_1275_1282_1280_1764_353_350_568_570_349_352_595_378_571_593_351_379_348_594_384_592_572_346_373_567_381_383_374_165_345_587_166_382_163_344_748_167_385_162_376_441_343_168_749_386_573_161_440_750_387_340_588_170_574_751_388_160_439_339_589_438_579_164_389_159_437_576_400_399_578_590_338_577_390_436_398_156_401_565_405_404_403_397_409_410_396_411_412_395_414_445_394_393_415_392_416_444_566_423_425_443_426_427_442_431_428_429_432_433_1766_1763_1262_1263_1762_1264_1771_1772_1770_1773_1761_1265_1769_1267_1613_1760_1768_1614_1752_1615_1601_1767_1725_1616_1627_1617_1286_1724_1618_1626_1726_1619_1749_1285_1625_1723_1620_1727_1624_1284_1722_1622_1728_1628_1748_1623_1283_1693_1729_1629_1747_1692_1746_1720_1730_1602_1630_1281_1745_1691_1731_1719_1631_287_286_273_430_277_250_272_278_249_251_325_285_252_248_851_271_323_850_284_253_279_270_852_849_283_268_254_259_853_281_295_260_848_847_257_261_282_255_263_262_229_264_228_265_266_288_267_157_155_596_154_575_586_150_151_585_149_152_584_582_583_604_581_153_597_603_600_434_598_148_601_599_146_650_649_143_145_209_144_605_208_137_142_134_207_606_135_138_141_133_206_139_140_131_607_130_227_226_223_222_341_1046_1690_1689_1687_1686_1633_1679_1680_1634_1681_1678_1682_1635_1708_1676_1707_1706_1683_1636_1705_1603_1675_1709_1700_1704_1637_1711_1698_1703_1684_1604_1712_1674_1697_1702_1638_132_129_651_205_652_653_128_654_201_200_204_199_198_127_203_197_196_174_171_655_210_172_124_211_173_123_212_656_122_214_126_1639_1640_1641_1605_1642_1606_1673_1607_1644_1672_1608_1685_1645_1609_1660_1279_1661_1646_1659_1278_1276_1611_1658_1650_687_1648_834_836_1657_833_1651_1612_1671_1647_856_1653_855_289_342_290_221_334_337_220_292_216_217_218_219_175_1656_689_1670_688_1669_1662_1668_1663_1667_1649_1664_1694_1695_1696_1652_1701_1655_1713_17_16_1714_18_15_19_13_83_20_1715_12_21_1716_11_683_82_22_73_1718_10_74_1717_686_684_72_81_679_1733_9_79_685_1744_78_71_77_681_76_1734_85_84_1735_75_1736_8_65_1742_66_67_1774_86_195_64_1737_682_68_70_1741_1775_4_194_5_94_6_1740_1738_62_95_7_87_93_1739_96_186_61_1291_1250_1290_1293_1289_1287_1600_839_838_837_23_24_26_27_28_29_30_31_46_32_33_48_39_34_49_35_37_40_41_50_51_42_38_52_43_53_63_54_832_193_92_88_97_192_98_90_89_190_664_665_666_99_673_663_667_189_188_674_100_187_670_662_60_671_59_675_101_109_110_108_185_111_107_672_106_184_57_103_105_117_104_56_183_648_55_112_116_182_647_115_45_44_678_676_677_831_830_829_854_179_181_176_177_178_215_612_121_611_120_610_119_658_609_118_659_660_661_608_614_616_615_642_617_641_618_640_619_639_645_644_620_621_638_637_622_623_625_626_627_632_631_628_630_643_629_633_636_634_,0_1_2_3_4_5_6_7_8_9_10_11_12_13_14_15_16_17_18_19_20_21_22_23_24_25_26_27_28_29_30_31_32_33_34_35_36_37_38_39_40_41_42_43_44_45_46_47_48_49_50_51_52_53_54_55_56_57_58_59_60_61_62_63_64_65_66_67_68_69_70_71_72_73_74_75_76_77_78_79_80_81_82_83_84_85_86_87_88_89_90_91_92_93_94_95_96_97_98_99_100_101_102_103_104_105_106_107_108_109_110_111_112_113_114_115_116_117_118_119_120_121_122_123_124_125_126_127_128_129_130_131_132_133_134_135_136_137_138_139_140_141_142_143_144_145_146_147_148_149_150_151_152_153_154_155_156_157_158_159_160_161_162_163_164_165_166_167_168_169_170_171_172_173_174_175_176_177_178_179_180_181_182_183_184_185_186_187_188_189_190_191_192_193_194_195_196_197_198_199_200_201_202_203_204_205_206_207_208_209_210_211_212_213_214_215_216_217_218_219_220_221_222_223_224_225_226_227_228_229_230_231_232_233_234_235_236_237_238_239_240_241_242_243_244_245_246_247_248_249_250_251_252_253_254_255_256_257_258_259_260_261_262_263_264_265_266_267_268_269_270_271_272_273_274_275_276_277_278_279_280_281_282_283_284_285_286_287_288_289_290_291_292_293_294_295_296_297_298_299_300_301_302_303_304_305_306_307_308_309_310_311_312_313_314_315_316_317_318_319_320_321_322_323_324_325_326_327_328_329_330_331_332_333_334_335_336_337_338_339_340_341_342_343_344_345_346_347_348_349_350_351_352_353_354_355_356_357_358_359_360_361_362_363_364_365_366_367_368_369_370_371_372_373_374_375_376_377_378_379_380_381_382_383_384_385_386_387_388_389_390_391_392_393_394_395_396_397_398_399_400_401_402_403_404_405_406_407_408_409_410_411_412_413_414_415_416_417_418_419_420_421_422_423_424_425_426_427_428_429_430_431_432_433_434_435_436_437_438_439_440_441_442_443_444_445_446_447_448_449_450_451_452_453_454_455_456_457_458_459_460_461_462_463_464_465_466_467_468_469_470_471_472_473_474_475_476_477_478_479_480_481_482_483_484_485_486_487_488_489_490_491_492_493_494_495_496_497_498_499_500_501_502_503_504_505_506_507_508_509_510_511_512_513_514_515_516_517_518_519_520_521_522_523_524_525_526_527_528_529_530_531_532_533_534_535_536_537_538_539_540_541_542_543_544_545_546_547_548_549_550_551_552_553_554_555_556_557_558_559_560_561_562_563_564_565_566_567_568_569_570_571_572_573_574_575_576_577_578_579_580_581_582_583_584_585_586_587_588_589_590_591_592_593_594_595_596_597_598_599_600_601_602_603_604_605_606_607_608_609_610_611_612_613_614_615_616_617_618_619_620_621_622_623_624_625_626_627_628_629_630_631_632_633_634_635_636_637_638_639_640_641_642_643_644_645_646_647_648_649_650_651_652_653_654_655_656_657_658_659_660_661_662_663_664_665_666_667_668_669_670_671_672_673_674_675_676_677_678_679_680_681_682_683_684_685_686_687_688_689_690_691_692_693_694_695_696_697_698_699_700_701_702_703_704_705_706_707_708_709_710_711_712_713_714_715_716_717_718_719_720_721_722_723_724_725_726_727_728_729_730_731_732_733_734_735_736_737_738_739_740_741_742_743_744_745_746_747_748_749_750_751_752_753_754_755_756_757_758_759_760_761_762_763_764_765_766_767_768_769_770_771_772_773_774_775_776_777_778_779_780_781_782_783_784_785_786_787_788_789_790_791_792_793_794_795_796_797_798_799_800_801_802_803_804_805_806_807_808_809_810_811_812_813_814_815_816_817_818_819_820_821_822_823_824_825_826_827_828_829_830_831_832_833_834_835_836_837_838_839_840_841_842_843_844_845_846_847_848_849_850_851_852_853_854_855_856_857_858_859_860_861_862_863_864_865_866_867_868_869_870_871_872_873_874_875_876_877_878_879_880_881_882_883_884_885_886_887_888_889_890_891_892_893_894_895_896_897_898_899_900_901_902_903_904_905_906_907_908_909_910_911_912_913_914_915_916_917_918_919_920_921_922_923_924_925_926_927_928_929_930_931_932_933_934_935_936_937_938_939_940_941_942_943_944_945_946_947_948_949_950_951_952_953_954_955_956_957_958_959_960_961_962_963_964_965_966_967_968_969_970_971_972_973_974_975_976_977_978_979_980_981_982_983_984_985_986_987_988_989_990_991_992_993_994_995_996_997_998_999_1000_1001_1002_1003_1004_1005_1006_1007_1008_1009_1010_1011_1012_1013_1014_1015_1016_1017_1018_1019_1020_1021_1022_1023_1024_1025_1026_1027_1028_1029_1030_1031_1032_1033_1034_1035_1036_1037_1038_1039_1040_1041_1042_1043_1044_1045_1046_1047_1048_1049_1050_1051_1052_1053_1054_1055_1056_1057_1058_1059_1060_1061_1062_1063_1064_1065_1066_1067_1068_1069_1070_1071_1072_1073_1074_1075_1076_1077_1078_1079_1080_1081_1082_1083_1084_1085_1086_1087_1088_1089_1090_1091_1092_1093_1094_1095_1096_1097_1098_1099_1100_1101_1102_1103_1104_1105_1106_1107_1108_1109_1110_1111_1112_1113_1114_1115_1116_1117_1118_1119_1120_1121_1122_1123_1124_1125_1126_1127_1128_1129_1130_1131_1132_1133_1134_1135_1136_1137_1138_1139_1140_1141_1142_1143_1144_1145_1146_1147_1148_1149_1150_1151_1152_1153_1154_1155_1156_1157_1158_1159_1160_1161_1162_1163_1164_1165_1166_1167_1168_1169_1170_1171_1172_1173_1174_1175_1176_1177_1178_1179_1180_1181_1182_1183_1184_1185_1186_1187_1188_1189_1190_1191_1192_1193_1194_1195_1196_1197_1198_1199_1200_1201_1202_1203_1204_1205_1206_1207_1208_1209_1210_1211_1212_1213_1214_1215_1216_1217_1218_1219_1220_1221_1222_1223_1224_1225_1226_1227_1228_1229_1230_1231_1232_1233_1234_1235_1236_1237_1238_1239_1240_1241_1242_1243_1244_1245_1246_1247_1248_1249_1250_1251_1252_1253_1254_1255_1256_1257_1258_1259_1260_1261_1262_1263_1264_1265_1266_1267_1268_1269_1270_1271_1272_1273_1274_1275_1276_1277_1278_1279_1280_1281_1282_1283_1284_1285_1286_1287_1288_1289_1290_1291_1292_1293_1294_1295_1296_1297_1298_1299_1300_1301_1302_1303_1304_1305_1306_1307_1308_1309_1310_1311_1312_1313_1314_1315_1316_1317_1318_1319_1320_1321_1322_1323_1324_1325_1326_1327_1328_1329_1330_1331_1332_1333_1334_1335_1336_1337_1338_1339_1340_1341_1342_1343_1344_1345_1346_1347_1348_1349_1350_1351_1352_1353_1354_1355_1356_1357_1358_1359_1360_1361_1362_1363_1364_1365_1366_1367_1368_1369_1370_1371_1372_1373_1374_1375_1376_1377_1378_1379_1380_1381_1382_1383_1384_1385_1386_1387_1388_1389_1390_1391_1392_1393_1394_1395_1396_1397_1398_1399_1400_1401_1402_1403_1404_1405_1406_1407_1408_1409_1410_1411_1412_1413_1414_1415_1416_1417_1418_1419_1420_1421_1422_1423_1424_1425_1426_1427_1428_1429_1430_1431_1432_1433_1434_1435_1436_1437_1438_1439_1440_1441_1442_1443_1444_1445_1446_1447_1448_1449_1450_1451_1452_1453_1454_1455_1456_1457_1458_1459_1460_1461_1462_1463_1464_1465_1466_1467_1468_1469_1470_1471_1472_1473_1474_1475_1476_1477_1478_1479_1480_1481_1482_1483_1484_1485_1486_1487_1488_1489_1490_1491_1492_1493_1494_1495_1496_1497_1498_1499_1500_1501_1502_1503_1504_1505_1506_1507_1508_1509_1510_1511_1512_1513_1514_1515_1516_1517_1518_1519_1520_1521_1522_1523_1524_1525_1526_1527_1528_1529_1530_1531_1532_1533_1534_1535_1536_1537_1538_1539_1540_1541_1542_1543_1544_1545_1546_1547_1548_1549_1550_1551_1552_1553_1554_1555_1556_1557_1558_1559_1560_1561_1562_1563_1564_1565_1566_1567_1568_1569_1570_1571_1572_1573_1574_1575_1576_1577_1578_1579_1580_1581_1582_1583_1584_1585_1586_1587_1588_1589_1590_1591_1592_1593_1594_1595_1596_1597_1598_1599_1600_1601_1602_1603_1604_1605_1606_1607_1608_1609_1610_1611_1612_1613_1614_1615_1616_1617_1618_1619_1620_1621_1622_1623_1624_1625_1626_1627_1628_1629_1630_1631_1632_1633_1634_1635_1636_1637_1638_1639_1640_1641_1642_1643_1644_1645_1646_1647_1648_1649_1650_1651_1652_1653_1654_1655_1656_1657_1658_1659_1660_1661_1662_1663_1664_1665_1666_1667_1668_1669_1670_1671_1672_1673_1674_1675_1676_1677_1678_1679_1680_1681_1682_1683_1684_1685_1686_1687_1688_1689_1690_1691_1692_1693_1694_1695_1696_1697_1698_1699_1700_1701_1702_1703_1704_1705_1706_1707_1708_1709_1710_1711_1712_1713_1714_1715_1716_1717_1718_1719_1720_1721_1722_1723_1724_1725_1726_1727_1728_1729_1730_1731_1732_1733_1734_1735_1736_1737_1738_1739_1740_1741_1742_1743_1744_1745_1746_1747_1748_1749_1750_1751_1752_1753_1754_1755_1756_1757_1758_1759_1760_1761_1762_1763_1764_1765_1766_1767_1768_1769_1770_1771_1772_1773_1774_1775_,0:{1333;1;1321;1277;1266;1255;1288;1244;1528;1299;1526;1527;1503;1531;1110;1233;1530;1534;1502;1525;1310;1529;1533;1221;1504;1222;1501;1524;911;888;1500;1332;1505;1520;1210;900;1519;999;1535;1522;1498;889;1443;1199;1507;1506;1508;877;1551;1518;1509;922;1523;1542;1550;1497;866;1188;1554;1511;1552;1517;933;779;1541;1549;1540;1177;1496;1344;668;1553;1559;1355;1512;1516;1366;1665;}29:{45;44;678;676;677;}80:{762;764;765;738;737;736;766;734;712;767;714;906;715;769;887;886;890;716;905;713;891;770;702;591;892;691;580;602;613;904;548;771;893;885;569;624;733;903;729;547;884;894;558;657;728;760;545;635;883;669;895;546;727;759;680;882;896;549;550;447;458;469;551;758;761;552;491;}99:{179;181;}123:{612;121;611;120;610;119;658;609;118;659;660;661;608;614;616;615;}148:{132;129;651;205;652;653;128;654;201;200;204;199;198;127;203;197;196;174;171;655;210;172;124;211;173;123;212;656;122;214;126;}159:{157;155;596;154;575;586;150;151;585;149;152;584;582;583;604;581;153;597;603;600;434;598;148;601;599;146;650;649;143;145;209;144;605;208;137;142;134;207;606;135;138;141;133;206;139;140;131;607;130;}195:{193;92;88;97;192;98;90;89;190;664;665;666;99;673;663;667;189;188;674;100;187;670;662;60;671;59;675;101;109;110;108;185;111;107;672;106;184;57;103;105;117;104;56;183;648;55;112;116;182;647;115;}227:{289;342;290;221;334;337;220;292;216;217;218;219;175;}290:{176;177;178;215;}294:{277;250;272;278;249;251;325;285;252;248;851;271;323;850;284;253;279;270;852;849;283;268;254;259;853;281;295;260;848;847;257;261;282;255;263;262;229;264;228;265;266;288;267;}329:{227;226;223;222;341;}356:{353;350;568;570;349;352;595;378;571;593;351;379;348;594;384;592;572;346;373;567;381;383;374;165;345;587;166;382;163;344;748;167;385;162;376;441;343;168;749;386;573;161;440;750;387;340;588;170;574;751;388;160;439;339;589;438;579;164;389;159;437;576;400;399;578;590;338;577;390;436;398;156;401;565;}415:{430;}466:{471;522;527;472;521;473;474;520;475;476;477;457;478;507;479;506;481;489;487;482;490;}489:{488;492;486;493;499;498;497;485;454;494;453;495;496;484;452;500;483;508;509;528;529;510;501;530;511;564;563;512;503;514;562;504;537;536;515;561;534;505;451;516;450;533;517;518;554;519;422;532;449;555;421;556;}516:{420;419;418;417;448;}560:{405;404;403;397;409;410;396;411;412;395;414;445;394;393;415;392;416;444;566;423;425;443;426;427;442;431;428;429;432;433;}610:{642;617;641;618;640;619;639;}620:{638;637;622;623;625;626;627;632;631;628;630;643;629;633;636;634;}664:{645;644;620;621;}669:{502;646;480;513;243;242;241;239;240;238;329;237;235;191;328;330;202;327;333;322;234;332;326;246;232;233;231;745;331;245;244;230;256;}682:{23;24;26;27;28;29;30;31;46;32;33;48;39;34;49;35;37;40;41;50;51;42;38;52;43;53;63;54;}698:{699;700;1198;701;1200;1201;1202;703;312;1203;311;704;1223;1220;310;1204;1759;1219;1205;309;1758;1757;1218;308;1756;1206;1755;293;1217;294;1207;1753;1750;1751;275;1216;1240;274;1214;276;}699:{287;286;273;}710:{1085;789;788;787;786;1086;785;1643;1632;1621;1654;1666;1039;1038;776;772;1040;773;1699;919;}801:{1051;1050;1566;1049;1577;820;1048;707;821;1588;1047;932;934;708;822;931;1058;930;936;811;1123;1139;929;1599;1034;928;1035;1124;1610;1032;927;1036;940;926;}809:{1095;805;803;1154;1096;804;801;1153;1094;1097;1152;800;1093;1108;1107;1151;1098;799;1109;1100;1150;798;1101;1092;1487;1112;1102;1149;797;1162;1091;1103;1486;1113;1477;1148;796;1158;1484;1485;1104;1159;1157;1090;1114;1489;1147;1488;795;1156;1105;1476;1499;1160;1510;1490;1089;1521;1115;1532;1106;1146;1491;1543;1475;1161;812;814;815;1087;1056;816;1054;810;1120;1145;1053;1121;817;1052;1555;1057;818;1472;706;819;1138;937;935;1142;}832:{831;830;829;854;}880:{878;876;874;873;875;872;871;755;753;870;531;752;802;791;869;813;780;868;768;867;824;741;857;865;757;846;835;864;746;743;742;367;368;370;366;371;365;355;408;559;735;359;362;363;361;744;360;407;364;724;535;354;560;406;356;372;524;377;747;375;357;}891:{726;544;732;731;725;730;543;723;719;720;722;721;542;897;553;541;466;465;898;464;899;467;540;463;901;526;881;462;468;539;902;880;461;525;756;718;538;460;879;523;470;455;754;456;459;}945:{1030;942;1031;941;939;938;}968:{967;965;970;964;971;985;984;986;981;963;987;972;959;982;973;983;980;960;974;979;961;975;962;976;978;947;948;1028;1027;1029;1026;946;945;943;}1025:{953;952;954;989;1099;1088;951;1111;1077;1122;994;1133;990;956;950;949;1144;957;969;1155;958;968;1166;1466;}1045:{1046;}1048:{1037;925;924;923;921;920;1677;1688;918;917;784;1041;777;781;1710;782;}1065:{1069;783;1075;1070;778;1071;1078;1072;1079;1074;1073;291;775;302;1080;313;324;774;790;280;336;380;1721;269;391;792;258;916;247;424;402;1732;225;347;793;915;169;413;794;1743;914;180;236;158;125;136;358;114;147;913;1754;58;102;369;435;}1139:{1137;1125;1126;1127;1136;1059;705;1128;1135;1060;1134;1132;1140;1129;1141;1183;1061;1131;1182;1143;1130;1174;1168;1163;1169;1181;1492;1167;1173;1171;1164;1170;1178;1176;1179;1175;1172;1180;1165;1194;1062;1185;1063;304;709;1193;303;845;305;710;301;1192;844;1064;1081;1186;1065;843;300;1184;1082;1067;1076;842;841;1187;1083;1068;306;213;1189;1084;}1192:{320;319;318;299;317;1196;298;316;1197;297;315;307;697;698;314;296;}1226:{1225;1224;1209;1211;1212;1239;1208;1215;1213;696;695;694;693;1256;1257;1254;692;1258;1253;1259;1252;690;1251;1260;1271;1270;1261;1272;1273;1269;1274;1268;1275;1282;1280;1764;}1233:{944;1000;1010;955;1011;1025;1022;}1289:{832;}1292:{1291;1250;1290;1293;1289;1287;1600;839;838;837;}1315:{1298;1301;1302;1303;1297;1296;1295;840;1294;}1328:{1330;1331;1323;1320;1319;1356;1318;1354;1317;1353;1349;1350;1352;1351;1357;1316;1358;1322;1311;1312;1304;1315;1313;1314;1300;}1355:{1021;1020;1023;1377;1019;1024;1009;1018;1388;827;828;1014;1008;1013;1015;966;1016;1399;1012;1017;1007;977;1410;1421;1002;1493;988;1003;1006;1004;993;1483;1001;1005;1119;1432;1482;992;998;1118;1481;1444;997;991;1480;809;808;807;826;1117;1479;996;1455;806;825;1478;1116;995;823;1066;}1371:{1364;1363;1365;1360;1359;1367;1362;1343;1368;1342;1369;1338;1339;1337;1340;1336;1341;1595;1345;1335;1346;1308;1334;1307;1327;1326;1347;1325;1328;1306;1348;1329;1324;1305;}1418:{1404;1401;1403;1402;1400;1385;1386;1384;1392;1383;1393;1585;1391;1382;1405;1586;1381;1387;1408;1406;863;1389;1380;1379;1587;1390;862;1378;1589;1373;1374;1375;1590;861;1376;1591;1598;1592;1372;1597;860;1596;1593;1594;1371;859;1309;1370;858;1361;}1434:{1431;1430;1580;1425;1579;1424;1578;1423;1576;1412;1573;1572;1574;1422;1575;1571;1426;1411;1409;1420;1427;1428;1396;1232;1415;1429;1231;1234;1246;1245;1243;1416;1398;1242;1230;1235;1241;1395;1417;1229;1236;1397;1228;1394;1418;}1443:{2;113;557;224;335;446;1033;1044;1055;}1491:{1190;1195;1191;321;}1498:{1495;1494;}1512:{1513;1514;1558;1584;1515;1583;1557;1440;1439;1544;1441;1556;1545;1438;1442;1582;1546;1437;1445;1581;1547;1436;1446;1548;1560;1564;1435;1565;1567;1447;1561;1568;1419;1434;1569;1448;1562;1414;1570;1433;1413;1563;1449;0;}1538:{1407;}1540:{1539;1538;1537;1536;}1562:{1469;1468;1470;1467;1474;1473;1465;1471;1456;1458;1454;1457;1453;1452;1451;1459;1450;1464;1463;1462;1461;1460;}1580:{1247;1248;1227;1249;1237;1226;1238;1292;}1623:{1690;1689;1687;1686;1633;1679;1680;1634;1681;1678;1682;1635;1708;1676;1707;1706;1683;1636;1705;1603;1675;1709;1700;1704;1637;1711;1698;1703;1684;1604;1712;1674;1697;1702;1638;}1635:{1639;1640;1641;1605;1642;1606;1673;1607;1644;1672;1608;1685;1645;1609;1660;1279;1661;1646;1659;1278;1276;1611;1658;1650;687;1648;834;836;1657;833;1651;1612;1671;1647;856;1653;855;}1657:{1656;689;1670;688;1669;1662;1668;1663;1667;1649;1664;1694;1695;1696;1652;1701;1655;}1699:{912;1765;3;910;14;909;47;1042;25;36;908;69;1043;80;91;907;717;1045;740;711;739;763;}1709:{1713;17;16;1714;18;15;19;13;83;20;1715;12;21;1716;11;683;82;22;73;1718;10;74;1717;686;684;72;81;679;1733;9;79;685;1744;78;71;77;681;76;1734;85;84;1735;75;1736;8;65;1742;66;67;1774;86;195;64;1737;682;68;70;1741;1775;4;194;5;94;6;1740;1738;62;95;7;87;93;1739;96;186;61;}1764:{1766;1763;1262;1263;1762;1264;1771;1772;1770;1773;1761;1265;1769;1267;1613;1760;1768;1614;1752;1615;1601;1767;1725;1616;1627;1617;1286;1724;1618;1626;1726;1619;1749;1285;1625;1723;1620;1727;1624;1284;1722;1622;1728;1628;1748;1623;1283;1693;1729;1629;1747;1692;1746;1720;1730;1602;1630;1281;1745;1691;1731;1719;1631;},191_202_225_236_244_245_246_248_249_293_294_308_309_322_772_777_778_781_784_785_918_919_920_1071_1072_1080_1260_1261_1270_1271_1272_1273_1274_1275_1276_1287_1289_1290_1291_1305_1334_1335_1337_1338_1339_1342_1343_1369_1688_1751_1752_1753_1760_1761_1762_,0-1333*0_0-1*0_0-1321*0_0-1277*0_0-1266*0_0-1255*0_0-1288*0_0-1244*0_0-1528*0_0-1299*0_0-1526*0_0-1527*0_0-1503*0_0-1531*0_0-1110*0_0-1233*0_0-1530*0_0-1534*0_0-1502*0_0-1525*0_0-1310*0_0-1529*0_0-1533*0_0-1221*0_0-1504*0_0-1222*0_0-1501*0_0-1524*0_0-911*0_0-888*0_0-1500*0_0-1332*0_0-1505*0_0-1520*0_0-1210*0_0-900*0_0-1519*0_0-999*0_0-1535*0_0-1522*0_0-1498*0_0-889*0_0-1443*0_0-1199*0_0-1507*0_0-1506*0_0-1508*0_0-877*0_0-1551*0_0-1518*0_0-1509*0_0-922*0_0-1523*0_0-1542*0_0-1550*0_0-1497*0_0-866*0_0-1188*0_0-1554*0_0-1511*0_0-1552*0_0-1517*0_0-933*0_0-779*0_0-1541*0_0-1549*0_0-1540*0_0-1177*0_0-1496*0_0-1344*0_0-668*0_0-1553*0_0-1559*0_0-1355*0_0-1512*0_0-1516*0_0-1366*0_0-1665*0_1498-1495*1_1233-944*1_1233-1000*1_1540-1539*1_1233-1010*1_1540-1538*1_1540-1537*1_1498-1494*1_1540-1536*1_1233-955*1_1233-1011*1_1233-1025*1_1233-1022*1_1512-1513*1_1512-1514*1_1512-1558*1_1512-1584*1_1512-1515*1_1512-1583*1_1512-1557*1_1512-1440*1_1512-1439*1_1512-1544*1_1512-1441*1_1512-1556*1_1512-1545*1_1512-1438*1_1512-1442*1_1512-1582*1_1512-1546*1_1512-1437*1_1512-1445*1_1512-1581*1_1512-1547*1_1512-1436*1_1512-1446*1_1512-1548*1_1512-1560*1_1512-1564*1_1512-1435*1_1512-1565*1_1512-1567*1_1512-1447*1_1512-1561*1_1512-1568*1_1512-1419*1_1512-1434*1_1512-1569*1_1512-1448*1_1512-1562*1_1512-1414*1_1512-1570*1_1512-1433*1_1512-1413*1_1512-1563*1_1512-1449*1_1512-0*1_1443-2*1_1443-113*1_1443-557*1_1443-224*1_1443-335*1_1443-446*1_1443-1033*1_1443-1044*1_1443-1055*1_1434-1431*2_1434-1430*2_1434-1580*2_1434-1425*2_1434-1579*2_1434-1424*2_1434-1578*2_1434-1423*2_1434-1576*2_1434-1412*2_1434-1573*2_1434-1572*2_1434-1574*2_1434-1422*2_1434-1575*2_1434-1571*2_1434-1426*2_1434-1411*2_1434-1409*2_1434-1420*2_1434-1427*2_1434-1428*2_1434-1396*2_1434-1232*2_1434-1415*2_1434-1429*2_1434-1231*2_1434-1234*2_1434-1246*2_1434-1245*2_1434-1243*2_1434-1416*2_1434-1398*2_1434-1242*2_1434-1230*2_1434-1235*2_1434-1241*2_1434-1395*2_1434-1417*2_1434-1229*2_1434-1236*2_1434-1397*2_1434-1228*2_1434-1394*2_1434-1418*2_1538-1407*2_1580-1247*3_1580-1248*3_1580-1227*3_1580-1249*3_1580-1237*3_1580-1226*3_1580-1238*3_1580-1292*3_1355-1021*1_1355-1020*1_1355-1023*1_1355-1377*1_1355-1019*1_1355-1024*1_1355-1009*1_1355-1018*1_1355-1388*1_1355-827*1_1355-828*1_1355-1014*1_1355-1008*1_1355-1013*1_1355-1015*1_1355-966*1_1355-1016*1_1355-1399*1_1355-1012*1_1355-1017*1_1355-1007*1_1355-977*1_1355-1410*1_1355-1421*1_1355-1002*1_1355-1493*1_1355-988*1_1355-1003*1_1355-1006*1_1355-1004*1_1355-993*1_1355-1483*1_1355-1001*1_1355-1005*1_1355-1119*1_1355-1432*1_1355-1482*1_1355-992*1_1355-998*1_1355-1118*1_1355-1481*1_1355-1444*1_1355-997*1_1355-991*1_1355-1480*1_1355-809*1_1355-808*1_1355-807*1_1355-826*1_1355-1117*1_1355-1479*1_1355-996*1_1355-1455*1_1355-806*1_1355-825*1_1355-1478*1_1355-1116*1_1355-995*1_1355-823*1_1355-1066*1_1025-953*2_1025-952*2_1025-954*2_1025-989*2_1025-1099*2_1025-1088*2_1025-951*2_1025-1111*2_1025-1077*2_1025-1122*2_1025-994*2_1025-1133*2_1025-990*2_1025-956*2_1025-950*2_1025-949*2_1025-1144*2_1025-957*2_1025-969*2_1025-1155*2_1025-958*2_1025-968*2_1025-1166*2_1025-1466*2_1418-1404*3_1418-1401*3_1418-1403*3_1418-1402*3_1418-1400*3_1418-1385*3_1418-1386*3_1418-1384*3_1418-1392*3_1418-1383*3_1418-1393*3_1418-1585*3_1418-1391*3_1418-1382*3_1418-1405*3_1418-1586*3_1418-1381*3_1418-1387*3_1418-1408*3_1418-1406*3_1418-863*3_1418-1389*3_1418-1380*3_1418-1379*3_1418-1587*3_1418-1390*3_1418-862*3_1418-1378*3_1418-1589*3_1418-1373*3_1418-1374*3_1418-1375*3_1418-1590*3_1418-861*3_1418-1376*3_1418-1591*3_1418-1598*3_1418-1592*3_1418-1372*3_1418-1597*3_1418-860*3_1418-1596*3_1418-1593*3_1418-1594*3_1418-1371*3_1418-859*3_1418-1309*3_1418-1370*3_1418-858*3_1418-1361*3_1371-1364*4_1371-1363*4_1371-1365*4_1371-1360*4_1371-1359*4_1371-1367*4_1371-1362*4_1371-1343*4_1371-1368*4_1371-1342*4_1371-1369*4_1371-1338*4_1371-1339*4_1371-1337*4_1371-1340*4_1371-1336*4_1371-1341*4_1371-1595*4_1371-1345*4_1371-1335*4_1371-1346*4_1371-1308*4_1371-1334*4_1371-1307*4_1371-1327*4_1371-1326*4_1371-1347*4_1371-1325*4_1371-1328*4_1371-1306*4_1371-1348*4_1371-1329*4_1371-1324*4_1371-1305*4_809-1095*2_809-805*2_809-803*2_809-1154*2_809-1096*2_809-804*2_809-801*2_809-1153*2_809-1094*2_809-1097*2_809-1152*2_809-800*2_809-1093*2_809-1108*2_809-1107*2_809-1151*2_809-1098*2_809-799*2_809-1109*2_809-1100*2_809-1150*2_809-798*2_809-1101*2_809-1092*2_809-1487*2_809-1112*2_809-1102*2_809-1149*2_809-797*2_809-1162*2_809-1091*2_809-1103*2_809-1486*2_809-1113*2_809-1477*2_809-1148*2_809-796*2_809-1158*2_809-1484*2_809-1485*2_809-1104*2_809-1159*2_809-1157*2_809-1090*2_809-1114*2_809-1489*2_809-1147*2_809-1488*2_809-795*2_809-1156*2_809-1105*2_809-1476*2_809-1499*2_809-1160*2_809-1510*2_809-1490*2_809-1089*2_809-1521*2_809-1115*2_809-1532*2_809-1106*2_809-1146*2_809-1491*2_809-1543*2_809-1475*2_809-1161*2_809-812*2_809-814*2_809-815*2_809-1087*2_809-1056*2_809-816*2_809-1054*2_809-810*2_809-1120*2_809-1145*2_809-1053*2_809-1121*2_809-817*2_809-1052*2_809-1555*2_809-1057*2_809-818*2_809-1472*2_809-706*2_809-819*2_809-1138*2_809-937*2_809-935*2_809-1142*2_1328-1330*5_1328-1331*5_1328-1323*5_1328-1320*5_1328-1319*5_1328-1356*5_1328-1318*5_1328-1354*5_1328-1317*5_1328-1353*5_1328-1349*5_1328-1350*5_1328-1352*5_1328-1351*5_1328-1357*5_1328-1316*5_1328-1358*5_1328-1322*5_1328-1311*5_1328-1312*5_1328-1304*5_1328-1315*5_1328-1313*5_1328-1314*5_1328-1300*5_801-1051*3_801-1050*3_801-1566*3_801-1049*3_801-1577*3_801-820*3_801-1048*3_801-707*3_801-821*3_801-1588*3_801-1047*3_801-932*3_801-934*3_801-708*3_801-822*3_801-931*3_801-1058*3_801-930*3_801-936*3_801-811*3_801-1123*3_801-1139*3_801-929*3_801-1599*3_801-1034*3_801-928*3_801-1035*3_801-1124*3_801-1610*3_801-1032*3_801-927*3_801-1036*3_801-940*3_801-926*3_968-967*3_968-965*3_968-970*3_968-964*3_968-971*3_968-985*3_968-984*3_968-986*3_968-981*3_968-963*3_968-987*3_968-972*3_968-959*3_968-982*3_968-973*3_968-983*3_968-980*3_968-960*3_968-974*3_968-979*3_968-961*3_968-975*3_968-962*3_968-976*3_968-978*3_968-947*3_968-948*3_968-1028*3_968-1027*3_968-1029*3_968-1026*3_968-946*3_968-945*3_968-943*3_1139-1137*4_1139-1125*4_1139-1126*4_1139-1127*4_1139-1136*4_1139-1059*4_1139-705*4_1139-1128*4_1139-1135*4_1139-1060*4_1139-1134*4_1139-1132*4_1139-1140*4_1139-1129*4_1139-1141*4_1139-1183*4_1139-1061*4_1139-1131*4_1139-1182*4_1139-1143*4_1139-1130*4_1139-1174*4_1139-1168*4_1139-1163*4_1139-1169*4_1139-1181*4_1139-1492*4_1139-1167*4_1139-1173*4_1139-1171*4_1139-1164*4_1139-1170*4_1139-1178*4_1139-1176*4_1139-1179*4_1139-1175*4_1139-1172*4_1139-1180*4_1139-1165*4_1139-1194*4_1139-1062*4_1139-1185*4_1139-1063*4_1139-304*4_1139-709*4_1139-1193*4_1139-303*4_1139-845*4_1139-305*4_1139-710*4_1139-301*4_1139-1192*4_1139-844*4_1139-1064*4_1139-1081*4_1139-1186*4_1139-1065*4_1139-843*4_1139-300*4_1139-1184*4_1139-1082*4_1139-1067*4_1139-1076*4_1139-842*4_1139-841*4_1139-1187*4_1139-1083*4_1139-1068*4_1139-306*4_1139-213*4_1139-1189*4_1139-1084*4_710-1085*5_710-789*5_710-788*5_710-787*5_710-786*5_710-1086*5_710-785*5_710-1643*5_710-1632*5_710-1621*5_710-1654*5_710-1666*5_710-1039*5_710-1038*5_710-776*5_710-772*5_710-1040*5_710-773*5_710-1699*5_710-919*5_1048-1037*4_1048-925*4_1048-924*4_1048-923*4_1048-921*4_1048-920*4_1048-1677*4_1048-1688*4_1048-918*4_1048-917*4_1048-784*4_1048-1041*4_1048-777*4_1048-781*4_1048-1710*4_1048-782*4_1065-1069*5_1065-783*5_1065-1075*5_1065-1070*5_1065-778*5_1065-1071*5_1065-1078*5_1065-1072*5_1065-1079*5_1065-1074*5_1065-1073*5_1065-291*5_1065-775*5_1065-302*5_1065-1080*5_1065-313*5_1065-324*5_1065-774*5_1065-790*5_1065-280*5_1065-336*5_1065-380*5_1065-1721*5_1065-269*5_1065-391*5_1065-792*5_1065-258*5_1065-916*5_1065-247*5_1065-424*5_1065-402*5_1065-1732*5_1065-225*5_1065-347*5_1065-793*5_1065-915*5_1065-169*5_1065-413*5_1065-794*5_1065-1743*5_1065-914*5_1065-180*5_1065-236*5_1065-158*5_1065-125*5_1065-136*5_1065-358*5_1065-114*5_1065-147*5_1065-913*5_1065-1754*5_1065-58*5_1065-102*5_1065-369*5_1065-435*5_1699-912*6_1699-1765*6_1699-3*6_1699-910*6_1699-14*6_1699-909*6_1699-47*6_1699-1042*6_1699-25*6_1699-36*6_1699-908*6_1699-69*6_1699-1043*6_1699-80*6_1699-91*6_1699-907*6_1699-717*6_1699-1045*6_1699-740*6_1699-711*6_1699-739*6_1699-763*6_1562-1469*2_1562-1468*2_1562-1470*2_1562-1467*2_1562-1474*2_1562-1473*2_1562-1465*2_1562-1471*2_1562-1456*2_1562-1458*2_1562-1454*2_1562-1457*2_1562-1453*2_1562-1452*2_1562-1451*2_1562-1459*2_1562-1450*2_1562-1464*2_1562-1463*2_1562-1462*2_1562-1461*2_1562-1460*2_80-762*7_80-764*7_80-765*7_80-738*7_80-737*7_80-736*7_80-766*7_80-734*7_80-712*7_80-767*7_80-714*7_80-906*7_80-715*7_80-769*7_80-887*7_80-886*7_80-890*7_80-716*7_80-905*7_80-713*7_80-891*7_80-770*7_80-702*7_80-591*7_80-892*7_80-691*7_80-580*7_80-602*7_80-613*7_80-904*7_80-548*7_80-771*7_80-893*7_80-885*7_80-569*7_80-624*7_80-733*7_80-903*7_80-729*7_80-547*7_80-884*7_80-894*7_80-558*7_80-657*7_80-728*7_80-760*7_80-545*7_80-635*7_80-883*7_80-669*7_80-895*7_80-546*7_80-727*7_80-759*7_80-680*7_80-882*7_80-896*7_80-549*7_80-550*7_80-447*7_80-458*7_80-469*7_80-551*7_80-758*7_80-761*7_80-552*7_80-491*7_891-726*8_891-544*8_891-732*8_891-731*8_891-725*8_891-730*8_891-543*8_891-723*8_891-719*8_891-720*8_891-722*8_891-721*8_891-542*8_891-897*8_891-553*8_891-541*8_891-466*8_891-465*8_891-898*8_891-464*8_891-899*8_891-467*8_891-540*8_891-463*8_891-901*8_891-526*8_891-881*8_891-462*8_891-468*8_891-539*8_891-902*8_891-880*8_891-461*8_891-525*8_891-756*8_891-718*8_891-538*8_891-460*8_891-879*8_891-523*8_891-470*8_891-455*8_891-754*8_891-456*8_891-459*8_1491-1190*3_1491-1195*3_1491-1191*3_1491-321*3_1315-1298*6_1315-1301*6_1315-1302*6_1315-1303*6_1315-1297*6_1315-1296*6_1315-1295*6_1315-840*6_1315-1294*6_466-471*9_466-522*9_466-527*9_466-472*9_466-521*9_466-473*9_466-474*9_466-520*9_466-475*9_466-476*9_466-477*9_466-457*9_466-478*9_466-507*9_466-479*9_466-506*9_466-481*9_466-489*9_466-487*9_466-482*9_466-490*9_945-1030*4_945-942*4_945-1031*4_945-941*4_945-939*4_945-938*4_489-488*10_489-492*10_489-486*10_489-493*10_489-499*10_489-498*10_489-497*10_489-485*10_489-454*10_489-494*10_489-453*10_489-495*10_489-496*10_489-484*10_489-452*10_489-500*10_489-483*10_489-508*10_489-509*10_489-528*10_489-529*10_489-510*10_489-501*10_489-530*10_489-511*10_489-564*10_489-563*10_489-512*10_489-503*10_489-514*10_489-562*10_489-504*10_489-537*10_489-536*10_489-515*10_489-561*10_489-534*10_489-505*10_489-451*10_489-516*10_489-450*10_489-533*10_489-517*10_489-518*10_489-554*10_489-519*10_489-422*10_489-532*10_489-449*10_489-555*10_489-421*10_489-556*10_1192-320*5_1192-319*5_1192-318*5_1192-299*5_1192-317*5_1192-1196*5_1192-298*5_1192-316*5_1192-1197*5_1192-297*5_1192-315*5_1192-307*5_1192-697*5_1192-698*5_1192-314*5_1192-296*5_516-420*11_516-419*11_516-418*11_516-417*11_516-448*11_880-878*9_880-876*9_880-874*9_880-873*9_880-875*9_880-872*9_880-871*9_880-755*9_880-753*9_880-870*9_880-531*9_880-752*9_880-802*9_880-791*9_880-869*9_880-813*9_880-780*9_880-868*9_880-768*9_880-867*9_880-824*9_880-741*9_880-857*9_880-865*9_880-757*9_880-846*9_880-835*9_880-864*9_880-746*9_880-743*9_880-742*9_880-367*9_880-368*9_880-370*9_880-366*9_880-371*9_880-365*9_880-355*9_880-408*9_880-559*9_880-735*9_880-359*9_880-362*9_880-363*9_880-361*9_880-744*9_880-360*9_880-407*9_880-364*9_880-724*9_880-535*9_880-354*9_880-560*9_880-406*9_880-356*9_880-372*9_880-524*9_880-377*9_880-747*9_880-375*9_880-357*9_698-699*6_698-700*6_698-1198*6_698-701*6_698-1200*6_698-1201*6_698-1202*6_698-703*6_698-312*6_698-1203*6_698-311*6_698-704*6_698-1223*6_698-1220*6_698-310*6_698-1204*6_698-1759*6_698-1219*6_698-1205*6_698-309*6_698-1758*6_698-1757*6_698-1218*6_698-308*6_698-1756*6_698-1206*6_698-1755*6_698-293*6_698-1217*6_698-294*6_698-1207*6_698-1753*6_698-1750*6_698-1751*6_698-275*6_698-1216*6_698-1240*6_698-274*6_698-1214*6_698-276*6_669-502*8_669-646*8_669-480*8_669-513*8_669-243*8_669-242*8_669-241*8_669-239*8_669-240*8_669-238*8_669-329*8_669-237*8_669-235*8_669-191*8_669-328*8_669-330*8_669-202*8_669-327*8_669-333*8_669-322*8_669-234*8_669-332*8_669-326*8_669-246*8_669-232*8_669-233*8_669-231*8_669-745*8_669-331*8_669-245*8_669-244*8_669-230*8_669-256*8_1226-1225*4_1226-1224*4_1226-1209*4_1226-1211*4_1226-1212*4_1226-1239*4_1226-1208*4_1226-1215*4_1226-1213*4_1226-696*4_1226-695*4_1226-694*4_1226-693*4_1226-1256*4_1226-1257*4_1226-1254*4_1226-692*4_1226-1258*4_1226-1253*4_1226-1259*4_1226-1252*4_1226-690*4_1226-1251*4_1226-1260*4_1226-1271*4_1226-1270*4_1226-1261*4_1226-1272*4_1226-1273*4_1226-1269*4_1226-1274*4_1226-1268*4_1226-1275*4_1226-1282*4_1226-1280*4_1226-1764*4_356-353*10_356-350*10_356-568*10_356-570*10_356-349*10_356-352*10_356-595*10_356-378*10_356-571*10_356-593*10_356-351*10_356-379*10_356-348*10_356-594*10_356-384*10_356-592*10_356-572*10_356-346*10_356-373*10_356-567*10_356-381*10_356-383*10_356-374*10_356-165*10_356-345*10_356-587*10_356-166*10_356-382*10_356-163*10_356-344*10_356-748*10_356-167*10_356-385*10_356-162*10_356-376*10_356-441*10_356-343*10_356-168*10_356-749*10_356-386*10_356-573*10_356-161*10_356-440*10_356-750*10_356-387*10_356-340*10_356-588*10_356-170*10_356-574*10_356-751*10_356-388*10_356-160*10_356-439*10_356-339*10_356-589*10_356-438*10_356-579*10_356-164*10_356-389*10_356-159*10_356-437*10_356-576*10_356-400*10_356-399*10_356-578*10_356-590*10_356-338*10_356-577*10_356-390*10_356-436*10_356-398*10_356-156*10_356-401*10_356-565*10_560-405*10_560-404*10_560-403*10_560-397*10_560-409*10_560-410*10_560-396*10_560-411*10_560-412*10_560-395*10_560-414*10_560-445*10_560-394*10_560-393*10_560-415*10_560-392*10_560-416*10_560-444*10_560-566*10_560-423*10_560-425*10_560-443*10_560-426*10_560-427*10_560-442*10_560-431*10_560-428*10_560-429*10_560-432*10_560-433*10_1764-1766*5_1764-1763*5_1764-1262*5_1764-1263*5_1764-1762*5_1764-1264*5_1764-1771*5_1764-1772*5_1764-1770*5_1764-1773*5_1764-1761*5_1764-1265*5_1764-1769*5_1764-1267*5_1764-1613*5_1764-1760*5_1764-1768*5_1764-1614*5_1764-1752*5_1764-1615*5_1764-1601*5_1764-1767*5_1764-1725*5_1764-1616*5_1764-1627*5_1764-1617*5_1764-1286*5_1764-1724*5_1764-1618*5_1764-1626*5_1764-1726*5_1764-1619*5_1764-1749*5_1764-1285*5_1764-1625*5_1764-1723*5_1764-1620*5_1764-1727*5_1764-1624*5_1764-1284*5_1764-1722*5_1764-1622*5_1764-1728*5_1764-1628*5_1764-1748*5_1764-1623*5_1764-1283*5_1764-1693*5_1764-1729*5_1764-1629*5_1764-1747*5_1764-1692*5_1764-1746*5_1764-1720*5_1764-1730*5_1764-1602*5_1764-1630*5_1764-1281*5_1764-1745*5_1764-1691*5_1764-1731*5_1764-1719*5_1764-1631*5_699-287*7_699-286*7_699-273*7_415-430*11_294-277*7_294-250*7_294-272*7_294-278*7_294-249*7_294-251*7_294-325*7_294-285*7_294-252*7_294-248*7_294-851*7_294-271*7_294-323*7_294-850*7_294-284*7_294-253*7_294-279*7_294-270*7_294-852*7_294-849*7_294-283*7_294-268*7_294-254*7_294-259*7_294-853*7_294-281*7_294-295*7_294-260*7_294-848*7_294-847*7_294-257*7_294-261*7_294-282*7_294-255*7_294-263*7_294-262*7_294-229*7_294-264*7_294-228*7_294-265*7_294-266*7_294-288*7_294-267*7_159-157*11_159-155*11_159-596*11_159-154*11_159-575*11_159-586*11_159-150*11_159-151*11_159-585*11_159-149*11_159-152*11_159-584*11_159-582*11_159-583*11_159-604*11_159-581*11_159-153*11_159-597*11_159-603*11_159-600*11_159-434*11_159-598*11_159-148*11_159-601*11_159-599*11_159-146*11_159-650*11_159-649*11_159-143*11_159-145*11_159-209*11_159-144*11_159-605*11_159-208*11_159-137*11_159-142*11_159-134*11_159-207*11_159-606*11_159-135*11_159-138*11_159-141*11_159-133*11_159-206*11_159-139*11_159-140*11_159-131*11_159-607*11_159-130*11_329-227*9_329-226*9_329-223*9_329-222*9_329-341*9_1045-1046*7_1623-1690*6_1623-1689*6_1623-1687*6_1623-1686*6_1623-1633*6_1623-1679*6_1623-1680*6_1623-1634*6_1623-1681*6_1623-1678*6_1623-1682*6_1623-1635*6_1623-1708*6_1623-1676*6_1623-1707*6_1623-1706*6_1623-1683*6_1623-1636*6_1623-1705*6_1623-1603*6_1623-1675*6_1623-1709*6_1623-1700*6_1623-1704*6_1623-1637*6_1623-1711*6_1623-1698*6_1623-1703*6_1623-1684*6_1623-1604*6_1623-1712*6_1623-1674*6_1623-1697*6_1623-1702*6_1623-1638*6_148-132*12_148-129*12_148-651*12_148-205*12_148-652*12_148-653*12_148-128*12_148-654*12_148-201*12_148-200*12_148-204*12_148-199*12_148-198*12_148-127*12_148-203*12_148-197*12_148-196*12_148-174*12_148-171*12_148-655*12_148-210*12_148-172*12_148-124*12_148-211*12_148-173*12_148-123*12_148-212*12_148-656*12_148-122*12_148-214*12_148-126*12_1635-1639*7_1635-1640*7_1635-1641*7_1635-1605*7_1635-1642*7_1635-1606*7_1635-1673*7_1635-1607*7_1635-1644*7_1635-1672*7_1635-1608*7_1635-1685*7_1635-1645*7_1635-1609*7_1635-1660*7_1635-1279*7_1635-1661*7_1635-1646*7_1635-1659*7_1635-1278*7_1635-1276*7_1635-1611*7_1635-1658*7_1635-1650*7_1635-687*7_1635-1648*7_1635-834*7_1635-836*7_1635-1657*7_1635-833*7_1635-1651*7_1635-1612*7_1635-1671*7_1635-1647*7_1635-856*7_1635-1653*7_1635-855*7_227-289*10_227-342*10_227-290*10_227-221*10_227-334*10_227-337*10_227-220*10_227-292*10_227-216*10_227-217*10_227-218*10_227-219*10_227-175*10_1657-1656*8_1657-689*8_1657-1670*8_1657-688*8_1657-1669*8_1657-1662*8_1657-1668*8_1657-1663*8_1657-1667*8_1657-1649*8_1657-1664*8_1657-1694*8_1657-1695*8_1657-1696*8_1657-1652*8_1657-1701*8_1657-1655*8_1709-1713*7_1709-17*7_1709-16*7_1709-1714*7_1709-18*7_1709-15*7_1709-19*7_1709-13*7_1709-83*7_1709-20*7_1709-1715*7_1709-12*7_1709-21*7_1709-1716*7_1709-11*7_1709-683*7_1709-82*7_1709-22*7_1709-73*7_1709-1718*7_1709-10*7_1709-74*7_1709-1717*7_1709-686*7_1709-684*7_1709-72*7_1709-81*7_1709-679*7_1709-1733*7_1709-9*7_1709-79*7_1709-685*7_1709-1744*7_1709-78*7_1709-71*7_1709-77*7_1709-681*7_1709-76*7_1709-1734*7_1709-85*7_1709-84*7_1709-1735*7_1709-75*7_1709-1736*7_1709-8*7_1709-65*7_1709-1742*7_1709-66*7_1709-67*7_1709-1774*7_1709-86*7_1709-195*7_1709-64*7_1709-1737*7_1709-682*7_1709-68*7_1709-70*7_1709-1741*7_1709-1775*7_1709-4*7_1709-194*7_1709-5*7_1709-94*7_1709-6*7_1709-1740*7_1709-1738*7_1709-62*7_1709-95*7_1709-7*7_1709-87*7_1709-93*7_1709-1739*7_1709-96*7_1709-186*7_1709-61*7_1292-1291*4_1292-1250*4_1292-1290*4_1292-1293*4_1292-1289*4_1292-1287*4_1292-1600*4_1292-839*4_1292-838*4_1292-837*4_682-23*8_682-24*8_682-26*8_682-27*8_682-28*8_682-29*8_682-30*8_682-31*8_682-46*8_682-32*8_682-33*8_682-48*8_682-39*8_682-34*8_682-49*8_682-35*8_682-37*8_682-40*8_682-41*8_682-50*8_682-51*8_682-42*8_682-38*8_682-52*8_682-43*8_682-53*8_682-63*8_682-54*8_1289-832*5_195-193*8_195-92*8_195-88*8_195-97*8_195-192*8_195-98*8_195-90*8_195-89*8_195-190*8_195-664*8_195-665*8_195-666*8_195-99*8_195-673*8_195-663*8_195-667*8_195-189*8_195-188*8_195-674*8_195-100*8_195-187*8_195-670*8_195-662*8_195-60*8_195-671*8_195-59*8_195-675*8_195-101*8_195-109*8_195-110*8_195-108*8_195-185*8_195-111*8_195-107*8_195-672*8_195-106*8_195-184*8_195-57*8_195-103*8_195-105*8_195-117*8_195-104*8_195-56*8_195-183*8_195-648*8_195-55*8_195-112*8_195-116*8_195-182*8_195-647*8_195-115*8_29-45*9_29-44*9_29-678*9_29-676*9_29-677*9_832-831*6_832-830*6_832-829*6_832-854*6_99-179*9_99-181*9_290-176*11_290-177*11_290-178*11_290-215*11_123-612*13_123-121*13_123-611*13_123-120*13_123-610*13_123-119*13_123-658*13_123-609*13_123-118*13_123-659*13_123-660*13_123-661*13_123-608*13_123-614*13_123-616*13_123-615*13_610-642*14_610-617*14_610-641*14_610-618*14_610-640*14_610-619*14_610-639*14_664-645*9_664-644*9_664-620*9_664-621*9_620-638*10_620-637*10_620-622*10_620-623*10_620-625*10_620-626*10_620-627*10_620-632*10_620-631*10_620-628*10_620-630*10_620-643*10_620-629*10_620-633*10_620-636*10_620-634*10_
