"id","Scenario","Actual Range","Protocol","Buildings","Total nodes","Nodes on circ","Total coverage","Coverage on circ","Alert received mean time","Hops","Slots","Messages sent","Messages received", "Starting x", "Starting y","Starting node", "Vehicle distance", "Received node ids", "Node ids", "Transmission map", "Received on circ nodes", "Transmission vector"
0,1,500,500,0,1776,80,1776,80,5748.82,3.3125,7.8,937,1776,1153.84,1884.7,310,25,309_311_308_312_294_314_293_275_274_315_276_287_273_277_316_286_272_699_249_285_317_278_851_250_698_700_248_284_318_850_852_251_325_697_701_271_1196_252_849_279_283_323_1197_853_296_295_319_297_270_244_253_1198_298_847_848_281_233_268_1200_245_320_259_299_254_260_232_703_231_1201_282_307_306_300_246_261_321_257_234_1202_704_1190_1189_1191_1747_255_1187_263_262_1750_1186_230_256_1748_1749_1746_1203_1195_1220_1751_235_1223_326_1185_330_229_264_322_1745_237_1460_1756_1757_1758_1165_1755_228_265_1759_1753_327_1164_301_331_1752_1192_1204_202_288_238_1219_1760_266_1163_227_1167_1175_1174_328_1461_332_239_1741_1742_1740_1193_1205_303_289_191_267_1744_226_1218_1761_240_1130_1168_1176_1733_333_1131_1739_1734_329_1462_1731_304_223_1730_290_1169_1194_1206_241_1735_1217_1729_1762_1132_1129_1178_1728_222_1463_1738_686_1170_236_1134_435_225_1717_1718_447_1736_1727_1719_1128_458_213_292_242_705_1207_469_1216_305_1179_1140_1720_221_1726_1767_1763_480_1184_1135_1171_1464_1737_491_180_1725_1774_220_1722_243_695_696_1127_1141_1768_342_646_1716_694_502_1214_693_1180_1215_1723_334_1240_1172_1136_513_1126_1769_1213_1764_1724_690_1459_169_4_341_635_1260_1775_1715_216_337_1616_1239_1125_1261_1182_1143_524_1212_1766_1209_657_181_724_5_1456_1453_217_841_1617_1263_218_1142_1173_1145_1492_842_735_1078_843_1491_1076_1457_1079_1458_845_746_844_1075_1490_742_535_1454_757_1465_1070_1080_1071_768_1069_1072_1467_546_680_761_1452_780_783_1068_1473_791_1073_1468_1451_558_1067_782_802_758_1074_752_1062_759_1450_1065_1469_756_813_291_753_755_781_1063_1064_754_280_760_302_1081_778_710_313_870_883_709_1082_777_882_324_871_784_1083_785_336_786_872_776_1084_787_788_775_1085_880_789_774_773_772_1615_1614_1770_1618_1613_1771_1619_1772_1620_1773_1622_1264_1262_1714_1713_1624_1625_1712_1623_1265_1626_1711_1693_1627_1709_1692_1267_1691_1601_692_1690_1259_1268_1628_1286_1258_1269_1689_1629_1257_1285_1270_1708_1687_16_1630_15_17_13_1284_18_12_1707_1271_11_19_1686_10_20_1631_1283_74_1706_83_21_1272_9_683_73_6_1633_1602_1282_22_8_1705_1256_1273_7_684_72_679_1211_1634_1704_1603_1281_82_1680_1679_1681_1254_1208_1274_1682_186_681_1678_685_71_1703_1635_1280_1604_1224_185_1253_310_81_1275_1683_187_1676_1225_1702_79_76_184_77_75_682_1636_1700_78_195_1279_1605_194_1252_86_1698_85_1226_1276_70_193_67_66_1675_84_1697_68_188_1701_65_94_183_1238_192_95_1637_1684_1696_1278_1606_1227_190_64_1674_93_87_1228_98_1236_62_1235_1639_26_1638_1685_1695_1673_1607_1251_23_1694_1661_1672_1287_1608_1662_24_1663_1609_1289_1641_1664_1229_1699_1710_1688_916_915_1721_917_790_918_914_1677_1732_792_913_919_1666_1743_793_912_920_1654_1040_1086_1754_794_1643_1039_1765_347_921_1632_358_424_1038_3_923_910_1621_369_413_1037_14_58_402_924_1041_909_1610_47_1036_391_25_36_69_1042_908_1599_380_925_80_1035_91_1043_907_102_708_717_762_740_926_1047_1048_269_1049_1034_114_1050_1045_1032_1588_711_707_1051_906_763_739_125_822_258_1052_1046_927_1577_712_905_136_706_1053_738_247_764_821_1054_147_904_928_1061_1566_714_737_765_158_820_903_1060_1181_1183_736_1115_929_715_1555_1056_713_766_1059_734_819_1058_1114_1057_1106_930_702_1105_716_767_1087_1104_1120_1113_1543_818_1103_691_892_931_769_891_1089_613_893_890_1121_1102_1124_1112_591_887_1101_602_1532_624_894_817_729_886_1123_1090_770_1100_932_580_895_1109_795_548_1098_796_1161_797_1139_896_1091_816_901_728_798_771_934_1107_1521_1160_800_885_547_902_1092_1097_897_727_733_815_1108_884_801_803_468_1640_1660_1642_1659_687_1658_1644_688_1671_1657_689_1645_1670_1646_1648_1647_1649_1669_1656_1667_1650_1668_1651_1652_1653_1655_856_855_854_1611_832_833_834_831_836_830_837_838_829_1612_839_840_1290_1600_1294_1295_27_1293_1291_1296_49_46_30_92_88_90_89_96_664_665_673_97_663_666_674_662_667_61_60_99_63_670_675_59_100_189_109_110_108_111_671_38_107_672_101_106_57_37_105_103_56_104_117_648_35_55_112_647_34_116_115_33_645_54_118_32_53_644_182_119_31_52_614_615_120_661_617_660_618_51_659_608_642_616_179_121_619_641_658_640_620_28_609_50_126_29_639_621_610_638_632_39_611_622_178_210_124_637_211_122_612_623_212_40_655_123_631_214_656_177_625_196_215_41_626_630_197_176_627_42_198_127_48_633_654_175_199_653_643_652_200_45_173_634_219_174_203_201_204_172_205_140_139_206_171_128_141_138_651_207_338_137_142_129_208_130_143_209_599_133_170_131_605_134_148_1138_1137_1159_1162_799_1158_1093_1157_719_1095_1510_598_578_579_581_582_577_574_597_583_573_576_584_146_164_168_585_167_149_586_150_166_145_600_165_589_588_590_144_157_601_154_606_160_159_161_151_587_135_650_132_344_345_162_346_343_649_163_603_340_348_156_572_604_152_155_339_351_596_592_571_349_352_575_153_751_593_595_570_607_350_440_750_441_353_594_439_749_382_357_379_381_568_438_385_383_567_356_354_378_386_437_384_748_355_387_372_373_436_359_360_747_388_371_374_434_864_361_370_389_745_865_375_857_433_362_846_368_741_867_835_390_744_376_432_363_367_743_392_377_868_824_869_366_566_431_364_565_399_365_398_430_393_400_429_401_442_1563_1562_1561_1474_1470_1560_1449_1494_1448_1471_1447_1472_1495_1581_1564_1475_1446_1582_1496_1565_1489_1476_1445_1556_1485_1497_1484_1567_1553_1442_1486_1552_1146_1478_1568_1498_1147_1441_1551_1487_1148_1149_1506_1479_1569_1500_1557_1156_1150_1505_1507_1501_1480_1570_1558_1508_1151_1504_1502_1571_1481_1509_1559_1503_1152_1511_1572_1523_1482_1583_1528_1440_1512_1527_1513_1153_1584_1439_1522_1526_1573_1483_1438_1237_1525_1520_1154_1514_1531_1524_1094_1437_1574_1116_1519_1530_1436_1117_1493_1518_1515_1517_1234_1529_1118_1575_1516_1435_809_1119_1232_1399_1541_1576_1388_1434_1096_1542_1321_1333_1266_1377_1433_808_1578_1277_1231_1255_807_1410_1545_1533_43_44_676_678_677_629_628_636_881_553_879_552_873_569_878_874_551_876_875_550_669_549_544_543_545_542_541_540_531_539_732_538_532_537_731_536_534_533_730_725_726_554_561_555_723_408_556_562_407_559_722_406_563_455_721_560_454_453_720_452_456_564_405_463_462_404_461_457_460_464_459_465_403_526_507_466_506_898_525_397_467_899_490_489_488_409_396_487_1297_1303_1302_1292_1301_1250_1249_1298_1248_1300_1247_1304_1315_1246_1429_1311_1312_1313_1245_1314_1428_1322_1243_1242_1427_1316_1241_1305_1426_1230_1306_1317_1307_1425_1424_1587_1323_1308_1579_1423_1318_1580_1589_1324_1422_1430_1420_1325_1594_1590_1586_1319_1595_1334_1396_1335_1326_1431_1591_1341_1585_1394_1395_1320_1393_1592_1336_1331_1392_1327_1330_1400_1329_1397_1593_1409_1337_1356_1411_718_470_523_471_522_527_472_521_473_474_520_475_476_477_478_479_486_492_481_485_482_484_493_498_508_509_395_394_410_444_411_443_412_425_426_423_427_428_414_483_415_497_416_510_511_445_448_449_1544_1546_1419_1414_1413_1412_1547_1535_1549_1548_1550_1415_1534_1416_1417_1407_1536_888_1398_1406_1418_1537_999_0_1401_1404_1538_1403_1402_1405_1540_1_1539_1408_863_1386_1391_1385_862_450_451_417_418_528_529_419_420_500_422_935_814_936_1499_804_812_937_811_810_1488_805_1477_1466_823_825_806_938_826_1455_939_940_1432_941_1384_1383_861_1382_1381_499_496_494_495_512_514_530_515_1110_1244_1221_1288_1332_1299_1233_1443_860_1310_859_1222_858_1554_1210_922_1387_1596_1380_1389_1379_1390_1373_1374_1378_1375_1376_1372_1598_1371_1597_1370_1362_1309_1361_1364_1365_1360_1363_1359_1367_1368_1343_1338_1342_1339_1369_1340_1345_1346_1328_1347_1348_1349_1354_501_504_1444_942_943_1421_945_950_1001_1002_998_1012_997_1031_1013_1030_1014_996_946_995_949_1018_828_948_994_1019_1003_827_1015_947_1020_1004_1016_1021_962_1005_1017_1023_1026_951_1006_1024_961_1007_1366_952_1027_1008_1355_1025_960_953_1009_1028_991_992_988_956_957_993_954_958_1010_977_959_966_1029_955_1000_963_990_989_964_965_1353_1350_1352_1351_1357_1358_1344_944_1177_1188_968_969_967_933_981_1144_1166_503_505_421_519_518_517_516_1133_1199_900_1011_911_889_1022_877_1033_866_1099_1111_1088_1122_1077_1044_779_1066_1055_668_446_1155_335_557_224_987_113_986_2_985_970_1665_984_971_972_980_982_973_979_974_978_976_983_975_,0_1_2_3_4_5_6_7_8_9_10_11_12_13_14_15_16_17_18_19_20_21_22_23_24_25_26_27_28_29_30_31_32_33_34_35_36_37_38_39_40_41_42_43_44_45_46_47_48_49_50_51_52_53_54_55_56_57_58_59_60_61_62_63_64_65_66_67_68_69_70_71_72_73_74_75_76_77_78_79_80_81_82_83_84_85_86_87_88_89_90_91_92_93_94_95_96_97_98_99_100_101_102_103_104_105_106_107_108_109_110_111_112_113_114_115_116_117_118_119_120_121_122_123_124_125_126_127_128_129_130_131_132_133_134_135_136_137_138_139_140_141_142_143_144_145_146_147_148_149_150_151_152_153_154_155_156_157_158_159_160_161_162_163_164_165_166_167_168_169_170_171_172_173_174_175_176_177_178_179_180_181_182_183_184_185_186_187_188_189_190_191_192_193_194_195_196_197_198_199_200_201_202_203_204_205_206_207_208_209_210_211_212_213_214_215_216_217_218_219_220_221_222_223_224_225_226_227_228_229_230_231_232_233_234_235_236_237_238_239_240_241_242_243_244_245_246_247_248_249_250_251_252_253_254_255_256_257_258_259_260_261_262_263_264_265_266_267_268_269_270_271_272_273_274_275_276_277_278_279_280_281_282_283_284_285_286_287_288_289_290_291_292_293_294_295_296_297_298_299_300_301_302_303_304_305_306_307_308_309_310_311_312_313_314_315_316_317_318_319_320_321_322_323_324_325_326_327_328_329_330_331_332_333_334_335_336_337_338_339_340_341_342_343_344_345_346_347_348_349_350_351_352_353_354_355_356_357_358_359_360_361_362_363_364_365_366_367_368_369_370_371_372_373_374_375_376_377_378_379_380_381_382_383_384_385_386_387_388_389_390_391_392_393_394_395_396_397_398_399_400_401_402_403_404_405_406_407_408_409_410_411_412_413_414_415_416_417_418_419_420_421_422_423_424_425_426_427_428_429_430_431_432_433_434_435_436_437_438_439_440_441_442_443_444_445_446_447_448_449_450_451_452_453_454_455_456_457_458_459_460_461_462_463_464_465_466_467_468_469_470_471_472_473_474_475_476_477_478_479_480_481_482_483_484_485_486_487_488_489_490_491_492_493_494_495_496_497_498_499_500_501_502_503_504_505_506_507_508_509_510_511_512_513_514_515_516_517_518_519_520_521_522_523_524_525_526_527_528_529_530_531_532_533_534_535_536_537_538_539_540_541_542_543_544_545_546_547_548_549_550_551_552_553_554_555_556_557_558_559_560_561_562_563_564_565_566_567_568_569_570_571_572_573_574_575_576_577_578_579_580_581_582_583_584_585_586_587_588_589_590_591_592_593_594_595_596_597_598_599_600_601_602_603_604_605_606_607_608_609_610_611_612_613_614_615_616_617_618_619_620_621_622_623_624_625_626_627_628_629_630_631_632_633_634_635_636_637_638_639_640_641_642_643_644_645_646_647_648_649_650_651_652_653_654_655_656_657_658_659_660_661_662_663_664_665_666_667_668_669_670_671_672_673_674_675_676_677_678_679_680_681_682_683_684_685_686_687_688_689_690_691_692_693_694_695_696_697_698_699_700_701_702_703_704_705_706_707_708_709_710_711_712_713_714_715_716_717_718_719_720_721_722_723_724_725_726_727_728_729_730_731_732_733_734_735_736_737_738_739_740_741_742_743_744_745_746_747_748_749_750_751_752_753_754_755_756_757_758_759_760_761_762_763_764_765_766_767_768_769_770_771_772_773_774_775_776_777_778_779_780_781_782_783_784_785_786_787_788_789_790_791_792_793_794_795_796_797_798_799_800_801_802_803_804_805_806_807_808_809_810_811_812_813_814_815_816_817_818_819_820_821_822_823_824_825_826_827_828_829_830_831_832_833_834_835_836_837_838_839_840_841_842_843_844_845_846_847_848_849_850_851_852_853_854_855_856_857_858_859_860_861_862_863_864_865_866_867_868_869_870_871_872_873_874_875_876_877_878_879_880_881_882_883_884_885_886_887_888_889_890_891_892_893_894_895_896_897_898_899_900_901_902_903_904_905_906_907_908_909_910_911_912_913_914_915_916_917_918_919_920_921_922_923_924_925_926_927_928_929_930_931_932_933_934_935_936_937_938_939_940_941_942_943_944_945_946_947_948_949_950_951_952_953_954_955_956_957_958_959_960_961_962_963_964_965_966_967_968_969_970_971_972_973_974_975_976_977_978_979_980_981_982_983_984_985_986_987_988_989_990_991_992_993_994_995_996_997_998_999_1000_1001_1002_1003_1004_1005_1006_1007_1008_1009_1010_1011_1012_1013_1014_1015_1016_1017_1018_1019_1020_1021_1022_1023_1024_1025_1026_1027_1028_1029_1030_1031_1032_1033_1034_1035_1036_1037_1038_1039_1040_1041_1042_1043_1044_1045_1046_1047_1048_1049_1050_1051_1052_1053_1054_1055_1056_1057_1058_1059_1060_1061_1062_1063_1064_1065_1066_1067_1068_1069_1070_1071_1072_1073_1074_1075_1076_1077_1078_1079_1080_1081_1082_1083_1084_1085_1086_1087_1088_1089_1090_1091_1092_1093_1094_1095_1096_1097_1098_1099_1100_1101_1102_1103_1104_1105_1106_1107_1108_1109_1110_1111_1112_1113_1114_1115_1116_1117_1118_1119_1120_1121_1122_1123_1124_1125_1126_1127_1128_1129_1130_1131_1132_1133_1134_1135_1136_1137_1138_1139_1140_1141_1142_1143_1144_1145_1146_1147_1148_1149_1150_1151_1152_1153_1154_1155_1156_1157_1158_1159_1160_1161_1162_1163_1164_1165_1166_1167_1168_1169_1170_1171_1172_1173_1174_1175_1176_1177_1178_1179_1180_1181_1182_1183_1184_1185_1186_1187_1188_1189_1190_1191_1192_1193_1194_1195_1196_1197_1198_1199_1200_1201_1202_1203_1204_1205_1206_1207_1208_1209_1210_1211_1212_1213_1214_1215_1216_1217_1218_1219_1220_1221_1222_1223_1224_1225_1226_1227_1228_1229_1230_1231_1232_1233_1234_1235_1236_1237_1238_1239_1240_1241_1242_1243_1244_1245_1246_1247_1248_1249_1250_1251_1252_1253_1254_1255_1256_1257_1258_1259_1260_1261_1262_1263_1264_1265_1266_1267_1268_1269_1270_1271_1272_1273_1274_1275_1276_1277_1278_1279_1280_1281_1282_1283_1284_1285_1286_1287_1288_1289_1290_1291_1292_1293_1294_1295_1296_1297_1298_1299_1300_1301_1302_1303_1304_1305_1306_1307_1308_1309_1310_1311_1312_1313_1314_1315_1316_1317_1318_1319_1320_1321_1322_1323_1324_1325_1326_1327_1328_1329_1330_1331_1332_1333_1334_1335_1336_1337_1338_1339_1340_1341_1342_1343_1344_1345_1346_1347_1348_1349_1350_1351_1352_1353_1354_1355_1356_1357_1358_1359_1360_1361_1362_1363_1364_1365_1366_1367_1368_1369_1370_1371_1372_1373_1374_1375_1376_1377_1378_1379_1380_1381_1382_1383_1384_1385_1386_1387_1388_1389_1390_1391_1392_1393_1394_1395_1396_1397_1398_1399_1400_1401_1402_1403_1404_1405_1406_1407_1408_1409_1410_1411_1412_1413_1414_1415_1416_1417_1418_1419_1420_1421_1422_1423_1424_1425_1426_1427_1428_1429_1430_1431_1432_1433_1434_1435_1436_1437_1438_1439_1440_1441_1442_1443_1444_1445_1446_1447_1448_1449_1450_1451_1452_1453_1454_1455_1456_1457_1458_1459_1460_1461_1462_1463_1464_1465_1466_1467_1468_1469_1470_1471_1472_1473_1474_1475_1476_1477_1478_1479_1480_1481_1482_1483_1484_1485_1486_1487_1488_1489_1490_1491_1492_1493_1494_1495_1496_1497_1498_1499_1500_1501_1502_1503_1504_1505_1506_1507_1508_1509_1510_1511_1512_1513_1514_1515_1516_1517_1518_1519_1520_1521_1522_1523_1524_1525_1526_1527_1528_1529_1530_1531_1532_1533_1534_1535_1536_1537_1538_1539_1540_1541_1542_1543_1544_1545_1546_1547_1548_1549_1550_1551_1552_1553_1554_1555_1556_1557_1558_1559_1560_1561_1562_1563_1564_1565_1566_1567_1568_1569_1570_1571_1572_1573_1574_1575_1576_1577_1578_1579_1580_1581_1582_1583_1584_1585_1586_1587_1588_1589_1590_1591_1592_1593_1594_1595_1596_1597_1598_1599_1600_1601_1602_1603_1604_1605_1606_1607_1608_1609_1610_1611_1612_1613_1614_1615_1616_1617_1618_1619_1620_1621_1622_1623_1624_1625_1626_1627_1628_1629_1630_1631_1632_1633_1634_1635_1636_1637_1638_1639_1640_1641_1642_1643_1644_1645_1646_1647_1648_1649_1650_1651_1652_1653_1654_1655_1656_1657_1658_1659_1660_1661_1662_1663_1664_1665_1666_1667_1668_1669_1670_1671_1672_1673_1674_1675_1676_1677_1678_1679_1680_1681_1682_1683_1684_1685_1686_1687_1688_1689_1690_1691_1692_1693_1694_1695_1696_1697_1698_1699_1700_1701_1702_1703_1704_1705_1706_1707_1708_1709_1710_1711_1712_1713_1714_1715_1716_1717_1718_1719_1720_1721_1722_1723_1724_1725_1726_1727_1728_1729_1730_1731_1732_1733_1734_1735_1736_1737_1738_1739_1740_1741_1742_1743_1744_1745_1746_1747_1748_1749_1750_1751_1752_1753_1754_1755_1756_1757_1758_1759_1760_1761_1762_1763_1764_1765_1766_1767_1768_1769_1770_1771_1772_1773_1774_1775_,30:{43;44;676;678;677;629;628;636;}93:{92;88;90;89;96;664;665;673;97;663;666;674;662;667;61;60;99;63;670;675;59;100;189;109;110;108;111;671;38;107;672;101;106;57;37;105;103;56;104;117;648;35;55;112;647;34;116;115;33;645;54;118;32;53;644;182;119;31;52;614;615;120;661;617;660;618;51;659;608;642;616;179;121;619;641;658;640;620;28;609;50;126;29;639;621;610;638;632;39;611;622;178;210;124;637;211;122;612;623;212;40;655;123;631;214;656;177;625;196;215;41;626;630;197;176;627;42;198;127;48;633;654;175;199;653;643;652;200;45;173;634;}185:{219;174;203;201;204;172;205;140;139;206;171;128;141;138;651;207;338;137;142;129;208;130;143;209;599;133;170;131;605;134;148;}310:{309;311;308;312;294;314;293;275;274;315;276;287;273;277;316;286;272;699;249;285;317;278;851;250;698;700;248;284;318;850;852;251;325;697;701;271;1196;252;849;279;283;323;1197;853;296;295;319;297;270;244;253;1198;298;847;848;281;233;268;1200;245;320;259;299;254;260;232;703;231;1201;282;307;306;300;246;261;321;257;234;1202;704;1190;1189;1191;1747;255;1187;263;262;1750;1186;230;256;1748;1749;1746;1203;1195;1220;1751;235;1223;326;1185;330;229;264;322;1745;237;1460;1756;1757;1758;1165;1755;228;265;1759;1753;327;1164;301;331;1752;1192;1204;202;288;238;1219;1760;266;1163;227;1167;1175;1174;328;1461;332;239;1741;1742;1740;1193;1205;303;289;191;267;1744;226;1218;1761;240;1130;1168;1176;1733;333;1131;1739;1734;329;1462;1731;304;223;1730;290;1169;1194;1206;241;1735;1217;1729;1762;1132;1129;1178;1728;222;1463;1738;686;1170;236;1134;435;225;1717;1718;447;1736;1727;1719;1128;458;213;292;242;705;1207;469;1216;305;1179;1140;1720;221;1726;1767;1763;480;1184;1135;1171;1464;1737;491;180;1725;1774;220;1722;243;695;696;1127;1141;1768;342;646;1716;694;502;1214;693;1180;1215;1723;334;1240;1172;1136;513;1126;1769;1213;1764;1724;690;1459;169;4;341;635;1260;1775;1715;216;337;1616;1239;1125;1261;1182;1143;524;1212;1766;1209;657;181;724;5;1456;1453;217;841;1617;1263;218;}396:{395;394;410;444;411;443;412;425;426;423;427;428;414;415;416;445;448;449;}429:{450;451;417;418;528;529;419;420;500;422;}461:{483;497;510;511;}466:{504;}468:{499;496;494;495;512;514;530;515;}560:{503;505;421;519;518;517;516;}599:{598;578;579;581;582;577;574;597;583;573;576;584;146;164;168;585;167;149;586;150;166;145;600;165;589;588;590;144;157;601;154;606;160;159;161;151;587;135;650;132;344;345;162;346;343;649;163;603;340;348;156;572;604;152;155;339;351;596;592;571;349;352;575;153;751;593;595;570;607;350;440;750;441;353;594;439;749;382;357;379;381;568;438;385;383;567;356;354;378;386;437;384;748;355;387;372;373;436;359;360;747;388;371;374;434;864;361;370;389;745;865;375;857;433;362;846;368;741;867;835;390;744;376;432;363;367;743;392;377;868;824;869;366;566;431;364;565;399;365;398;430;393;400;429;401;442;}716:{718;470;523;471;522;527;472;521;473;474;520;475;476;477;478;479;486;492;481;485;482;484;493;498;508;509;}719:{501;}724:{735;746;742;535;757;768;546;680;761;780;791;558;802;758;752;759;756;813;753;755;754;760;870;883;882;871;872;880;}755:{881;553;879;552;873;569;878;874;551;876;875;550;669;549;544;543;545;542;541;540;531;539;732;538;532;537;731;536;534;533;730;725;726;554;561;555;723;408;556;562;407;559;722;406;563;455;721;560;454;453;720;452;456;564;405;463;462;404;461;457;460;464;459;465;403;526;507;466;506;898;525;397;467;899;490;489;488;409;396;487;}773:{1699;1710;1688;916;915;1721;917;790;918;914;1677;1732;792;913;919;1666;1743;793;912;920;1654;1040;1086;1754;794;1643;1039;1765;347;921;1632;358;424;1038;3;923;910;1621;369;413;1037;14;58;402;924;1041;909;1610;47;1036;391;25;36;69;1042;908;1599;380;925;80;1035;91;1043;907;102;708;717;762;740;926;1047;1048;269;1049;1034;114;1050;1045;1032;1588;711;707;1051;906;763;739;125;822;258;1052;1046;927;1577;712;905;136;706;1053;738;247;764;821;1054;147;904;928;1061;1566;714;737;765;158;820;903;1060;1181;1183;736;1115;929;715;1555;1056;713;766;1059;734;819;1058;1114;1057;1106;930;702;1105;716;767;1087;1104;1120;1113;1543;818;1103;691;892;931;769;891;1089;613;893;890;1121;1102;1124;1112;591;887;1101;602;1532;624;894;817;729;886;1123;1090;770;1100;932;580;895;1109;795;548;1098;796;1161;797;1139;896;1091;816;901;728;798;771;934;1107;1521;1160;800;885;547;902;1092;1097;897;727;733;815;1108;884;801;803;468;}784:{1138;1137;1159;1162;799;1158;1093;1157;719;1095;1510;}812:{1344;944;1177;1188;968;969;967;933;981;1144;1166;}815:{1133;}816:{1444;942;943;1421;945;950;1001;1002;998;1012;997;1031;1013;1030;1014;996;946;995;949;1018;828;948;994;1019;1003;827;1015;947;1020;1004;1016;1021;962;1005;1017;1023;1026;951;1006;1024;961;1007;1366;952;1027;1008;1355;1025;960;953;1009;1028;991;992;988;956;957;993;954;958;1010;977;959;966;1029;955;1000;963;990;}841:{842;1078;843;1076;1079;845;844;1075;1070;1080;1071;1069;1072;783;1068;1073;1067;782;1074;1062;1065;291;781;1063;1064;280;302;1081;778;710;313;709;1082;777;324;784;1083;785;336;786;776;1084;787;788;775;1085;789;774;773;772;}935:{989;964;965;}940:{978;976;983;975;}1023:{1199;900;1011;911;889;1022;877;1033;866;1099;1111;1088;1122;1077;1044;779;1066;1055;668;446;1155;335;557;224;987;113;986;2;985;970;1665;984;971;972;980;982;973;979;974;}1039:{935;814;936;1499;804;812;937;811;810;1488;805;1477;1466;823;825;806;938;826;1455;939;940;1432;941;}1186:{1142;1173;1145;1492;1491;1457;1458;1490;1454;1465;1467;1452;1473;1468;1451;1450;1469;}1296:{1297;1303;1302;1292;1301;1250;1249;1298;1248;1300;1247;1304;1315;1246;1429;1311;1312;1313;1245;1314;1428;1322;1243;1242;1427;1316;1241;1305;1426;1230;1306;1317;1307;1425;1424;1587;1323;1308;1579;1423;1318;1580;1589;1324;1422;1430;1420;1325;1594;1590;1586;1319;1595;1334;1396;1335;1326;1431;1591;1341;1585;1394;1395;1320;1393;1592;1336;1331;1392;1327;1330;1400;1329;1397;1593;1409;1337;1356;1411;}1383:{1380;1389;1379;1390;1373;1374;1378;1375;1376;1372;1598;1371;1597;1370;1362;1309;1361;1364;1365;1360;1363;1359;1367;1368;1343;1338;1342;1339;1369;1340;1345;1346;1328;1347;1348;1349;1354;}1385:{1387;1596;}1439:{1384;1383;861;1382;1381;}1440:{1544;1546;1419;1414;1413;1412;1547;1535;1549;1548;1550;1415;1534;1416;1417;1407;1536;888;1398;1406;1418;1537;999;0;1401;1404;1538;1403;1402;1405;1540;1;1539;1408;863;1386;1391;1385;862;}1456:{1563;1562;1561;1474;1470;1560;1449;1494;1448;1471;1447;1472;1495;1581;1564;1475;1446;1582;1496;1565;1489;1476;1445;1556;1485;1497;1484;1567;1553;1442;1486;1552;1146;1478;1568;1498;1147;1441;1551;1487;1148;1149;1506;1479;1569;1500;1557;1156;1150;1505;1507;1501;1480;1570;1558;1508;1151;1504;1502;1571;1481;1509;1559;1503;1152;1511;1572;1523;1482;1583;1528;1440;1512;1527;1513;1153;1584;1439;1522;1526;1573;1483;1438;1237;1525;1520;1154;1514;1531;1524;1094;1437;1574;1116;1519;1530;1436;1117;1493;1518;1515;1517;1234;1529;1118;1575;1516;1435;809;1119;1232;1399;1541;1576;1388;1434;1096;1542;1321;1333;1266;1377;1433;808;1578;1277;1231;1255;807;1410;1545;1533;}1541:{1110;1244;1221;1288;1332;1299;1233;1443;860;1310;859;1222;858;1554;1210;922;}1587:{1353;1350;1352;1351;1357;1358;}1617:{1638;1685;1695;1673;1607;1251;23;1694;1661;1672;1287;1608;1662;24;1663;1609;1289;1641;1664;1229;}1678:{1640;1660;1642;1659;687;1658;1644;688;1671;1657;689;1645;1670;1646;1648;1647;1649;1669;1656;1667;1650;1668;1651;1652;1653;1655;856;855;854;1611;832;833;834;831;836;830;837;838;829;1612;839;840;1290;1600;1294;1295;27;1293;1291;1296;49;46;30;}1726:{1615;1614;1770;1618;1613;1771;1619;1772;1620;1773;1622;1264;1262;1714;1713;1624;1625;1712;1623;1265;1626;1711;1693;1627;1709;1692;1267;1691;1601;692;1690;1259;1268;1628;1286;1258;1269;1689;1629;1257;1285;1270;1708;1687;16;1630;15;17;13;1284;18;12;1707;1271;11;19;1686;10;20;1631;1283;74;1706;83;21;1272;9;683;73;6;1633;1602;1282;22;8;1705;1256;1273;7;684;72;679;1211;1634;1704;1603;1281;82;1680;1679;1681;1254;1208;1274;1682;186;681;1678;685;71;1703;1635;1280;1604;1224;185;1253;310;81;1275;1683;187;1676;1225;1702;79;76;184;77;75;682;1636;1700;78;195;1279;1605;194;1252;86;1698;85;1226;1276;70;193;67;66;1675;84;1697;68;188;1701;65;94;183;1238;192;95;1637;1684;1696;1278;1606;1227;190;64;1674;93;87;1228;98;1236;62;1235;1639;26;},1_29_30_39_51_52_53_54_392_397_398_401_403_404_405_432_433_434_454_455_462_463_464_465_466_467_562_563_565_566_608_615_616_617_642_645_688_689_810_811_833_834_836_897_898_899_901_935_936_937_1002_1021_1023_1041_1042_1199_1210_1222_1233_1288_1302_1303_1344_1396_1398_1415_1533_1534_1546_1547_1548_1549_1550_1642_1644_1658_1659_1664_1667_1671_,310-309*0_310-311*0_310-308*0_310-312*0_310-294*0_310-314*0_310-293*0_310-275*0_310-274*0_310-315*0_310-276*0_310-287*0_310-273*0_310-277*0_310-316*0_310-286*0_310-272*0_310-699*0_310-249*0_310-285*0_310-317*0_310-278*0_310-851*0_310-250*0_310-698*0_310-700*0_310-248*0_310-284*0_310-318*0_310-850*0_310-852*0_310-251*0_310-325*0_310-697*0_310-701*0_310-271*0_310-1196*0_310-252*0_310-849*0_310-279*0_310-283*0_310-323*0_310-1197*0_310-853*0_310-296*0_310-295*0_310-319*0_310-297*0_310-270*0_310-244*0_310-253*0_310-1198*0_310-298*0_310-847*0_310-848*0_310-281*0_310-233*0_310-268*0_310-1200*0_310-245*0_310-320*0_310-259*0_310-299*0_310-254*0_310-260*0_310-232*0_310-703*0_310-231*0_310-1201*0_310-282*0_310-307*0_310-306*0_310-300*0_310-246*0_310-261*0_310-321*0_310-257*0_310-234*0_310-1202*0_310-704*0_310-1190*0_310-1189*0_310-1191*0_310-1747*0_310-255*0_310-1187*0_310-263*0_310-262*0_310-1750*0_310-1186*0_310-230*0_310-256*0_310-1748*0_310-1749*0_310-1746*0_310-1203*0_310-1195*0_310-1220*0_310-1751*0_310-235*0_310-1223*0_310-326*0_310-1185*0_310-330*0_310-229*0_310-264*0_310-322*0_310-1745*0_310-237*0_310-1460*0_310-1756*0_310-1757*0_310-1758*0_310-1165*0_310-1755*0_310-228*0_310-265*0_310-1759*0_310-1753*0_310-327*0_310-1164*0_310-301*0_310-331*0_310-1752*0_310-1192*0_310-1204*0_310-202*0_310-288*0_310-238*0_310-1219*0_310-1760*0_310-266*0_310-1163*0_310-227*0_310-1167*0_310-1175*0_310-1174*0_310-328*0_310-1461*0_310-332*0_310-239*0_310-1741*0_310-1742*0_310-1740*0_310-1193*0_310-1205*0_310-303*0_310-289*0_310-191*0_310-267*0_310-1744*0_310-226*0_310-1218*0_310-1761*0_310-240*0_310-1130*0_310-1168*0_310-1176*0_310-1733*0_310-333*0_310-1131*0_310-1739*0_310-1734*0_310-329*0_310-1462*0_310-1731*0_310-304*0_310-223*0_310-1730*0_310-290*0_310-1169*0_310-1194*0_310-1206*0_310-241*0_310-1735*0_310-1217*0_310-1729*0_310-1762*0_310-1132*0_310-1129*0_310-1178*0_310-1728*0_310-222*0_310-1463*0_310-1738*0_310-686*0_310-1170*0_310-236*0_310-1134*0_310-435*0_310-225*0_310-1717*0_310-1718*0_310-447*0_310-1736*0_310-1727*0_310-1719*0_310-1128*0_310-458*0_310-213*0_310-292*0_310-242*0_310-705*0_310-1207*0_310-469*0_310-1216*0_310-305*0_310-1179*0_310-1140*0_310-1720*0_310-221*0_310-1726*0_310-1767*0_310-1763*0_310-480*0_310-1184*0_310-1135*0_310-1171*0_310-1464*0_310-1737*0_310-491*0_310-180*0_310-1725*0_310-1774*0_310-220*0_310-1722*0_310-243*0_310-695*0_310-696*0_310-1127*0_310-1141*0_310-1768*0_310-342*0_310-646*0_310-1716*0_310-694*0_310-502*0_310-1214*0_310-693*0_310-1180*0_310-1215*0_310-1723*0_310-334*0_310-1240*0_310-1172*0_310-1136*0_310-513*0_310-1126*0_310-1769*0_310-1213*0_310-1764*0_310-1724*0_310-690*0_310-1459*0_310-169*0_310-4*0_310-341*0_310-635*0_310-1260*0_310-1775*0_310-1715*0_310-216*0_310-337*0_310-1616*0_310-1239*0_310-1125*0_310-1261*0_310-1182*0_310-1143*0_310-524*0_310-1212*0_310-1766*0_310-1209*0_310-657*0_310-181*0_310-724*0_310-5*0_310-1456*0_310-1453*0_310-217*0_310-841*0_310-1617*0_310-1263*0_310-218*0_1186-1142*1_1186-1173*1_1186-1145*1_1186-1492*1_841-842*1_724-735*1_841-1078*1_841-843*1_1186-1491*1_841-1076*1_1186-1457*1_841-1079*1_1186-1458*1_841-845*1_724-746*1_841-844*1_841-1075*1_1186-1490*1_724-742*1_724-535*1_1186-1454*1_724-757*1_1186-1465*1_841-1070*1_841-1080*1_841-1071*1_724-768*1_841-1069*1_841-1072*1_1186-1467*1_724-546*1_724-680*1_724-761*1_1186-1452*1_724-780*1_841-783*1_841-1068*1_1186-1473*1_724-791*1_841-1073*1_1186-1468*1_1186-1451*1_724-558*1_841-1067*1_841-782*1_724-802*1_724-758*1_841-1074*1_724-752*1_841-1062*1_724-759*1_1186-1450*1_841-1065*1_1186-1469*1_724-756*1_724-813*1_841-291*1_724-753*1_724-755*1_841-781*1_841-1063*1_841-1064*1_724-754*1_841-280*1_724-760*1_841-302*1_841-1081*1_841-778*1_841-710*1_841-313*1_724-870*1_724-883*1_841-709*1_841-1082*1_841-777*1_724-882*1_841-324*1_724-871*1_841-784*1_841-1083*1_841-785*1_841-336*1_841-786*1_724-872*1_841-776*1_841-1084*1_841-787*1_841-788*1_841-775*1_841-1085*1_724-880*1_841-789*1_841-774*1_841-773*1_841-772*1_1726-1615*1_1726-1614*1_1726-1770*1_1726-1618*1_1726-1613*1_1726-1771*1_1726-1619*1_1726-1772*1_1726-1620*1_1726-1773*1_1726-1622*1_1726-1264*1_1726-1262*1_1726-1714*1_1726-1713*1_1726-1624*1_1726-1625*1_1726-1712*1_1726-1623*1_1726-1265*1_1726-1626*1_1726-1711*1_1726-1693*1_1726-1627*1_1726-1709*1_1726-1692*1_1726-1267*1_1726-1691*1_1726-1601*1_1726-692*1_1726-1690*1_1726-1259*1_1726-1268*1_1726-1628*1_1726-1286*1_1726-1258*1_1726-1269*1_1726-1689*1_1726-1629*1_1726-1257*1_1726-1285*1_1726-1270*1_1726-1708*1_1726-1687*1_1726-16*1_1726-1630*1_1726-15*1_1726-17*1_1726-13*1_1726-1284*1_1726-18*1_1726-12*1_1726-1707*1_1726-1271*1_1726-11*1_1726-19*1_1726-1686*1_1726-10*1_1726-20*1_1726-1631*1_1726-1283*1_1726-74*1_1726-1706*1_1726-83*1_1726-21*1_1726-1272*1_1726-9*1_1726-683*1_1726-73*1_1726-6*1_1726-1633*1_1726-1602*1_1726-1282*1_1726-22*1_1726-8*1_1726-1705*1_1726-1256*1_1726-1273*1_1726-7*1_1726-684*1_1726-72*1_1726-679*1_1726-1211*1_1726-1634*1_1726-1704*1_1726-1603*1_1726-1281*1_1726-82*1_1726-1680*1_1726-1679*1_1726-1681*1_1726-1254*1_1726-1208*1_1726-1274*1_1726-1682*1_1726-186*1_1726-681*1_1726-1678*1_1726-685*1_1726-71*1_1726-1703*1_1726-1635*1_1726-1280*1_1726-1604*1_1726-1224*1_1726-185*1_1726-1253*1_1726-310*1_1726-81*1_1726-1275*1_1726-1683*1_1726-187*1_1726-1676*1_1726-1225*1_1726-1702*1_1726-79*1_1726-76*1_1726-184*1_1726-77*1_1726-75*1_1726-682*1_1726-1636*1_1726-1700*1_1726-78*1_1726-195*1_1726-1279*1_1726-1605*1_1726-194*1_1726-1252*1_1726-86*1_1726-1698*1_1726-85*1_1726-1226*1_1726-1276*1_1726-70*1_1726-193*1_1726-67*1_1726-66*1_1726-1675*1_1726-84*1_1726-1697*1_1726-68*1_1726-188*1_1726-1701*1_1726-65*1_1726-94*1_1726-183*1_1726-1238*1_1726-192*1_1726-95*1_1726-1637*1_1726-1684*1_1726-1696*1_1726-1278*1_1726-1606*1_1726-1227*1_1726-190*1_1726-64*1_1726-1674*1_1726-93*1_1726-87*1_1726-1228*1_1726-98*1_1726-1236*1_1726-62*1_1726-1235*1_1726-1639*1_1726-26*1_1617-1638*1_1617-1685*1_1617-1695*1_1617-1673*1_1617-1607*1_1617-1251*1_1617-23*1_1617-1694*1_1617-1661*1_1617-1672*1_1617-1287*1_1617-1608*1_1617-1662*1_1617-24*1_1617-1663*1_1617-1609*1_1617-1289*1_1617-1641*1_1617-1664*1_1617-1229*1_773-1699*2_773-1710*2_773-1688*2_773-916*2_773-915*2_773-1721*2_773-917*2_773-790*2_773-918*2_773-914*2_773-1677*2_773-1732*2_773-792*2_773-913*2_773-919*2_773-1666*2_773-1743*2_773-793*2_773-912*2_773-920*2_773-1654*2_773-1040*2_773-1086*2_773-1754*2_773-794*2_773-1643*2_773-1039*2_773-1765*2_773-347*2_773-921*2_773-1632*2_773-358*2_773-424*2_773-1038*2_773-3*2_773-923*2_773-910*2_773-1621*2_773-369*2_773-413*2_773-1037*2_773-14*2_773-58*2_773-402*2_773-924*2_773-1041*2_773-909*2_773-1610*2_773-47*2_773-1036*2_773-391*2_773-25*2_773-36*2_773-69*2_773-1042*2_773-908*2_773-1599*2_773-380*2_773-925*2_773-80*2_773-1035*2_773-91*2_773-1043*2_773-907*2_773-102*2_773-708*2_773-717*2_773-762*2_773-740*2_773-926*2_773-1047*2_773-1048*2_773-269*2_773-1049*2_773-1034*2_773-114*2_773-1050*2_773-1045*2_773-1032*2_773-1588*2_773-711*2_773-707*2_773-1051*2_773-906*2_773-763*2_773-739*2_773-125*2_773-822*2_773-258*2_773-1052*2_773-1046*2_773-927*2_773-1577*2_773-712*2_773-905*2_773-136*2_773-706*2_773-1053*2_773-738*2_773-247*2_773-764*2_773-821*2_773-1054*2_773-147*2_773-904*2_773-928*2_773-1061*2_773-1566*2_773-714*2_773-737*2_773-765*2_773-158*2_773-820*2_773-903*2_773-1060*2_773-1181*2_773-1183*2_773-736*2_773-1115*2_773-929*2_773-715*2_773-1555*2_773-1056*2_773-713*2_773-766*2_773-1059*2_773-734*2_773-819*2_773-1058*2_773-1114*2_773-1057*2_773-1106*2_773-930*2_773-702*2_773-1105*2_773-716*2_773-767*2_773-1087*2_773-1104*2_773-1120*2_773-1113*2_773-1543*2_773-818*2_773-1103*2_773-691*2_773-892*2_773-931*2_773-769*2_773-891*2_773-1089*2_773-613*2_773-893*2_773-890*2_773-1121*2_773-1102*2_773-1124*2_773-1112*2_773-591*2_773-887*2_773-1101*2_773-602*2_773-1532*2_773-624*2_773-894*2_773-817*2_773-729*2_773-886*2_773-1123*2_773-1090*2_773-770*2_773-1100*2_773-932*2_773-580*2_773-895*2_773-1109*2_773-795*2_773-548*2_773-1098*2_773-796*2_773-1161*2_773-797*2_773-1139*2_773-896*2_773-1091*2_773-816*2_773-901*2_773-728*2_773-798*2_773-771*2_773-934*2_773-1107*2_773-1521*2_773-1160*2_773-800*2_773-885*2_773-547*2_773-902*2_773-1092*2_773-1097*2_773-897*2_773-727*2_773-733*2_773-815*2_773-1108*2_773-884*2_773-801*2_773-803*2_773-468*2_1678-1640*2_1678-1660*2_1678-1642*2_1678-1659*2_1678-687*2_1678-1658*2_1678-1644*2_1678-688*2_1678-1671*2_1678-1657*2_1678-689*2_1678-1645*2_1678-1670*2_1678-1646*2_1678-1648*2_1678-1647*2_1678-1649*2_1678-1669*2_1678-1656*2_1678-1667*2_1678-1650*2_1678-1668*2_1678-1651*2_1678-1652*2_1678-1653*2_1678-1655*2_1678-856*2_1678-855*2_1678-854*2_1678-1611*2_1678-832*2_1678-833*2_1678-834*2_1678-831*2_1678-836*2_1678-830*2_1678-837*2_1678-838*2_1678-829*2_1678-1612*2_1678-839*2_1678-840*2_1678-1290*2_1678-1600*2_1678-1294*2_1678-1295*2_1678-27*2_1678-1293*2_1678-1291*2_1678-1296*2_1678-49*2_1678-46*2_1678-30*2_93-92*2_93-88*2_93-90*2_93-89*2_93-96*2_93-664*2_93-665*2_93-673*2_93-97*2_93-663*2_93-666*2_93-674*2_93-662*2_93-667*2_93-61*2_93-60*2_93-99*2_93-63*2_93-670*2_93-675*2_93-59*2_93-100*2_93-189*2_93-109*2_93-110*2_93-108*2_93-111*2_93-671*2_93-38*2_93-107*2_93-672*2_93-101*2_93-106*2_93-57*2_93-37*2_93-105*2_93-103*2_93-56*2_93-104*2_93-117*2_93-648*2_93-35*2_93-55*2_93-112*2_93-647*2_93-34*2_93-116*2_93-115*2_93-33*2_93-645*2_93-54*2_93-118*2_93-32*2_93-53*2_93-644*2_93-182*2_93-119*2_93-31*2_93-52*2_93-614*2_93-615*2_93-120*2_93-661*2_93-617*2_93-660*2_93-618*2_93-51*2_93-659*2_93-608*2_93-642*2_93-616*2_93-179*2_93-121*2_93-619*2_93-641*2_93-658*2_93-640*2_93-620*2_93-28*2_93-609*2_93-50*2_93-126*2_93-29*2_93-639*2_93-621*2_93-610*2_93-638*2_93-632*2_93-39*2_93-611*2_93-622*2_93-178*2_93-210*2_93-124*2_93-637*2_93-211*2_93-122*2_93-612*2_93-623*2_93-212*2_93-40*2_93-655*2_93-123*2_93-631*2_93-214*2_93-656*2_93-177*2_93-625*2_93-196*2_93-215*2_93-41*2_93-626*2_93-630*2_93-197*2_93-176*2_93-627*2_93-42*2_93-198*2_93-127*2_93-48*2_93-633*2_93-654*2_93-175*2_93-199*2_93-653*2_93-643*2_93-652*2_93-200*2_93-45*2_93-173*2_93-634*2_185-219*2_185-174*2_185-203*2_185-201*2_185-204*2_185-172*2_185-205*2_185-140*2_185-139*2_185-206*2_185-171*2_185-128*2_185-141*2_185-138*2_185-651*2_185-207*2_185-338*2_185-137*2_185-142*2_185-129*2_185-208*2_185-130*2_185-143*2_185-209*2_185-599*2_185-133*2_185-170*2_185-131*2_185-605*2_185-134*2_185-148*2_784-1138*2_784-1137*2_784-1159*2_784-1162*2_784-799*2_784-1158*2_784-1093*2_784-1157*2_784-719*2_784-1095*2_784-1510*2_599-598*3_599-578*3_599-579*3_599-581*3_599-582*3_599-577*3_599-574*3_599-597*3_599-583*3_599-573*3_599-576*3_599-584*3_599-146*3_599-164*3_599-168*3_599-585*3_599-167*3_599-149*3_599-586*3_599-150*3_599-166*3_599-145*3_599-600*3_599-165*3_599-589*3_599-588*3_599-590*3_599-144*3_599-157*3_599-601*3_599-154*3_599-606*3_599-160*3_599-159*3_599-161*3_599-151*3_599-587*3_599-135*3_599-650*3_599-132*3_599-344*3_599-345*3_599-162*3_599-346*3_599-343*3_599-649*3_599-163*3_599-603*3_599-340*3_599-348*3_599-156*3_599-572*3_599-604*3_599-152*3_599-155*3_599-339*3_599-351*3_599-596*3_599-592*3_599-571*3_599-349*3_599-352*3_599-575*3_599-153*3_599-751*3_599-593*3_599-595*3_599-570*3_599-607*3_599-350*3_599-440*3_599-750*3_599-441*3_599-353*3_599-594*3_599-439*3_599-749*3_599-382*3_599-357*3_599-379*3_599-381*3_599-568*3_599-438*3_599-385*3_599-383*3_599-567*3_599-356*3_599-354*3_599-378*3_599-386*3_599-437*3_599-384*3_599-748*3_599-355*3_599-387*3_599-372*3_599-373*3_599-436*3_599-359*3_599-360*3_599-747*3_599-388*3_599-371*3_599-374*3_599-434*3_599-864*3_599-361*3_599-370*3_599-389*3_599-745*3_599-865*3_599-375*3_599-857*3_599-433*3_599-362*3_599-846*3_599-368*3_599-741*3_599-867*3_599-835*3_599-390*3_599-744*3_599-376*3_599-432*3_599-363*3_599-367*3_599-743*3_599-392*3_599-377*3_599-868*3_599-824*3_599-869*3_599-366*3_599-566*3_599-431*3_599-364*3_599-565*3_599-399*3_599-365*3_599-398*3_599-430*3_599-393*3_599-400*3_599-429*3_599-401*3_599-442*3_1456-1563*1_1456-1562*1_1456-1561*1_1456-1474*1_1456-1470*1_1456-1560*1_1456-1449*1_1456-1494*1_1456-1448*1_1456-1471*1_1456-1447*1_1456-1472*1_1456-1495*1_1456-1581*1_1456-1564*1_1456-1475*1_1456-1446*1_1456-1582*1_1456-1496*1_1456-1565*1_1456-1489*1_1456-1476*1_1456-1445*1_1456-1556*1_1456-1485*1_1456-1497*1_1456-1484*1_1456-1567*1_1456-1553*1_1456-1442*1_1456-1486*1_1456-1552*1_1456-1146*1_1456-1478*1_1456-1568*1_1456-1498*1_1456-1147*1_1456-1441*1_1456-1551*1_1456-1487*1_1456-1148*1_1456-1149*1_1456-1506*1_1456-1479*1_1456-1569*1_1456-1500*1_1456-1557*1_1456-1156*1_1456-1150*1_1456-1505*1_1456-1507*1_1456-1501*1_1456-1480*1_1456-1570*1_1456-1558*1_1456-1508*1_1456-1151*1_1456-1504*1_1456-1502*1_1456-1571*1_1456-1481*1_1456-1509*1_1456-1559*1_1456-1503*1_1456-1152*1_1456-1511*1_1456-1572*1_1456-1523*1_1456-1482*1_1456-1583*1_1456-1528*1_1456-1440*1_1456-1512*1_1456-1527*1_1456-1513*1_1456-1153*1_1456-1584*1_1456-1439*1_1456-1522*1_1456-1526*1_1456-1573*1_1456-1483*1_1456-1438*1_1456-1237*1_1456-1525*1_1456-1520*1_1456-1154*1_1456-1514*1_1456-1531*1_1456-1524*1_1456-1094*1_1456-1437*1_1456-1574*1_1456-1116*1_1456-1519*1_1456-1530*1_1456-1436*1_1456-1117*1_1456-1493*1_1456-1518*1_1456-1515*1_1456-1517*1_1456-1234*1_1456-1529*1_1456-1118*1_1456-1575*1_1456-1516*1_1456-1435*1_1456-809*1_1456-1119*1_1456-1232*1_1456-1399*1_1456-1541*1_1456-1576*1_1456-1388*1_1456-1434*1_1456-1096*1_1456-1542*1_1456-1321*1_1456-1333*1_1456-1266*1_1456-1377*1_1456-1433*1_1456-808*1_1456-1578*1_1456-1277*1_1456-1231*1_1456-1255*1_1456-807*1_1456-1410*1_1456-1545*1_1456-1533*1_30-43*3_30-44*3_30-676*3_30-678*3_30-677*3_30-629*3_30-628*3_30-636*3_755-881*2_755-553*2_755-879*2_755-552*2_755-873*2_755-569*2_755-878*2_755-874*2_755-551*2_755-876*2_755-875*2_755-550*2_755-669*2_755-549*2_755-544*2_755-543*2_755-545*2_755-542*2_755-541*2_755-540*2_755-531*2_755-539*2_755-732*2_755-538*2_755-532*2_755-537*2_755-731*2_755-536*2_755-534*2_755-533*2_755-730*2_755-725*2_755-726*2_755-554*2_755-561*2_755-555*2_755-723*2_755-408*2_755-556*2_755-562*2_755-407*2_755-559*2_755-722*2_755-406*2_755-563*2_755-455*2_755-721*2_755-560*2_755-454*2_755-453*2_755-720*2_755-452*2_755-456*2_755-564*2_755-405*2_755-463*2_755-462*2_755-404*2_755-461*2_755-457*2_755-460*2_755-464*2_755-459*2_755-465*2_755-403*2_755-526*2_755-507*2_755-466*2_755-506*2_755-898*2_755-525*2_755-397*2_755-467*2_755-899*2_755-490*2_755-489*2_755-488*2_755-409*2_755-396*2_755-487*2_1296-1297*3_1296-1303*3_1296-1302*3_1296-1292*3_1296-1301*3_1296-1250*3_1296-1249*3_1296-1298*3_1296-1248*3_1296-1300*3_1296-1247*3_1296-1304*3_1296-1315*3_1296-1246*3_1296-1429*3_1296-1311*3_1296-1312*3_1296-1313*3_1296-1245*3_1296-1314*3_1296-1428*3_1296-1322*3_1296-1243*3_1296-1242*3_1296-1427*3_1296-1316*3_1296-1241*3_1296-1305*3_1296-1426*3_1296-1230*3_1296-1306*3_1296-1317*3_1296-1307*3_1296-1425*3_1296-1424*3_1296-1587*3_1296-1323*3_1296-1308*3_1296-1579*3_1296-1423*3_1296-1318*3_1296-1580*3_1296-1589*3_1296-1324*3_1296-1422*3_1296-1430*3_1296-1420*3_1296-1325*3_1296-1594*3_1296-1590*3_1296-1586*3_1296-1319*3_1296-1595*3_1296-1334*3_1296-1396*3_1296-1335*3_1296-1326*3_1296-1431*3_1296-1591*3_1296-1341*3_1296-1585*3_1296-1394*3_1296-1395*3_1296-1320*3_1296-1393*3_1296-1592*3_1296-1336*3_1296-1331*3_1296-1392*3_1296-1327*3_1296-1330*3_1296-1400*3_1296-1329*3_1296-1397*3_1296-1593*3_1296-1409*3_1296-1337*3_1296-1356*3_1296-1411*3_716-718*3_716-470*3_716-523*3_716-471*3_716-522*3_716-527*3_716-472*3_716-521*3_716-473*3_716-474*3_716-520*3_716-475*3_716-476*3_716-477*3_716-478*3_716-479*3_716-486*3_716-492*3_716-481*3_716-485*3_716-482*3_716-484*3_716-493*3_716-498*3_716-508*3_716-509*3_396-395*3_396-394*3_396-410*3_396-444*3_396-411*3_396-443*3_396-412*3_396-425*3_396-426*3_396-423*3_396-427*3_396-428*3_396-414*3_461-483*3_396-415*3_461-497*3_396-416*3_461-510*3_461-511*3_396-445*3_396-448*3_396-449*3_1440-1544*2_1440-1546*2_1440-1419*2_1440-1414*2_1440-1413*2_1440-1412*2_1440-1547*2_1440-1535*2_1440-1549*2_1440-1548*2_1440-1550*2_1440-1415*2_1440-1534*2_1440-1416*2_1440-1417*2_1440-1407*2_1440-1536*2_1440-888*2_1440-1398*2_1440-1406*2_1440-1418*2_1440-1537*2_1440-999*2_1440-0*2_1440-1401*2_1440-1404*2_1440-1538*2_1440-1403*2_1440-1402*2_1440-1405*2_1440-1540*2_1440-1*2_1440-1539*2_1440-1408*2_1440-863*2_1440-1386*2_1440-1391*2_1440-1385*2_1440-862*2_429-450*4_429-451*4_429-417*4_429-418*4_429-528*4_429-529*4_429-419*4_429-420*4_429-500*4_429-422*4_1039-935*3_1039-814*3_1039-936*3_1039-1499*3_1039-804*3_1039-812*3_1039-937*3_1039-811*3_1039-810*3_1039-1488*3_1039-805*3_1039-1477*3_1039-1466*3_1039-823*3_1039-825*3_1039-806*3_1039-938*3_1039-826*3_1039-1455*3_1039-939*3_1039-940*3_1039-1432*3_1039-941*3_1439-1384*2_1439-1383*2_1439-861*2_1439-1382*2_1439-1381*2_468-499*3_468-496*3_468-494*3_468-495*3_468-512*3_468-514*3_468-530*3_468-515*3_1541-1110*2_1541-1244*2_1541-1221*2_1541-1288*2_1541-1332*2_1541-1299*2_1541-1233*2_1541-1443*2_1541-860*2_1541-1310*2_1541-859*2_1541-1222*2_1541-858*2_1541-1554*2_1541-1210*2_1541-922*2_1385-1387*3_1385-1596*3_1383-1380*3_1383-1389*3_1383-1379*3_1383-1390*3_1383-1373*3_1383-1374*3_1383-1378*3_1383-1375*3_1383-1376*3_1383-1372*3_1383-1598*3_1383-1371*3_1383-1597*3_1383-1370*3_1383-1362*3_1383-1309*3_1383-1361*3_1383-1364*3_1383-1365*3_1383-1360*3_1383-1363*3_1383-1359*3_1383-1367*3_1383-1368*3_1383-1343*3_1383-1338*3_1383-1342*3_1383-1339*3_1383-1369*3_1383-1340*3_1383-1345*3_1383-1346*3_1383-1328*3_1383-1347*3_1383-1348*3_1383-1349*3_1383-1354*3_719-501*3_466-504*3_816-1444*4_816-942*4_816-943*4_816-1421*4_816-945*4_816-950*4_816-1001*4_816-1002*4_816-998*4_816-1012*4_816-997*4_816-1031*4_816-1013*4_816-1030*4_816-1014*4_816-996*4_816-946*4_816-995*4_816-949*4_816-1018*4_816-828*4_816-948*4_816-994*4_816-1019*4_816-1003*4_816-827*4_816-1015*4_816-947*4_816-1020*4_816-1004*4_816-1016*4_816-1021*4_816-962*4_816-1005*4_816-1017*4_816-1023*4_816-1026*4_816-951*4_816-1006*4_816-1024*4_816-961*4_816-1007*4_816-1366*4_816-952*4_816-1027*4_816-1008*4_816-1355*4_816-1025*4_816-960*4_816-953*4_816-1009*4_816-1028*4_816-991*4_816-992*4_816-988*4_816-956*4_816-957*4_816-993*4_816-954*4_816-958*4_816-1010*4_816-977*4_816-959*4_816-966*4_816-1029*4_816-955*4_816-1000*4_816-963*4_816-990*4_935-989*4_935-964*4_935-965*4_1587-1353*4_1587-1350*4_1587-1352*4_1587-1351*4_1587-1357*4_1587-1358*4_812-1344*4_812-944*4_812-1177*4_812-1188*4_812-968*4_812-969*4_812-967*4_812-933*4_812-981*4_812-1144*4_812-1166*4_560-503*3_560-505*3_560-421*3_560-519*3_560-518*3_560-517*3_560-516*3_815-1133*3_1023-1199*5_1023-900*5_1023-1011*5_1023-911*5_1023-889*5_1023-1022*5_1023-877*5_1023-1033*5_1023-866*5_1023-1099*5_1023-1111*5_1023-1088*5_1023-1122*5_1023-1077*5_1023-1044*5_1023-779*5_1023-1066*5_1023-1055*5_1023-668*5_1023-446*5_1023-1155*5_1023-335*5_1023-557*5_1023-224*5_1023-987*5_1023-113*5_1023-986*5_1023-2*5_1023-985*5_1023-970*5_1023-1665*5_1023-984*5_1023-971*5_1023-972*5_1023-980*5_1023-982*5_1023-973*5_1023-979*5_1023-974*5_940-978*4_940-976*4_940-983*4_940-975*4_
