"id","Scenario","Actual Range","Protocol","Buildings","Total nodes","Nodes on circ","Total coverage","Coverage on circ","Alert received mean time","Hops","Slots","Messages sent","Messages received", "Starting x", "Starting y","Starting node", "Vehicle distance", "Received node ids", "Node ids", "Transmission map", "Received on circ nodes", "Transmission vector"
0,1,100,500,0,2112,136,2112,136,2.5872e+06,19.8824,2080.33,1463,2112,1175,1100,1539,25,1538_1540_1537_1541_480_1536_1542_479_481_478_482_1535_1543_477_476_1534_475_1533_1539_474_473_472_1448_471_1447_1449_470_1446_1450_469_1445_1451_468_1444_1452_1532_483_1531_467_466_465_464_1360_1359_1361_1358_1362_463_568_1544_1530_1529_392_1528_462_461_1357_1363_460_1356_1364_567_569_1545_566_570_1546_565_571_1547_564_572_1548_573_574_575_576_1632_391_393_1527_390_394_1526_389_395_1525_577_1631_1633_578_1630_1634_579_1629_1635_580_1628_1636_1355_563_562_561_560_1456_1637_1638_1639_1455_1457_559_1454_1458_558_1453_1459_557_1524_1523_1522_459_458_457_456_1272_1549_1550_1551_484_485_486_487_1354_1353_376_1352_375_377_374_378_1351_664_1640_1460_1461_1350_373_379_1349_372_380_1348_581_582_583_584_1720_1443_1442_1441_384_1440_656_1552_655_657_654_658_1553_653_659_1554_663_665_662_666_1641_661_667_1642_488_1624_1623_1625_1622_1626_489_1621_1627_490_1555_1347_455_1271_1273_454_1270_1274_453_1269_1275_452_1268_1276_1643_1644_1645_1646_1620_491_1619_556_555_660_1647_752_1648_751_753_750_754_1649_749_755_1650_585_1719_1721_586_1718_1722_587_1717_1723_588_1716_1724_371_370_369_368_1264_1521_1725_1726_1727_672_1728_451_450_449_383_385_1439_382_386_1438_381_387_1437_388_1436_1346_1345_288_1344_1618_1617_400_1616_492_493_367_1263_1265_366_1262_1266_365_1261_1267_364_1260_1462_756_1651_757_494_495_496_1712_652_651_650_399_401_1615_398_402_1614_397_403_1613_396_404_1612_649_648_1464_1463_287_289_1343_286_290_1342_285_291_1341_363_362_448_1184_497_1711_1713_498_1710_1714_499_1709_1715_500_1708_1611_1610_1609_1517_1556_1557_1558_1559_284_283_282_1707_1259_1258_1257_280_1256_501_502_503_504_1800_758_759_304_1520_647_1465_646_1466_744_1560_645_1467_644_1468_281_1255_1254_279_1253_278_1183_1185_1182_1186_447_1340_1339_1338_312_1608_311_313_310_314_1607_309_315_1606_668_643_642_641_669_670_671_505_1799_1801_506_1798_1802_507_1797_1803_508_1796_1804_760_1736_1735_1737_761_1734_1738_762_1733_1739_763_589_361_360_1176_1175_1177_1174_1178_359_1173_1179_358_1795_1794_1605_308_316_1604_1337_277_1603_1602_1601_1172_357_1171_554_553_552_1368_1367_1369_1366_1370_551_405_406_407_673_1729_674_1730_675_1731_640_1376_1375_1377_639_1374_1378_638_1373_1379_637_446_1181_1187_445_550_549_1365_1371_548_1372_748_1652_743_745_742_746_1561_741_747_1562_1188_1189_1706_1705_408_1704_409_410_1703_1469_1470_1471_736_1472_1380_1381_1382_1383_636_635_634_633_303_305_302_306_1519_1277_1278_1279_764_1732_1740_765_766_1563_740_1564_632_1288_1287_1289_1286_1290_631_1285_1291_630_1518_301_307_300_1516_444_443_299_356_355_354_353_1793_509_416_1792_415_417_510_414_418_1791_413_419_1790_442_441_440_1096_1095_1097_1094_1098_1093_1092_1091_1099_200_1336_199_201_198_202_1335_197_203_1334_547_546_545_1333_1332_1331_590_591_276_275_274_273_1435_1434_1433_296_1432_728_1384_727_729_726_730_1385_544_1280_1281_543_1282_542_1283_541_511_298_297_1431_1430_295_294_293_1429_292_1428_1653_1654_1655_731_1386_732_1387_725_733_352_1088_1087_1089_1086_1090_1085_739_738_737_840_1656_1180_1292_629_1293_1388_1389_1390_1391_420_421_1789_422_272_1168_1515_1514_1513_216_1512_215_217_1511_214_218_1510_213_219_1509_212_220_1508_211_210_209_767_768_1824_1823_1825_1822_1826_769_1821_1827_770_735_1473_734_1474_1475_1476_1330_1329_771_772_773_112_1328_111_113_110_114_1327_839_841_1657_838_842_1658_837_843_1659_836_844_1660_1167_1169_271_1166_1170_270_1165_269_1477_1084_1083_1702_411_1701_412_1700_1082_423_424_1880_1879_1881_1878_1882_425_317_318_319_592_1808_1807_1809_1806_1810_593_1805_1811_594_1326_109_115_1325_108_116_1324_224_1600_223_225_222_226_1599_221_227_1598_1323_774_775_776_1912_107_106_105_104_1240_1812_1813_1814_1815_1741_1742_1478_512_1888_1887_1889_1886_1890_513_228_1597_229_1883_1884_426_1885_427_1699_208_1424_1423_1425_207_1422_1426_206_1421_1427_205_1743_514_1891_515_1507_1506_428_429_430_431_1698_1697_320_1696_321_322_1695_1164_1163_1162_1161_1694_323_1693_324_1692_676_677_1420_1419_1418_1417_1081_264_1080_265_266_1079_230_231_232_1688_268_267_540_539_538_537_628_627_626_625_1828_1829_1830_1831_1505_432_1968_1967_1969_433_1966_1970_434_1965_1971_435_1972_1973_1974_120_1416_119_121_1415_118_122_1414_117_123_1413_1252_1251_204_196_195_194_1911_1913_1910_1914_777_193_192_1248_1247_1249_1246_1250_191_1245_190_848_1744_678_679_1294_1295_720_1296_778_779_1909_1915_780_1908_1916_816_1392_815_817_814_818_1393_813_819_1394_536_1192_1191_1193_535_1190_1194_534_1195_533_1395_812_820_1396_680_1816_681_682_1817_683_1818_532_531_530_1687_1689_233_1686_1690_234_1685_1691_235_845_1819_684_1820_1479_824_1480_823_825_822_826_1481_189_325_326_327_328_1784_847_849_846_850_1745_851_1746_124_125_126_811_810_809_808_1304_1565_1397_1398_1399_1239_1241_1238_1242_103_1684_1683_1682_436_1964_188_187_595_904_1400_903_905_902_906_1401_901_907_1402_719_721_1297_718_722_1298_717_723_1299_1412_1963_1962_1788_1787_1078_1747_1783_1785_329_1782_1786_330_1781_331_1322_1321_24_1320_821_1482_1483_827_1566_1567_1596_1595_1748_1749_128_1504_127_129_1503_130_1502_131_1501_1303_1305_807_1302_1306_806_1301_1307_805_1237_1243_102_132_133_134_1077_1076_1284_685_186_185_1681_144_1680_143_145_142_146_1679_141_147_1678_856_1832_1677_140_148_1676_724_184_1160_1159_183_1158_182_1157_181_624_1200_1199_1201_1198_1202_623_437_438_1411_1410_149_150_151_1156_180_1155_179_178_852_853_854_855_1877_1876_1875_781_782_783_908_1403_909_332_1780_804_803_802_801_857_1833_858_1834_859_1835_860_1836_177_176_1072_1071_1073_1070_1074_1594_800_1216_1215_1217_1214_1218_799_1593_136_1592_152_1768_1767_1769_153_1766_1770_154_1765_1771_155_1892_1893_1894_1895_1764_1763_1837_1838_1839_944_1840_1154_1153_96_1152_95_97_94_98_1151_1661_1662_1663_928_1664_1750_1751_936_1752_935_937_934_938_1753_716_1300_1213_798_1212_797_1211_1219_529_101_1754_933_939_1755_932_940_1756_796_795_1762_23_25_22_26_21_27_20_28_1244_135_1591_1590_137_1069_1075_1068_1675_1674_686_687_688_1904_1903_1905_1902_1906_689_941_942_943_528_1104_1103_1105_1102_1106_100_1236_945_1841_946_1842_947_1843_1961_948_1844_344_1960_343_345_342_346_1959_949_950_951_952_1928_99_784_2000_1999_2001_785_1998_2002_786_1997_2003_787_1484_1485_1486_1487_1996_1995_93_1150_92_1149_91_861_862_863_864_1920_832_1568_831_833_1569_830_834_1570_829_835_1571_953_1927_1929_954_1926_1930_955_1925_1931_956_1924_1932_1500_1499_1498_1779_1778_1148_1147_1146_333_334_335_336_1872_794_912_1488_1107_1108_1101_1109_1197_1203_622_900_1404_1871_1873_337_1870_1874_338_1869_339_1067_1066_1065_439_2056_2055_2057_2054_2058_2053_2059_957_958_959_960_2016_2015_2017_2014_2018_961_1917_1918_1919_1145_8_1144_7_9_6_10_5_11_138_139_1589_1588_1308_516_88_1064_89_90_1063_1062_899_898_897_896_1312_1497_40_1496_39_41_38_42_1235_1234_1233_1868_1867_1866_1196_621_620_619_690_691_692_1901_1907_693_600_1896_599_601_598_602_1897_1309_1310_1311_596_597_895_1313_894_1314_893_1315_2060_2061_927_929_1665_926_930_1666_925_931_1667_924_1668_156_157_158_159_788_2004_1898_1958_341_347_1957_1777_1572_1573_1574_240_1776_1761_64_1760_63_65_62_66_61_67_1061_1060_37_36_35_34_618_617_923_1865_248_1864_892_1316_1899_517_518_519_520_1976_4_3_33_60_59_239_241_1775_238_242_1774_237_243_1773_236_244_1772_68_69_1110_1111_616_1112_1113_911_913_1489_910_914_1490_915_1491_916_1492_962_963_964_2013_2019_965_603_1757_1758_1405_1406_2052_2051_1220_1114_1115_19_18_17_891_890_1493_715_714_713_712_1208_1933_1059_1058_1975_1977_1978_521_793_792_1128_1127_1129_1126_1130_16_1232_15_14_1900_247_249_246_250_1863_1494_1495_1000_999_1001_998_1002_13_12_2050_2_1575_920_1576_919_921_918_922_1577_917_1578_1409_32_1408_31_30_1934_1935_1040_1039_1041_1038_1042_1_1759_1024_251_252_1862_253_1861_254_1003_1004_1005_1006_1669_1670_1407_992_991_993_990_994_989_995_1116_1117_1118_1119_889_1921_865_1922_1673_866_1923_56_1672_867_0_1056_1057_55_57_54_58_1671_1016_1015_1017_1014_1018_1013_1019_70_71_72_1848_1849_1850_73_2049_2048_340_348_1956_1023_1025_1022_1026_1979_522_1587_1586_1037_1036_1035_1043_1221_868_1204_1205_1206_1207_1012_1011_1010_1009_2005_1955_789_29_1851_74_1852_75_1853_2020_2021_2022_2023_2006_790_791_604_605_606_607_1845_1846_1847_1032_1222_1223_1021_1027_351_2047_350_2046_349_2045_2044_523_524_525_888_1224_887_886_1225_160_1856_711_1209_710_1210_709_708_988_987_986_985_255_256_1952_1131_1132_1125_1133_966_967_2104_2103_2105_2102_2106_1048_1047_1049_1046_1050_1860_1859_1858_1857_161_1855_162_1854_163_164_1585_53_52_1226_1579_1580_1581_1582_1044_1045_2101_2107_2100_2108_1020_76_77_78_1227_1228_885_1229_694_695_696_1992_1991_1993_1990_1994_697_1051_1052_869_1989_698_996_997_707_706_705_704_1120_699_700_701_1954_1953_257_258_1951_1583_1008_1007_1053_1054_884_608_1984_1983_1985_609_1982_1986_610_1981_1987_611_828_870_871_872_2008_2007_2009_2010_873_1121_1122_1123_1988_984_1319_1318_983_874_875_2011_876_2012_1317_982_981_980_979_2043_2042_245_702_703_1950_259_1949_260_1948_1031_1033_1030_1034_1029_1055_2111_2110_2080_2079_2081_2078_2082_165_166_2041_2040_263_262_2039_1230_1231_2038_261_2037_877_878_879_2077_2083_2109_883_882_881_2088_2087_2089_2086_2090_2085_2091_1124_1028_79_80_1936_1100_48_1584_2036_978_977_976_2035_2034_526_527_2064_880_1136_1135_1137_1134_1138_1139_1980_1947_1946_1945_168_1944_47_49_46_50_975_974_973_2084_1140_612_613_614_615_2072_2071_2073_2070_2074_81_1937_82_1938_83_1939_84_1940_167_2063_2065_2062_2066_2067_2068_85_86_87_2024_2025_2026_2027_2069_2075_972_971_2033_43_44_1943_1942_169_1941_170_1141_45_970_969_968_1143_1142_171_172_2032_175_2031_174_2030_173_2029_2096_2095_2097_2094_2098_2093_2099_2028_2076_51_2092_,0_1_2_3_4_5_6_7_8_9_10_11_12_13_14_15_16_17_18_19_20_21_22_23_24_25_26_27_28_29_30_31_32_33_34_35_36_37_38_39_40_41_42_43_44_45_46_47_48_49_50_51_52_53_54_55_56_57_58_59_60_61_62_63_64_65_66_67_68_69_70_71_72_73_74_75_76_77_78_79_80_81_82_83_84_85_86_87_88_89_90_91_92_93_94_95_96_97_98_99_100_101_102_103_104_105_106_107_108_109_110_111_112_113_114_115_116_117_118_119_120_121_122_123_124_125_126_127_128_129_130_131_132_133_134_135_136_137_138_139_140_141_142_143_144_145_146_147_148_149_150_151_152_153_154_155_156_157_158_159_160_161_162_163_164_165_166_167_168_169_170_171_172_173_174_175_176_177_178_179_180_181_182_183_184_185_186_187_188_189_190_191_192_193_194_195_196_197_198_199_200_201_202_203_204_205_206_207_208_209_210_211_212_213_214_215_216_217_218_219_220_221_222_223_224_225_226_227_228_229_230_231_232_233_234_235_236_237_238_239_240_241_242_243_244_245_246_247_248_249_250_251_252_253_254_255_256_257_258_259_260_261_262_263_264_265_266_267_268_269_270_271_272_273_274_275_276_277_278_279_280_281_282_283_284_285_286_287_288_289_290_291_292_293_294_295_296_297_298_299_300_301_302_303_304_305_306_307_308_309_310_311_312_313_314_315_316_317_318_319_320_321_322_323_324_325_326_327_328_329_330_331_332_333_334_335_336_337_338_339_340_341_342_343_344_345_346_347_348_349_350_351_352_353_354_355_356_357_358_359_360_361_362_363_364_365_366_367_368_369_370_371_372_373_374_375_376_377_378_379_380_381_382_383_384_385_386_387_388_389_390_391_392_393_394_395_396_397_398_399_400_401_402_403_404_405_406_407_408_409_410_411_412_413_414_415_416_417_418_419_420_421_422_423_424_425_426_427_428_429_430_431_432_433_434_435_436_437_438_439_440_441_442_443_444_445_446_447_448_449_450_451_452_453_454_455_456_457_458_459_460_461_462_463_464_465_466_467_468_469_470_471_472_473_474_475_476_477_478_479_480_481_482_483_484_485_486_487_488_489_490_491_492_493_494_495_496_497_498_499_500_501_502_503_504_505_506_507_508_509_510_511_512_513_514_515_516_517_518_519_520_521_522_523_524_525_526_527_528_529_530_531_532_533_534_535_536_537_538_539_540_541_542_543_544_545_546_547_548_549_550_551_552_553_554_555_556_557_558_559_560_561_562_563_564_565_566_567_568_569_570_571_572_573_574_575_576_577_578_579_580_581_582_583_584_585_586_587_588_589_590_591_592_593_594_595_596_597_598_599_600_601_602_603_604_605_606_607_608_609_610_611_612_613_614_615_616_617_618_619_620_621_622_623_624_625_626_627_628_629_630_631_632_633_634_635_636_637_638_639_640_641_642_643_644_645_646_647_648_649_650_651_652_653_654_655_656_657_658_659_660_661_662_663_664_665_666_667_668_669_670_671_672_673_674_675_676_677_678_679_680_681_682_683_684_685_686_687_688_689_690_691_692_693_694_695_696_697_698_699_700_701_702_703_704_705_706_707_708_709_710_711_712_713_714_715_716_717_718_719_720_721_722_723_724_725_726_727_728_729_730_731_732_733_734_735_736_737_738_739_740_741_742_743_744_745_746_747_748_749_750_751_752_753_754_755_756_757_758_759_760_761_762_763_764_765_766_767_768_769_770_771_772_773_774_775_776_777_778_779_780_781_782_783_784_785_786_787_788_789_790_791_792_793_794_795_796_797_798_799_800_801_802_803_804_805_806_807_808_809_810_811_812_813_814_815_816_817_818_819_820_821_822_823_824_825_826_827_828_829_830_831_832_833_834_835_836_837_838_839_840_841_842_843_844_845_846_847_848_849_850_851_852_853_854_855_856_857_858_859_860_861_862_863_864_865_866_867_868_869_870_871_872_873_874_875_876_877_878_879_880_881_882_883_884_885_886_887_888_889_890_891_892_893_894_895_896_897_898_899_900_901_902_903_904_905_906_907_908_909_910_911_912_913_914_915_916_917_918_919_920_921_922_923_924_925_926_927_928_929_930_931_932_933_934_935_936_937_938_939_940_941_942_943_944_945_946_947_948_949_950_951_952_953_954_955_956_957_958_959_960_961_962_963_964_965_966_967_968_969_970_971_972_973_974_975_976_977_978_979_980_981_982_983_984_985_986_987_988_989_990_991_992_993_994_995_996_997_998_999_1000_1001_1002_1003_1004_1005_1006_1007_1008_1009_1010_1011_1012_1013_1014_1015_1016_1017_1018_1019_1020_1021_1022_1023_1024_1025_1026_1027_1028_1029_1030_1031_1032_1033_1034_1035_1036_1037_1038_1039_1040_1041_1042_1043_1044_1045_1046_1047_1048_1049_1050_1051_1052_1053_1054_1055_1056_1057_1058_1059_1060_1061_1062_1063_1064_1065_1066_1067_1068_1069_1070_1071_1072_1073_1074_1075_1076_1077_1078_1079_1080_1081_1082_1083_1084_1085_1086_1087_1088_1089_1090_1091_1092_1093_1094_1095_1096_1097_1098_1099_1100_1101_1102_1103_1104_1105_1106_1107_1108_1109_1110_1111_1112_1113_1114_1115_1116_1117_1118_1119_1120_1121_1122_1123_1124_1125_1126_1127_1128_1129_1130_1131_1132_1133_1134_1135_1136_1137_1138_1139_1140_1141_1142_1143_1144_1145_1146_1147_1148_1149_1150_1151_1152_1153_1154_1155_1156_1157_1158_1159_1160_1161_1162_1163_1164_1165_1166_1167_1168_1169_1170_1171_1172_1173_1174_1175_1176_1177_1178_1179_1180_1181_1182_1183_1184_1185_1186_1187_1188_1189_1190_1191_1192_1193_1194_1195_1196_1197_1198_1199_1200_1201_1202_1203_1204_1205_1206_1207_1208_1209_1210_1211_1212_1213_1214_1215_1216_1217_1218_1219_1220_1221_1222_1223_1224_1225_1226_1227_1228_1229_1230_1231_1232_1233_1234_1235_1236_1237_1238_1239_1240_1241_1242_1243_1244_1245_1246_1247_1248_1249_1250_1251_1252_1253_1254_1255_1256_1257_1258_1259_1260_1261_1262_1263_1264_1265_1266_1267_1268_1269_1270_1271_1272_1273_1274_1275_1276_1277_1278_1279_1280_1281_1282_1283_1284_1285_1286_1287_1288_1289_1290_1291_1292_1293_1294_1295_1296_1297_1298_1299_1300_1301_1302_1303_1304_1305_1306_1307_1308_1309_1310_1311_1312_1313_1314_1315_1316_1317_1318_1319_1320_1321_1322_1323_1324_1325_1326_1327_1328_1329_1330_1331_1332_1333_1334_1335_1336_1337_1338_1339_1340_1341_1342_1343_1344_1345_1346_1347_1348_1349_1350_1351_1352_1353_1354_1355_1356_1357_1358_1359_1360_1361_1362_1363_1364_1365_1366_1367_1368_1369_1370_1371_1372_1373_1374_1375_1376_1377_1378_1379_1380_1381_1382_1383_1384_1385_1386_1387_1388_1389_1390_1391_1392_1393_1394_1395_1396_1397_1398_1399_1400_1401_1402_1403_1404_1405_1406_1407_1408_1409_1410_1411_1412_1413_1414_1415_1416_1417_1418_1419_1420_1421_1422_1423_1424_1425_1426_1427_1428_1429_1430_1431_1432_1433_1434_1435_1436_1437_1438_1439_1440_1441_1442_1443_1444_1445_1446_1447_1448_1449_1450_1451_1452_1453_1454_1455_1456_1457_1458_1459_1460_1461_1462_1463_1464_1465_1466_1467_1468_1469_1470_1471_1472_1473_1474_1475_1476_1477_1478_1479_1480_1481_1482_1483_1484_1485_1486_1487_1488_1489_1490_1491_1492_1493_1494_1495_1496_1497_1498_1499_1500_1501_1502_1503_1504_1505_1506_1507_1508_1509_1510_1511_1512_1513_1514_1515_1516_1517_1518_1519_1520_1521_1522_1523_1524_1525_1526_1527_1528_1529_1530_1531_1532_1533_1534_1535_1536_1537_1538_1539_1540_1541_1542_1543_1544_1545_1546_1547_1548_1549_1550_1551_1552_1553_1554_1555_1556_1557_1558_1559_1560_1561_1562_1563_1564_1565_1566_1567_1568_1569_1570_1571_1572_1573_1574_1575_1576_1577_1578_1579_1580_1581_1582_1583_1584_1585_1586_1587_1588_1589_1590_1591_1592_1593_1594_1595_1596_1597_1598_1599_1600_1601_1602_1603_1604_1605_1606_1607_1608_1609_1610_1611_1612_1613_1614_1615_1616_1617_1618_1619_1620_1621_1622_1623_1624_1625_1626_1627_1628_1629_1630_1631_1632_1633_1634_1635_1636_1637_1638_1639_1640_1641_1642_1643_1644_1645_1646_1647_1648_1649_1650_1651_1652_1653_1654_1655_1656_1657_1658_1659_1660_1661_1662_1663_1664_1665_1666_1667_1668_1669_1670_1671_1672_1673_1674_1675_1676_1677_1678_1679_1680_1681_1682_1683_1684_1685_1686_1687_1688_1689_1690_1691_1692_1693_1694_1695_1696_1697_1698_1699_1700_1701_1702_1703_1704_1705_1706_1707_1708_1709_1710_1711_1712_1713_1714_1715_1716_1717_1718_1719_1720_1721_1722_1723_1724_1725_1726_1727_1728_1729_1730_1731_1732_1733_1734_1735_1736_1737_1738_1739_1740_1741_1742_1743_1744_1745_1746_1747_1748_1749_1750_1751_1752_1753_1754_1755_1756_1757_1758_1759_1760_1761_1762_1763_1764_1765_1766_1767_1768_1769_1770_1771_1772_1773_1774_1775_1776_1777_1778_1779_1780_1781_1782_1783_1784_1785_1786_1787_1788_1789_1790_1791_1792_1793_1794_1795_1796_1797_1798_1799_1800_1801_1802_1803_1804_1805_1806_1807_1808_1809_1810_1811_1812_1813_1814_1815_1816_1817_1818_1819_1820_1821_1822_1823_1824_1825_1826_1827_1828_1829_1830_1831_1832_1833_1834_1835_1836_1837_1838_1839_1840_1841_1842_1843_1844_1845_1846_1847_1848_1849_1850_1851_1852_1853_1854_1855_1856_1857_1858_1859_1860_1861_1862_1863_1864_1865_1866_1867_1868_1869_1870_1871_1872_1873_1874_1875_1876_1877_1878_1879_1880_1881_1882_1883_1884_1885_1886_1887_1888_1889_1890_1891_1892_1893_1894_1895_1896_1897_1898_1899_1900_1901_1902_1903_1904_1905_1906_1907_1908_1909_1910_1911_1912_1913_1914_1915_1916_1917_1918_1919_1920_1921_1922_1923_1924_1925_1926_1927_1928_1929_1930_1931_1932_1933_1934_1935_1936_1937_1938_1939_1940_1941_1942_1943_1944_1945_1946_1947_1948_1949_1950_1951_1952_1953_1954_1955_1956_1957_1958_1959_1960_1961_1962_1963_1964_1965_1966_1967_1968_1969_1970_1971_1972_1973_1974_1975_1976_1977_1978_1979_1980_1981_1982_1983_1984_1985_1986_1987_1988_1989_1990_1991_1992_1993_1994_1995_1996_1997_1998_1999_2000_2001_2002_2003_2004_2005_2006_2007_2008_2009_2010_2011_2012_2013_2014_2015_2016_2017_2018_2019_2020_2021_2022_2023_2024_2025_2026_2027_2028_2029_2030_2031_2032_2033_2034_2035_2036_2037_2038_2039_2040_2041_2042_2043_2044_2045_2046_2047_2048_2049_2050_2051_2052_2053_2054_2055_2056_2057_2058_2059_2060_2061_2062_2063_2064_2065_2066_2067_2068_2069_2070_2071_2072_2073_2074_2075_2076_2077_2078_2079_2080_2081_2082_2083_2084_2085_2086_2087_2088_2089_2090_2091_2092_2093_2094_2095_2096_2097_2098_2099_2100_2101_2102_2103_2104_2105_2106_2107_2108_2109_2110_2111_,2:{0;1056;1057;}5:{1;}6:{2;}7:{4;3;}15:{13;12;}21:{19;18;17;}37:{33;}38:{37;36;35;34;}42:{45;}56:{53;52;}63:{60;59;}65:{68;69;}69:{70;71;72;1848;1849;1850;73;}74:{76;77;78;}76:{79;80;1936;}82:{85;86;}84:{87;2024;}87:{2025;2026;2027;}88:{1061;1060;}95:{93;1150;92;1149;91;}101:{99;}105:{101;}106:{1237;1243;102;}107:{1239;1241;1238;1242;103;}108:{107;106;105;104;1240;}112:{1326;109;115;1325;108;116;1324;}120:{1412;}122:{124;125;126;}130:{132;133;134;}132:{135;}133:{1591;1590;137;}144:{1677;140;148;1676;}147:{149;150;151;}151:{152;1768;1767;1769;153;1766;1770;154;1765;1771;155;}155:{156;157;158;159;}156:{160;1856;}160:{161;1855;162;1854;163;164;}162:{165;166;}163:{167;}166:{1943;1942;169;1941;170;}168:{171;172;}176:{1069;1075;1068;}179:{177;176;1072;1071;1073;1070;1074;}182:{180;179;178;}185:{184;1160;1159;183;1158;182;1157;181;}189:{186;185;}191:{188;187;}193:{189;}194:{193;192;1248;1247;1249;1246;1250;191;1245;190;}198:{196;195;194;}208:{204;}209:{208;1424;1423;1425;207;1422;1426;206;1421;1427;205;}213:{211;210;209;}225:{228;1597;229;}228:{230;231;232;1688;}231:{1687;1689;233;1686;1690;234;1685;1691;235;}240:{239;241;1775;238;242;1774;237;243;1773;236;244;1772;}243:{245;}250:{251;252;1862;253;1861;254;}252:{255;256;1952;}267:{1078;}269:{268;267;}273:{1167;1169;271;1166;1170;270;1165;269;}276:{272;1168;}277:{276;275;274;273;}282:{281;1255;1254;279;1253;278;}286:{284;283;282;}299:{298;297;1431;1430;295;}303:{299;}315:{317;318;319;}320:{1694;323;1693;324;1692;}324:{325;326;327;328;1784;}327:{1783;1785;329;1782;1786;330;1781;331;}328:{332;1780;}332:{333;334;335;336;1872;}335:{1871;1873;337;1870;1874;338;1869;339;}354:{352;1088;1087;1089;1086;1090;1085;}357:{356;355;354;353;}362:{361;360;1176;1175;1177;1174;1178;359;1173;1179;358;}366:{363;362;}372:{371;370;369;368;1264;}376:{1350;373;379;1349;372;380;1348;}400:{399;401;1615;398;402;1614;397;403;1613;396;404;1612;}403:{405;406;407;}418:{420;421;1789;422;}421:{423;424;1880;1879;1881;1878;1882;425;}424:{1877;1876;}427:{428;429;430;431;}431:{432;1968;1967;1969;433;1966;1970;434;1965;1971;435;}432:{436;1964;}434:{437;438;}438:{439;2056;2055;2057;2054;2058;2053;2059;}443:{442;441;440;1096;1095;1097;1094;1098;}447:{444;443;}449:{446;1181;1187;445;}451:{1183;1185;1182;1186;447;}452:{448;1184;}453:{451;450;449;}460:{459;458;457;456;1272;}464:{462;461;1357;1363;460;1356;1364;}467:{464;1360;1359;1361;1358;1362;463;}469:{467;466;465;}472:{471;1447;1449;470;1446;1450;469;1445;1451;468;1444;1452;}476:{473;472;1448;}478:{477;476;1534;475;1533;1539;474;}483:{484;485;486;487;}486:{488;1624;1623;1625;1622;1626;489;1621;1627;490;}489:{492;493;}492:{494;495;496;1712;}500:{501;502;503;504;1800;}504:{505;1799;1801;506;1798;1802;507;1797;1803;508;1796;1804;}506:{509;510;}507:{511;}509:{512;1888;1887;1889;1886;1890;513;}511:{514;1891;515;}512:{516;}516:{517;518;519;520;1976;}517:{1975;1977;1978;521;}518:{1979;522;}521:{523;524;525;}524:{526;527;2064;}531:{528;1104;1103;1105;1102;1106;}533:{529;}534:{532;531;530;}537:{536;1192;1191;1193;535;1190;1194;534;1195;533;}541:{540;539;538;537;}545:{544;1280;1281;543;1282;542;1283;541;}549:{547;546;545;}555:{554;553;552;1368;1367;1369;1366;1370;551;}559:{556;555;}561:{1455;1457;559;1454;1458;558;1453;1459;557;}564:{563;562;561;560;1456;}568:{567;569;1545;566;570;1546;565;571;1547;564;572;1548;}572:{573;574;575;576;1632;}576:{577;1631;1633;578;1630;1634;579;1629;1635;580;1628;1636;}580:{581;582;583;584;1720;}584:{585;1719;1721;586;1718;1722;587;1717;1723;588;1716;1724;}585:{589;}587:{590;591;}590:{592;1808;1807;1809;1806;1810;593;1805;1811;594;}595:{596;597;}597:{1898;}598:{1899;}603:{604;605;606;607;}607:{608;1984;1983;1985;609;1982;1986;610;1981;1987;611;}610:{612;613;614;}613:{615;2072;2071;2073;2070;2074;}614:{2069;2075;}618:{1114;1115;}621:{618;617;}623:{621;620;619;}626:{1197;1203;622;}627:{624;1200;1199;1201;1198;1202;623;}629:{628;627;626;625;}634:{632;1288;1287;1289;1286;1290;631;1285;1291;630;}637:{636;635;634;633;}641:{640;1376;1375;1377;639;1374;1378;638;1373;1379;637;}645:{643;642;641;}652:{649;648;1464;}654:{652;651;650;}657:{660;}664:{668;}667:{669;670;671;}673:{676;677;}675:{678;679;}681:{685;}685:{686;687;688;1904;1903;1905;1902;1906;689;}689:{690;691;692;1901;1907;693;}693:{694;695;696;1992;1991;1993;1990;1994;697;}694:{1989;698;}697:{699;700;701;}699:{702;703;}701:{2080;2079;2081;2078;2082;}703:{2077;2083;}704:{1124;}705:{1121;1122;1123;}708:{707;706;705;704;1120;}716:{715;714;713;712;1208;}720:{716;1300;}725:{724;}729:{731;1386;732;1387;725;733;}741:{739;738;737;}744:{1563;740;1564;}752:{748;1652;}753:{756;1651;757;}755:{758;759;}759:{760;1736;1735;1737;761;1734;1738;762;1733;1739;763;}762:{765;766;}766:{767;768;1824;1823;1825;1822;1826;769;1821;1827;770;}769:{771;772;773;}772:{774;775;776;1912;}773:{1911;1913;1910;1914;777;}779:{781;782;783;}783:{784;2000;1999;2001;785;1998;2002;786;1997;2003;787;}785:{789;}787:{790;791;}791:{2088;2087;2089;2086;2090;2085;2091;}795:{793;792;1128;1127;1129;1126;1130;}798:{794;}799:{796;795;}803:{800;1216;1215;1217;1214;1218;799;}805:{804;803;802;801;}808:{1308;}809:{1303;1305;807;1302;1306;806;1301;1307;805;}812:{811;810;809;808;1304;}816:{1395;812;820;1396;}823:{821;1482;1483;827;}825:{828;}840:{839;841;1657;838;842;1658;837;843;1659;836;844;1660;}841:{845;}847:{1747;}851:{852;853;854;855;}856:{857;1833;858;1834;859;1835;860;1836;}860:{861;862;863;864;1920;}863:{1921;865;1922;866;1923;867;}865:{869;}869:{870;871;872;2008;2007;2009;2010;873;}872:{874;875;2011;876;2012;}875:{877;878;879;}879:{2096;2095;2097;2094;2098;2093;2099;}880:{1140;}882:{880;1136;1135;1137;1134;1138;1139;}885:{883;882;881;}888:{884;}891:{1226;}893:{889;}894:{891;890;}896:{892;1316;}900:{899;898;897;896;1312;}905:{908;1403;909;}927:{923;}939:{941;942;943;}948:{949;950;951;952;1928;}952:{953;1927;1929;954;1926;1930;955;1925;1931;956;1924;1932;}955:{957;958;959;}957:{960;2016;2015;2017;2014;2018;961;}961:{962;963;964;2013;2019;965;}965:{966;967;2104;2103;2105;2102;2106;}971:{970;969;968;1143;1142;}975:{972;971;}977:{975;974;973;}981:{978;977;}983:{982;981;980;979;}987:{984;1319;1318;983;}989:{988;987;986;985;}995:{996;997;}1002:{1003;1004;1005;1006;}1013:{1012;1011;1010;1009;}1017:{1020;}1031:{1028;}1039:{1037;1036;1035;1043;}1043:{1044;1045;}1048:{1051;1052;}1050:{1053;1054;}1053:{1055;2111;2110;}1062:{1059;1058;}1066:{88;1064;89;90;1063;1062;}1069:{1067;1066;1065;}1080:{1077;1076;}1083:{1081;264;1080;265;266;1079;}1086:{1082;}1087:{1084;1083;}1095:{1093;1092;1091;1099;}1098:{1100;}1105:{1107;1108;1101;1109;}1109:{1110;1111;616;1112;1113;}1115:{1116;1117;1118;1119;}1129:{1131;1132;1125;1133;}1137:{1141;}1146:{1145;8;1144;7;9;6;10;5;11;}1150:{1148;1147;1146;}1155:{1154;1153;96;1152;95;97;94;98;1151;}1159:{1156;1155;}1165:{1164;1163;1162;1161;}1175:{1172;357;1171;}1176:{1180;}1185:{1188;1189;}1197:{1196;}1203:{1204;1205;1206;1207;}1208:{711;1209;710;1210;709;708;}1215:{1213;798;1212;797;1211;1219;}1216:{1220;}1217:{1221;}1219:{1222;1223;}1221:{888;1224;887;886;1225;}1225:{1227;1228;885;1229;}1227:{1230;1231;}1228:{976;}1235:{16;1232;15;14;}1237:{1235;1234;1233;}1240:{100;1236;}1245:{1244;}1255:{1252;1251;}1258:{277;}1260:{1259;1258;1257;280;1256;}1264:{367;1263;1265;366;1262;1266;365;1261;1267;364;1260;}1272:{455;1271;1273;454;1270;1274;453;1269;1275;452;1268;1276;}1275:{1277;1278;1279;}1283:{1284;}1289:{1292;629;1293;}1292:{1294;1295;720;1296;}1295:{719;721;1297;718;722;1298;717;723;1299;}1307:{1309;1310;1311;}1311:{895;1313;894;1314;893;1315;}1315:{1317;}1320:{23;25;22;26;21;27;20;28;}1324:{24;1320;}1325:{1322;1321;}1327:{1323;}1331:{112;1328;111;113;110;114;1327;}1333:{1330;1329;}1335:{1333;1332;1331;}1338:{200;1336;199;201;198;202;1335;197;203;1334;}1341:{1337;}1342:{1340;1339;1338;}1345:{287;289;1343;286;290;1342;285;291;1341;}1348:{1346;1345;288;1344;}1351:{1347;}1355:{1354;1353;376;1352;375;377;374;378;1351;}1359:{1355;}1368:{550;549;1365;1371;548;1372;}1379:{1380;1381;1382;1383;}1381:{728;1384;727;729;726;730;1385;}1387:{1388;1389;1390;1391;}1390:{816;1392;815;817;814;818;1393;813;819;1394;}1395:{1397;1398;1399;}1398:{904;1400;903;905;902;906;1401;901;907;1402;}1400:{900;1404;}1402:{1405;1406;}1406:{1407;992;991;993;990;994;989;995;}1408:{29;}1411:{1409;32;1408;31;30;}1414:{1411;1410;}1417:{120;1416;119;121;1415;118;122;1414;117;123;1413;}1421:{1420;1419;1418;1417;}1432:{294;293;1429;292;1428;}1436:{1435;1434;1433;296;1432;}1440:{383;385;1439;382;386;1438;381;387;1437;388;1436;}1444:{1443;1442;1441;384;1440;}1457:{1460;1461;}1458:{1462;}1459:{1463;}1464:{647;1465;646;1466;645;1467;644;1468;}1468:{1469;1470;1471;736;1472;}1472:{735;1473;734;1474;1475;1476;}1473:{1477;}1474:{1478;}1477:{1479;824;1480;823;825;822;826;1481;}1483:{1484;1485;1486;1487;}1484:{912;1488;}1488:{911;913;1489;910;914;1490;915;1491;916;1492;}1489:{1493;}1493:{1494;1495;1000;999;1001;998;1002;}1496:{43;44;}1499:{1497;40;1496;39;41;38;42;}1502:{1500;1499;1498;}1505:{128;1504;127;129;1503;130;1502;131;1501;}1509:{1505;}1510:{1507;1506;}1512:{215;217;1511;214;218;1510;213;219;1509;212;220;1508;}1516:{1515;1514;1513;216;1512;}1520:{1518;301;307;300;1516;}1521:{1517;}1523:{303;305;302;306;1519;}1524:{304;1520;}1525:{1521;}1526:{1524;1523;1522;}1529:{391;393;1527;390;394;1526;389;395;1525;}1532:{1530;1529;392;1528;}1535:{1532;483;1531;}1539:{1538;1540;1537;1541;480;1536;1542;479;481;478;482;1535;1543;}1540:{568;1544;}1547:{1549;1550;1551;}1550:{656;1552;655;657;654;658;1553;653;659;1554;}1551:{1555;}1555:{1556;1557;1558;1559;}1556:{744;1560;}1558:{743;745;742;746;1561;741;747;1562;}1561:{1565;}1563:{1566;1567;}1567:{832;1568;831;833;1569;830;834;1570;829;835;1571;}1570:{1572;1573;1574;}1574:{1575;920;1576;919;921;918;922;1577;917;1578;}1578:{1579;1580;1581;1582;}1581:{1583;1008;1007;}1584:{51;}1587:{47;49;46;50;}1588:{48;1584;}1589:{1585;}1590:{1587;1586;}1592:{138;139;1589;1588;}1596:{1593;136;1592;}1598:{1594;}1599:{1596;1595;}1602:{224;1600;223;225;222;226;1599;221;227;1598;}1605:{1603;1602;1601;}1608:{1605;308;316;1604;}1610:{312;1608;311;313;310;314;1607;309;315;1606;}1613:{1611;1610;1609;}1620:{1618;1617;400;1616;}1623:{1620;491;1619;}1635:{1637;1638;1639;}1636:{664;1640;}1638:{663;665;662;666;1641;661;667;1642;}1642:{1643;1644;1645;1646;}1646:{1647;752;1648;751;753;750;754;1649;749;755;1650;}1651:{1653;1654;1655;}1652:{840;1656;}1660:{1661;1662;1663;928;1664;}1664:{927;929;1665;926;930;1666;925;931;1667;924;1668;}1666:{1669;1670;}1670:{1671;1016;1015;1017;1014;1018;1013;1019;}1675:{55;57;54;58;}1676:{1673;56;1672;}1678:{1675;1674;}1682:{1681;144;1680;143;145;142;146;1679;141;147;1678;}1686:{1684;1683;1682;}1699:{1698;1697;320;1696;321;322;1695;}1703:{1699;}1704:{1702;411;1701;412;1700;}1707:{1706;1705;408;1704;409;410;1703;}1711:{1707;}1712:{497;1711;1713;498;1710;1714;499;1709;1715;500;1708;}1724:{1725;1726;1727;672;1728;}1727:{673;1729;674;1730;675;1731;}1736:{764;1732;1740;}1738:{1741;1742;}1739:{1743;}1740:{848;1744;}1742:{847;849;846;850;1745;851;1746;}1745:{1748;1749;}1749:{1750;1751;936;1752;935;937;934;938;1753;}1752:{1754;933;939;1755;932;940;1756;}1754:{1757;1758;}1756:{1759;1024;}1757:{1023;1025;1022;1026;}1759:{1021;1027;}1762:{1761;64;1760;63;65;62;66;61;67;}1766:{1762;}1767:{1764;1763;}1780:{240;1776;}1781:{1777;}1782:{1779;1778;}1791:{1788;1787;}1794:{1793;416;1792;415;417;414;418;1791;413;419;1790;}1798:{1795;1794;}1809:{595;}1811:{1812;1813;1814;1815;}1814:{680;1816;681;682;1817;683;1818;}1816:{1819;684;1820;}1827:{1828;1829;1830;1831;}1828:{856;1832;}1836:{1837;1838;1839;944;1840;}1840:{945;1841;946;1842;947;1843;948;1844;}1844:{1845;1846;1847;1032;}1846:{1031;1033;1030;1034;1029;}1849:{1851;74;1852;75;1853;}1861:{1860;1859;1858;1857;}1867:{247;249;246;250;1863;}1868:{1865;248;1864;}1870:{1868;1867;1866;}1879:{1875;}1882:{1883;1884;426;1885;427;}1891:{1892;1893;1894;1895;}1893:{600;1896;599;601;598;602;1897;}1894:{603;}1898:{1900;}1912:{778;779;1909;1915;780;1908;1916;}1915:{1917;1918;1919;}1920:{868;}1929:{1933;}1933:{1934;1935;1040;1039;1041;1038;1042;}1936:{81;1937;82;1938;83;1939;84;1940;}1948:{1947;1946;1945;168;1944;}1952:{1950;259;1949;260;1948;}1955:{1954;1953;257;258;1951;}1959:{1955;}1960:{340;348;1956;}1961:{1958;341;347;1957;}1963:{1961;344;1960;343;345;342;346;1959;}1966:{1963;1962;}1970:{1972;1973;1974;}1981:{1980;}1986:{1988;}1999:{1996;1995;}2000:{788;2004;}2001:{2005;}2002:{2006;}2019:{2020;2021;2022;2023;}2021:{1048;1047;1049;1046;1050;}2025:{2028;}2033:{2032;175;2031;174;2030;173;2029;}2037:{2033;}2038:{2035;2034;}2040:{2036;}2041:{2038;261;2037;}2043:{2041;2040;263;262;2039;}2046:{2043;2042;}2048:{351;2047;350;2046;349;2045;2044;}2052:{2049;2048;}2054:{2050;}2055:{2052;2051;}2057:{2060;2061;}2064:{2063;2065;2062;2066;2067;2068;}2075:{2076;}2086:{2084;}2091:{2092;}2104:{2101;2107;2100;2108;}2111:{2109;},107_108_109_110_146_147_148_149_186_187_245_246_268_269_339_340_353_354_430_431_440_441_519_520_528_529_607_608_618_619_693_694_709_710_711_777_778_779_804_805_859_860_903_904_905_906_907_933_934_935_936_937_1090_1091_1092_1093_1094_1095_1096_1097_1098_1099_1100_1101_1102_1103_1104_1105_1106_1107_1108_1162_1163_1164_1210_1211_1212_1242_1243_1244_1306_1307_1308_1326_1327_1399_1400_1411_1412_1490_1491_1498_1499_1500_1578_1579_1580_1587_1588_1666_1667_1678_1679_1751_1752_1770_1771_1772_1834_1835_1836_1866_1867_1868_1914_1915_1916_1970_1971_1972_1973_1974_1975_1976_1977_1978_1979_1980_1981_1982_1983_1984_1985_1986_1987_1988_,1539-1538*0_1539-1540*0_1539-1537*0_1539-1541*0_1539-480*0_1539-1536*0_1539-1542*0_1539-479*0_1539-481*0_1539-478*0_1539-482*0_1539-1535*0_1539-1543*0_478-477*1_478-476*1_478-1534*1_478-475*1_478-1533*1_478-1539*1_478-474*1_476-473*2_476-472*2_476-1448*2_472-471*3_472-1447*3_472-1449*3_472-470*3_472-1446*3_472-1450*3_472-469*3_472-1445*3_472-1451*3_472-468*3_472-1444*3_472-1452*3_1535-1532*2_1535-483*2_1535-1531*2_469-467*4_469-466*4_469-465*4_467-464*5_467-1360*5_467-1359*5_467-1361*5_467-1358*5_467-1362*5_467-463*5_1540-568*1_1540-1544*1_1532-1530*3_1532-1529*3_1532-392*3_1532-1528*3_464-462*6_464-461*6_464-1357*6_464-1363*6_464-460*6_464-1356*6_464-1364*6_568-567*2_568-569*2_568-1545*2_568-566*2_568-570*2_568-1546*2_568-565*2_568-571*2_568-1547*2_568-564*2_568-572*2_568-1548*2_572-573*3_572-574*3_572-575*3_572-576*3_572-1632*3_1529-391*4_1529-393*4_1529-1527*4_1529-390*4_1529-394*4_1529-1526*4_1529-389*4_1529-395*4_1529-1525*4_576-577*4_576-1631*4_576-1633*4_576-578*4_576-1630*4_576-1634*4_576-579*4_576-1629*4_576-1635*4_576-580*4_576-1628*4_576-1636*4_1359-1355*7_564-563*3_564-562*3_564-561*3_564-560*3_564-1456*3_1635-1637*5_1635-1638*5_1635-1639*5_561-1455*4_561-1457*4_561-559*4_561-1454*4_561-1458*4_561-558*4_561-1453*4_561-1459*4_561-557*4_1526-1524*5_1526-1523*5_1526-1522*5_460-459*7_460-458*7_460-457*7_460-456*7_460-1272*7_1547-1549*3_1547-1550*3_1547-1551*3_483-484*3_483-485*3_483-486*3_483-487*3_1355-1354*8_1355-1353*8_1355-376*8_1355-1352*8_1355-375*8_1355-377*8_1355-374*8_1355-378*8_1355-1351*8_1636-664*6_1636-1640*6_1457-1460*5_1457-1461*5_376-1350*9_376-373*9_376-379*9_376-1349*9_376-372*9_376-380*9_376-1348*9_580-581*5_580-582*5_580-583*5_580-584*5_580-1720*5_1444-1443*4_1444-1442*4_1444-1441*4_1444-384*4_1444-1440*4_1550-656*4_1550-1552*4_1550-655*4_1550-657*4_1550-654*4_1550-658*4_1550-1553*4_1550-653*4_1550-659*4_1550-1554*4_1638-663*7_1638-665*7_1638-662*7_1638-666*7_1638-1641*7_1638-661*7_1638-667*7_1638-1642*7_486-488*4_486-1624*4_486-1623*4_486-1625*4_486-1622*4_486-1626*4_486-489*4_486-1621*4_486-1627*4_486-490*4_1551-1555*5_1351-1347*10_1272-455*8_1272-1271*8_1272-1273*8_1272-454*8_1272-1270*8_1272-1274*8_1272-453*8_1272-1269*8_1272-1275*8_1272-452*8_1272-1268*8_1272-1276*8_1642-1643*8_1642-1644*8_1642-1645*8_1642-1646*8_1623-1620*5_1623-491*5_1623-1619*5_559-556*6_559-555*6_657-660*6_1646-1647*9_1646-752*9_1646-1648*9_1646-751*9_1646-753*9_1646-750*9_1646-754*9_1646-1649*9_1646-749*9_1646-755*9_1646-1650*9_584-585*6_584-1719*6_584-1721*6_584-586*6_584-1718*6_584-1722*6_584-587*6_584-1717*6_584-1723*6_584-588*6_584-1716*6_584-1724*6_372-371*10_372-370*10_372-369*10_372-368*10_372-1264*10_1525-1521*6_1724-1725*7_1724-1726*7_1724-1727*7_1724-672*7_1724-1728*7_453-451*9_453-450*9_453-449*9_1440-383*5_1440-385*5_1440-1439*5_1440-382*5_1440-386*5_1440-1438*5_1440-381*5_1440-387*5_1440-1437*5_1440-388*5_1440-1436*5_1348-1346*11_1348-1345*11_1348-288*11_1348-1344*11_1620-1618*6_1620-1617*6_1620-400*6_1620-1616*6_489-492*6_489-493*6_1264-367*11_1264-1263*11_1264-1265*11_1264-366*11_1264-1262*11_1264-1266*11_1264-365*11_1264-1261*11_1264-1267*11_1264-364*11_1264-1260*11_1458-1462*7_753-756*10_753-1651*10_753-757*10_492-494*7_492-495*7_492-496*7_492-1712*7_654-652*7_654-651*7_654-650*7_400-399*7_400-401*7_400-1615*7_400-398*7_400-402*7_400-1614*7_400-397*7_400-403*7_400-1613*7_400-396*7_400-404*7_400-1612*7_652-649*8_652-648*8_652-1464*8_1459-1463*8_1345-287*12_1345-289*12_1345-1343*12_1345-286*12_1345-290*12_1345-1342*12_1345-285*12_1345-291*12_1345-1341*12_366-363*14_366-362*14_452-448*10_452-1184*10_1712-497*8_1712-1711*8_1712-1713*8_1712-498*8_1712-1710*8_1712-1714*8_1712-499*8_1712-1709*8_1712-1715*8_1712-500*8_1712-1708*8_1613-1611*8_1613-1610*8_1613-1609*8_1521-1517*7_1555-1556*8_1555-1557*8_1555-1558*8_1555-1559*8_286-284*13_286-283*13_286-282*13_1711-1707*9_1260-1259*14_1260-1258*14_1260-1257*14_1260-280*14_1260-1256*14_500-501*9_500-502*9_500-503*9_500-504*9_500-1800*9_755-758*11_755-759*11_1524-304*7_1524-1520*7_1464-647*9_1464-1465*9_1464-646*9_1464-1466*9_1556-744*9_1556-1560*9_1464-645*9_1464-1467*9_1464-644*9_1464-1468*9_282-281*14_282-1255*14_282-1254*14_282-279*14_282-1253*14_282-278*14_451-1183*11_451-1185*11_451-1182*11_451-1186*11_451-447*11_1342-1340*14_1342-1339*14_1342-1338*14_1610-312*9_1610-1608*9_1610-311*9_1610-313*9_1610-310*9_1610-314*9_1610-1607*9_1610-309*9_1610-315*9_1610-1606*9_664-668*8_645-643*10_645-642*10_645-641*10_667-669*9_667-670*9_667-671*9_504-505*10_504-1799*10_504-1801*10_504-506*10_504-1798*10_504-1802*10_504-507*10_504-1797*10_504-1803*10_504-508*10_504-1796*10_504-1804*10_759-760*12_759-1736*12_759-1735*12_759-1737*12_759-761*12_759-1734*12_759-1738*12_759-762*12_759-1733*12_759-1739*12_759-763*12_585-589*7_362-361*15_362-360*15_362-1176*15_362-1175*15_362-1177*15_362-1174*15_362-1178*15_362-359*15_362-1173*15_362-1179*15_362-358*15_1798-1795*11_1798-1794*11_1608-1605*10_1608-308*10_1608-316*10_1608-1604*10_1341-1337*15_1258-277*15_1605-1603*11_1605-1602*11_1605-1601*11_1175-1172*16_1175-357*16_1175-1171*16_555-554*7_555-553*7_555-552*7_555-1368*7_555-1367*7_555-1369*7_555-1366*7_555-1370*7_555-551*7_403-405*9_403-406*9_403-407*9_1727-673*8_1727-1729*8_1727-674*8_1727-1730*8_1727-675*8_1727-1731*8_641-640*11_641-1376*11_641-1375*11_641-1377*11_641-639*11_641-1374*11_641-1378*11_641-638*11_641-1373*11_641-1379*11_641-637*11_449-446*12_449-1181*12_449-1187*12_449-445*12_1368-550*8_1368-549*8_1368-1365*8_1368-1371*8_1368-548*8_1368-1372*8_752-748*10_752-1652*10_1558-743*10_1558-745*10_1558-742*10_1558-746*10_1558-1561*10_1558-741*10_1558-747*10_1558-1562*10_1185-1188*13_1185-1189*13_1707-1706*10_1707-1705*10_1707-408*10_1707-1704*10_1707-409*10_1707-410*10_1707-1703*10_1468-1469*10_1468-1470*10_1468-1471*10_1468-736*10_1468-1472*10_1379-1380*12_1379-1381*12_1379-1382*12_1379-1383*12_637-636*12_637-635*12_637-634*12_637-633*12_1523-303*8_1523-305*8_1523-302*8_1523-306*8_1523-1519*8_1275-1277*10_1275-1278*10_1275-1279*10_1736-764*13_1736-1732*13_1736-1740*13_762-765*14_762-766*14_744-1563*11_744-740*11_744-1564*11_634-632*13_634-1288*13_634-1287*13_634-1289*13_634-1286*13_634-1290*13_634-631*13_634-1285*13_634-1291*13_634-630*13_1520-1518*9_1520-301*9_1520-307*9_1520-300*9_1520-1516*9_447-444*14_447-443*14_303-299*10_357-356*17_357-355*17_357-354*17_357-353*17_1794-1793*12_506-509*12_1794-416*12_1794-1792*12_1794-415*12_1794-417*12_506-510*12_1794-414*12_1794-418*12_1794-1791*12_1794-413*12_1794-419*12_1794-1790*12_443-442*15_443-441*15_443-440*15_443-1096*15_443-1095*15_443-1097*15_443-1094*15_443-1098*15_1095-1093*16_1095-1092*16_1095-1091*16_1095-1099*16_1338-200*16_1338-1336*16_1338-199*16_1338-201*16_1338-198*16_1338-202*16_1338-1335*16_1338-197*16_1338-203*16_1338-1334*16_549-547*9_549-546*9_549-545*9_1335-1333*17_1335-1332*17_1335-1331*17_587-590*8_587-591*8_277-276*16_277-275*16_277-274*16_277-273*16_1436-1435*6_1436-1434*6_1436-1433*6_1436-296*6_1436-1432*6_1381-728*13_1381-1384*13_1381-727*13_1381-729*13_1381-726*13_1381-730*13_1381-1385*13_545-544*10_545-1280*10_545-1281*10_545-543*10_545-1282*10_545-542*10_545-1283*10_545-541*10_507-511*13_299-298*11_299-297*11_299-1431*11_299-1430*11_299-295*11_1432-294*12_1432-293*12_1432-1429*12_1432-292*12_1432-1428*12_1651-1653*12_1651-1654*12_1651-1655*12_729-731*14_729-1386*14_729-732*14_729-1387*14_729-725*14_729-733*14_354-352*18_354-1088*18_354-1087*18_354-1089*18_354-1086*18_354-1090*18_354-1085*18_741-739*12_741-738*12_741-737*12_1652-840*13_1652-1656*13_1176-1180*16_1289-1292*14_1289-629*14_1289-1293*14_1387-1388*15_1387-1389*15_1387-1390*15_1387-1391*15_418-420*13_418-421*13_418-1789*13_418-422*13_276-272*17_276-1168*17_1516-1515*10_1516-1514*10_1516-1513*10_1516-216*10_1516-1512*10_1512-215*11_1512-217*11_1512-1511*11_1512-214*11_1512-218*11_1512-1510*11_1512-213*11_1512-219*11_1512-1509*11_1512-212*11_1512-220*11_1512-1508*11_213-211*12_213-210*12_213-209*12_766-767*15_766-768*15_766-1824*15_766-1823*15_766-1825*15_766-1822*15_766-1826*15_766-769*15_766-1821*15_766-1827*15_766-770*15_1472-735*11_1472-1473*11_1472-734*11_1472-1474*11_1472-1475*11_1472-1476*11_1333-1330*18_1333-1329*18_769-771*16_769-772*16_769-773*16_1331-112*19_1331-1328*19_1331-111*19_1331-113*19_1331-110*19_1331-114*19_1331-1327*19_840-839*14_840-841*14_840-1657*14_840-838*14_840-842*14_840-1658*14_840-837*14_840-843*14_840-1659*14_840-836*14_840-844*14_840-1660*14_273-1167*18_273-1169*18_273-271*18_273-1166*18_273-1170*18_273-270*18_273-1165*18_273-269*18_1473-1477*12_1087-1084*19_1087-1083*19_1704-1702*11_1704-411*11_1704-1701*11_1704-412*11_1704-1700*11_1086-1082*20_421-423*14_421-424*14_421-1880*14_421-1879*14_421-1881*14_421-1878*14_421-1882*14_421-425*14_315-317*11_315-318*11_315-319*11_590-592*9_590-1808*9_590-1807*9_590-1809*9_590-1806*9_590-1810*9_590-593*9_590-1805*9_590-1811*9_590-594*9_112-1326*20_112-109*20_112-115*20_112-1325*20_112-108*20_112-116*20_112-1324*20_1602-224*12_1602-1600*12_1602-223*12_1602-225*12_1602-222*12_1602-226*12_1602-1599*12_1602-221*12_1602-227*12_1602-1598*12_1327-1323*21_772-774*17_772-775*17_772-776*17_772-1912*17_108-107*21_108-106*21_108-105*21_108-104*21_108-1240*21_1811-1812*10_1811-1813*10_1811-1814*10_1811-1815*10_1738-1741*15_1738-1742*15_1474-1478*14_509-512*14_509-1888*14_509-1887*14_509-1889*14_509-1886*14_509-1890*14_509-513*14_225-228*13_225-1597*13_225-229*13_1882-1883*15_1882-1884*15_1882-426*15_1882-1885*15_1882-427*15_1703-1699*12_209-208*13_209-1424*13_209-1423*13_209-1425*13_209-207*13_209-1422*13_209-1426*13_209-206*13_209-1421*13_209-1427*13_209-205*13_1739-1743*16_511-514*15_511-1891*15_511-515*15_1510-1507*13_1510-1506*13_427-428*16_427-429*16_427-430*16_427-431*16_1699-1698*13_1699-1697*13_1699-320*13_1699-1696*13_1699-321*13_1699-322*13_1699-1695*13_1165-1164*19_1165-1163*19_1165-1162*19_1165-1161*19_320-1694*14_320-323*14_320-1693*14_320-324*14_320-1692*14_673-676*12_673-677*12_1421-1420*14_1421-1419*14_1421-1418*14_1421-1417*14_1083-1081*21_1083-264*21_1083-1080*21_1083-265*21_1083-266*21_1083-1079*21_228-230*14_228-231*14_228-232*14_228-1688*14_269-268*19_269-267*19_541-540*12_541-539*12_541-538*12_541-537*12_629-628*15_629-627*15_629-626*15_629-625*15_1827-1828*17_1827-1829*17_1827-1830*17_1827-1831*17_1509-1505*14_431-432*17_431-1968*17_431-1967*17_431-1969*17_431-433*17_431-1966*17_431-1970*17_431-434*17_431-1965*17_431-1971*17_431-435*17_1970-1972*18_1970-1973*18_1970-1974*18_1417-120*15_1417-1416*15_1417-119*15_1417-121*15_1417-1415*15_1417-118*15_1417-122*15_1417-1414*15_1417-117*15_1417-123*15_1417-1413*15_1255-1252*17_1255-1251*17_208-204*14_198-196*18_198-195*18_198-194*18_773-1911*18_773-1913*18_773-1910*18_773-1914*18_773-777*18_194-193*19_194-192*19_194-1248*19_194-1247*19_194-1249*19_194-1246*19_194-1250*19_194-191*19_194-1245*19_194-190*19_1740-848*17_1740-1744*17_675-678*13_675-679*13_1292-1294*15_1292-1295*15_1292-720*15_1292-1296*15_1912-778*19_1912-779*19_1912-1909*19_1912-1915*19_1912-780*19_1912-1908*19_1912-1916*19_1390-816*16_1390-1392*16_1390-815*16_1390-817*16_1390-814*16_1390-818*16_1390-1393*16_1390-813*16_1390-819*16_1390-1394*16_537-536*13_537-1192*13_537-1191*13_537-1193*13_537-535*13_537-1190*13_537-1194*13_537-534*13_537-1195*13_537-533*13_816-1395*17_816-812*17_816-820*17_816-1396*17_1814-680*11_1814-1816*11_1814-681*11_1814-682*11_1814-1817*11_1814-683*11_1814-1818*11_534-532*14_534-531*14_534-530*14_231-1687*15_231-1689*15_231-233*15_231-1686*15_231-1690*15_231-234*15_231-1685*15_231-1691*15_231-235*15_841-845*15_1816-1819*12_1816-684*12_1816-1820*12_1477-1479*15_1477-824*15_1477-1480*15_1477-823*15_1477-825*15_1477-822*15_1477-826*15_1477-1481*15_193-189*20_324-325*15_324-326*15_324-327*15_324-328*15_324-1784*15_1742-847*18_1742-849*18_1742-846*18_1742-850*18_1742-1745*18_1742-851*18_1742-1746*18_122-124*16_122-125*16_122-126*16_812-811*18_812-810*18_812-809*18_812-808*18_812-1304*18_1561-1565*13_1395-1397*18_1395-1398*18_1395-1399*18_107-1239*22_107-1241*22_107-1238*22_107-1242*22_107-103*22_1686-1684*16_1686-1683*16_1686-1682*16_432-436*19_432-1964*19_191-188*21_191-187*21_1809-595*15_1398-904*19_1398-1400*19_1398-903*19_1398-905*19_1398-902*19_1398-906*19_1398-1401*19_1398-901*19_1398-907*19_1398-1402*19_1295-719*16_1295-721*16_1295-1297*16_1295-718*16_1295-722*16_1295-1298*16_1295-717*16_1295-723*16_1295-1299*16_120-1412*17_1966-1963*20_1966-1962*20_1791-1788*15_1791-1787*15_267-1078*20_847-1747*17_327-1783*16_327-1785*16_327-329*16_327-1782*16_327-1786*16_327-330*16_327-1781*16_327-331*16_1325-1322*21_1325-1321*21_1324-24*22_1324-1320*22_823-821*16_823-1482*16_823-1483*16_823-827*16_1563-1566*14_1563-1567*14_1599-1596*14_1599-1595*14_1745-1748*19_1745-1749*19_1505-128*15_1505-1504*15_1505-127*15_1505-129*15_1505-1503*15_1505-130*15_1505-1502*15_1505-131*15_1505-1501*15_809-1303*19_809-1305*19_809-807*19_809-1302*19_809-1306*19_809-806*19_809-1301*19_809-1307*19_809-805*19_106-1237*23_106-1243*23_106-102*23_130-132*16_130-133*16_130-134*16_1080-1077*22_1080-1076*22_1283-1284*12_681-685*15_189-186*22_189-185*22_1682-1681*17_1682-144*17_1682-1680*17_1682-143*17_1682-145*17_1682-142*17_1682-146*17_1682-1679*17_1682-141*17_1682-147*17_1682-1678*17_1828-856*18_1828-1832*18_144-1677*18_144-140*18_144-148*18_144-1676*18_725-724*16_185-184*23_185-1160*23_185-1159*23_185-183*23_185-1158*23_185-182*23_185-1157*23_185-181*23_627-624*16_627-1200*16_627-1199*16_627-1201*16_627-1198*16_627-1202*16_627-623*16_434-437*21_434-438*21_1414-1411*18_1414-1410*18_147-149*19_147-150*19_147-151*19_1159-1156*24_182-180*24_1159-1155*24_182-179*24_182-178*24_851-852*20_851-853*20_851-854*20_851-855*20_424-1877*18_424-1876*18_1879-1875*19_779-781*20_779-782*20_779-783*20_905-908*20_905-1403*20_905-909*20_328-332*18_328-1780*18_805-804*20_805-803*20_805-802*20_805-801*20_856-857*19_856-1833*19_856-858*19_856-1834*19_856-859*19_856-1835*19_856-860*19_856-1836*19_179-177*25_179-176*25_179-1072*25_179-1071*25_179-1073*25_179-1070*25_179-1074*25_1598-1594*15_803-800*21_803-1216*21_803-1215*21_803-1217*21_803-1214*21_803-1218*21_803-799*21_1596-1593*16_1596-136*16_1596-1592*16_151-152*20_151-1768*20_151-1767*20_151-1769*20_151-153*20_151-1766*20_151-1770*20_151-154*20_151-1765*20_151-1771*20_151-155*20_1891-1892*16_1891-1893*16_1891-1894*16_1891-1895*16_1767-1764*21_1767-1763*21_1836-1837*20_1836-1838*20_1836-1839*20_1836-944*20_1836-1840*20_1155-1154*25_1155-1153*25_1155-96*25_1155-1152*25_1155-95*25_1155-97*25_1155-94*25_1155-98*25_1155-1151*25_1660-1661*15_1660-1662*15_1660-1663*15_1660-928*15_1660-1664*15_1749-1750*20_1749-1751*20_1749-936*20_1749-1752*20_1749-935*20_1749-937*20_1749-934*20_1749-938*20_1749-1753*20_720-716*17_720-1300*17_1215-1213*22_1215-798*22_1215-1212*22_1215-797*22_1215-1211*22_1215-1219*22_533-529*15_105-101*24_1752-1754*21_1752-933*21_1752-939*21_1752-1755*21_1752-932*21_1752-940*21_1752-1756*21_799-796*23_799-795*23_1766-1762*22_1320-23*23_1320-25*23_1320-22*23_1320-26*23_1320-21*23_1320-27*23_1320-20*23_1320-28*23_1245-1244*22_132-135*17_133-1591*17_133-1590*17_133-137*17_176-1069*26_176-1075*26_176-1068*26_1678-1675*20_1678-1674*20_685-686*16_685-687*16_685-688*16_685-1904*16_685-1903*16_685-1905*16_685-1902*16_685-1906*16_685-689*16_939-941*22_939-942*22_939-943*22_531-528*16_531-1104*16_531-1103*16_531-1105*16_531-1102*16_531-1106*16_1240-100*25_1240-1236*25_1840-945*21_1840-1841*21_1840-946*21_1840-1842*21_1840-947*21_1840-1843*21_1963-1961*21_1840-948*21_1840-1844*21_1963-344*21_1963-1960*21_1963-343*21_1963-345*21_1963-342*21_1963-346*21_1963-1959*21_948-949*22_948-950*22_948-951*22_948-952*22_948-1928*22_101-99*26_783-784*21_783-2000*21_783-1999*21_783-2001*21_783-785*21_783-1998*21_783-2002*21_783-786*21_783-1997*21_783-2003*21_783-787*21_1483-1484*17_1483-1485*17_1483-1486*17_1483-1487*17_1999-1996*22_1999-1995*22_95-93*26_95-1150*26_95-92*26_95-1149*26_95-91*26_860-861*20_860-862*20_860-863*20_860-864*20_860-1920*20_1567-832*15_1567-1568*15_1567-831*15_1567-833*15_1567-1569*15_1567-830*15_1567-834*15_1567-1570*15_1567-829*15_1567-835*15_1567-1571*15_952-953*23_952-1927*23_952-1929*23_952-954*23_952-1926*23_952-1930*23_952-955*23_952-1925*23_952-1931*23_952-956*23_952-1924*23_952-1932*23_1502-1500*17_1502-1499*17_1502-1498*17_1782-1779*19_1782-1778*19_1150-1148*27_1150-1147*27_1150-1146*27_332-333*19_332-334*19_332-335*19_332-336*19_332-1872*19_798-794*24_1484-912*18_1484-1488*18_1105-1107*17_1105-1108*17_1105-1101*17_1105-1109*17_626-1197*17_626-1203*17_626-622*17_1400-900*20_1400-1404*20_335-1871*21_335-1873*21_335-337*21_335-1870*21_335-1874*21_335-338*21_335-1869*21_335-339*21_1069-1067*27_1069-1066*27_1069-1065*27_438-439*22_438-2056*22_438-2055*22_438-2057*22_438-2054*22_438-2058*22_438-2053*22_438-2059*22_955-957*24_955-958*24_955-959*24_957-960*25_957-2016*25_957-2015*25_957-2017*25_957-2014*25_957-2018*25_957-961*25_1915-1917*20_1915-1918*20_1915-1919*20_1146-1145*28_1146-8*28_1146-1144*28_1146-7*28_1146-9*28_1146-6*28_1146-10*28_1146-5*28_1146-11*28_1592-138*18_1592-139*18_1592-1589*18_1592-1588*18_808-1308*19_512-516*17_1066-88*28_1066-1064*28_1066-89*28_1066-90*28_1066-1063*28_1066-1062*28_900-899*21_900-898*21_900-897*21_900-896*21_900-1312*21_1499-1497*18_1499-40*18_1499-1496*18_1499-39*18_1499-41*18_1499-38*18_1499-42*18_1237-1235*26_1237-1234*26_1237-1233*26_1870-1868*22_1870-1867*22_1870-1866*22_1197-1196*18_623-621*19_623-620*19_623-619*19_689-690*17_689-691*17_689-692*17_689-1901*17_689-1907*17_689-693*17_1893-600*17_1893-1896*17_1893-599*17_1893-601*17_1893-598*17_1893-602*17_1893-1897*17_1307-1309*20_1307-1310*20_1307-1311*20_595-596*16_595-597*16_1311-895*21_1311-1313*21_1311-894*21_1311-1314*21_1311-893*21_1311-1315*21_2057-2060*24_2057-2061*24_1664-927*16_1664-929*16_1664-1665*16_1664-926*16_1664-930*16_1664-1666*16_1664-925*16_1664-931*16_1664-1667*16_1664-924*16_1664-1668*16_155-156*23_155-157*23_155-158*23_155-159*23_2000-788*23_2000-2004*23_597-1898*17_1961-1958*22_1961-341*22_1961-347*22_1961-1957*22_1781-1777*20_1570-1572*18_1570-1573*18_1570-1574*18_1780-240*21_1780-1776*21_1762-1761*23_1762-64*23_1762-1760*23_1762-63*23_1762-65*23_1762-62*23_1762-66*23_1762-61*23_1762-67*23_88-1061*29_88-1060*29_38-37*19_38-36*19_38-35*19_38-34*19_621-618*20_621-617*20_927-923*18_1868-1865*23_1868-248*23_1868-1864*23_896-892*22_896-1316*22_598-1899*18_516-517*18_516-518*18_516-519*18_516-520*18_516-1976*18_7-4*29_7-3*29_37-33*20_63-60*24_63-59*24_240-239*22_240-241*22_240-1775*22_240-238*22_240-242*22_240-1774*22_240-237*22_240-243*22_240-1773*22_240-236*22_240-244*22_240-1772*22_65-68*25_65-69*25_1109-1110*18_1109-1111*18_1109-616*18_1109-1112*18_1109-1113*18_1488-911*19_1488-913*19_1488-1489*19_1488-910*19_1488-914*19_1488-1490*19_1488-915*19_1488-1491*19_1488-916*19_1488-1492*19_961-962*26_961-963*26_961-964*26_961-2013*26_961-2019*26_961-965*26_1894-603*19_1754-1757*23_1754-1758*23_1402-1405*21_1402-1406*21_2055-2052*25_2055-2051*25_1216-1220*23_618-1114*21_618-1115*21_21-19*24_21-18*24_21-17*24_894-891*23_894-890*23_1489-1493*20_716-715*18_716-714*18_716-713*18_716-712*18_716-1208*18_1929-1933*27_1062-1059*30_1062-1058*30_517-1975*19_517-1977*19_517-1978*19_517-521*19_795-793*25_795-792*25_795-1128*25_795-1127*25_795-1129*25_795-1126*25_795-1130*25_1235-16*27_1235-1232*27_1235-15*27_1235-14*27_1898-1900*20_1867-247*24_1867-249*24_1867-246*24_1867-250*24_1867-1863*24_1493-1494*21_1493-1495*21_1493-1000*21_1493-999*21_1493-1001*21_1493-998*21_1493-1002*21_15-13*28_15-12*28_2054-2050*26_6-2*30_1574-1575*19_1574-920*19_1574-1576*19_1574-919*19_1574-921*19_1574-918*19_1574-922*19_1574-1577*19_1574-917*19_1574-1578*19_1411-1409*19_1411-32*19_1411-1408*19_1411-31*19_1411-30*19_1933-1934*28_1933-1935*28_1933-1040*28_1933-1039*28_1933-1041*28_1933-1038*28_1933-1042*28_5-1*31_1756-1759*24_1756-1024*24_250-251*25_250-252*25_250-1862*25_250-253*25_250-1861*25_250-254*25_1002-1003*22_1002-1004*22_1002-1005*22_1002-1006*22_1666-1669*20_1666-1670*20_1406-1407*22_1406-992*22_1406-991*22_1406-993*22_1406-990*22_1406-994*22_1406-989*22_1406-995*22_1115-1116*22_1115-1117*22_1115-1118*22_1115-1119*22_893-889*24_863-1921*21_863-865*21_863-1922*21_1676-1673*21_863-866*21_863-1923*21_1676-56*21_1676-1672*21_863-867*21_2-0*32_2-1056*32_2-1057*32_1675-55*22_1675-57*22_1675-54*22_1675-58*22_1670-1671*21_1670-1016*21_1670-1015*21_1670-1017*21_1670-1014*21_1670-1018*21_1670-1013*21_1670-1019*21_69-70*26_69-71*26_69-72*26_69-1848*26_69-1849*26_69-1850*26_69-73*26_2052-2049*27_2052-2048*27_1960-340*23_1960-348*23_1960-1956*23_1757-1023*25_1757-1025*25_1757-1022*25_1757-1026*25_518-1979*20_518-522*20_1590-1587*20_1590-1586*20_1039-1037*29_1039-1036*29_1039-1035*29_1039-1043*29_1217-1221*24_1920-868*22_1203-1204*20_1203-1205*20_1203-1206*20_1203-1207*20_1013-1012*22_1013-1011*22_1013-1010*22_1013-1009*22_2001-2005*23_1959-1955*24_785-789*24_1408-29*21_1849-1851*27_1849-74*27_1849-1852*27_1849-75*27_1849-1853*27_2019-2020*27_2019-2021*27_2019-2022*27_2019-2023*27_2002-2006*25_787-790*26_787-791*26_603-604*21_603-605*21_603-606*21_603-607*21_1844-1845*22_1844-1846*22_1844-1847*22_1844-1032*22_1219-1222*25_1219-1223*25_1759-1021*26_1759-1027*26_2048-351*28_2048-2047*28_2048-350*28_2048-2046*28_2048-349*28_2048-2045*28_2048-2044*28_521-523*21_521-524*21_521-525*21_1221-888*26_1221-1224*26_1221-887*26_1221-886*26_1221-1225*26_156-160*24_156-1856*24_1208-711*19_1208-1209*19_1208-710*19_1208-1210*19_1208-709*19_1208-708*19_989-988*23_989-987*23_989-986*23_989-985*23_252-255*26_252-256*26_252-1952*26_1129-1131*26_1129-1132*26_1129-1125*26_1129-1133*26_965-966*27_965-967*27_965-2104*27_965-2103*27_965-2105*27_965-2102*27_965-2106*27_2021-1048*28_2021-1047*28_2021-1049*28_2021-1046*28_2021-1050*28_1861-1860*26_1861-1859*26_1861-1858*26_1861-1857*26_160-161*25_160-1855*25_160-162*25_160-1854*25_160-163*25_160-164*25_1589-1585*21_56-53*23_56-52*23_891-1226*25_1578-1579*21_1578-1580*21_1578-1581*21_1578-1582*21_1043-1044*30_1043-1045*30_2104-2101*28_2104-2107*28_2104-2100*28_2104-2108*28_1017-1020*23_74-76*28_74-77*28_74-78*28_1225-1227*26_1225-1228*26_1225-885*26_1225-1229*26_693-694*18_693-695*18_693-696*18_693-1992*18_693-1991*18_693-1993*18_693-1990*18_693-1994*18_693-697*18_1048-1051*29_1048-1052*29_865-869*24_694-1989*19_694-698*19_995-996*23_995-997*23_708-707*20_708-706*20_708-705*20_708-704*20_708-1120*20_697-699*20_697-700*20_697-701*20_1955-1954*25_1955-1953*25_1955-257*25_1955-258*25_1955-1951*25_1581-1583*22_1581-1008*22_1581-1007*22_1050-1053*30_1050-1054*30_888-884*27_607-608*22_607-1984*22_607-1983*22_607-1985*22_607-609*22_607-1982*22_607-1986*22_607-610*22_607-1981*22_607-1987*22_607-611*22_825-828*18_869-870*25_869-871*25_869-872*25_869-2008*25_869-2007*25_869-2009*25_869-2010*25_869-873*25_705-1121*21_705-1122*21_705-1123*21_1986-1988*23_987-984*24_987-1319*24_987-1318*24_987-983*24_872-874*26_872-875*26_872-2011*26_872-876*26_872-2012*26_1315-1317*25_983-982*25_983-981*25_983-980*25_983-979*25_2046-2043*29_2046-2042*29_243-245*24_699-702*21_699-703*21_1952-1950*26_1952-259*26_1952-1949*26_1952-260*26_1952-1948*26_1846-1031*26_1846-1033*26_1846-1030*26_1846-1034*26_1846-1029*26_1053-1055*31_1053-2111*31_1053-2110*31_701-2080*22_701-2079*22_701-2081*22_701-2078*22_701-2082*22_162-165*28_162-166*28_2043-2041*30_2043-2040*30_2043-263*30_2043-262*30_2043-2039*30_1227-1230*28_1227-1231*28_2041-2038*31_2041-261*31_2041-2037*31_875-877*27_875-878*27_875-879*27_703-2077*23_703-2083*23_2111-2109*32_885-883*28_885-882*28_885-881*28_791-2088*27_791-2087*27_791-2089*27_791-2086*27_791-2090*27_791-2085*27_791-2091*27_704-1124*24_1031-1028*27_76-79*29_76-80*29_76-1936*29_1098-1100*18_1588-48*22_1588-1584*22_2040-2036*32_981-978*26_981-977*26_1228-976*29_2038-2035*33_2038-2034*33_524-526*22_524-527*22_524-2064*22_882-880*29_882-1136*29_882-1135*29_882-1137*29_882-1134*29_882-1138*29_882-1139*29_1981-1980*23_1948-1947*27_1948-1946*27_1948-1945*27_1948-168*27_1948-1944*27_1587-47*23_1587-49*23_1587-46*23_1587-50*23_977-975*27_977-974*27_977-973*27_2086-2084*28_880-1140*30_610-612*25_610-613*25_610-614*25_613-615*26_613-2072*26_613-2071*26_613-2073*26_613-2070*26_613-2074*26_1936-81*30_1936-1937*30_1936-82*30_1936-1938*30_1936-83*30_1936-1939*30_1936-84*30_1936-1940*30_163-167*29_2064-2063*23_2064-2065*23_2064-2062*23_2064-2066*23_2064-2067*23_2064-2068*23_82-85*31_82-86*31_84-87*32_84-2024*32_87-2025*33_87-2026*33_87-2027*33_614-2069*27_614-2075*27_975-972*30_975-971*30_2037-2033*34_1496-43*19_1496-44*19_166-1943*31_166-1942*31_166-169*31_166-1941*31_166-170*31_1137-1141*31_42-45*20_971-970*31_971-969*31_971-968*31_971-1143*31_971-1142*31_168-171*32_168-172*32_2033-2032*35_2033-175*35_2033-2031*35_2033-174*35_2033-2030*35_2033-173*35_2033-2029*35_879-2096*28_879-2095*28_879-2097*28_879-2094*28_879-2098*28_879-2093*28_879-2099*28_2025-2028*34_2075-2076*28_1584-51*24_2091-2092*30_
