"id","Scenario","Actual Range","Protocol","Buildings","Total nodes","Nodes on circ","Total coverage","Coverage on circ","Alert received mean time","Hops","Slots","Messages sent","Messages received", "Starting x", "Starting y","Starting node", "Vehicle distance", "Received node ids", "Node ids", "Transmission map", "Received on circ nodes", "Transmission vector"
0,1,500,100,1,1776,80,1742,79,63017.6,10.1013,40.1899,1281,1742,1153.84,1884.7,310,25,309_311_308_312_294_314_274_315_273_316_317_318_1196_319_320_321_310_1195_1460_1461_1462_1463_1464_1459_1458_1473_1474_1468_1469_1465_1470_1467_1471_1563_1562_1191_1189_276_287_277_286_272_285_851_279_1494_1561_1495_1472_1560_1496_1556_1581_271_281_848_849_270_278_850_282_260_259_268_261_257_263_288_256_275_289_290_331_292_332_216_217_218_219_175_173_174_203_204_140_139_138_1190_1197_847_215_214_172_212_184_201_171_211_200_210_199_170_187_168_751_579_578_749_671_1738_99_748_1739_1740_1736_747_121_1735_1741_1742_686_659_660_661_283_284_852_176_181_177_178_179_1737_1774_205_206_141_207_137_142_208_143_209_1446_1582_1445_1564_1442_1447_1565_1441_334_342_221_337_341_338_339_340_343_750_228_229_145_605_230_6_4_5_134_144_1775_606_135_607_1717_1716_1733_1475_1399_1734_7_1744_188_189_100_220_22_104_124_679_649_255_262_264_265_227_266_333_226_267_330_223_222_182_183_185_186_190_98_192_97_119_96_193_95_195_70_86_68_75_67_76_77_105_130_106_642_617_146_641_618_148_640_620_638_621_149_637_622_150_623_853_1497_1498_1500_699_300_126_123_122_656_612_194_94_66_65_254_600_584_583_601_585_133_586_129_128_156_127_655_685_71_87_93_92_85_78_64_84_625_639_619_626_627_632_631_628_630_643_644_629_633_615_616_645_636_614_608_634_115_609_658_610_611_120_1476_11_12_13_15_577_581_582_576_597_72_79_23_101_103_112_293_249_248_245_246_322_202_191_180_154_157_155_604_596_159_575_440_431_430_429_442_428_427_8_9_10_19_20_21_684_683_89_327_328_231_326_666_345_166_654_116_118_117_670_74_73_16_17_18_83_1708_1707_1706_681_1705_1704_1703_1702_590_160_589_151_161_588_164_152_162_441_163_587_382_572_381_383_865_857_868_344_346_351_348_1715_244_234_295_235_233_237_232_169_1457_682_24_1701_26_27_1695_1689_28_1694_29_1711_1664_1712_39_1667_1713_1668_1714_131_62_81_35_34_33_52_51_198_439_432_592_567_571_379_570_443_359_426_425_423_107_110_61_30_50_55_60_1690_1691_196_352_349_350_353_593_594_435_247_158_1080_225_258_269_667_108_109_672_56_1709_31_444_395_412_409_414_396_415_393_416_392_390_433_389_388_387_417_418_419_420_827_1493_1388_828_1119_1377_1410_1118_1421_1014_1013_1012_1002_1001_998_997_438_384_394_434_410_397_436_403_574_599_82_63_57_648_445_448_411_88_90_653_197_652_651_59_54_647_236_447_458_38_37_53_1692_1693_1623_1624_238_239_241_650_603_372_111_675_674_673_41_43_45_1696_996_995_950_421_422_32_40_42_44_678_132_380_1501_1502_1503_1504_1505_1528_1018_1019_1021_1015_646_213_1553_1552_1557_1551_437_385_662_595_357_354_356_355_864_867_869_813_802_153_760_167_165_664_665_1625_1627_568_378_371_360_373_361_280_391_1074_402_136_91_147_413_505_676_49_677_48_46_1432_1444_808_1483_1482_1481_1480_1479_1478_1184_305_1079_1669_663_374_370_741_1663_1662_519_504_518_517_688_1670_1180_1179_304_1178_1181_303_1176_301_1526_598_250_251_296_1020_1448_299_306_298_307_297_368_362_375_367_846_1456_253_58_324_336_302_347_47_36_717_907_906_905_904_903_901_902_718_691_624_1697_329_240_242_243_491_480_363_366_364_377_365_1455_825_823_826_1466_806_807_503_501_530_689_1671_1659_1658_1660_1661_1023_1024_1016_1025_1355_1009_1366_1008_1007_966_323_325_470_468_471_527_472_1507_1527_1508_745_743_1182_955_977_988_1010_1000_993_944_992_1006_1344_933_991_922_953_911_954_956_1568_735_516_759_733_884_883_758_771_885_756_569_755_767_886_1531_1525_1530_1524_1529_515_514_697_1198_698_1200_1201_1202_469_635_502_657_513_535_386_613_713_711_908_25_740_712_909_14_739_714_910_3_738_715_1765_737_716_1754_1743_912_1732_913_1721_914_1710_915_1699_916_917_918_919_920_1040_1039_921_1038_376_424_313_763_899_952_989_957_990_958_959_1029_1520_1519_1522_1518_1523_1511_1517_1559_951_969_967_965_252_923_924_1037_925_1036_926_1032_927_818_817_816_949_994_943_948_942_946_945_947_962_1026_1027_1028_1078_841_842_1072_1071_1076_843_844_773_1688_1677_1666_1654_1035_602_1003_1017_819_1543_1532_931_1555_930_820_1106_932_795_929_1521_1566_934_815_821_1577_814_822_812_938_939_940_524_746_1183_1060_1059_1125_968_970_964_981_971_963_984_1144_980_1133_979_1122_978_573_1510_935_1499_936_796_811_1488_928_358_69_291_897_719_680_1005_1004_792_794_774_408_407_406_976_982_975_974_983_973_960_1542_1533_810_937_400_399_398_882_761_757_1698_1700_1534_1535_888_1541_1516_1515_1443_1554_766_769_765_770_580_764_591_1477_1509_772_754_753_752_941_961_1544_1545_1086_786_369_80_762_560_405_404_401_669_1034_1621_1203_1223_704_1204_1205_1219_1206_775_793_776_799_809_1514_1549_1550_702_1155_1166_987_724_742_835_1558_845_783_1047_1048_1049_1051_887_548_734_890_736_891_545_893_473_474_475_520_476_477_478_479_481_482_483_484_508_509_510_511_512_1512_566_824_744_871_788_999_1540_1_1110_1221_1332_1506_546_558_986_1485_565_768_780_791_125_521_522_1031_687_1061_1058_1057_1087_870_872_873_874_875_531_532_533_561_457_456_455_485_486_487_488_489_1030_559_556_554_1070_1073_1075_1069_782_1068_1067_1220_1207_496_880_972_985_729_892_726_1217_1240_1208_1216_1214_1239_696_1759_1213_1211_1065_1064_710_709_534_555_537_562_563_564_528_1548_1547_1546_1120_1089_1056_1121_1090_1123_1091_706_1162_878_529_1177_900_0_1539_1126_1124_1127_1138_1128_1137_1129_705_1132_1134_544_547_549_550_732_543_551_542_552_541_540_1632_781_777_1218_1758_1757_703_1755_452_1159_1092_1158_1160_1157_1093_1156_1098_1146_1145_536_1212_1209_1224_1225_1215_1226_1237_1063_454_876_1062_695_694_894_728_727_1513_500_494_497_790_778_1672_1685_1684_1657_1683_1656_1686_1687_1109_1100_1107_1097_1101_1108_1113_801_1095_1102_804_1103_1105_114_102_1115_1054_1114_1053_1052_1139_879_881_553_1673_1094_1154_1153_1116_1112_1117_889_1310_877_1210_1199_1299_866_1188_1288_779_668_557_805_800_803_1096_1238_1236_1235_1234_1232_1227_1161_113_2_731_730_539_1537_1081_1187_1186_1174_1152_1538_453_785_784_798_797_693_692_895_896_467_1584_1583_1440_1439_224_538_1104_1643_1192_1185_1167_1164_1169_1163_1130_1665_335_446_1055_1066_1077_1088_1099_1111_498_495_499_493_1082_1083_789_1165_1168_1193_725_723_722_898_466_465_720_464_721_526_707_708_1231_1230_1575_1574_1033_1228_1229_1241_1242_1243_1245_1246_1085_1674_1140_1131_1135_1141_1171_1599_1044_1429_1428_1247_1248_1249_492_490_506_507_459_460_461_462_463_1194_1170_1142_690_1260_1261_1262_1172_1143_1136_1173_1050_1084_1492_1610_1427_525_523_1151_1491_1250_1292_1291_1295_1294_1600_840_839_838_837_831_1573_1572_1571_1570_1569_1567_836_834_833_832_1490_1489_1486_1487_1175_1147_1293_1289_1588_830_1612_1611_1609_1296_1290_1297_1287_1276_1275_1274_1273_1272_1271_1270_787_1150_1484_1766_1263_1764_1763_1259_1773_1772_1268_829_1771_1613_1264_1770_1614_1265_1769_1615_1601_1768_1616_1725_1767_1724_1726_1723_1727_1722_1728_1729_1720_1730_1719_1731_1718_1303_1278_1302_1279_1301_1298_1300_1304_1315_1311_1312_1322_1316_1317_1318_1313_1314_1319_1320_1587_1280_1356_1353_1352_1426_1579_1580_1425_1351_1354_1350_854_1305_1306_1595_1149_1576_1578_1307_1308_1309_1596_1597_1598_1372_1331_1330_1329_1323_1328_1334_1336_1395_1398_1341_1335_1594_1593_1424_1430_1423_1431_1422_1420_1396_1357_1358_1591_1281_1282_1390_1371_1389_1370_1387_1359_1365_1373_1367_1374_1368_1375_1369_1376_855_856_1409_1411_1378_1379_1380_1381_1382_861_860_1383_859_858_1384_1385_1392_1393_1585_1362_1337_1360_1394_1400_1412_1391_1258_1257_1256_1254_1253_1397_1364_1363_1346_1349_862_1586_1386_1401_1343_1286_1592_1589_1041_1042_1043_1045_1046_1626_1628_1267_1252_1251_1348_1347_1325_1326_1324_1338_1622_1620_1761_1415_1414_863_1408_1402_1403_1404_1339_1340_1345_1756_1753_1752_1285_1284_1283_1361_1590_1269_1342_1762_1619_1618_1617_1760_1751_1749_1148_1327_1608_1607_1606_1416_1417_1418_1413_1681_1680_1682_1629_1630_1405_1406_1631_1633_1634_1635_1636_1637_1638_1675_1639_1640_1641_1642_1644_1645_1646_1650_1651_1652_1649_1653_1648_1222_1244_1011_1022_1647_1655_1419_1536_1438_1437_,0_1_2_3_4_5_6_7_8_9_10_11_12_13_14_15_16_17_18_19_20_21_22_23_24_25_26_27_28_29_30_31_32_33_34_35_36_37_38_39_40_41_42_43_44_45_46_47_48_49_50_51_52_53_54_55_56_57_58_59_60_61_62_63_64_65_66_67_68_69_70_71_72_73_74_75_76_77_78_79_80_81_82_83_84_85_86_87_88_89_90_91_92_93_94_95_96_97_98_99_100_101_102_103_104_105_106_107_108_109_110_111_112_113_114_115_116_117_118_119_120_121_122_123_124_125_126_127_128_129_130_131_132_133_134_135_136_137_138_139_140_141_142_143_144_145_146_147_148_149_150_151_152_153_154_155_156_157_158_159_160_161_162_163_164_165_166_167_168_169_170_171_172_173_174_175_176_177_178_179_180_181_182_183_184_185_186_187_188_189_190_191_192_193_194_195_196_197_198_199_200_201_202_203_204_205_206_207_208_209_210_211_212_213_214_215_216_217_218_219_220_221_222_223_224_225_226_227_228_229_230_231_232_233_234_235_236_237_238_239_240_241_242_243_244_245_246_247_248_249_250_251_252_253_254_255_256_257_258_259_260_261_262_263_264_265_266_267_268_269_270_271_272_273_274_275_276_277_278_279_280_281_282_283_284_285_286_287_288_289_290_291_292_293_294_295_296_297_298_299_300_301_302_303_304_305_306_307_308_309_310_311_312_313_314_315_316_317_318_319_320_321_322_323_324_325_326_327_328_329_330_331_332_333_334_335_336_337_338_339_340_341_342_343_344_345_346_347_348_349_350_351_352_353_354_355_356_357_358_359_360_361_362_363_364_365_366_367_368_369_370_371_372_373_374_375_376_377_378_379_380_381_382_383_384_385_386_387_388_389_390_391_392_393_394_395_396_397_398_399_400_401_402_403_404_405_406_407_408_409_410_411_412_413_414_415_416_417_418_419_420_421_422_423_424_425_426_427_428_429_430_431_432_433_434_435_436_437_438_439_440_441_442_443_444_445_446_447_448_449_450_451_452_453_454_455_456_457_458_459_460_461_462_463_464_465_466_467_468_469_470_471_472_473_474_475_476_477_478_479_480_481_482_483_484_485_486_487_488_489_490_491_492_493_494_495_496_497_498_499_500_501_502_503_504_505_506_507_508_509_510_511_512_513_514_515_516_517_518_519_520_521_522_523_524_525_526_527_528_529_530_531_532_533_534_535_536_537_538_539_540_541_542_543_544_545_546_547_548_549_550_551_552_553_554_555_556_557_558_559_560_561_562_563_564_565_566_567_568_569_570_571_572_573_574_575_576_577_578_579_580_581_582_583_584_585_586_587_588_589_590_591_592_593_594_595_596_597_598_599_600_601_602_603_604_605_606_607_608_609_610_611_612_613_614_615_616_617_618_619_620_621_622_623_624_625_626_627_628_629_630_631_632_633_634_635_636_637_638_639_640_641_642_643_644_645_646_647_648_649_650_651_652_653_654_655_656_657_658_659_660_661_662_663_664_665_666_667_668_669_670_671_672_673_674_675_676_677_678_679_680_681_682_683_684_685_686_687_688_689_690_691_692_693_694_695_696_697_698_699_700_701_702_703_704_705_706_707_708_709_710_711_712_713_714_715_716_717_718_719_720_721_722_723_724_725_726_727_728_729_730_731_732_733_734_735_736_737_738_739_740_741_742_743_744_745_746_747_748_749_750_751_752_753_754_755_756_757_758_759_760_761_762_763_764_765_766_767_768_769_770_771_772_773_774_775_776_777_778_779_780_781_782_783_784_785_786_787_788_789_790_791_792_793_794_795_796_797_798_799_800_801_802_803_804_805_806_807_808_809_810_811_812_813_814_815_816_817_818_819_820_821_822_823_824_825_826_827_828_829_830_831_832_833_834_835_836_837_838_839_840_841_842_843_844_845_846_847_848_849_850_851_852_853_854_855_856_857_858_859_860_861_862_863_864_865_866_867_868_869_870_871_872_873_874_875_876_877_878_879_880_881_882_883_884_885_886_887_888_889_890_891_892_893_894_895_896_897_898_899_900_901_902_903_904_905_906_907_908_909_910_911_912_913_914_915_916_917_918_919_920_921_922_923_924_925_926_927_928_929_930_931_932_933_934_935_936_937_938_939_940_941_942_943_944_945_946_947_948_949_950_951_952_953_954_955_956_957_958_959_960_961_962_963_964_965_966_967_968_969_970_971_972_973_974_975_976_977_978_979_980_981_982_983_984_985_986_987_988_989_990_991_992_993_994_995_996_997_998_999_1000_1001_1002_1003_1004_1005_1006_1007_1008_1009_1010_1011_1012_1013_1014_1015_1016_1017_1018_1019_1020_1021_1022_1023_1024_1025_1026_1027_1028_1029_1030_1031_1032_1033_1034_1035_1036_1037_1038_1039_1040_1041_1042_1043_1044_1045_1046_1047_1048_1049_1050_1051_1052_1053_1054_1055_1056_1057_1058_1059_1060_1061_1062_1063_1064_1065_1066_1067_1068_1069_1070_1071_1072_1073_1074_1075_1076_1077_1078_1079_1080_1081_1082_1083_1084_1085_1086_1087_1088_1089_1090_1091_1092_1093_1094_1095_1096_1097_1098_1099_1100_1101_1102_1103_1104_1105_1106_1107_1108_1109_1110_1111_1112_1113_1114_1115_1116_1117_1118_1119_1120_1121_1122_1123_1124_1125_1126_1127_1128_1129_1130_1131_1132_1133_1134_1135_1136_1137_1138_1139_1140_1141_1142_1143_1144_1145_1146_1147_1148_1149_1150_1151_1152_1153_1154_1155_1156_1157_1158_1159_1160_1161_1162_1163_1164_1165_1166_1167_1168_1169_1170_1171_1172_1173_1174_1175_1176_1177_1178_1179_1180_1181_1182_1183_1184_1185_1186_1187_1188_1189_1190_1191_1192_1193_1194_1195_1196_1197_1198_1199_1200_1201_1202_1203_1204_1205_1206_1207_1208_1209_1210_1211_1212_1213_1214_1215_1216_1217_1218_1219_1220_1221_1222_1223_1224_1225_1226_1227_1228_1229_1230_1231_1232_1233_1234_1235_1236_1237_1238_1239_1240_1241_1242_1243_1244_1245_1246_1247_1248_1249_1250_1251_1252_1253_1254_1255_1256_1257_1258_1259_1260_1261_1262_1263_1264_1265_1266_1267_1268_1269_1270_1271_1272_1273_1274_1275_1276_1277_1278_1279_1280_1281_1282_1283_1284_1285_1286_1287_1288_1289_1290_1291_1292_1293_1294_1295_1296_1297_1298_1299_1300_1301_1302_1303_1304_1305_1306_1307_1308_1309_1310_1311_1312_1313_1314_1315_1316_1317_1318_1319_1320_1321_1322_1323_1324_1325_1326_1327_1328_1329_1330_1331_1332_1333_1334_1335_1336_1337_1338_1339_1340_1341_1342_1343_1344_1345_1346_1347_1348_1349_1350_1351_1352_1353_1354_1355_1356_1357_1358_1359_1360_1361_1362_1363_1364_1365_1366_1367_1368_1369_1370_1371_1372_1373_1374_1375_1376_1377_1378_1379_1380_1381_1382_1383_1384_1385_1386_1387_1388_1389_1390_1391_1392_1393_1394_1395_1396_1397_1398_1399_1400_1401_1402_1403_1404_1405_1406_1407_1408_1409_1410_1411_1412_1413_1414_1415_1416_1417_1418_1419_1420_1421_1422_1423_1424_1425_1426_1427_1428_1429_1430_1431_1432_1433_1434_1435_1436_1437_1438_1439_1440_1441_1442_1443_1444_1445_1446_1447_1448_1449_1450_1451_1452_1453_1454_1455_1456_1457_1458_1459_1460_1461_1462_1463_1464_1465_1466_1467_1468_1469_1470_1471_1472_1473_1474_1475_1476_1477_1478_1479_1480_1481_1482_1483_1484_1485_1486_1487_1488_1489_1490_1491_1492_1493_1494_1495_1496_1497_1498_1499_1500_1501_1502_1503_1504_1505_1506_1507_1508_1509_1510_1511_1512_1513_1514_1515_1516_1517_1518_1519_1520_1521_1522_1523_1524_1525_1526_1527_1528_1529_1530_1531_1532_1533_1534_1535_1536_1537_1538_1539_1540_1541_1542_1543_1544_1545_1546_1547_1548_1549_1550_1551_1552_1553_1554_1555_1556_1557_1558_1559_1560_1561_1562_1563_1564_1565_1566_1567_1568_1569_1570_1571_1572_1573_1574_1575_1576_1577_1578_1579_1580_1581_1582_1583_1584_1585_1586_1587_1588_1589_1590_1591_1592_1593_1594_1595_1596_1597_1598_1599_1600_1601_1602_1603_1604_1605_1606_1607_1608_1609_1610_1611_1612_1613_1614_1615_1616_1617_1618_1619_1620_1621_1622_1623_1624_1625_1626_1627_1628_1629_1630_1631_1632_1633_1634_1635_1636_1637_1638_1639_1640_1641_1642_1643_1644_1645_1646_1647_1648_1649_1650_1651_1652_1653_1654_1655_1656_1657_1658_1659_1660_1661_1662_1663_1664_1665_1666_1667_1668_1669_1670_1671_1672_1673_1674_1675_1676_1677_1678_1679_1680_1681_1682_1683_1684_1685_1686_1687_1688_1689_1690_1691_1692_1693_1694_1695_1696_1697_1698_1699_1700_1701_1702_1703_1704_1705_1706_1707_1708_1709_1710_1711_1712_1713_1714_1715_1716_1717_1718_1719_1720_1721_1722_1723_1724_1725_1726_1727_1728_1729_1730_1731_1732_1733_1734_1735_1736_1737_1738_1739_1740_1741_1742_1743_1744_1745_1746_1747_1748_1749_1750_1751_1752_1753_1754_1755_1756_1757_1758_1759_1760_1761_1762_1763_1764_1765_1766_1767_1768_1769_1770_1771_1772_1773_1774_1775_,2:{1665;335;446;1055;1066;1077;1088;1099;1111;}10:{74;73;16;17;18;83;1708;1707;1706;681;1705;1704;1703;1702;}18:{82;63;57;648;}23:{1692;1693;1623;1624;}28:{30;50;55;60;1690;1691;}54:{32;40;42;44;678;}58:{369;80;762;}64:{38;37;53;}65:{62;81;35;34;33;52;51;}68:{72;79;23;}70:{88;90;}75:{685;71;87;93;92;85;78;64;84;}78:{59;54;647;}85:{61;}90:{663;}92:{664;665;}98:{666;}106:{662;}110:{111;675;674;673;41;43;45;}115:{667;108;109;672;56;}121:{119;105;130;106;642;617;146;641;618;148;640;620;638;621;149;637;622;150;623;}124:{196;}134:{132;}136:{114;102;}143:{131;}148:{600;584;583;601;585;133;586;129;128;156;127;655;}150:{154;157;155;604;596;159;575;440;431;430;429;442;428;427;}156:{590;160;589;151;161;588;164;152;162;441;163;587;382;572;381;383;865;857;868;}158:{691;624;}167:{573;}168:{167;165;}169:{435;247;158;1080;225;258;269;}170:{345;166;}175:{172;171;170;168;751;749;1738;99;748;1739;1740;1736;747;1735;1741;1742;686;}178:{11;12;13;15;}184:{8;9;10;19;20;21;}187:{101;103;112;}191:{236;447;458;}195:{684;683;89;}202:{380;}204:{201;200;199;579;578;121;659;660;661;}205:{654;}207:{198;}212:{182;183;185;186;190;98;192;97;96;193;95;195;70;86;68;75;67;76;77;}213:{1184;305;1079;}214:{126;123;122;656;612;194;94;66;65;}218:{334;342;221;337;341;338;339;340;343;750;228;229;145;605;230;6;4;5;134;144;1775;606;135;607;1717;1716;1733;}230:{253;}234:{323;325;}237:{238;239;241;}241:{329;240;242;243;491;480;}243:{524;746;}246:{244;234;295;235;233;237;232;169;}249:{250;251;}251:{252;}256:{255;262;264;265;227;266;333;226;267;330;223;222;}261:{254;}263:{760;}274:{276;287;277;286;272;285;851;279;}279:{271;281;848;849;270;278;850;282;260;259;268;261;257;263;288;256;275;289;290;331;292;332;216;217;218;219;175;173;174;203;204;140;139;138;}280:{125;}285:{853;}288:{283;284;852;176;181;177;178;179;1737;1774;205;206;141;207;137;142;208;143;209;}290:{847;215;214;212;184;211;210;187;671;}294:{293;249;248;245;246;322;202;191;180;}300:{299;306;298;307;297;}305:{1180;1179;304;1178;1181;303;1176;301;}310:{309;311;308;312;294;314;274;315;273;316;}316:{317;318;1196;319;320;321;310;1195;1460;1461;1462;1463;1464;1459;1458;1473;}318:{699;300;}321:{1190;1197;}322:{296;}330:{327;328;231;326;}332:{735;}336:{358;69;291;}342:{344;346;351;348;1715;}345:{372;}348:{352;349;350;353;593;594;}350:{568;378;371;360;373;361;}361:{363;366;364;377;365;}367:{408;407;406;}372:{368;362;375;367;846;}373:{376;}377:{400;399;398;}378:{374;370;741;}380:{280;391;1074;402;136;91;147;413;}385:{386;}394:{565;}402:{58;324;336;302;347;47;36;717;907;906;905;904;903;901;902;718;}406:{560;405;404;401;}413:{424;313;763;}416:{445;448;411;}417:{421;422;}420:{505;}421:{519;504;518;517;}422:{503;501;530;}425:{444;395;412;409;414;396;415;393;416;392;390;433;389;388;387;417;418;419;420;}428:{559;556;554;}430:{566;}438:{437;385;}440:{438;384;}442:{394;434;410;397;436;403;}447:{646;213;}452:{453;}476:{521;522;}480:{469;635;502;657;513;535;}481:{457;456;455;}484:{485;486;487;488;489;}491:{680;}494:{492;490;506;507;459;460;461;462;463;}497:{498;495;499;493;}502:{669;}512:{496;}517:{515;514;}519:{516;}526:{525;523;}527:{473;474;475;520;476;477;478;479;481;482;483;484;508;509;510;511;512;}529:{500;494;497;}532:{534;555;537;562;563;564;528;}535:{546;558;}542:{538;}544:{731;730;539;}545:{544;547;549;550;732;543;551;542;552;541;540;}557:{224;}562:{536;}563:{452;}564:{454;}575:{439;432;592;567;571;379;570;443;359;426;425;423;}578:{577;581;582;576;597;}579:{574;599;}581:{598;}593:{595;357;354;356;355;864;867;869;813;802;153;}606:{649;}611:{650;603;}613:{702;}622:{625;639;619;626;627;632;631;628;630;643;644;629;633;615;616;645;636;614;608;634;115;609;658;610;611;120;}646:{613;713;}654:{653;197;652;651;}656:{107;110;}661:{116;118;117;670;}678:{676;49;677;48;46;}679:{682;24;1701;26;27;1695;1689;28;1694;29;1711;1664;1712;39;1667;1713;1668;1714;}687:{1674;}691:{602;}693:{690;1260;1261;1262;}696:{693;692;}706:{707;708;}709:{1063;}716:{894;728;727;}718:{470;468;471;527;472;}729:{725;723;722;}735:{724;742;835;}743:{870;872;873;874;875;531;532;533;561;}746:{768;780;791;}747:{745;743;}755:{880;}756:{754;753;752;}760:{759;733;884;883;758;771;885;756;569;755;767;886;}767:{766;769;765;770;580;764;591;}775:{790;778;}779:{113;2;}783:{781;777;}786:{787;}800:{798;797;}804:{805;800;803;1096;}812:{1477;}814:{810;937;}816:{1510;935;1499;936;796;811;1488;928;}818:{819;1543;1532;931;1555;930;820;1106;932;795;929;1521;1566;934;815;821;1577;814;822;812;938;939;940;}830:{854;}831:{829;}835:{824;744;871;}837:{830;}840:{1612;1611;1609;1296;}844:{845;783;}854:{855;856;}858:{863;1408;1402;1403;1404;}863:{1405;1406;}873:{878;529;}875:{876;}880:{879;881;553;}885:{882;761;757;}886:{887;548;734;890;736;891;545;893;}888:{999;1540;1;1110;1221;1332;}893:{729;892;726;}894:{895;896;467;}897:{898;466;465;720;464;721;526;}900:{889;1310;877;1210;1199;1299;866;1188;1288;779;668;557;}901:{897;719;}902:{899;}907:{711;908;25;740;712;909;14;739;714;910;3;738;715;1765;737;716;1754;1743;912;1732;913;1721;914;1710;915;1699;916;917;918;919;920;1040;1039;921;1038;}912:{792;794;774;}914:{775;793;776;}916:{773;1688;1677;1666;1654;1035;}918:{772;}919:{788;}920:{1086;786;}921:{923;924;1037;925;1036;926;1032;927;818;817;816;}922:{1222;1244;}925:{1632;}926:{1034;1621;}933:{1011;1022;}939:{941;961;}942:{1031;}944:{1177;900;}945:{1030;}950:{949;994;943;948;942;946;945;947;962;1026;1027;1028;}953:{1155;1166;987;}954:{952;989;957;990;958;959;1029;}956:{951;969;967;965;}966:{955;977;988;1010;1000;993;944;992;1006;1344;933;991;922;953;911;954;956;}967:{968;970;964;981;971;963;984;1144;980;1133;979;1122;978;}973:{972;985;}979:{976;982;975;974;983;973;960;}997:{996;995;950;}1007:{1005;1004;}1012:{1020;}1013:{1018;1019;1021;1015;}1015:{1003;1017;}1021:{1023;1024;1016;1025;1355;1009;1366;1008;1007;966;}1032:{1047;1048;1049;1051;}1035:{1610;}1036:{1643;}1037:{1599;}1040:{1085;}1048:{1588;}1052:{1050;}1055:{1044;}1056:{1115;1054;1114;1053;1052;1139;}1059:{1161;}1061:{1062;}1062:{1081;}1065:{1082;1083;}1067:{1065;1064;710;709;}1071:{1070;1073;1075;1069;782;1068;1067;}1079:{1078;841;842;1072;1071;1076;843;844;}1082:{1084;}1086:{1041;1042;1043;1045;1046;}1087:{1120;1089;1056;1121;1090;1123;1091;706;1162;}1088:{1033;}1093:{1094;1154;1153;1116;1112;1117;}1098:{1109;1100;1107;1097;1101;1108;1113;801;1095;1102;804;1103;1105;}1105:{1104;}1117:{1152;}1125:{1126;1124;1127;1138;1128;1137;1129;705;1132;1134;}1142:{1492;}1150:{1148;}1154:{1151;}1162:{1159;1092;1158;1160;1157;1093;1156;1098;1146;1145;}1164:{1165;1168;1193;}1166:{986;}1167:{1140;1131;1135;1141;1171;}1169:{1172;1143;1136;1173;}1171:{1491;}1176:{1175;}1180:{1182;}1182:{1183;1060;1059;1125;}1183:{1061;1058;1057;1087;}1186:{1192;1185;1167;1164;1169;1163;1130;}1191:{1187;1186;1174;}1193:{1194;1170;1142;}1195:{1191;1189;}1197:{697;1198;698;1200;1201;1202;}1202:{1203;1223;704;1204;1205;1219;1206;}1204:{1220;1207;}1206:{1217;1240;1208;1216;1214;1239;696;1759;1213;1211;}1209:{1227;}1211:{1212;1209;1224;1225;1215;1226;1237;}1216:{695;694;}1219:{1218;1758;1757;703;1755;}1221:{0;1539;}1225:{1228;1229;1241;1242;1243;1245;1246;}1232:{1231;1230;1575;1574;}1239:{1238;1236;1235;1234;1232;}1243:{1427;}1246:{1429;1428;1247;1248;1249;}1247:{1250;1292;1291;1295;1294;1600;840;839;838;837;831;}1250:{836;834;833;832;}1253:{1252;1251;}1259:{1258;1257;1256;1254;1253;}1260:{1761;}1262:{1766;1263;1764;1763;1259;1773;1772;1268;}1263:{1762;}1264:{1286;}1268:{1269;}1289:{1608;}1291:{1293;1289;}1294:{1290;1297;1287;1276;1275;1274;1273;1272;1271;1270;}1295:{1303;1278;1302;1279;1301;1298;1300;1304;1315;1311;1312;1322;1316;1317;1318;}1303:{1281;1282;}1304:{1307;1308;1309;1596;1597;1598;1372;}1305:{1334;1336;1395;1398;}1306:{1591;}1308:{1341;1335;1594;1593;}1309:{1362;1337;1360;}1312:{1313;1314;1319;1320;1587;1280;}1315:{1305;1306;1595;}1316:{1356;1353;1352;}1320:{1331;1330;1329;1323;1328;}1326:{1327;}1334:{1325;1326;1324;1338;}1336:{1339;1340;1345;}1349:{1348;1347;}1352:{1351;1354;1350;}1353:{1357;1358;}1359:{1342;}1365:{1343;}1367:{1364;1363;1346;1349;862;}1376:{1378;1379;1380;1381;1382;861;860;1383;859;858;1384;1385;1392;1393;1585;}1391:{1586;1386;1401;}1396:{1394;1400;1412;1391;}1399:{827;1493;1388;828;1119;1377;1410;1118;1421;1014;1013;1012;1002;1001;998;997;}1409:{1415;1414;}1415:{1416;1417;1418;1413;}1420:{1397;}1421:{1432;1444;808;1483;1482;1481;1480;1479;1478;}1422:{1409;1411;}1424:{1419;}1425:{1424;1430;1423;1431;1422;1420;1396;}1427:{1426;1579;1580;1425;}1441:{1568;}1444:{1455;825;823;826;1466;806;807;}1445:{1448;}1458:{1457;}1465:{1456;}1466:{799;809;}1469:{1494;1561;1495;1472;1560;1496;}1471:{1476;}1472:{1475;1399;}1473:{1474;1468;1469;1465;1470;1467;1471;1563;1562;}1475:{1485;}1486:{1149;}1489:{1150;1484;}1490:{1147;}1491:{1490;1489;1486;1487;}1496:{1497;1498;1500;}1500:{1501;1502;1503;1504;1505;1528;}1504:{1526;}1505:{1507;1527;1508;}1508:{1509;}1514:{1438;1437;}1516:{1584;1583;1440;1439;}1519:{1512;}1522:{1513;}1524:{1520;1519;1522;1518;1523;1511;1517;1559;}1528:{1531;1525;1530;1524;1529;}1529:{1542;1533;}1533:{1534;1535;888;1541;1516;1515;1443;1554;}1535:{1536;}1539:{1538;}1540:{1537;}1542:{1544;1545;}1544:{1514;1549;1550;}1549:{1548;1547;1546;}1552:{1506;}1556:{1553;1552;1557;1551;}1557:{1558;}1560:{1556;1581;}1574:{1573;1572;1571;1570;1569;1567;}1575:{1576;1578;}1581:{1446;1582;1445;1564;1442;1447;1565;1441;}1593:{1361;1590;}1595:{1592;1589;}1598:{1390;1371;1389;1370;1387;1359;1365;1373;1367;1374;1368;1375;1369;1376;}1601:{1285;1284;1283;}1609:{1607;1606;}1623:{1622;1620;}1627:{1626;1628;1267;}1628:{1629;1630;}1630:{1631;1633;1634;1635;1636;1637;1638;}1636:{1639;1640;1641;1642;1644;1645;1646;}1645:{1648;}1646:{1650;1651;1652;1649;1653;}1649:{1647;}1651:{1655;}1656:{1673;}1660:{1672;1685;1684;1657;1683;1656;1686;1687;}1662:{687;}1664:{688;1670;}1666:{789;}1668:{1669;}1670:{689;1671;1659;1658;1660;1661;}1672:{1675;}1683:{1682;}1684:{1681;1680;}1693:{1619;1618;1617;}1694:{1663;1662;}1696:{1698;1700;}1699:{785;784;}1701:{1697;}1702:{1696;}1704:{1709;31;}1706:{1625;1627;}1738:{1734;7;1744;188;189;100;220;22;104;124;679;}1752:{1760;1751;1749;}1759:{1756;1753;1752;}1772:{1771;1613;1264;1770;1614;1265;1769;1615;1601;1768;1616;1725;1767;1724;1726;1723;1727;1722;1728;1729;1720;1730;1719;1731;1718;},1_29_30_39_51_52_53_54_392_397_398_401_403_404_405_432_433_434_454_455_462_463_464_465_466_467_562_563_565_566_608_615_616_617_642_645_688_689_810_811_833_834_836_897_898_899_901_935_936_937_1002_1021_1023_1041_1042_1199_1210_1222_1288_1302_1303_1344_1396_1398_1415_1533_1534_1546_1547_1548_1549_1550_1642_1644_1658_1659_1664_1667_1671_,310-309*0_310-311*0_310-308*0_310-312*0_310-294*0_310-314*0_310-274*0_310-315*0_310-273*0_310-316*0_316-317*1_316-318*1_316-1196*1_316-319*1_316-320*1_316-321*1_316-310*1_316-1195*1_316-1460*1_316-1461*1_316-1462*1_316-1463*1_316-1464*1_316-1459*1_316-1458*1_316-1473*1_1473-1474*2_1473-1468*2_1473-1469*2_1473-1465*2_1473-1470*2_1473-1467*2_1473-1471*2_1473-1563*2_1473-1562*2_1195-1191*2_1195-1189*2_274-276*2_274-287*2_274-277*2_274-286*2_274-272*2_274-285*2_274-851*2_274-279*2_1469-1494*3_1469-1561*3_1469-1495*3_1469-1472*3_1469-1560*3_1469-1496*3_1560-1556*4_1560-1581*4_279-271*3_279-281*3_279-848*3_279-849*3_279-270*3_279-278*3_279-850*3_279-282*3_279-260*3_279-259*3_279-268*3_279-261*3_279-257*3_279-263*3_279-288*3_279-256*3_279-275*3_279-289*3_279-290*3_279-331*3_279-292*3_279-332*3_279-216*3_279-217*3_279-218*3_279-219*3_279-175*3_279-173*3_279-174*3_279-203*3_279-204*3_279-140*3_279-139*3_279-138*3_321-1190*2_321-1197*2_290-847*4_290-215*4_290-214*4_175-172*4_290-212*4_290-184*4_204-201*4_175-171*4_290-211*4_204-200*4_290-210*4_204-199*4_175-170*4_290-187*4_175-168*4_175-751*4_204-579*4_204-578*4_175-749*4_290-671*4_175-1738*4_175-99*4_175-748*4_175-1739*4_175-1740*4_175-1736*4_175-747*4_204-121*4_175-1735*4_175-1741*4_175-1742*4_175-686*4_204-659*4_204-660*4_204-661*4_288-283*4_288-284*4_288-852*4_288-176*4_288-181*4_288-177*4_288-178*4_288-179*4_288-1737*4_288-1774*4_288-205*4_288-206*4_288-141*4_288-207*4_288-137*4_288-142*4_288-208*4_288-143*4_288-209*4_1581-1446*5_1581-1582*5_1581-1445*5_1581-1564*5_1581-1442*5_1581-1447*5_1581-1565*5_1581-1441*5_218-334*4_218-342*4_218-221*4_218-337*4_218-341*4_218-338*4_218-339*4_218-340*4_218-343*4_218-750*4_218-228*4_218-229*4_218-145*4_218-605*4_218-230*4_218-6*4_218-4*4_218-5*4_218-134*4_218-144*4_218-1775*4_218-606*4_218-135*4_218-607*4_218-1717*4_218-1716*4_218-1733*4_1472-1475*4_1472-1399*4_1738-1734*5_1738-7*5_1738-1744*5_1738-188*5_1738-189*5_1738-100*5_1738-220*5_1738-22*5_1738-104*5_1738-124*5_1738-679*5_606-649*5_256-255*4_256-262*4_256-264*4_256-265*4_256-227*4_256-266*4_256-333*4_256-226*4_256-267*4_256-330*4_256-223*4_256-222*4_212-182*5_212-183*5_212-185*5_212-186*5_212-190*5_212-98*5_212-192*5_212-97*5_121-119*5_212-96*5_212-193*5_212-95*5_212-195*5_212-70*5_212-86*5_212-68*5_212-75*5_212-67*5_212-76*5_212-77*5_121-105*5_121-130*5_121-106*5_121-642*5_121-617*5_121-146*5_121-641*5_121-618*5_121-148*5_121-640*5_121-620*5_121-638*5_121-621*5_121-149*5_121-637*5_121-622*5_121-150*5_121-623*5_285-853*3_1496-1497*4_1496-1498*4_1496-1500*4_318-699*2_318-300*2_214-126*6_214-123*6_214-122*6_214-656*6_214-612*6_214-194*6_214-94*6_214-66*6_214-65*6_261-254*4_148-600*6_148-584*6_148-583*6_148-601*6_148-585*6_148-133*6_148-586*6_148-129*6_148-128*6_148-156*6_148-127*6_148-655*6_75-685*6_75-71*6_75-87*6_75-93*6_75-92*6_75-85*6_75-78*6_75-64*6_75-84*6_622-625*6_622-639*6_622-619*6_622-626*6_622-627*6_622-632*6_622-631*6_622-628*6_622-630*6_622-643*6_622-644*6_622-629*6_622-633*6_622-615*6_622-616*6_622-645*6_622-636*6_622-614*6_622-608*6_622-634*6_622-115*6_622-609*6_622-658*6_622-610*6_622-611*6_622-120*6_1471-1476*4_178-11*6_178-12*6_178-13*6_178-15*6_578-577*5_578-581*5_578-582*5_578-576*5_578-597*5_68-72*6_68-79*6_68-23*6_187-101*5_187-103*5_187-112*5_294-293*1_294-249*1_294-248*1_294-245*1_294-246*1_294-322*1_294-202*1_294-191*1_294-180*1_150-154*7_150-157*7_150-155*7_150-604*7_150-596*7_150-159*7_150-575*7_150-440*7_150-431*7_150-430*7_150-429*7_150-442*7_150-428*7_150-427*7_184-8*5_184-9*5_184-10*5_184-19*5_184-20*5_184-21*5_195-684*7_195-683*7_195-89*7_330-327*5_330-328*5_330-231*5_330-326*5_98-666*7_170-345*5_170-166*5_205-654*5_661-116*5_661-118*5_661-117*5_661-670*5_10-74*6_10-73*6_10-16*6_10-17*6_10-18*6_10-83*6_10-1708*6_10-1707*6_10-1706*6_10-681*6_10-1705*6_10-1704*6_10-1703*6_10-1702*6_156-590*8_156-160*8_156-589*8_156-151*8_156-161*8_156-588*8_156-164*8_156-152*8_156-162*8_156-441*8_156-163*8_156-587*8_156-382*8_156-572*8_156-381*8_156-383*8_156-865*8_156-857*8_156-868*8_342-344*6_342-346*6_342-351*6_342-348*6_342-1715*6_246-244*2_246-234*2_246-295*2_246-235*2_246-233*2_246-237*2_246-232*2_246-169*2_1458-1457*2_679-682*6_679-24*6_679-1701*6_679-26*6_679-27*6_679-1695*6_679-1689*6_679-28*6_679-1694*6_679-29*6_679-1711*6_679-1664*6_679-1712*6_679-39*6_679-1667*6_679-1713*6_679-1668*6_679-1714*6_143-131*5_65-62*7_65-81*7_65-35*7_65-34*7_65-33*7_65-52*7_65-51*7_207-198*5_575-439*9_575-432*9_575-592*9_575-567*9_575-571*9_575-379*9_575-570*9_575-443*9_575-359*9_575-426*9_575-425*9_575-423*9_656-107*7_656-110*7_85-61*7_28-30*7_28-50*7_28-55*7_28-60*7_28-1690*7_28-1691*7_124-196*6_348-352*7_348-349*7_348-350*7_348-353*7_348-593*7_348-594*7_169-435*3_169-247*3_169-158*3_169-1080*3_169-225*3_169-258*3_169-269*3_115-667*8_115-108*8_115-109*8_115-672*8_115-56*8_1704-1709*7_1704-31*7_425-444*10_425-395*10_425-412*10_425-409*10_425-414*10_425-396*10_425-415*10_425-393*10_425-416*10_425-392*10_425-390*10_425-433*10_425-389*10_425-388*10_425-387*10_425-417*10_425-418*10_425-419*10_425-420*10_1399-827*5_1399-1493*5_1399-1388*5_1399-828*5_1399-1119*5_1399-1377*5_1399-1410*5_1399-1118*5_1399-1421*5_1399-1014*5_1399-1013*5_1399-1012*5_1399-1002*5_1399-1001*5_1399-998*5_1399-997*5_440-438*8_440-384*8_442-394*8_442-434*8_442-410*8_442-397*8_442-436*8_442-403*8_579-574*5_579-599*5_18-82*8_18-63*8_18-57*8_18-648*8_416-445*11_416-448*11_416-411*11_70-88*8_70-90*8_654-653*6_654-197*6_654-652*6_654-651*6_78-59*8_78-54*8_78-647*8_191-236*2_191-447*2_191-458*2_64-38*8_64-37*8_64-53*8_23-1692*7_23-1693*7_23-1623*7_23-1624*7_237-238*3_237-239*3_237-241*3_611-650*9_611-603*9_345-372*7_110-111*8_110-675*8_110-674*8_110-673*8_110-41*8_110-43*8_110-45*8_1702-1696*7_997-996*6_997-995*6_997-950*6_417-421*11_417-422*11_54-32*9_54-40*9_54-42*9_54-44*9_54-678*9_134-132*6_202-380*2_1500-1501*5_1500-1502*5_1500-1503*5_1500-1504*5_1500-1505*5_1500-1528*5_1013-1018*6_1013-1019*6_1013-1021*6_1013-1015*6_447-646*3_447-213*3_1556-1553*5_1556-1552*5_1556-1557*5_1556-1551*5_438-437*9_438-385*9_106-662*6_593-595*8_593-357*8_593-354*8_593-356*8_593-355*8_593-864*8_593-867*8_593-869*8_593-813*8_593-802*8_593-153*8_263-760*4_168-167*5_168-165*5_92-664*9_92-665*9_1706-1625*7_1706-1627*7_350-568*8_350-378*8_350-371*8_350-360*8_350-373*8_350-361*8_380-280*3_380-391*3_380-1074*3_380-402*3_380-136*3_380-91*3_380-147*3_380-413*3_420-505*11_678-676*10_678-49*10_678-677*10_678-48*10_678-46*10_1421-1432*6_1421-1444*6_1421-808*6_1421-1483*6_1421-1482*6_1421-1481*6_1421-1480*6_1421-1479*6_1421-1478*6_213-1184*4_213-305*4_213-1079*4_1668-1669*7_90-663*9_378-374*9_378-370*9_378-741*9_1694-1663*7_1694-1662*7_421-519*13_421-504*13_421-518*13_421-517*13_1664-688*7_1664-1670*7_305-1180*5_305-1179*5_305-304*5_305-1178*5_305-1181*5_305-303*5_305-1176*5_305-301*5_1504-1526*6_581-598*6_249-250*2_249-251*2_322-296*2_1012-1020*6_1445-1448*6_300-299*3_300-306*3_300-298*3_300-307*3_300-297*3_372-368*10_372-362*10_372-375*10_372-367*10_372-846*10_1465-1456*3_230-253*5_402-58*5_402-324*5_402-336*5_402-302*5_402-347*5_402-47*5_402-36*5_402-717*5_402-907*5_402-906*5_402-905*5_402-904*5_402-903*5_402-901*5_402-902*5_402-718*5_158-691*4_158-624*4_1701-1697*7_241-329*4_241-240*4_241-242*4_241-243*4_241-491*4_241-480*4_361-363*10_361-366*10_361-364*10_361-377*10_361-365*10_1444-1455*7_1444-825*7_1444-823*7_1444-826*7_1444-1466*7_1444-806*7_1444-807*7_422-503*12_422-501*12_422-530*12_1670-689*8_1670-1671*8_1670-1659*8_1670-1658*8_1670-1660*8_1670-1661*8_1021-1023*7_1021-1024*7_1021-1016*7_1021-1025*7_1021-1355*7_1021-1009*7_1021-1366*7_1021-1008*7_1021-1007*7_1021-966*7_234-323*3_234-325*3_718-470*6_718-468*6_718-471*6_718-527*6_718-472*6_1505-1507*6_1505-1527*6_1505-1508*6_747-745*6_747-743*6_1180-1182*6_966-955*8_966-977*8_966-988*8_966-1010*8_966-1000*8_966-993*8_966-944*8_966-992*8_966-1006*8_966-1344*8_966-933*8_966-991*8_966-922*8_966-953*8_966-911*8_966-954*8_966-956*8_1441-1568*6_332-735*4_519-516*14_760-759*5_760-733*5_760-884*5_760-883*5_760-758*5_760-771*5_760-885*5_760-756*5_760-569*5_760-755*5_760-767*5_760-886*5_1528-1531*6_1528-1525*6_1528-1530*6_1528-1524*6_1528-1529*6_517-515*14_517-514*14_1197-697*3_1197-1198*3_1197-698*3_1197-1200*3_1197-1201*3_1197-1202*3_480-469*5_480-635*5_480-502*5_480-657*5_480-513*5_480-535*5_385-386*11_646-613*4_646-713*4_907-711*6_907-908*6_907-25*6_907-740*6_907-712*6_907-909*6_907-14*6_907-739*6_907-714*6_907-910*6_907-3*6_907-738*6_907-715*6_907-1765*6_907-737*6_907-716*6_907-1754*6_907-1743*6_907-912*6_907-1732*6_907-913*6_907-1721*6_907-914*6_907-1710*6_907-915*6_907-1699*6_907-916*6_907-917*6_907-918*6_907-919*6_907-920*6_907-1040*6_907-1039*6_907-921*6_907-1038*6_373-376*9_413-424*5_413-313*5_413-763*5_902-899*6_954-952*9_954-989*9_954-957*9_954-990*9_954-958*9_954-959*9_954-1029*9_1524-1520*7_1524-1519*7_1524-1522*7_1524-1518*7_1524-1523*7_1524-1511*7_1524-1517*7_1524-1559*7_956-951*9_956-969*9_956-967*9_956-965*9_251-252*3_921-923*7_921-924*7_921-1037*7_921-925*7_921-1036*7_921-926*7_921-1032*7_921-927*7_921-818*7_921-817*7_921-816*7_950-949*7_950-994*7_950-943*7_950-948*7_950-942*7_950-946*7_950-945*7_950-947*7_950-962*7_950-1026*7_950-1027*7_950-1028*7_1079-1078*5_1079-841*5_1079-842*5_1079-1072*5_1079-1071*5_1079-1076*5_1079-843*5_1079-844*5_916-773*7_916-1688*7_916-1677*7_916-1666*7_916-1654*7_916-1035*7_691-602*5_1015-1003*7_1015-1017*7_818-819*8_818-1543*8_818-1532*8_818-931*8_818-1555*8_818-930*8_818-820*8_818-1106*8_818-932*8_818-795*8_818-929*8_818-1521*8_818-1566*8_818-934*8_818-815*8_818-821*8_818-1577*8_818-814*8_818-822*8_818-812*8_818-938*8_818-939*8_818-940*8_243-524*7_243-746*7_1182-1183*7_1182-1060*7_1182-1059*7_1182-1125*7_967-968*10_967-970*10_967-964*10_967-981*10_967-971*10_967-963*10_967-984*10_967-1144*10_967-980*10_967-1133*10_967-979*10_967-1122*10_967-978*10_167-573*8_816-1510*8_816-935*8_816-1499*8_816-936*8_816-796*8_816-811*8_816-1488*8_816-928*8_336-358*6_336-69*6_336-291*6_901-897*6_901-719*6_491-680*5_1007-1005*8_1007-1004*8_912-792*8_912-794*8_912-774*8_367-408*11_367-407*11_367-406*11_979-976*11_979-982*11_979-975*11_979-974*11_979-983*11_979-973*11_979-960*11_1529-1542*7_1529-1533*7_814-810*9_814-937*9_377-400*11_377-399*11_377-398*11_885-882*6_885-761*6_885-757*6_1696-1698*8_1696-1700*8_1533-1534*8_1533-1535*8_1533-888*8_1533-1541*8_1533-1516*8_1533-1515*8_1533-1443*8_1533-1554*8_767-766*6_767-769*6_767-765*6_767-770*6_767-580*6_767-764*6_767-591*6_812-1477*9_1508-1509*7_918-772*7_756-754*6_756-753*6_756-752*6_939-941*9_939-961*9_1542-1544*8_1542-1545*8_920-1086*8_920-786*8_58-369*6_58-80*6_58-762*6_406-560*12_406-405*12_406-404*12_406-401*12_502-669*6_926-1034*8_926-1621*8_1202-1203*4_1202-1223*4_1202-704*4_1202-1204*4_1202-1205*4_1202-1219*4_1202-1206*4_914-775*7_914-793*7_914-776*7_1466-799*8_1466-809*8_1544-1514*9_1544-1549*9_1544-1550*9_613-702*5_953-1155*9_953-1166*9_953-987*9_735-724*5_735-742*5_735-835*5_1557-1558*6_844-845*6_844-783*6_1032-1047*8_1032-1048*8_1032-1049*8_1032-1051*8_886-887*6_886-548*6_886-734*6_886-890*6_886-736*6_886-891*6_886-545*6_886-893*6_527-473*7_527-474*7_527-475*7_527-520*7_527-476*7_527-477*7_527-478*7_527-479*7_527-481*7_527-482*7_527-483*7_527-484*7_527-508*7_527-509*7_527-510*7_527-511*7_527-512*7_1519-1512*8_430-566*12_835-824*6_835-744*6_835-871*6_919-788*9_888-999*9_888-1540*9_888-1*9_888-1110*9_888-1221*9_888-1332*9_1552-1506*8_535-546*6_535-558*6_1166-986*10_1475-1485*5_394-565*13_746-768*8_746-780*8_746-791*8_280-125*5_476-521*8_476-522*8_942-1031*10_1662-687*8_1183-1061*8_1183-1058*8_1183-1057*8_1183-1087*8_743-870*7_743-872*7_743-873*7_743-874*7_743-875*7_743-531*7_743-532*7_743-533*7_743-561*7_481-457*9_481-456*9_481-455*9_484-485*8_484-486*8_484-487*8_484-488*8_484-489*8_945-1030*11_428-559*14_428-556*14_428-554*14_1071-1070*6_1071-1073*6_1071-1075*6_1071-1069*6_1071-782*6_1071-1068*6_1071-1067*6_1204-1220*5_1204-1207*5_512-496*8_755-880*6_973-972*12_973-985*12_893-729*7_893-892*7_893-726*7_1206-1217*5_1206-1240*5_1206-1208*5_1206-1216*5_1206-1214*5_1206-1239*5_1206-696*5_1206-1759*5_1206-1213*5_1206-1211*5_1067-1065*7_1067-1064*7_1067-710*7_1067-709*7_532-534*8_532-555*8_532-537*8_532-562*8_532-563*8_532-564*8_532-528*8_1549-1548*10_1549-1547*10_1549-1546*10_1087-1120*9_1087-1089*9_1087-1056*9_1087-1121*9_1087-1090*9_1087-1123*9_1087-1091*9_1087-706*9_1087-1162*9_873-878*8_873-529*8_944-1177*9_944-900*9_1221-0*10_1221-1539*10_1125-1126*8_1125-1124*8_1125-1127*8_1125-1138*8_1125-1128*8_1125-1137*8_1125-1129*8_1125-705*8_1125-1132*8_1125-1134*8_545-544*7_545-547*7_545-549*7_545-550*7_545-732*7_545-543*7_545-551*7_545-542*7_545-552*7_545-541*7_545-540*7_925-1632*8_783-781*8_783-777*8_1219-1218*5_1219-1758*5_1219-1757*5_1219-703*5_1219-1755*5_563-452*9_1162-1159*10_1162-1092*10_1162-1158*10_1162-1160*10_1162-1157*10_1162-1093*10_1162-1156*10_1162-1098*10_1162-1146*10_1162-1145*10_562-536*9_1211-1212*6_1211-1209*6_1211-1224*6_1211-1225*6_1211-1215*6_1211-1226*6_1211-1237*6_709-1063*8_564-454*9_875-876*8_1061-1062*9_1216-695*6_1216-694*6_716-894*8_716-728*8_716-727*8_1522-1513*9_529-500*10_529-494*10_529-497*10_775-790*9_775-778*9_1660-1672*9_1660-1685*9_1660-1684*9_1660-1657*9_1660-1683*9_1660-1656*9_1660-1686*9_1660-1687*9_1098-1109*11_1098-1100*11_1098-1107*11_1098-1097*11_1098-1101*11_1098-1108*11_1098-1113*11_1098-801*11_1098-1095*11_1098-1102*11_1098-804*11_1098-1103*11_1098-1105*11_136-114*6_136-102*6_1056-1115*10_1056-1054*10_1056-1114*10_1056-1053*10_1056-1052*10_1056-1139*10_880-879*7_880-881*7_880-553*7_1656-1673*10_1093-1094*11_1093-1154*11_1093-1153*11_1093-1116*11_1093-1112*11_1093-1117*11_900-889*10_900-1310*10_900-877*10_900-1210*10_900-1199*10_900-1299*10_900-866*10_900-1188*10_900-1288*10_900-779*10_900-668*10_900-557*10_804-805*12_804-800*12_804-803*12_804-1096*12_1239-1238*6_1239-1236*6_1239-1235*6_1239-1234*6_1239-1232*6_1209-1227*7_1059-1161*8_779-113*11_779-2*11_544-731*9_544-730*9_544-539*9_1540-1537*11_1062-1081*10_1191-1187*3_1191-1186*3_1191-1174*3_1117-1152*12_1539-1538*11_452-453*10_1699-785*10_1699-784*10_800-798*13_800-797*13_696-693*6_696-692*6_894-895*9_894-896*9_894-467*9_1516-1584*9_1516-1583*9_1516-1440*9_1516-1439*9_557-224*11_542-538*8_1105-1104*12_1036-1643*11_1186-1192*4_1186-1185*4_1186-1167*4_1186-1164*4_1186-1169*4_1186-1163*4_1186-1130*4_2-1665*12_2-335*12_2-446*12_2-1055*12_2-1066*12_2-1077*12_2-1088*12_2-1099*12_2-1111*12_497-498*11_497-495*11_497-499*11_497-493*11_1065-1082*9_1065-1083*9_1666-789*11_1164-1165*5_1164-1168*5_1164-1193*5_729-725*10_729-723*10_729-722*10_897-898*10_897-466*10_897-465*10_897-720*10_897-464*10_897-721*10_897-526*10_706-707*10_706-708*10_1232-1231*7_1232-1230*7_1232-1575*7_1232-1574*7_1088-1033*13_1225-1228*8_1225-1229*8_1225-1241*8_1225-1242*8_1225-1243*8_1225-1245*8_1225-1246*8_1040-1085*11_687-1674*10_1167-1140*5_1167-1131*5_1167-1135*5_1167-1141*5_1167-1171*5_1037-1599*12_1055-1044*13_1246-1429*9_1246-1428*9_1246-1247*9_1246-1248*9_1246-1249*9_494-492*11_494-490*11_494-506*11_494-507*11_494-459*11_494-460*11_494-461*11_494-462*11_494-463*11_1193-1194*6_1193-1170*6_1193-1142*6_693-690*8_693-1260*8_693-1261*8_693-1262*8_1169-1172*5_1169-1143*5_1169-1136*5_1169-1173*5_1052-1050*11_1082-1084*10_1142-1492*7_1035-1610*12_1243-1427*10_526-525*11_526-523*11_1154-1151*12_1171-1491*6_1247-1250*10_1247-1292*10_1247-1291*10_1247-1295*10_1247-1294*10_1247-1600*10_1247-840*10_1247-839*10_1247-838*10_1247-837*10_1247-831*10_1574-1573*8_1574-1572*8_1574-1571*8_1574-1570*8_1574-1569*8_1574-1567*8_1250-836*11_1250-834*11_1250-833*11_1250-832*11_1491-1490*7_1491-1489*7_1491-1486*7_1491-1487*7_1176-1175*6_1490-1147*8_1291-1293*11_1291-1289*11_1048-1588*12_837-830*11_840-1612*11_840-1611*11_840-1609*11_840-1296*11_1294-1290*11_1294-1297*11_1294-1287*11_1294-1276*11_1294-1275*11_1294-1274*11_1294-1273*11_1294-1272*11_1294-1271*11_1294-1270*11_786-787*12_1489-1150*9_1489-1484*9_1262-1766*9_1262-1263*9_1262-1764*9_1262-1763*9_1262-1259*9_1262-1773*9_1262-1772*9_1262-1268*9_831-829*11_1772-1771*10_1772-1613*10_1772-1264*10_1772-1770*10_1772-1614*10_1772-1265*10_1772-1769*10_1772-1615*10_1772-1601*10_1772-1768*10_1772-1616*10_1772-1725*10_1772-1767*10_1772-1724*10_1772-1726*10_1772-1723*10_1772-1727*10_1772-1722*10_1772-1728*10_1772-1729*10_1772-1720*10_1772-1730*10_1772-1719*10_1772-1731*10_1772-1718*10_1295-1303*12_1295-1278*12_1295-1302*12_1295-1279*12_1295-1301*12_1295-1298*12_1295-1300*12_1295-1304*12_1295-1315*12_1295-1311*12_1295-1312*12_1295-1322*12_1295-1316*12_1295-1317*12_1295-1318*12_1312-1313*13_1312-1314*13_1312-1319*13_1312-1320*13_1312-1587*13_1312-1280*13_1316-1356*13_1316-1353*13_1316-1352*13_1427-1426*11_1427-1579*11_1427-1580*11_1427-1425*11_1352-1351*14_1352-1354*14_1352-1350*14_830-854*13_1315-1305*13_1315-1306*13_1315-1595*13_1486-1149*8_1575-1576*8_1575-1578*8_1304-1307*13_1304-1308*13_1304-1309*13_1304-1596*13_1304-1597*13_1304-1598*13_1304-1372*13_1320-1331*14_1320-1330*14_1320-1329*14_1320-1323*14_1320-1328*14_1305-1334*14_1305-1336*14_1305-1395*14_1305-1398*14_1308-1341*14_1308-1335*14_1308-1594*14_1308-1593*14_1425-1424*12_1425-1430*12_1425-1423*12_1425-1431*12_1425-1422*12_1425-1420*12_1425-1396*12_1353-1357*15_1353-1358*15_1306-1591*14_1303-1281*13_1303-1282*13_1598-1390*14_1598-1371*14_1598-1389*14_1598-1370*14_1598-1387*14_1598-1359*14_1598-1365*14_1598-1373*14_1598-1367*14_1598-1374*14_1598-1368*14_1598-1375*14_1598-1369*14_1598-1376*14_854-855*14_854-856*14_1422-1409*13_1422-1411*13_1376-1378*15_1376-1379*15_1376-1380*15_1376-1381*15_1376-1382*15_1376-861*15_1376-860*15_1376-1383*15_1376-859*15_1376-858*15_1376-1384*15_1376-1385*15_1376-1392*15_1376-1393*15_1376-1585*15_1309-1362*15_1309-1337*15_1309-1360*15_1396-1394*13_1396-1400*13_1396-1412*13_1396-1391*13_1259-1258*10_1259-1257*10_1259-1256*10_1259-1254*10_1259-1253*10_1420-1397*13_1367-1364*15_1367-1363*15_1367-1346*15_1367-1349*15_1367-862*15_1391-1586*14_1391-1386*14_1391-1401*14_1365-1343*15_1264-1286*11_1595-1592*15_1595-1589*15_1086-1041*12_1086-1042*12_1086-1043*12_1086-1045*12_1086-1046*12_1627-1626*11_1627-1628*11_1627-1267*11_1253-1252*11_1253-1251*11_1349-1348*16_1349-1347*16_1334-1325*15_1334-1326*15_1334-1324*15_1334-1338*15_1623-1622*12_1623-1620*12_1260-1761*9_1409-1415*14_1409-1414*14_858-863*16_858-1408*16_858-1402*16_858-1403*16_858-1404*16_1336-1339*15_1336-1340*15_1336-1345*15_1759-1756*6_1759-1753*6_1759-1752*6_1601-1285*11_1601-1284*11_1601-1283*11_1593-1361*15_1593-1590*15_1268-1269*10_1359-1342*15_1263-1762*10_1693-1619*12_1693-1618*12_1693-1617*12_1752-1760*7_1752-1751*7_1752-1749*7_1150-1148*10_1326-1327*16_1289-1608*13_1609-1607*14_1609-1606*14_1415-1416*15_1415-1417*15_1415-1418*15_1415-1413*15_1684-1681*15_1684-1680*15_1683-1682*15_1628-1629*12_1628-1630*12_863-1405*17_863-1406*17_1630-1631*13_1630-1633*13_1630-1634*13_1630-1635*13_1630-1636*13_1630-1637*13_1630-1638*13_1672-1675*16_1636-1639*14_1636-1640*14_1636-1641*14_1636-1642*14_1636-1644*14_1636-1645*14_1636-1646*14_1646-1650*15_1646-1651*15_1646-1652*15_1646-1649*15_1646-1653*15_1645-1648*16_922-1222*19_922-1244*19_933-1011*18_933-1022*18_1649-1647*17_1651-1655*17_1424-1419*13_1535-1536*14_1514-1438*12_1514-1437*12_
