"id","Scenario","Actual Range","Protocol","Buildings","Total nodes","Nodes on circ","Total coverage","Coverage on circ","Alert received mean time","Hops","Slots","Messages sent","Messages received", "Starting x", "Starting y","Starting node", "Vehicle distance", "Received node ids", "Node ids", "Transmission map", "Received on circ nodes", "Transmission vector"
0,1,100,0,0,1344,32,1149,30,103288,15.0667,96.7667,707,1149,500,1225,141,25,140_142_139_143_138_144_976_975_977_974_978_137_145_973_972_146_971_141_147_970_969_968_967_148_149_979_150_136_135_134_151_152_153_154_133_132_131_130_129_128_880_966_965_964_963_962_961_48_960_47_49_46_50_45_51_127_879_881_126_878_882_155_125_877_883_156_124_876_884_157_44_52_53_54_55_56_875_874_873_872_885_886_887_888_871_870_869_158_159_160_1072_868_867_123_122_121_120_57_58_59_60_161_1071_1073_119_162_1070_1074_118_163_1069_1075_117_164_1068_1076_116_866_865_32_864_31_33_30_34_35_36_37_38_165_115_166_114_167_113_168_889_890_891_892_169_170_171_172_1067_1066_1065_1064_1080_61_62_63_64_1056_893_894_895_224_896_65_1057_66_1058_67_1059_68_1060_29_28_27_26_112_784_783_785_782_786_111_25_24_173_174_175_176_1168_23_22_1063_1062_1061_1079_1081_1078_1082_1077_1083_1084_781_110_780_109_779_787_223_225_897_222_226_898_221_227_899_220_228_900_778_777_776_775_69_70_177_1167_1169_178_1166_1170_179_1165_1171_180_1164_1172_71_72_219_218_217_216_73_74_901_902_903_21_20_19_18_774_773_772_771_1163_1162_1161_1160_215_214_213_212_181_182_183_184_1085_1086_1087_256_1088_108_107_106_1173_1174_1175_1176_255_257_1089_254_258_1090_253_259_1091_252_260_1092_75_76_77_78_105_104_103_102_261_262_263_264_904_905_906_907_1093_1094_1095_1096_185_186_187_188_17_16_768_769_770_15_79_14_80_1152_1153_1154_81_1155_82_211_210_13_12_11_189_190_1097_1098_1099_1100_1101_191_1264_1263_1265_1262_1266_1261_1267_209_1177_1178_1179_1180_83_84_85_86_1159_1158_1157_1156_87_88_89_908_909_910_911_265_266_267_268_1268_1269_1270_1271_90_91_1181_1182_1183_320_912_319_321_913_318_322_914_317_323_915_269_270_271_272_1184_101_100_99_98_273_1185_274_1186_275_1187_276_1188_1260_1259_1258_92_93_10_9_8_7_1102_1103_352_1104_351_353_350_354_1105_277_278_1106_349_355_1107_348_356_1108_208_800_799_801_207_798_802_206_797_803_205_94_95_1248_316_315_314_204_203_202_201_1189_1190_1191_1192_97_96_688_687_689_686_690_685_691_6_5_1249_1250_1193_1194_1195_1196_279_280_281_312_311_310_200_199_198_197_684_683_682_681_1251_1252_1253_357_1109_358_1110_1272_1111_1273_1112_1274_1275_916_917_918_919_1113_1114_282_283_284_4_3_2_1_309_308_307_313_306_1257_1256_1255_1254_804_805_806_807_1115_1116_359_360_361_362_680_679_678_677_0_672_673_674_675_1197_676_920_921_196_195_194_193_922_923_1276_1277_1278_1279_808_809_810_192_704_703_705_702_706_701_707_285_286_287_1280_1281_1282_1283_811_812_813_692_693_694_695_305_304_816_815_817_814_818_303_819_302_708_709_710_711_1117_1118_1119_448_1120_363_364_927_447_449_1121_446_450_1122_1284_445_451_1123_1285_444_452_1124_1286_924_820_821_822_823_696_697_698_699_1287_1288_1198_1199_368_1200_367_369_366_370_1201_712_713_714_715_301_300_716_717_718_719_824_825_826_827_700_1125_1126_1127_1128_1202_1203_1204_365_371_1205_288_720_289_290_721_291_722_416_926_928_415_417_925_929_414_418_930_413_419_931_299_298_297_296_292_723_293_295_294_828_829_830_831_1289_1290_1291_1292_412_411_410_409_453_454_1129_455_456_400_832_399_401_833_398_402_834_397_403_835_932_933_934_457_458_459_372_373_374_375_408_407_406_1206_1207_1208_1209_376_377_836_378_837_838_839_460_461_462_463_464_1216_379_380_381_382_724_725_726_727_935_936_937_938_465_1215_1217_466_1214_1218_467_1213_1219_468_1212_1220_840_841_842_843_939_1293_1294_1295_1296_1130_1131_1132_1133_1210_405_1211_469_470_471_844_845_846_847_940_941_942_943_1134_1135_544_1136_383_1297_1298_1299_728_1221_1222_1223_1224_1300_1301_1302_1303_472_473_474_475_512_944_511_513_945_510_514_946_509_515_947_1304_1305_1306_1307_729_730_731_732_508_516_948_543_545_1137_542_546_1138_541_547_1139_540_548_1140_476_477_478_479_396_404_733_734_735_384_736_1225_1226_1227_1228_395_394_393_1229_1230_1231_560_1232_1141_1142_1143_1144_496_848_495_497_849_494_498_850_493_499_851_549_550_385_737_386_738_387_739_388_740_852_853_854_855_492_491_490_489_1308_1309_1310_392_391_390_389_551_552_553_554_1312_1311_1313_1314_1315_488_487_486_485_555_507_506_505_504_556_557_558_559_503_502_501_500_949_950_951_952_1145_1146_1147_1148_484_483_482_563_741_742_743_744_561_1233_562_1234_1235_745_746_747_748_1316_1317_1318_1319_1236_1237_1238_1239_1240_1241_1242_1243_856_481_480_752_751_753_750_754_749_755_953_954_955_1244_1320_1321_1322_1323_420_1149_1150_1151_640_857_858_859_860_956_957_958_959_564_565_566_567_756_1245_1246_1247_656_639_641_638_642_637_643_636_644_1324_1325_608_568_569_570_571_607_609_606_610_605_611_757_758_759_760_655_657_654_658_653_659_572_573_574_761_762_763_861_645_862_646_863_647_592_648_1326_1327_1328_575_1329_660_661_662_663_764_765_766_767_1330_1331_604_603_602_591_593_590_594_589_595_588_596_664_665_666_667_649_650_651_652_1333_576_577_578_579_1332_1334_1335_587_586_585_584_668_669_670_671_1336_1337_1338_1339_1340_1341_601_600_599_598_1343_1342_635_634_583_582_581_580_597_612_613_614_615_443_442_441_539_538_537_,0_1_2_3_4_5_6_7_8_9_10_11_12_13_14_15_16_17_18_19_20_21_22_23_24_25_26_27_28_29_30_31_32_33_34_35_36_37_38_39_40_41_42_43_44_45_46_47_48_49_50_51_52_53_54_55_56_57_58_59_60_61_62_63_64_65_66_67_68_69_70_71_72_73_74_75_76_77_78_79_80_81_82_83_84_85_86_87_88_89_90_91_92_93_94_95_96_97_98_99_100_101_102_103_104_105_106_107_108_109_110_111_112_113_114_115_116_117_118_119_120_121_122_123_124_125_126_127_128_129_130_131_132_133_134_135_136_137_138_139_140_141_142_143_144_145_146_147_148_149_150_151_152_153_154_155_156_157_158_159_160_161_162_163_164_165_166_167_168_169_170_171_172_173_174_175_176_177_178_179_180_181_182_183_184_185_186_187_188_189_190_191_192_193_194_195_196_197_198_199_200_201_202_203_204_205_206_207_208_209_210_211_212_213_214_215_216_217_218_219_220_221_222_223_224_225_226_227_228_229_230_231_232_233_234_235_236_237_238_239_240_241_242_243_244_245_246_247_248_249_250_251_252_253_254_255_256_257_258_259_260_261_262_263_264_265_266_267_268_269_270_271_272_273_274_275_276_277_278_279_280_281_282_283_284_285_286_287_288_289_290_291_292_293_294_295_296_297_298_299_300_301_302_303_304_305_306_307_308_309_310_311_312_313_314_315_316_317_318_319_320_321_322_323_324_325_326_327_328_329_330_331_332_333_334_335_336_337_338_339_340_341_342_343_344_345_346_347_348_349_350_351_352_353_354_355_356_357_358_359_360_361_362_363_364_365_366_367_368_369_370_371_372_373_374_375_376_377_378_379_380_381_382_383_384_385_386_387_388_389_390_391_392_393_394_395_396_397_398_399_400_401_402_403_404_405_406_407_408_409_410_411_412_413_414_415_416_417_418_419_420_421_422_423_424_425_426_427_428_429_430_431_432_433_434_435_436_437_438_439_440_441_442_443_444_445_446_447_448_449_450_451_452_453_454_455_456_457_458_459_460_461_462_463_464_465_466_467_468_469_470_471_472_473_474_475_476_477_478_479_480_481_482_483_484_485_486_487_488_489_490_491_492_493_494_495_496_497_498_499_500_501_502_503_504_505_506_507_508_509_510_511_512_513_514_515_516_517_518_519_520_521_522_523_524_525_526_527_528_529_530_531_532_533_534_535_536_537_538_539_540_541_542_543_544_545_546_547_548_549_550_551_552_553_554_555_556_557_558_559_560_561_562_563_564_565_566_567_568_569_570_571_572_573_574_575_576_577_578_579_580_581_582_583_584_585_586_587_588_589_590_591_592_593_594_595_596_597_598_599_600_601_602_603_604_605_606_607_608_609_610_611_612_613_614_615_616_617_618_619_620_621_622_623_624_625_626_627_628_629_630_631_632_633_634_635_636_637_638_639_640_641_642_643_644_645_646_647_648_649_650_651_652_653_654_655_656_657_658_659_660_661_662_663_664_665_666_667_668_669_670_671_672_673_674_675_676_677_678_679_680_681_682_683_684_685_686_687_688_689_690_691_692_693_694_695_696_697_698_699_700_701_702_703_704_705_706_707_708_709_710_711_712_713_714_715_716_717_718_719_720_721_722_723_724_725_726_727_728_729_730_731_732_733_734_735_736_737_738_739_740_741_742_743_744_745_746_747_748_749_750_751_752_753_754_755_756_757_758_759_760_761_762_763_764_765_766_767_768_769_770_771_772_773_774_775_776_777_778_779_780_781_782_783_784_785_786_787_788_789_790_791_792_793_794_795_796_797_798_799_800_801_802_803_804_805_806_807_808_809_810_811_812_813_814_815_816_817_818_819_820_821_822_823_824_825_826_827_828_829_830_831_832_833_834_835_836_837_838_839_840_841_842_843_844_845_846_847_848_849_850_851_852_853_854_855_856_857_858_859_860_861_862_863_864_865_866_867_868_869_870_871_872_873_874_875_876_877_878_879_880_881_882_883_884_885_886_887_888_889_890_891_892_893_894_895_896_897_898_899_900_901_902_903_904_905_906_907_908_909_910_911_912_913_914_915_916_917_918_919_920_921_922_923_924_925_926_927_928_929_930_931_932_933_934_935_936_937_938_939_940_941_942_943_944_945_946_947_948_949_950_951_952_953_954_955_956_957_958_959_960_961_962_963_964_965_966_967_968_969_970_971_972_973_974_975_976_977_978_979_980_981_982_983_984_985_986_987_988_989_990_991_992_993_994_995_996_997_998_999_1000_1001_1002_1003_1004_1005_1006_1007_1008_1009_1010_1011_1012_1013_1014_1015_1016_1017_1018_1019_1020_1021_1022_1023_1024_1025_1026_1027_1028_1029_1030_1031_1032_1033_1034_1035_1036_1037_1038_1039_1040_1041_1042_1043_1044_1045_1046_1047_1048_1049_1050_1051_1052_1053_1054_1055_1056_1057_1058_1059_1060_1061_1062_1063_1064_1065_1066_1067_1068_1069_1070_1071_1072_1073_1074_1075_1076_1077_1078_1079_1080_1081_1082_1083_1084_1085_1086_1087_1088_1089_1090_1091_1092_1093_1094_1095_1096_1097_1098_1099_1100_1101_1102_1103_1104_1105_1106_1107_1108_1109_1110_1111_1112_1113_1114_1115_1116_1117_1118_1119_1120_1121_1122_1123_1124_1125_1126_1127_1128_1129_1130_1131_1132_1133_1134_1135_1136_1137_1138_1139_1140_1141_1142_1143_1144_1145_1146_1147_1148_1149_1150_1151_1152_1153_1154_1155_1156_1157_1158_1159_1160_1161_1162_1163_1164_1165_1166_1167_1168_1169_1170_1171_1172_1173_1174_1175_1176_1177_1178_1179_1180_1181_1182_1183_1184_1185_1186_1187_1188_1189_1190_1191_1192_1193_1194_1195_1196_1197_1198_1199_1200_1201_1202_1203_1204_1205_1206_1207_1208_1209_1210_1211_1212_1213_1214_1215_1216_1217_1218_1219_1220_1221_1222_1223_1224_1225_1226_1227_1228_1229_1230_1231_1232_1233_1234_1235_1236_1237_1238_1239_1240_1241_1242_1243_1244_1245_1246_1247_1248_1249_1250_1251_1252_1253_1254_1255_1256_1257_1258_1259_1260_1261_1262_1263_1264_1265_1266_1267_1268_1269_1270_1271_1272_1273_1274_1275_1276_1277_1278_1279_1280_1281_1282_1283_1284_1285_1286_1287_1288_1289_1290_1291_1292_1293_1294_1295_1296_1297_1298_1299_1300_1301_1302_1303_1304_1305_1306_1307_1308_1309_1310_1311_1312_1313_1314_1315_1316_1317_1318_1319_1320_1321_1322_1323_1324_1325_1326_1327_1328_1329_1330_1331_1332_1333_1334_1335_1336_1337_1338_1339_1340_1341_1342_1343_,1:{0;672;673;674;675;}5:{4;3;2;1;}9:{6;5;}11:{10;9;8;7;}15:{13;12;11;}18:{17;16;768;769;770;15;14;}22:{21;20;19;18;}26:{23;22;}28:{25;24;}30:{29;28;27;26;}34:{35;36;37;38;}48:{44;52;}52:{53;54;55;56;}56:{57;58;59;60;}60:{61;62;63;64;1056;}66:{69;70;}68:{71;72;}70:{73;74;}74:{75;76;77;78;}78:{79;80;1152;1153;1154;81;1155;82;}82:{83;84;85;86;}85:{87;88;89;}87:{90;91;}89:{92;93;}92:{94;95;1248;}93:{1249;1250;}98:{97;96;688;687;689;686;690;685;691;}102:{101;100;99;98;}106:{105;104;103;102;}110:{108;107;106;}115:{112;784;783;785;782;786;111;}117:{115;114;113;}120:{119;118;117;116;}124:{123;122;121;120;}128:{127;879;881;126;878;882;125;877;883;124;876;884;}132:{129;128;880;}134:{133;132;131;130;}138:{136;135;134;}141:{140;142;139;143;138;144;976;975;977;974;978;137;145;}146:{148;149;979;150;}150:{151;152;153;154;}153:{155;156;157;}156:{158;159;160;1072;}164:{165;166;167;168;}168:{169;170;171;172;}172:{173;174;175;176;1168;}180:{181;182;183;184;}184:{185;186;187;188;}186:{189;190;}190:{191;1264;1263;1265;1262;1266;1261;1267;}193:{192;704;703;705;702;706;701;707;}197:{196;195;194;193;}201:{200;199;198;197;}205:{204;203;202;201;}209:{208;800;799;801;207;798;802;206;797;803;205;}213:{209;}214:{211;210;}216:{215;214;213;212;}220:{219;218;217;216;}224:{223;225;897;222;226;898;221;227;899;220;228;900;}260:{261;262;263;264;}264:{265;266;267;268;}268:{269;270;271;272;1184;}274:{277;278;}277:{279;280;281;}280:{282;283;284;}282:{285;286;}283:{287;}286:{1280;1281;1282;1283;}289:{292;723;293;}298:{295;294;}300:{299;298;297;296;}304:{301;300;}306:{305;304;816;815;817;814;818;303;819;302;}310:{309;308;307;313;306;}314:{312;311;310;}318:{316;315;314;}352:{1106;349;355;1107;348;356;1108;}354:{357;358;}358:{359;360;361;362;}360:{363;364;}371:{372;373;374;375;}374:{376;377;378;}378:{379;380;381;382;}393:{392;391;390;389;}397:{395;394;393;}400:{396;404;}409:{405;}410:{408;407;406;}413:{412;411;410;409;}416:{420;}445:{443;442;441;}450:{453;454;}452:{455;456;}455:{457;458;459;}459:{460;461;462;463;}460:{464;1216;}464:{465;1215;1217;466;1214;1218;467;1213;1219;468;1212;1220;}467:{469;470;471;}471:{472;473;474;475;}475:{476;477;478;479;}479:{1312;1311;1313;1314;1315;}482:{481;480;752;751;753;750;754;749;755;}486:{484;483;482;}489:{488;487;486;485;}493:{492;491;490;489;}504:{503;502;501;500;}508:{507;506;505;504;}541:{539;538;537;}544:{543;545;1137;542;546;1138;541;547;1139;540;548;1140;}546:{549;550;}550:{551;552;553;554;}554:{555;}555:{556;557;558;559;}559:{563;}563:{564;565;566;567;}567:{568;569;570;571;}570:{572;573;574;}584:{583;582;581;580;}588:{587;586;585;584;}592:{591;593;590;594;589;595;588;596;}598:{597;}602:{601;600;599;598;}606:{604;603;602;}611:{612;613;614;615;}638:{635;634;}640:{639;641;638;642;637;643;636;644;}644:{645;646;647;648;}648:{649;650;651;652;}659:{660;661;662;663;}663:{664;665;666;667;}667:{668;669;670;671;}671:{1343;1342;}679:{676;}681:{680;679;678;677;}685:{684;683;682;681;}691:{692;693;694;695;}695:{696;697;698;699;}699:{700;}707:{708;709;710;711;}711:{712;713;714;715;}715:{716;717;718;719;}718:{288;720;289;290;721;291;722;}723:{724;725;726;727;}724:{728;}728:{729;730;731;732;}732:{733;734;735;384;736;}736:{385;737;386;738;387;739;388;740;}740:{741;742;743;744;}744:{745;746;747;748;}752:{756;}756:{757;758;759;760;}759:{761;762;763;}763:{764;765;766;767;}767:{576;577;578;579;}775:{774;773;772;771;}779:{778;777;776;775;}783:{781;110;780;109;779;787;}803:{804;805;806;807;}806:{808;809;810;}809:{811;812;813;}819:{820;821;822;823;}823:{824;825;826;827;}827:{828;829;830;831;}831:{400;832;399;401;833;398;402;834;397;403;835;}835:{836;837;838;839;}839:{840;841;842;843;}843:{844;845;846;847;}847:{496;848;495;497;849;494;498;850;493;499;851;}851:{852;853;854;855;}852:{856;}856:{857;858;859;860;}860:{861;862;863;592;}867:{866;865;32;864;31;33;30;34;}871:{868;867;}873:{871;870;869;}876:{875;874;873;872;}884:{885;886;887;888;}888:{889;890;891;892;}892:{893;894;895;224;896;}899:{901;902;903;}903:{904;905;906;907;}907:{908;909;910;911;}911:{320;912;319;321;913;318;322;914;317;323;915;}915:{916;917;918;919;}917:{920;921;}919:{922;923;}920:{924;}923:{927;}927:{416;926;928;415;417;925;929;414;418;930;413;419;931;}930:{932;933;934;}934:{935;936;937;938;}935:{939;}939:{940;941;942;943;}943:{512;944;511;513;945;510;514;946;509;515;947;}944:{508;516;948;}948:{949;950;951;952;}951:{953;954;955;}955:{956;957;958;959;}956:{608;}959:{607;609;606;610;605;611;}962:{48;960;47;49;46;50;45;51;}965:{962;961;}967:{966;965;964;963;}971:{969;968;967;}974:{973;972;146;971;141;147;970;}1056:{65;1057;66;1058;67;1059;68;1060;}1064:{1063;1062;1061;}1068:{1067;1066;1065;1064;}1072:{161;1071;1073;162;1070;1074;163;1069;1075;164;1068;1076;}1076:{1080;}1080:{1079;1081;1078;1082;1077;1083;1084;}1084:{1085;1086;1087;256;1088;}1088:{255;257;1089;254;258;1090;253;259;1091;252;260;1092;}1092:{1093;1094;1095;1096;}1093:{1097;}1097:{1098;1099;1100;1101;}1101:{1102;1103;352;1104;351;353;350;354;1105;}1108:{1109;1110;1111;1112;}1110:{1113;1114;}1112:{1115;1116;}1116:{1117;1118;1119;448;1120;}1120:{447;449;1121;446;450;1122;445;451;1123;444;452;1124;}1124:{1125;1126;1127;1128;}1125:{1129;}1129:{1130;1131;1132;1133;}1132:{1134;1135;544;1136;}1140:{1141;1142;1143;1144;}1144:{1145;1146;1147;1148;}1148:{1149;1150;1151;640;}1160:{1159;1158;1157;1156;}1164:{1163;1162;1161;1160;}1168:{177;1167;1169;178;1166;1170;179;1165;1171;180;1164;1172;}1172:{1173;1174;1175;1176;}1176:{1177;1178;1179;1180;}1179:{1181;1182;1183;}1184:{273;1185;274;1186;275;1187;276;1188;}1188:{1189;1190;1191;1192;}1192:{1193;1194;1195;1196;}1193:{1197;}1197:{1198;1199;368;1200;367;369;366;370;1201;}1201:{1202;1203;1204;365;371;1205;}1205:{1206;1207;1208;1209;}1206:{1210;}1209:{1211;}1220:{1221;1222;1223;1224;}1224:{1225;1226;1227;1228;}1228:{1229;1230;1231;560;1232;}1231:{561;1233;562;1234;1235;}1235:{1236;1237;1238;1239;}1239:{1240;1241;1242;1243;}1240:{1244;}1244:{1245;1246;1247;656;}1247:{655;657;654;658;653;659;}1249:{1251;1252;1253;}1258:{1257;1256;1255;1254;}1262:{1260;1259;1258;}1267:{1268;1269;1270;1271;}1271:{1272;1273;1274;1275;}1275:{1276;1277;1278;1279;}1282:{1284;1285;1286;}1284:{1287;1288;}1288:{1289;1290;1291;1292;}1292:{1293;1294;1295;1296;}1295:{383;1297;1298;1299;}1299:{1300;1301;1302;1303;}1303:{1304;1305;1306;1307;}1306:{1308;1309;1310;}1315:{1316;1317;1318;1319;}1319:{1320;1321;1322;1323;}1321:{1324;1325;}1325:{1326;1327;1328;575;1329;}1327:{1330;1331;}1329:{1333;}1331:{1332;1334;1335;}1333:{1336;1337;}1337:{1338;1339;1340;1341;},8_9_81_82_100_101_102_180_181_182_200_201_273_274_308_309_310_356_357_358_811_812_917_918_1107_1108_1186_1187_1188_1189_,141-140*0_141-142*0_141-139*0_141-143*0_141-138*0_141-144*0_141-976*0_141-975*0_141-977*0_141-974*0_141-978*0_141-137*0_141-145*0_974-973*1_974-972*1_974-146*1_974-971*1_974-141*1_974-147*1_974-970*1_971-969*2_971-968*2_971-967*2_146-148*2_146-149*2_146-979*2_146-150*2_138-136*1_138-135*1_138-134*1_150-151*3_150-152*3_150-153*3_150-154*3_134-133*2_134-132*2_134-131*2_134-130*2_132-129*3_132-128*3_132-880*3_967-966*3_967-965*3_967-964*3_967-963*3_965-962*4_965-961*4_962-48*5_962-960*5_962-47*5_962-49*5_962-46*5_962-50*5_962-45*5_962-51*5_128-127*4_128-879*4_128-881*4_128-126*4_128-878*4_128-882*4_153-155*4_128-125*4_128-877*4_128-883*4_153-156*4_128-124*4_128-876*4_128-884*4_153-157*4_48-44*6_48-52*6_52-53*7_52-54*7_52-55*7_52-56*7_876-875*5_876-874*5_876-873*5_876-872*5_884-885*5_884-886*5_884-887*5_884-888*5_873-871*6_873-870*6_873-869*6_156-158*5_156-159*5_156-160*5_156-1072*5_871-868*7_871-867*7_124-123*5_124-122*5_124-121*5_124-120*5_56-57*8_56-58*8_56-59*8_56-60*8_1072-161*6_1072-1071*6_1072-1073*6_120-119*6_1072-162*6_1072-1070*6_1072-1074*6_120-118*6_1072-163*6_1072-1069*6_1072-1075*6_120-117*6_1072-164*6_1072-1068*6_1072-1076*6_120-116*6_867-866*8_867-865*8_867-32*8_867-864*8_867-31*8_867-33*8_867-30*8_867-34*8_34-35*9_34-36*9_34-37*9_34-38*9_164-165*7_117-115*7_164-166*7_117-114*7_164-167*7_117-113*7_164-168*7_888-889*6_888-890*6_888-891*6_888-892*6_168-169*8_168-170*8_168-171*8_168-172*8_1068-1067*7_1068-1066*7_1068-1065*7_1068-1064*7_1076-1080*7_60-61*9_60-62*9_60-63*9_60-64*9_60-1056*9_892-893*7_892-894*7_892-895*7_892-224*7_892-896*7_1056-65*10_1056-1057*10_1056-66*10_1056-1058*10_1056-67*10_1056-1059*10_1056-68*10_1056-1060*10_30-29*10_30-28*10_30-27*10_30-26*10_115-112*8_115-784*8_115-783*8_115-785*8_115-782*8_115-786*8_115-111*8_28-25*11_28-24*11_172-173*9_172-174*9_172-175*9_172-176*9_172-1168*9_26-23*12_26-22*12_1064-1063*8_1064-1062*8_1064-1061*8_1080-1079*8_1080-1081*8_1080-1078*8_1080-1082*8_1080-1077*8_1080-1083*8_1080-1084*8_783-781*9_783-110*9_783-780*9_783-109*9_783-779*9_783-787*9_224-223*8_224-225*8_224-897*8_224-222*8_224-226*8_224-898*8_224-221*8_224-227*8_224-899*8_224-220*8_224-228*8_224-900*8_779-778*10_779-777*10_779-776*10_779-775*10_66-69*11_66-70*11_1168-177*10_1168-1167*10_1168-1169*10_1168-178*10_1168-1166*10_1168-1170*10_1168-179*10_1168-1165*10_1168-1171*10_1168-180*10_1168-1164*10_1168-1172*10_68-71*11_68-72*11_220-219*9_220-218*9_220-217*9_220-216*9_70-73*12_70-74*12_899-901*9_899-902*9_899-903*9_22-21*13_22-20*13_22-19*13_22-18*13_775-774*11_775-773*11_775-772*11_775-771*11_1164-1163*11_1164-1162*11_1164-1161*11_1164-1160*11_216-215*10_216-214*10_216-213*10_216-212*10_180-181*11_180-182*11_180-183*11_180-184*11_1084-1085*9_1084-1086*9_1084-1087*9_1084-256*9_1084-1088*9_110-108*10_110-107*10_110-106*10_1172-1173*11_1172-1174*11_1172-1175*11_1172-1176*11_1088-255*10_1088-257*10_1088-1089*10_1088-254*10_1088-258*10_1088-1090*10_1088-253*10_1088-259*10_1088-1091*10_1088-252*10_1088-260*10_1088-1092*10_74-75*13_74-76*13_74-77*13_74-78*13_106-105*11_106-104*11_106-103*11_106-102*11_260-261*11_260-262*11_260-263*11_260-264*11_903-904*10_903-905*10_903-906*10_903-907*10_1092-1093*11_1092-1094*11_1092-1095*11_1092-1096*11_184-185*12_184-186*12_184-187*12_184-188*12_18-17*14_18-16*14_18-768*14_18-769*14_18-770*14_18-15*14_78-79*14_18-14*14_78-80*14_78-1152*14_78-1153*14_78-1154*14_78-81*14_78-1155*14_78-82*14_214-211*11_214-210*11_15-13*15_15-12*15_15-11*15_186-189*13_186-190*13_1093-1097*12_1097-1098*13_1097-1099*13_1097-1100*13_1097-1101*13_190-191*14_190-1264*14_190-1263*14_190-1265*14_190-1262*14_190-1266*14_190-1261*14_190-1267*14_213-209*12_1176-1177*12_1176-1178*12_1176-1179*12_1176-1180*12_82-83*15_82-84*15_82-85*15_82-86*15_1160-1159*12_1160-1158*12_1160-1157*12_1160-1156*12_85-87*16_85-88*16_85-89*16_907-908*11_907-909*11_907-910*11_907-911*11_264-265*12_264-266*12_264-267*12_264-268*12_1267-1268*15_1267-1269*15_1267-1270*15_1267-1271*15_87-90*17_87-91*17_1179-1181*13_1179-1182*13_1179-1183*13_911-320*12_911-912*12_911-319*12_911-321*12_911-913*12_911-318*12_911-322*12_911-914*12_911-317*12_911-323*12_911-915*12_268-269*13_268-270*13_268-271*13_268-272*13_268-1184*13_102-101*12_102-100*12_102-99*12_102-98*12_1184-273*14_1184-1185*14_1184-274*14_1184-1186*14_1184-275*14_1184-1187*14_1184-276*14_1184-1188*14_1262-1260*15_1262-1259*15_1262-1258*15_89-92*18_89-93*18_11-10*16_11-9*16_11-8*16_11-7*16_1101-1102*14_1101-1103*14_1101-352*14_1101-1104*14_1101-351*14_1101-353*14_1101-350*14_1101-354*14_1101-1105*14_274-277*15_274-278*15_352-1106*15_352-349*15_352-355*15_352-1107*15_352-348*15_352-356*15_352-1108*15_209-208*13_209-800*13_209-799*13_209-801*13_209-207*13_209-798*13_209-802*13_209-206*13_209-797*13_209-803*13_209-205*13_92-94*19_92-95*19_92-1248*19_318-316*13_318-315*13_318-314*13_205-204*14_205-203*14_205-202*14_205-201*14_1188-1189*15_1188-1190*15_1188-1191*15_1188-1192*15_98-97*13_98-96*13_98-688*13_98-687*13_98-689*13_98-686*13_98-690*13_98-685*13_98-691*13_9-6*17_9-5*17_93-1249*20_93-1250*20_1192-1193*16_1192-1194*16_1192-1195*16_1192-1196*16_277-279*16_277-280*16_277-281*16_314-312*14_314-311*14_314-310*14_201-200*15_201-199*15_201-198*15_201-197*15_685-684*14_685-683*14_685-682*14_685-681*14_1249-1251*21_1249-1252*21_1249-1253*21_354-357*16_1108-1109*16_354-358*16_1108-1110*16_1271-1272*16_1108-1111*16_1271-1273*16_1108-1112*16_1271-1274*16_1271-1275*16_915-916*14_915-917*14_915-918*14_915-919*14_1110-1113*17_1110-1114*17_280-282*17_280-283*17_280-284*17_5-4*18_5-3*18_5-2*18_5-1*18_310-309*15_310-308*15_310-307*15_310-313*15_310-306*15_1258-1257*16_1258-1256*16_1258-1255*16_1258-1254*16_803-804*14_803-805*14_803-806*14_803-807*14_1112-1115*18_1112-1116*18_358-359*17_358-360*17_358-361*17_358-362*17_681-680*15_681-679*15_681-678*15_681-677*15_1-0*19_1-672*19_1-673*19_1-674*19_1-675*19_1193-1197*17_679-676*16_917-920*15_917-921*15_197-196*16_197-195*16_197-194*16_197-193*16_919-922*15_919-923*15_1275-1276*17_1275-1277*17_1275-1278*17_1275-1279*17_806-808*15_806-809*15_806-810*15_193-192*17_193-704*17_193-703*17_193-705*17_193-702*17_193-706*17_193-701*17_193-707*17_282-285*18_282-286*18_283-287*18_286-1280*19_286-1281*19_286-1282*19_286-1283*19_809-811*16_809-812*16_809-813*16_691-692*14_691-693*14_691-694*14_691-695*14_306-305*16_306-304*16_306-816*16_306-815*16_306-817*16_306-814*16_306-818*16_306-303*16_306-819*16_306-302*16_707-708*18_707-709*18_707-710*18_707-711*18_1116-1117*19_1116-1118*19_1116-1119*19_1116-448*19_1116-1120*19_360-363*18_360-364*18_923-927*16_1120-447*20_1120-449*20_1120-1121*20_1120-446*20_1120-450*20_1120-1122*20_1282-1284*20_1120-445*20_1120-451*20_1120-1123*20_1282-1285*20_1120-444*20_1120-452*20_1120-1124*20_1282-1286*20_920-924*16_819-820*17_819-821*17_819-822*17_819-823*17_695-696*15_695-697*15_695-698*15_695-699*15_1284-1287*22_1284-1288*22_1197-1198*18_1197-1199*18_1197-368*18_1197-1200*18_1197-367*18_1197-369*18_1197-366*18_1197-370*18_1197-1201*18_711-712*19_711-713*19_711-714*19_711-715*19_304-301*18_304-300*18_715-716*20_715-717*20_715-718*20_715-719*20_823-824*18_823-825*18_823-826*18_823-827*18_699-700*16_1124-1125*21_1124-1126*21_1124-1127*21_1124-1128*21_1201-1202*19_1201-1203*19_1201-1204*19_1201-365*19_1201-371*19_1201-1205*19_718-288*21_718-720*21_718-289*21_718-290*21_718-721*21_718-291*21_718-722*21_927-416*17_927-926*17_927-928*17_927-415*17_927-417*17_927-925*17_927-929*17_927-414*17_927-418*17_927-930*17_927-413*17_927-419*17_927-931*17_300-299*19_300-298*19_300-297*19_300-296*19_289-292*22_289-723*22_289-293*22_298-295*20_298-294*20_827-828*19_827-829*19_827-830*19_827-831*19_1288-1289*23_1288-1290*23_1288-1291*23_1288-1292*23_413-412*18_413-411*18_413-410*18_413-409*18_450-453*21_450-454*21_1125-1129*22_452-455*21_452-456*21_831-400*20_831-832*20_831-399*20_831-401*20_831-833*20_831-398*20_831-402*20_831-834*20_831-397*20_831-403*20_831-835*20_930-932*19_930-933*19_930-934*19_455-457*22_455-458*22_455-459*22_371-372*20_371-373*20_371-374*20_371-375*20_410-408*19_410-407*19_410-406*19_1205-1206*20_1205-1207*20_1205-1208*20_1205-1209*20_374-376*21_374-377*21_835-836*21_374-378*21_835-837*21_835-838*21_835-839*21_459-460*23_459-461*23_459-462*23_459-463*23_460-464*24_460-1216*24_378-379*22_378-380*22_378-381*22_378-382*22_723-724*23_723-725*23_723-726*23_723-727*23_934-935*20_934-936*20_934-937*20_934-938*20_464-465*25_464-1215*25_464-1217*25_464-466*25_464-1214*25_464-1218*25_464-467*25_464-1213*25_464-1219*25_464-468*25_464-1212*25_464-1220*25_839-840*22_839-841*22_839-842*22_839-843*22_935-939*21_1292-1293*24_1292-1294*24_1292-1295*24_1292-1296*24_1129-1130*23_1129-1131*23_1129-1132*23_1129-1133*23_1206-1210*23_409-405*20_1209-1211*21_467-469*26_467-470*26_467-471*26_843-844*23_843-845*23_843-846*23_843-847*23_939-940*22_939-941*22_939-942*22_939-943*22_1132-1134*24_1132-1135*24_1132-544*24_1132-1136*24_1295-383*25_1295-1297*25_1295-1298*25_1295-1299*25_724-728*24_1220-1221*26_1220-1222*26_1220-1223*26_1220-1224*26_1299-1300*26_1299-1301*26_1299-1302*26_1299-1303*26_471-472*27_471-473*27_471-474*27_471-475*27_943-512*23_943-944*23_943-511*23_943-513*23_943-945*23_943-510*23_943-514*23_943-946*23_943-509*23_943-515*23_943-947*23_1303-1304*27_1303-1305*27_1303-1306*27_1303-1307*27_728-729*25_728-730*25_728-731*25_728-732*25_944-508*24_944-516*24_944-948*24_544-543*25_544-545*25_544-1137*25_544-542*25_544-546*25_544-1138*25_544-541*25_544-547*25_544-1139*25_544-540*25_544-548*25_544-1140*25_475-476*28_475-477*28_475-478*28_475-479*28_400-396*23_400-404*23_732-733*26_732-734*26_732-735*26_732-384*26_732-736*26_1224-1225*27_1224-1226*27_1224-1227*27_1224-1228*27_397-395*21_397-394*21_397-393*21_1228-1229*28_1228-1230*28_1228-1231*28_1228-560*28_1228-1232*28_1140-1141*26_1140-1142*26_1140-1143*26_1140-1144*26_847-496*24_847-848*24_847-495*24_847-497*24_847-849*24_847-494*24_847-498*24_847-850*24_847-493*24_847-499*24_847-851*24_546-549*26_546-550*26_736-385*27_736-737*27_736-386*27_736-738*27_736-387*27_736-739*27_736-388*27_736-740*27_851-852*25_851-853*25_851-854*25_851-855*25_493-492*25_493-491*25_493-490*25_493-489*25_1306-1308*28_1306-1309*28_1306-1310*28_393-392*22_393-391*22_393-390*22_393-389*22_550-551*27_550-552*27_550-553*27_550-554*27_479-1312*29_479-1311*29_479-1313*29_479-1314*29_479-1315*29_489-488*26_489-487*26_489-486*26_489-485*26_554-555*28_508-507*25_508-506*25_508-505*25_508-504*25_555-556*29_555-557*29_555-558*29_555-559*29_504-503*26_504-502*26_504-501*26_504-500*26_948-949*25_948-950*25_948-951*25_948-952*25_1144-1145*27_1144-1146*27_1144-1147*27_1144-1148*27_486-484*27_486-483*27_486-482*27_559-563*30_740-741*28_740-742*28_740-743*28_740-744*28_1231-561*29_1231-1233*29_1231-562*29_1231-1234*29_1231-1235*29_744-745*29_744-746*29_744-747*29_744-748*29_1315-1316*30_1315-1317*30_1315-1318*30_1315-1319*30_1235-1236*30_1235-1237*30_1235-1238*30_1235-1239*30_1239-1240*31_1239-1241*31_1239-1242*31_1239-1243*31_852-856*28_482-481*28_482-480*28_482-752*28_482-751*28_482-753*28_482-750*28_482-754*28_482-749*28_482-755*28_951-953*26_951-954*26_951-955*26_1240-1244*32_1319-1320*31_1319-1321*31_1319-1322*31_1319-1323*31_416-420*19_1148-1149*28_1148-1150*28_1148-1151*28_1148-640*28_856-857*29_856-858*29_856-859*29_856-860*29_955-956*27_955-957*27_955-958*27_955-959*27_563-564*31_563-565*31_563-566*31_563-567*31_752-756*31_1244-1245*33_1244-1246*33_1244-1247*33_1244-656*33_640-639*29_640-641*29_640-638*29_640-642*29_640-637*29_640-643*29_640-636*29_640-644*29_1321-1324*32_1321-1325*32_956-608*28_567-568*32_567-569*32_567-570*32_567-571*32_959-607*29_959-609*29_959-606*29_959-610*29_959-605*29_959-611*29_756-757*32_756-758*32_756-759*32_756-760*32_1247-655*34_1247-657*34_1247-654*34_1247-658*34_1247-653*34_1247-659*34_570-572*33_570-573*33_570-574*33_759-761*33_759-762*33_759-763*33_860-861*30_644-645*30_860-862*30_644-646*30_860-863*30_644-647*30_860-592*30_644-648*30_1325-1326*33_1325-1327*33_1325-1328*33_1325-575*33_1325-1329*33_659-660*35_659-661*35_659-662*35_659-663*35_763-764*34_763-765*34_763-766*34_763-767*34_1327-1330*34_1327-1331*34_606-604*30_606-603*30_606-602*30_592-591*31_592-593*31_592-590*31_592-594*31_592-589*31_592-595*31_592-588*31_592-596*31_663-664*36_663-665*36_663-666*36_663-667*36_648-649*31_648-650*31_648-651*31_648-652*31_1329-1333*35_767-576*35_767-577*35_767-578*35_767-579*35_1331-1332*35_1331-1334*35_1331-1335*35_588-587*32_588-586*32_588-585*32_588-584*32_667-668*37_667-669*37_667-670*37_667-671*37_1333-1336*36_1333-1337*36_1337-1338*37_1337-1339*37_1337-1340*37_1337-1341*37_602-601*31_602-600*31_602-599*31_602-598*31_671-1343*38_671-1342*38_638-635*31_638-634*31_584-583*33_584-582*33_584-581*33_584-580*33_598-597*32_611-612*30_611-613*30_611-614*30_611-615*30_445-443*23_445-442*23_445-441*23_541-539*28_541-538*28_541-537*28_
0,1,100,0,0,1344,32,1096,30,87348.5,14.9667,82.3,610,1096,500,1225,141,25,140_142_139_143_138_144_976_975_977_974_978_137_145_146_147_148_973_979_141_149_150_136_135_134_133_151_152_153_132_131_130_129_154_155_156_157_158_159_160_1072_1071_1073_1070_1074_161_1075_1076_162_1077_163_1078_128_880_879_881_127_878_882_126_877_883_125_1079_1080_1081_1082_1083_1084_1085_1086_1087_256_1088_255_257_254_258_1089_253_259_1090_884_885_886_887_164_165_1069_166_876_124_875_123_874_122_121_888_889_890_891_1091_252_260_1092_120_119_118_117_167_168_169_1093_1094_261_262_263_170_171_172_173_873_872_871_870_174_175_176_1168_1167_1169_1166_1170_177_1095_1096_1097_1098_869_868_867_866_178_179_1165_1171_180_1164_1172_181_182_183_184_892_893_894_895_116_115_114_113_185_186_187_188_264_265_266_267_268_269_1099_1100_1101_1102_865_32_864_31_33_30_34_29_35_270_271_272_1184_1183_1185_1182_1186_273_1173_1174_1175_1176_1177_1178_1163_1162_1179_1180_112_784_189_190_191_1264_111_783_785_110_782_786_109_781_787_108_780_788_1181_1161_1160_1159_1158_274_275_276_1187_277_1188_1103_352_1104_224_896_223_225_897_222_226_898_221_227_899_789_790_791_792_278_279_107_106_105_104_280_28_27_26_25_351_353_1105_350_354_1106_349_355_1107_348_356_1108_779_778_777_776_220_219_218_217_1109_1110_1111_1112_103_102_101_100_1263_1265_1262_1266_1261_1267_1260_1268_99_98_216_215_775_774_773_1157_1156_1155_1154_281_282_283_284_24_357_358_359_1113_1114_1115_793_360_361_362_363_1259_1258_1257_1256_900_901_902_903_794_795_796_797_1189_1190_1191_1153_80_1152_79_81_78_82_904_905_906_907_285_286_287_1280_214_213_212_211_364_365_1116_1117_1118_1119_210_209_208_800_799_801_798_802_207_1279_1281_1278_1282_1277_1283_1276_1284_448_1120_447_449_446_450_1121_803_206_804_205_805_23_22_21_20_1122_445_451_1123_1269_1270_1271_1272_772_771_770_769_1124_1125_97_96_688_687_689_686_690_685_691_19_18_17_366_1192_1193_1194_684_683_682_1255_1254_1253_1252_1285_1286_1287_452_453_454_1195_1196_908_909_910_911_1126_1127_1128_1129_455_456_457_458_1130_1131_1132_1133_77_83_76_84_692_693_694_695_16_768_15_320_912_319_321_14_913_318_322_13_914_317_323_915_459_460_1288_1289_1290_36_37_38_806_807_808_809_85_86_681_680_1291_1273_1274_1275_1134_367_368_1200_1199_1201_1198_1202_369_1197_1203_370_461_462_463_1135_544_1136_543_545_542_546_1137_541_547_1138_916_917_918_919_204_203_202_201_696_697_698_699_1251_1250_1249_1248_371_372_373_374_920_921_375_376_377_1204_95_94_87_88_89_90_810_811_922_923_924_925_1139_1140_1141_1142_679_678_677_676_812_813_1292_1293_1294_1295_200_199_316_315_314_313_814_675_674_301_307_818_464_1216_1215_1217_1214_1218_465_700_701_702_703_1143_1144_312_12_311_11_310_10_309_673_0_672_1145_1146_926_91_92_93_1296_383_1297_382_1298_381_1299_198_197_196_195_1147_1148_9_8_378_379_380_1205_1206_1207_1208_444_7_6_5_4_194_193_192_704_705_706_817_819_304_816_820_303_305_302_306_815_821_822_1_2_3_1213_1212_466_1211_467_1210_1209_823_824_825_927_416_928_826_827_828_308_707_468_469_1219_470_1300_1301_1302_1303_1304_1305_1306_1307_708_1149_1150_1151_640_1308_1309_300_299_298_297_1310_1311_1312_479_478_1313_639_641_638_642_637_643_636_644_471_472_473_474_709_710_711_712_645_646_647_1314_477_1315_829_830_831_400_832_399_401_833_398_402_834_397_403_835_396_404_836_475_296_295_294_293_476_1220_1221_1222_1223_415_417_414_418_929_837_838_839_840_713_1316_1317_1318_1319_395_394_393_1320_1321_1322_1323_1224_1225_1226_413_412_930_411_931_410_292_291_290_289_648_649_650_651_409_408_407_406_841_842_843_405_392_391_390_389_1324_714_715_652_653_654_655_540_539_538_1325_1326_1327_288_720_719_721_718_722_717_723_388_387_386_385_1227_1228_1229_384_736_735_737_734_738_733_739_724_725_726_727_656_1247_657_1246_658_1245_659_932_933_934_935_728_844_845_846_847_936_937_938_496_848_495_497_494_498_849_493_499_850_1230_1231_560_1232_559_561_558_562_1233_939_940_941_942_419_660_661_662_663_557_563_1234_716_492_500_491_501_490_729_730_731_732_943_512_944_511_513_510_514_945_509_515_946_420_421_422_423_851_740_852_1328_575_1329_574_1330_573_1331_489_488_487_486_564_565_1235_566_1236_1237_1238_1239_853_854_855_856_567_857_1332_1333_508_507_506_505_568_556_555_554_553_664_665_666_667_741_742_743_744_1334_1335_1336_1337_1240_858_859_860_861_485_484_483_482_1338_862_863_592_591_593_590_594_745_746_747_748_595_587_596_586_569_570_571_504_503_502_597_598_572_1241_1242_516_517_518_519_585_584_588_583_589_582_749_750_751_668_669_670_671_635_634_947_948_949_950_1244_1343_1342_1341_481_480_752_753_754_755_1339_1340_951_952_953_581_580_579_578_756_757_758_954_955_577_1243_576_767_766_765_759_760_956_957_958_959_761_762_763_764_608_607_609_606_610_605_611_604_603_602_601_600_599_612_613_614_615_,0_1_2_3_4_5_6_7_8_9_10_11_12_13_14_15_16_17_18_19_20_21_22_23_24_25_26_27_28_29_30_31_32_33_34_35_36_37_38_39_40_41_42_43_44_45_46_47_48_49_50_51_52_53_54_55_56_57_58_59_60_61_62_63_64_65_66_67_68_69_70_71_72_73_74_75_76_77_78_79_80_81_82_83_84_85_86_87_88_89_90_91_92_93_94_95_96_97_98_99_100_101_102_103_104_105_106_107_108_109_110_111_112_113_114_115_116_117_118_119_120_121_122_123_124_125_126_127_128_129_130_131_132_133_134_135_136_137_138_139_140_141_142_143_144_145_146_147_148_149_150_151_152_153_154_155_156_157_158_159_160_161_162_163_164_165_166_167_168_169_170_171_172_173_174_175_176_177_178_179_180_181_182_183_184_185_186_187_188_189_190_191_192_193_194_195_196_197_198_199_200_201_202_203_204_205_206_207_208_209_210_211_212_213_214_215_216_217_218_219_220_221_222_223_224_225_226_227_228_229_230_231_232_233_234_235_236_237_238_239_240_241_242_243_244_245_246_247_248_249_250_251_252_253_254_255_256_257_258_259_260_261_262_263_264_265_266_267_268_269_270_271_272_273_274_275_276_277_278_279_280_281_282_283_284_285_286_287_288_289_290_291_292_293_294_295_296_297_298_299_300_301_302_303_304_305_306_307_308_309_310_311_312_313_314_315_316_317_318_319_320_321_322_323_324_325_326_327_328_329_330_331_332_333_334_335_336_337_338_339_340_341_342_343_344_345_346_347_348_349_350_351_352_353_354_355_356_357_358_359_360_361_362_363_364_365_366_367_368_369_370_371_372_373_374_375_376_377_378_379_380_381_382_383_384_385_386_387_388_389_390_391_392_393_394_395_396_397_398_399_400_401_402_403_404_405_406_407_408_409_410_411_412_413_414_415_416_417_418_419_420_421_422_423_424_425_426_427_428_429_430_431_432_433_434_435_436_437_438_439_440_441_442_443_444_445_446_447_448_449_450_451_452_453_454_455_456_457_458_459_460_461_462_463_464_465_466_467_468_469_470_471_472_473_474_475_476_477_478_479_480_481_482_483_484_485_486_487_488_489_490_491_492_493_494_495_496_497_498_499_500_501_502_503_504_505_506_507_508_509_510_511_512_513_514_515_516_517_518_519_520_521_522_523_524_525_526_527_528_529_530_531_532_533_534_535_536_537_538_539_540_541_542_543_544_545_546_547_548_549_550_551_552_553_554_555_556_557_558_559_560_561_562_563_564_565_566_567_568_569_570_571_572_573_574_575_576_577_578_579_580_581_582_583_584_585_586_587_588_589_590_591_592_593_594_595_596_597_598_599_600_601_602_603_604_605_606_607_608_609_610_611_612_613_614_615_616_617_618_619_620_621_622_623_624_625_626_627_628_629_630_631_632_633_634_635_636_637_638_639_640_641_642_643_644_645_646_647_648_649_650_651_652_653_654_655_656_657_658_659_660_661_662_663_664_665_666_667_668_669_670_671_672_673_674_675_676_677_678_679_680_681_682_683_684_685_686_687_688_689_690_691_692_693_694_695_696_697_698_699_700_701_702_703_704_705_706_707_708_709_710_711_712_713_714_715_716_717_718_719_720_721_722_723_724_725_726_727_728_729_730_731_732_733_734_735_736_737_738_739_740_741_742_743_744_745_746_747_748_749_750_751_752_753_754_755_756_757_758_759_760_761_762_763_764_765_766_767_768_769_770_771_772_773_774_775_776_777_778_779_780_781_782_783_784_785_786_787_788_789_790_791_792_793_794_795_796_797_798_799_800_801_802_803_804_805_806_807_808_809_810_811_812_813_814_815_816_817_818_819_820_821_822_823_824_825_826_827_828_829_830_831_832_833_834_835_836_837_838_839_840_841_842_843_844_845_846_847_848_849_850_851_852_853_854_855_856_857_858_859_860_861_862_863_864_865_866_867_868_869_870_871_872_873_874_875_876_877_878_879_880_881_882_883_884_885_886_887_888_889_890_891_892_893_894_895_896_897_898_899_900_901_902_903_904_905_906_907_908_909_910_911_912_913_914_915_916_917_918_919_920_921_922_923_924_925_926_927_928_929_930_931_932_933_934_935_936_937_938_939_940_941_942_943_944_945_946_947_948_949_950_951_952_953_954_955_956_957_958_959_960_961_962_963_964_965_966_967_968_969_970_971_972_973_974_975_976_977_978_979_980_981_982_983_984_985_986_987_988_989_990_991_992_993_994_995_996_997_998_999_1000_1001_1002_1003_1004_1005_1006_1007_1008_1009_1010_1011_1012_1013_1014_1015_1016_1017_1018_1019_1020_1021_1022_1023_1024_1025_1026_1027_1028_1029_1030_1031_1032_1033_1034_1035_1036_1037_1038_1039_1040_1041_1042_1043_1044_1045_1046_1047_1048_1049_1050_1051_1052_1053_1054_1055_1056_1057_1058_1059_1060_1061_1062_1063_1064_1065_1066_1067_1068_1069_1070_1071_1072_1073_1074_1075_1076_1077_1078_1079_1080_1081_1082_1083_1084_1085_1086_1087_1088_1089_1090_1091_1092_1093_1094_1095_1096_1097_1098_1099_1100_1101_1102_1103_1104_1105_1106_1107_1108_1109_1110_1111_1112_1113_1114_1115_1116_1117_1118_1119_1120_1121_1122_1123_1124_1125_1126_1127_1128_1129_1130_1131_1132_1133_1134_1135_1136_1137_1138_1139_1140_1141_1142_1143_1144_1145_1146_1147_1148_1149_1150_1151_1152_1153_1154_1155_1156_1157_1158_1159_1160_1161_1162_1163_1164_1165_1166_1167_1168_1169_1170_1171_1172_1173_1174_1175_1176_1177_1178_1179_1180_1181_1182_1183_1184_1185_1186_1187_1188_1189_1190_1191_1192_1193_1194_1195_1196_1197_1198_1199_1200_1201_1202_1203_1204_1205_1206_1207_1208_1209_1210_1211_1212_1213_1214_1215_1216_1217_1218_1219_1220_1221_1222_1223_1224_1225_1226_1227_1228_1229_1230_1231_1232_1233_1234_1235_1236_1237_1238_1239_1240_1241_1242_1243_1244_1245_1246_1247_1248_1249_1250_1251_1252_1253_1254_1255_1256_1257_1258_1259_1260_1261_1262_1263_1264_1265_1266_1267_1268_1269_1270_1271_1272_1273_1274_1275_1276_1277_1278_1279_1280_1281_1282_1283_1284_1285_1286_1287_1288_1289_1290_1291_1292_1293_1294_1295_1296_1297_1298_1299_1300_1301_1302_1303_1304_1305_1306_1307_1308_1309_1310_1311_1312_1313_1314_1315_1316_1317_1318_1319_1320_1321_1322_1323_1324_1325_1326_1327_1328_1329_1330_1331_1332_1333_1334_1335_1336_1337_1338_1339_1340_1341_1342_1343_,8:{7;6;5;4;}12:{9;8;}14:{12;11;10;}17:{16;768;15;14;13;}21:{19;18;17;}24:{23;22;21;20;}28:{24;}29:{28;27;26;25;}34:{36;37;38;}82:{85;86;}86:{87;88;89;90;}90:{91;92;93;}98:{97;96;688;687;689;686;690;685;691;}102:{99;98;}104:{103;102;101;100;}108:{107;106;105;104;}116:{112;784;}117:{116;115;114;113;}121:{120;119;118;117;}125:{124;123;122;121;}129:{128;880;879;881;127;878;882;126;877;883;125;}133:{132;131;130;129;}137:{136;135;134;133;}141:{140;142;139;143;138;144;976;975;977;974;978;137;145;}145:{146;147;148;973;979;141;149;}146:{150;}149:{151;152;153;}153:{154;155;156;157;}157:{158;159;160;1072;1071;1073;1070;1074;161;}162:{164;165;1069;166;}165:{167;168;169;}169:{170;171;172;173;}173:{174;175;176;1168;1167;1169;1166;1170;177;}176:{178;179;1165;1171;180;1164;1172;}180:{181;182;183;184;}184:{185;186;187;188;}188:{189;190;191;1264;}190:{1263;1265;1262;1266;1261;1267;}192:{708;}194:{707;}195:{194;193;192;704;705;706;}199:{198;197;196;195;}203:{200;199;}205:{204;203;202;201;}211:{210;209;208;800;799;801;798;802;207;}215:{214;213;212;211;}219:{216;215;}221:{220;219;218;217;}256:{1091;252;260;1092;}259:{261;262;263;}263:{264;265;266;267;}265:{268;269;}269:{270;271;272;1184;1183;1185;1182;1186;273;}272:{1188;}273:{274;275;276;1187;277;}275:{278;279;}276:{280;}280:{281;282;283;284;}284:{285;286;287;1280;}289:{288;720;719;721;718;722;717;723;}293:{292;291;290;289;}297:{296;295;294;293;}301:{300;299;298;297;}311:{308;}313:{312;311;310;309;}317:{316;315;314;313;}355:{357;358;359;}359:{360;361;362;363;}361:{364;365;}362:{366;}366:{367;368;1200;1199;1201;1198;1202;369;1197;1203;370;}368:{1204;}370:{371;372;373;374;}373:{375;376;377;}377:{378;379;380;}385:{384;736;735;737;734;738;733;739;}389:{388;387;386;385;}393:{392;391;390;389;}397:{395;394;393;}400:{399;401;833;398;402;834;397;403;835;396;404;836;}406:{405;}410:{409;408;407;406;}414:{413;412;930;411;931;410;}419:{420;421;422;423;}448:{444;}450:{452;453;454;}454:{455;456;457;458;}456:{459;460;}459:{461;462;463;}461:{464;1216;1215;1217;1214;1218;465;}466:{468;469;1219;470;}470:{471;472;473;474;}471:{475;}475:{476;}482:{481;480;752;753;754;755;}486:{485;484;483;482;}490:{489;488;487;486;}494:{492;491;490;}496:{851;852;}497:{500;501;}505:{504;503;502;}509:{508;507;506;505;}515:{516;517;518;519;}542:{540;539;538;}557:{556;555;554;553;}562:{564;565;1235;566;}563:{567;}564:{568;}567:{569;570;571;}571:{572;}578:{576;767;766;765;}581:{577;}582:{581;580;579;578;}586:{585;584;588;583;589;582;}590:{587;586;}592:{595;596;}594:{597;598;}601:{600;599;}605:{604;603;602;601;}611:{612;613;614;615;}638:{635;634;}640:{639;641;638;642;637;643;636;644;}643:{645;646;647;}647:{648;649;650;651;}651:{652;653;654;655;}655:{656;1247;657;1246;658;1245;659;}659:{660;661;662;663;}663:{664;665;666;667;}667:{668;669;670;671;}670:{1343;1342;1341;}672:{1;2;3;}676:{673;0;672;}678:{675;674;}680:{679;678;677;676;}684:{681;680;}686:{684;683;682;}691:{692;693;694;695;}695:{696;697;698;699;}699:{700;701;702;703;}708:{709;710;711;712;}709:{713;}711:{714;715;}715:{716;}723:{724;725;726;727;}724:{728;}728:{729;730;731;732;}736:{740;}740:{741;742;743;744;}744:{745;746;747;748;}747:{749;750;751;}754:{756;757;758;}756:{759;760;}760:{761;762;763;764;}773:{772;771;770;769;}777:{775;774;773;}780:{779;778;777;776;}784:{111;783;785;110;782;786;109;781;787;108;780;788;}788:{789;790;791;792;}789:{793;}793:{794;795;796;797;}801:{803;206;804;205;805;}805:{806;807;808;809;}807:{810;811;}809:{812;813;}810:{814;}814:{301;307;818;}818:{817;819;304;816;820;303;305;302;306;815;821;822;}821:{823;824;825;}824:{826;827;828;}828:{829;830;831;400;832;}836:{837;838;839;840;}839:{841;842;843;}843:{844;845;846;847;}846:{496;848;495;497;494;498;849;493;499;850;}852:{853;854;855;856;}853:{857;}857:{858;859;860;861;}861:{862;863;592;591;593;590;594;}866:{865;32;864;31;33;30;34;29;35;}870:{869;868;867;866;}874:{873;872;871;870;}878:{876;875;874;}883:{884;885;886;887;}886:{888;889;890;}887:{891;}891:{892;893;894;895;}895:{224;896;223;225;897;222;226;898;221;227;899;}899:{900;901;902;903;}903:{904;905;906;907;}907:{908;909;910;911;}911:{320;912;319;321;913;318;322;914;317;323;915;}915:{916;917;918;919;}917:{920;921;}921:{922;923;924;925;}922:{926;}924:{927;416;928;}925:{415;417;414;418;929;}926:{419;}931:{932;933;934;935;}934:{936;937;938;}938:{939;940;941;942;}942:{943;512;944;511;513;510;514;945;509;515;946;}946:{947;948;949;950;}949:{951;952;953;}951:{954;955;}955:{956;957;958;959;}958:{608;607;609;606;610;605;611;}1074:{1075;1076;162;1077;163;1078;}1078:{1079;1080;1081;1082;}1082:{1083;1084;1085;1086;}1086:{1087;256;1088;255;257;254;258;1089;253;259;1090;}1090:{1093;1094;}1094:{1095;1096;1097;1098;}1098:{1099;1100;1101;1102;}1100:{1103;352;1104;}1104:{351;353;1105;350;354;1106;349;355;1107;348;356;1108;}1108:{1109;1110;1111;1112;}1111:{1113;1114;1115;}1115:{1116;1117;1118;1119;}1117:{448;1120;447;449;446;450;1121;}1119:{1122;445;451;1123;}1121:{1124;1125;}1125:{1126;1127;1128;1129;}1129:{1130;1131;1132;1133;}1130:{1134;}1134:{1135;544;1136;543;545;542;546;1137;541;547;1138;}1138:{1139;1140;1141;1142;}1140:{1143;1144;}1142:{1145;1146;}1144:{1147;1148;}1148:{1149;1150;1151;640;}1152:{77;83;76;84;}1155:{1153;80;1152;79;81;78;82;}1158:{1157;1156;1155;1154;}1162:{1161;1160;1159;1158;}1166:{1163;1162;}1171:{1173;1174;1175;}1174:{1176;1177;1178;}1176:{1179;1180;}1180:{1181;}1187:{1189;1190;1191;}1190:{1192;1193;1194;}1192:{1195;1196;}1204:{1205;1206;1207;1208;}1208:{1209;}1214:{1213;1212;466;1211;467;1210;}1219:{1220;1221;1222;1223;}1222:{1224;1225;1226;}1225:{1227;1228;1229;}1229:{1230;1231;560;1232;559;561;558;562;1233;}1230:{557;563;1234;}1235:{1236;1237;1238;1239;}1236:{1240;}1238:{1241;1242;}1242:{1244;}1246:{1243;}1251:{95;94;}1252:{1251;1250;1249;1248;}1256:{1255;1254;1253;1252;}1260:{1259;1258;1257;1256;}1264:{1260;1268;}1268:{1269;1270;1271;1272;}1272:{1273;1274;1275;}1280:{1279;1281;1278;1282;1277;1283;1276;1284;}1283:{1285;1286;1287;}1286:{1288;1289;1290;}1287:{1291;}1291:{1292;1293;1294;1295;}1295:{1296;383;1297;382;1298;381;1299;}1299:{1300;1301;1302;1303;}1303:{1304;1305;1306;1307;}1305:{1308;1309;}1309:{1310;1311;1312;479;478;1313;}1311:{1314;477;1315;}1315:{1316;1317;1318;1319;}1319:{1320;1321;1322;1323;}1320:{1324;}1323:{1325;1326;1327;}1327:{1328;575;1329;574;1330;573;1331;}1329:{1332;1333;}1333:{1334;1335;1336;1337;}1334:{1338;}1336:{1339;1340;},8_9_81_82_100_101_102_180_181_182_200_201_273_274_308_309_310_356_357_358_811_812_917_918_1107_1108_1186_1187_1188_1189_,141-140*0_141-142*0_141-139*0_141-143*0_141-138*0_141-144*0_141-976*0_141-975*0_141-977*0_141-974*0_141-978*0_141-137*0_141-145*0_145-146*1_145-147*1_145-148*1_145-973*1_145-979*1_145-141*1_145-149*1_146-150*2_137-136*1_137-135*1_137-134*1_137-133*1_149-151*3_149-152*3_149-153*3_133-132*2_133-131*2_133-130*2_133-129*2_153-154*4_153-155*4_153-156*4_153-157*4_157-158*5_157-159*5_157-160*5_157-1072*5_157-1071*5_157-1073*5_157-1070*5_157-1074*5_157-161*5_1074-1075*6_1074-1076*6_1074-162*6_1074-1077*6_1074-163*6_1074-1078*6_129-128*3_129-880*3_129-879*3_129-881*3_129-127*3_129-878*3_129-882*3_129-126*3_129-877*3_129-883*3_129-125*3_1078-1079*7_1078-1080*7_1078-1081*7_1078-1082*7_1082-1083*8_1082-1084*8_1082-1085*8_1082-1086*8_1086-1087*9_1086-256*9_1086-1088*9_1086-255*9_1086-257*9_1086-254*9_1086-258*9_1086-1089*9_1086-253*9_1086-259*9_1086-1090*9_883-884*4_883-885*4_883-886*4_883-887*4_162-164*7_162-165*7_162-1069*7_162-166*7_878-876*4_125-124*4_878-875*4_125-123*4_878-874*4_125-122*4_125-121*4_886-888*5_886-889*5_886-890*5_887-891*6_256-1091*10_256-252*10_256-260*10_256-1092*10_121-120*5_121-119*5_121-118*5_121-117*5_165-167*8_165-168*8_165-169*8_1090-1093*10_1090-1094*10_259-261*11_259-262*11_259-263*11_169-170*9_169-171*9_169-172*9_169-173*9_874-873*5_874-872*5_874-871*5_874-870*5_173-174*10_173-175*10_173-176*10_173-1168*10_173-1167*10_173-1169*10_173-1166*10_173-1170*10_173-177*10_1094-1095*11_1094-1096*11_1094-1097*11_1094-1098*11_870-869*6_870-868*6_870-867*6_870-866*6_176-178*11_176-179*11_176-1165*11_176-1171*11_176-180*11_176-1164*11_176-1172*11_180-181*12_180-182*12_180-183*12_180-184*12_891-892*7_891-893*7_891-894*7_891-895*7_117-116*6_117-115*6_117-114*6_117-113*6_184-185*13_184-186*13_184-187*13_184-188*13_263-264*12_263-265*12_263-266*12_263-267*12_265-268*13_265-269*13_1098-1099*12_1098-1100*12_1098-1101*12_1098-1102*12_866-865*7_866-32*7_866-864*7_866-31*7_866-33*7_866-30*7_866-34*7_866-29*7_866-35*7_269-270*14_269-271*14_269-272*14_269-1184*14_269-1183*14_269-1185*14_269-1182*14_269-1186*14_269-273*14_1171-1173*12_1171-1174*12_1171-1175*12_1174-1176*13_1174-1177*13_1174-1178*13_1166-1163*12_1166-1162*12_1176-1179*14_1176-1180*14_116-112*8_116-784*8_188-189*14_188-190*14_188-191*14_188-1264*14_784-111*9_784-783*9_784-785*9_784-110*9_784-782*9_784-786*9_784-109*9_784-781*9_784-787*9_784-108*9_784-780*9_784-788*9_1180-1181*15_1162-1161*13_1162-1160*13_1162-1159*13_1162-1158*13_273-274*15_273-275*15_273-276*15_273-1187*15_273-277*15_272-1188*16_1100-1103*13_1100-352*13_1100-1104*13_895-224*8_895-896*8_895-223*8_895-225*8_895-897*8_895-222*8_895-226*8_895-898*8_895-221*8_895-227*8_895-899*8_788-789*10_788-790*10_788-791*10_788-792*10_275-278*17_275-279*17_108-107*10_108-106*10_108-105*10_108-104*10_276-280*18_29-28*8_29-27*8_29-26*8_29-25*8_1104-351*14_1104-353*14_1104-1105*14_1104-350*14_1104-354*14_1104-1106*14_1104-349*14_1104-355*14_1104-1107*14_1104-348*14_1104-356*14_1104-1108*14_780-779*10_780-778*10_780-777*10_780-776*10_221-220*9_221-219*9_221-218*9_221-217*9_1108-1109*15_1108-1110*15_1108-1111*15_1108-1112*15_104-103*11_104-102*11_104-101*11_104-100*11_190-1263*15_190-1265*15_190-1262*15_190-1266*15_190-1261*15_190-1267*15_1264-1260*15_1264-1268*15_102-99*12_102-98*12_219-216*10_219-215*10_777-775*11_777-774*11_777-773*11_1158-1157*14_1158-1156*14_1158-1155*14_1158-1154*14_280-281*19_280-282*19_280-283*19_280-284*19_28-24*9_355-357*15_355-358*15_355-359*15_1111-1113*16_1111-1114*16_1111-1115*16_789-793*11_359-360*16_359-361*16_359-362*16_359-363*16_1260-1259*16_1260-1258*16_1260-1257*16_1260-1256*16_899-900*9_899-901*9_899-902*9_899-903*9_793-794*12_793-795*12_793-796*12_793-797*12_1187-1189*17_1187-1190*17_1187-1191*17_1155-1153*15_1155-80*15_1155-1152*15_1155-79*15_1155-81*15_1155-78*15_1155-82*15_903-904*10_903-905*10_903-906*10_903-907*10_284-285*20_284-286*20_284-287*20_284-1280*20_215-214*11_215-213*11_215-212*11_215-211*11_361-364*17_361-365*17_1115-1116*17_1115-1117*17_1115-1118*17_1115-1119*17_211-210*12_211-209*12_211-208*12_211-800*12_211-799*12_211-801*12_211-798*12_211-802*12_211-207*12_1280-1279*21_1280-1281*21_1280-1278*21_1280-1282*21_1280-1277*21_1280-1283*21_1280-1276*21_1280-1284*21_1117-448*18_1117-1120*18_1117-447*18_1117-449*18_1117-446*18_1117-450*18_1117-1121*18_801-803*13_801-206*13_801-804*13_801-205*13_801-805*13_24-23*10_24-22*10_24-21*10_24-20*10_1119-1122*19_1119-445*19_1119-451*19_1119-1123*19_1268-1269*16_1268-1270*16_1268-1271*16_1268-1272*16_773-772*12_773-771*12_773-770*12_773-769*12_1121-1124*19_1121-1125*19_98-97*13_98-96*13_98-688*13_98-687*13_98-689*13_98-686*13_98-690*13_98-685*13_98-691*13_21-19*11_21-18*11_21-17*11_362-366*18_1190-1192*18_1190-1193*18_1190-1194*18_686-684*14_686-683*14_686-682*14_1256-1255*17_1256-1254*17_1256-1253*17_1256-1252*17_1283-1285*22_1283-1286*22_1283-1287*22_450-452*20_450-453*20_450-454*20_1192-1195*19_1192-1196*19_907-908*11_907-909*11_907-910*11_907-911*11_1125-1126*20_1125-1127*20_1125-1128*20_1125-1129*20_454-455*21_454-456*21_454-457*21_454-458*21_1129-1130*21_1129-1131*21_1129-1132*21_1129-1133*21_1152-77*16_1152-83*16_1152-76*16_1152-84*16_691-692*14_691-693*14_691-694*14_691-695*14_17-16*12_17-768*12_17-15*12_911-320*12_911-912*12_911-319*12_911-321*12_17-14*12_911-913*12_911-318*12_911-322*12_17-13*12_911-914*12_911-317*12_911-323*12_911-915*12_456-459*22_456-460*22_1286-1288*23_1286-1289*23_1286-1290*23_34-36*8_34-37*8_34-38*8_805-806*14_805-807*14_805-808*14_805-809*14_82-85*17_82-86*17_684-681*15_684-680*15_1287-1291*24_1272-1273*17_1272-1274*17_1272-1275*17_1130-1134*22_366-367*19_366-368*19_366-1200*19_366-1199*19_366-1201*19_366-1198*19_366-1202*19_366-369*19_366-1197*19_366-1203*19_366-370*19_459-461*23_459-462*23_459-463*23_1134-1135*23_1134-544*23_1134-1136*23_1134-543*23_1134-545*23_1134-542*23_1134-546*23_1134-1137*23_1134-541*23_1134-547*23_1134-1138*23_915-916*13_915-917*13_915-918*13_915-919*13_205-204*14_205-203*14_205-202*14_205-201*14_695-696*15_695-697*15_695-698*15_695-699*15_1252-1251*18_1252-1250*18_1252-1249*18_1252-1248*18_370-371*20_370-372*20_370-373*20_370-374*20_917-920*14_917-921*14_373-375*21_373-376*21_373-377*21_368-1204*21_1251-95*20_1251-94*20_86-87*18_86-88*18_86-89*18_86-90*18_807-810*15_807-811*15_921-922*15_921-923*15_921-924*15_921-925*15_1138-1139*24_1138-1140*24_1138-1141*24_1138-1142*24_680-679*16_680-678*16_680-677*16_680-676*16_809-812*15_809-813*15_1291-1292*25_1291-1293*25_1291-1294*25_1291-1295*25_203-200*15_203-199*15_317-316*13_317-315*13_317-314*13_317-313*13_810-814*16_678-675*17_678-674*17_814-301*17_814-307*17_814-818*17_461-464*24_461-1216*24_461-1215*24_461-1217*24_461-1214*24_461-1218*24_461-465*24_699-700*16_699-701*16_699-702*16_699-703*16_1140-1143*25_1140-1144*25_313-312*14_14-12*14_313-311*14_14-11*14_313-310*14_14-10*14_313-309*14_676-673*18_676-0*18_676-672*18_1142-1145*25_1142-1146*25_922-926*16_90-91*19_90-92*19_90-93*19_1295-1296*26_1295-383*26_1295-1297*26_1295-382*26_1295-1298*26_1295-381*26_1295-1299*26_199-198*16_199-197*16_199-196*16_199-195*16_1144-1147*26_1144-1148*26_12-9*15_12-8*15_377-378*22_377-379*22_377-380*22_1204-1205*22_1204-1206*22_1204-1207*22_1204-1208*22_448-444*20_8-7*16_8-6*16_8-5*16_8-4*16_195-194*17_195-193*17_195-192*17_195-704*17_195-705*17_195-706*17_818-817*18_818-819*18_818-304*18_818-816*18_818-820*18_818-303*18_818-305*18_818-302*18_818-306*18_818-815*18_818-821*18_818-822*18_672-1*19_672-2*19_672-3*19_1214-1213*25_1214-1212*25_1214-466*25_1214-1211*25_1214-467*25_1214-1210*25_1208-1209*23_821-823*19_821-824*19_821-825*19_924-927*17_924-416*17_924-928*17_824-826*20_824-827*20_824-828*20_311-308*15_194-707*18_466-468*26_466-469*26_466-1219*26_466-470*26_1299-1300*27_1299-1301*27_1299-1302*27_1299-1303*27_1303-1304*28_1303-1305*28_1303-1306*28_1303-1307*28_192-708*19_1148-1149*27_1148-1150*27_1148-1151*27_1148-640*27_1305-1308*29_1305-1309*29_301-300*19_301-299*19_301-298*19_301-297*19_1309-1310*30_1309-1311*30_1309-1312*30_1309-479*30_1309-478*30_1309-1313*30_640-639*28_640-641*28_640-638*28_640-642*28_640-637*28_640-643*28_640-636*28_640-644*28_470-471*27_470-472*27_470-473*27_470-474*27_708-709*20_708-710*20_708-711*20_708-712*20_643-645*29_643-646*29_643-647*29_1311-1314*31_1311-477*31_1311-1315*31_828-829*21_828-830*21_828-831*21_828-400*21_828-832*21_400-399*22_400-401*22_400-833*22_400-398*22_400-402*22_400-834*22_400-397*22_400-403*22_400-835*22_400-396*22_400-404*22_400-836*22_471-475*28_297-296*20_297-295*20_297-294*20_297-293*20_475-476*29_1219-1220*27_1219-1221*27_1219-1222*27_1219-1223*27_925-415*18_925-417*18_925-414*18_925-418*18_925-929*18_836-837*23_836-838*23_836-839*23_836-840*23_709-713*21_1315-1316*32_1315-1317*32_1315-1318*32_1315-1319*32_397-395*23_397-394*23_397-393*23_1319-1320*33_1319-1321*33_1319-1322*33_1319-1323*33_1222-1224*28_1222-1225*28_1222-1226*28_414-413*19_414-412*19_414-930*19_414-411*19_414-931*19_414-410*19_293-292*21_293-291*21_293-290*21_293-289*21_647-648*30_647-649*30_647-650*30_647-651*30_410-409*20_410-408*20_410-407*20_410-406*20_839-841*24_839-842*24_839-843*24_406-405*21_393-392*24_393-391*24_393-390*24_393-389*24_1320-1324*33_711-714*22_711-715*22_651-652*31_651-653*31_651-654*31_651-655*31_542-540*25_542-539*25_542-538*25_1323-1325*34_1323-1326*34_1323-1327*34_289-288*22_289-720*22_289-719*22_289-721*22_289-718*22_289-722*22_289-717*22_289-723*22_389-388*25_389-387*25_389-386*25_389-385*25_1225-1227*29_1225-1228*29_1225-1229*29_385-384*26_385-736*26_385-735*26_385-737*26_385-734*26_385-738*26_385-733*26_385-739*26_723-724*23_723-725*23_723-726*23_723-727*23_655-656*32_655-1247*32_655-657*32_655-1246*32_655-658*32_655-1245*32_655-659*32_931-932*20_931-933*20_931-934*20_931-935*20_724-728*24_843-844*25_843-845*25_843-846*25_843-847*25_934-936*21_934-937*21_934-938*21_846-496*26_846-848*26_846-495*26_846-497*26_846-494*26_846-498*26_846-849*26_846-493*26_846-499*26_846-850*26_1229-1230*30_1229-1231*30_1229-560*30_1229-1232*30_1229-559*30_1229-561*30_1229-558*30_1229-562*30_1229-1233*30_938-939*22_938-940*22_938-941*22_938-942*22_926-419*18_659-660*33_659-661*33_659-662*33_659-663*33_1230-557*31_1230-563*31_1230-1234*31_715-716*23_494-492*27_497-500*27_494-491*27_497-501*27_494-490*27_728-729*25_728-730*25_728-731*25_728-732*25_942-943*23_942-512*23_942-944*23_942-511*23_942-513*23_942-510*23_942-514*23_942-945*23_942-509*23_942-515*23_942-946*23_419-420*19_419-421*19_419-422*19_419-423*19_496-851*27_736-740*27_496-852*27_1327-1328*35_1327-575*35_1327-1329*35_1327-574*35_1327-1330*35_1327-573*35_1327-1331*35_490-489*28_490-488*28_490-487*28_490-486*28_562-564*32_562-565*32_562-1235*32_562-566*32_1235-1236*33_1235-1237*33_1235-1238*33_1235-1239*33_852-853*28_852-854*28_852-855*28_852-856*28_563-567*33_853-857*29_1329-1332*36_1329-1333*36_509-508*24_509-507*24_509-506*24_509-505*24_564-568*34_557-556*32_557-555*32_557-554*32_557-553*32_663-664*34_663-665*34_663-666*34_663-667*34_740-741*28_740-742*28_740-743*28_740-744*28_1333-1334*37_1333-1335*37_1333-1336*37_1333-1337*37_1236-1240*35_857-858*30_857-859*30_857-860*30_857-861*30_486-485*29_486-484*29_486-483*29_486-482*29_1334-1338*38_861-862*31_861-863*31_861-592*31_861-591*31_861-593*31_861-590*31_861-594*31_744-745*29_744-746*29_744-747*29_744-748*29_592-595*32_590-587*32_592-596*32_590-586*32_567-569*35_567-570*35_567-571*35_505-504*25_505-503*25_505-502*25_594-597*32_594-598*32_571-572*36_1238-1241*36_1238-1242*36_515-516*24_515-517*24_515-518*24_515-519*24_586-585*33_586-584*33_586-588*33_586-583*33_586-589*33_586-582*33_747-749*30_747-750*30_747-751*30_667-668*35_667-669*35_667-670*35_667-671*35_638-635*30_638-634*30_946-947*25_946-948*25_946-949*25_946-950*25_1242-1244*37_670-1343*36_670-1342*36_670-1341*36_482-481*30_482-480*30_482-752*30_482-753*30_482-754*30_482-755*30_1336-1339*39_1336-1340*39_949-951*26_949-952*26_949-953*26_582-581*34_582-580*34_582-579*34_582-578*34_754-756*32_754-757*32_754-758*32_951-954*27_951-955*27_581-577*35_1246-1243*38_578-576*36_578-767*36_578-766*36_578-765*36_756-759*33_756-760*33_955-956*28_955-957*28_955-958*28_955-959*28_760-761*34_760-762*34_760-763*34_760-764*34_958-608*29_958-607*29_958-609*29_958-606*29_958-610*29_958-605*29_958-611*29_605-604*30_605-603*30_605-602*30_605-601*30_601-600*31_601-599*31_611-612*31_611-613*31_611-614*31_611-615*31_
