"id","Scenario","Actual Range","Protocol","Buildings","Total nodes","Nodes on circ","Total coverage","Coverage on circ","Alert received mean time","Hops","Slots","Messages sent","Messages received", "Starting x", "Starting y","Starting node", "Vehicle distance", "Received node ids", "Node ids", "Transmission map", "Received on circ nodes", "Transmission vector"
0,1,100,0,0,333,5,136,0,-nan,-nan,-nan,25,136,0,100,0,25,1_2_3_4_5_6_7_8_9_10_11_12_13_0_14_15_16_17_18_19_20_21_22_23_24_25_26_27_28_29_30_31_32_34_33_35_36_37_38_39_40_41_42_43_44_45_46_47_48_49_50_51_52_53_54_55_56_57_58_59_60_61_62_63_64_65_66_67_68_69_70_71_72_73_74_75_76_77_78_79_80_81_82_83_84_86_85_87_88_89_90_91_92_93_94_95_96_97_98_99_100_101_102_103_104_105_106_107_108_109_110_111_112_114_113_115_116_117_118_119_120_121_122_123_124_125_126_127_128_129_130_131_132_133_134_135_,0_1_2_3_4_5_6_7_8_9_10_11_12_13_14_15_16_17_18_19_20_21_22_23_24_25_26_27_28_29_30_31_32_33_34_35_36_37_38_39_40_41_42_43_44_45_46_47_48_49_50_51_52_53_54_55_56_57_58_59_60_61_62_63_64_65_66_67_68_69_70_71_72_73_74_75_76_77_78_79_80_81_82_83_84_85_86_87_88_89_90_91_92_93_94_95_96_97_98_99_100_101_102_103_104_105_106_107_108_109_110_111_112_113_114_115_116_117_118_119_120_121_122_123_124_125_126_127_128_129_130_131_132_133_134_135_136_137_138_139_140_141_142_143_144_145_146_147_148_149_150_151_152_153_154_155_156_157_158_159_160_161_162_163_164_165_166_167_168_169_170_171_172_173_174_175_176_177_178_179_180_181_182_183_184_185_186_187_188_189_190_191_192_193_194_195_196_197_198_199_200_201_202_203_204_205_206_207_208_209_210_211_212_213_214_215_216_217_218_219_220_221_222_223_224_225_226_227_228_229_230_231_232_233_234_235_236_237_238_239_240_241_242_243_244_245_246_247_248_249_250_251_252_253_254_255_256_257_258_259_260_261_262_263_264_265_266_267_268_269_270_271_272_273_274_275_276_277_278_279_280_281_282_283_284_285_286_287_288_289_290_291_292_293_294_295_296_297_298_299_300_301_302_303_304_305_306_307_308_309_310_311_312_313_314_315_316_317_318_319_320_321_322_323_324_325_326_327_328_329_330_331_332_,0:{1;2;3;4;5;6;7;}7:{8;9;10;11;12;13;0;14;15;16;}16:{17;18;19;20;21;22;23;24;25;}25:{26;27;28;29;30;31;32;34;}27:{33;}33:{35;36;37;38;39;40;41;}37:{42;43;44;45;46;}45:{47;48;49;50;51;52;}47:{53;54;}54:{55;56;57;58;59;60;61;}60:{62;63;64;65;66;67;}63:{68;69;70;71;72;}72:{73;74;75;76;77;78;79;80;}77:{81;82;83;84;86;}82:{85;87;88;89;90;}90:{91;92;93;94;95;96;97;98;}98:{99;100;101;102;103;104;105;106;107;}105:{108;109;110;111;112;114;}110:{113;115;116;117;}116:{118;119;120;121;122;123;124;125;}119:{126;127;}127:{128;129;130;131;132;133;134;135;},,0-1*0_0-2*0_0-3*0_0-4*0_0-5*0_0-6*0_0-7*0_7-8*1_7-9*1_7-10*1_7-11*1_7-12*1_7-13*1_7-0*1_7-14*1_7-15*1_7-16*1_16-17*2_16-18*2_16-19*2_16-20*2_16-21*2_16-22*2_16-23*2_16-24*2_16-25*2_25-26*3_25-27*3_25-28*3_25-29*3_25-30*3_25-31*3_25-32*3_25-34*3_27-33*4_33-35*5_33-36*5_33-37*5_33-38*5_33-39*5_33-40*5_33-41*5_37-42*6_37-43*6_37-44*6_37-45*6_37-46*6_45-47*7_45-48*7_45-49*7_45-50*7_45-51*7_45-52*7_47-53*8_47-54*8_54-55*9_54-56*9_54-57*9_54-58*9_54-59*9_54-60*9_54-61*9_60-62*10_60-63*10_60-64*10_60-65*10_60-66*10_60-67*10_63-68*11_63-69*11_63-70*11_63-71*11_63-72*11_72-73*12_72-74*12_72-75*12_72-76*12_72-77*12_72-78*12_72-79*12_72-80*12_77-81*13_77-82*13_77-83*13_77-84*13_77-86*13_82-85*14_82-87*14_82-88*14_82-89*14_82-90*14_90-91*15_90-92*15_90-93*15_90-94*15_90-95*15_90-96*15_90-97*15_90-98*15_98-99*16_98-100*16_98-101*16_98-102*16_98-103*16_98-104*16_98-105*16_98-106*16_98-107*16_105-108*17_105-109*17_105-110*17_105-111*17_105-112*17_105-114*17_110-113*18_110-115*18_110-116*18_110-117*18_116-118*19_116-119*19_116-120*19_116-121*19_116-122*19_116-123*19_116-124*19_116-125*19_119-126*20_119-127*20_127-128*21_127-129*21_127-130*21_127-131*21_127-132*21_127-133*21_127-134*21_127-135*21_
