"id","Scenario","Actual Range","Protocol","Buildings","Total nodes","Nodes on circ","Total coverage","Coverage on circ","Alert received mean time","Hops","Slots","Messages sent","Messages received", "Starting x", "Starting y","Starting node", "Vehicle distance", "Received node ids", "Node ids", "Transmission map", "Received on circ nodes", "Transmission vector"
0,1,300,0,0,333,4,333,4,4724,4,6,22,333,0,100,0,25,1_2_3_4_5_6_7_8_9_10_11_12_13_14_15_16_17_18_19_20_21_22_23_24_25_26_27_28_29_30_31_32_33_34_35_36_37_38_39_40_41_42_43_44_45_0_46_47_48_64_65_66_67_68_69_70_71_72_63_73_62_74_61_75_60_76_59_77_58_78_57_79_56_80_55_81_54_82_53_83_52_84_51_85_50_86_49_87_88_89_90_91_92_93_94_95_96_97_98_99_100_101_102_103_104_105_106_107_108_109_110_111_112_113_114_115_116_117_118_119_120_121_122_123_124_125_126_127_128_129_130_131_132_133_134_135_136_137_138_139_140_141_142_143_144_145_146_147_148_149_150_151_152_153_154_155_156_157_158_159_160_161_162_163_164_165_166_167_168_169_170_171_172_173_174_175_176_177_178_179_180_181_182_183_184_185_186_187_188_189_190_191_192_193_194_195_196_197_198_199_200_201_202_203_204_205_206_207_208_209_210_211_212_213_214_215_216_217_237_238_239_240_241_218_219_220_236_235_234_233_232_242_231_243_230_244_229_245_228_246_227_247_226_248_225_249_224_250_223_251_222_252_221_253_254_255_256_257_258_259_260_261_262_263_264_265_266_267_268_269_270_271_272_273_274_275_276_277_278_279_280_281_282_283_284_285_286_287_288_289_290_291_292_293_294_295_296_297_298_299_300_301_302_303_304_305_306_307_308_309_310_311_312_313_314_315_316_317_318_319_320_321_322_323_324_325_326_327_328_329_330_331_332_,0_1_2_3_4_5_6_7_8_9_10_11_12_13_14_15_16_17_18_19_20_21_22_23_24_25_26_27_28_29_30_31_32_33_34_35_36_37_38_39_40_41_42_43_44_45_46_47_48_49_50_51_52_53_54_55_56_57_58_59_60_61_62_63_64_65_66_67_68_69_70_71_72_73_74_75_76_77_78_79_80_81_82_83_84_85_86_87_88_89_90_91_92_93_94_95_96_97_98_99_100_101_102_103_104_105_106_107_108_109_110_111_112_113_114_115_116_117_118_119_120_121_122_123_124_125_126_127_128_129_130_131_132_133_134_135_136_137_138_139_140_141_142_143_144_145_146_147_148_149_150_151_152_153_154_155_156_157_158_159_160_161_162_163_164_165_166_167_168_169_170_171_172_173_174_175_176_177_178_179_180_181_182_183_184_185_186_187_188_189_190_191_192_193_194_195_196_197_198_199_200_201_202_203_204_205_206_207_208_209_210_211_212_213_214_215_216_217_218_219_220_221_222_223_224_225_226_227_228_229_230_231_232_233_234_235_236_237_238_239_240_241_242_243_244_245_246_247_248_249_250_251_252_253_254_255_256_257_258_259_260_261_262_263_264_265_266_267_268_269_270_271_272_273_274_275_276_277_278_279_280_281_282_283_284_285_286_287_288_289_290_291_292_293_294_295_296_297_298_299_300_301_302_303_304_305_306_307_308_309_310_311_312_313_314_315_316_317_318_319_320_321_322_323_324_325_326_327_328_329_330_331_332_,0:{1;2;3;4;5;6;7;8;9;10;11;12;13;14;15;16;17;18;19;20;21;22;23;24;25;}23:{26;27;28;29;30;31;32;33;34;35;36;37;38;39;40;41;42;43;44;45;0;46;47;48;}46:{64;65;66;67;68;69;70;71;}68:{72;63;73;62;74;61;75;60;76;59;77;58;78;57;79;56;80;55;81;54;82;53;83;52;84;51;85;50;86;49;87;88;89;90;91;92;93;}76:{94;95;96;97;98;99;100;101;}101:{102;103;104;105;106;107;108;109;110;111;112;113;114;115;116;117;118;119;120;121;122;123;124;125;126;}125:{127;128;129;130;131;132;133;134;135;136;137;138;139;140;141;142;143;144;145;146;147;148;149;150;}148:{151;152;153;154;155;156;157;158;159;160;161;162;163;164;165;166;167;168;169;170;171;172;173;}169:{174;175;176;177;178;179;180;181;182;183;184;185;186;187;188;189;190;191;192;193;194;}192:{195;196;197;198;199;200;201;202;203;204;205;206;207;208;209;210;211;212;213;214;215;216;217;}195:{218;219;220;}216:{237;238;239;240;241;}237:{236;235;234;233;232;242;231;243;230;244;229;245;228;246;227;247;226;248;225;249;224;250;223;251;222;252;221;253;254;255;256;257;258;259;260;261;262;}259:{263;264;265;266;267;268;269;270;271;272;273;274;275;276;277;278;279;280;281;282;283;284;}280:{285;286;287;288;289;290;291;292;293;294;295;296;297;298;299;300;301;302;303;304;305;}287:{306;307;308;309;310;311;312;}312:{313;314;315;316;317;318;319;320;321;322;323;324;325;326;327;328;329;330;331;332;},82_83_84_85_,0-1*0_0-2*0_0-3*0_0-4*0_0-5*0_0-6*0_0-7*0_0-8*0_0-9*0_0-10*0_0-11*0_0-12*0_0-13*0_0-14*0_0-15*0_0-16*0_0-17*0_0-18*0_0-19*0_0-20*0_0-21*0_0-22*0_0-23*0_0-24*0_0-25*0_23-26*1_23-27*1_23-28*1_23-29*1_23-30*1_23-31*1_23-32*1_23-33*1_23-34*1_23-35*1_23-36*1_23-37*1_23-38*1_23-39*1_23-40*1_23-41*1_23-42*1_23-43*1_23-44*1_23-45*1_23-0*1_23-46*1_23-47*1_23-48*1_46-64*2_46-65*2_46-66*2_46-67*2_46-68*2_46-69*2_46-70*2_46-71*2_68-72*3_68-63*3_68-73*3_68-62*3_68-74*3_68-61*3_68-75*3_68-60*3_68-76*3_68-59*3_68-77*3_68-58*3_68-78*3_68-57*3_68-79*3_68-56*3_68-80*3_68-55*3_68-81*3_68-54*3_68-82*3_68-53*3_68-83*3_68-52*3_68-84*3_68-51*3_68-85*3_68-50*3_68-86*3_68-49*3_68-87*3_68-88*3_68-89*3_68-90*3_68-91*3_68-92*3_68-93*3_76-94*4_76-95*4_76-96*4_76-97*4_76-98*4_76-99*4_76-100*4_76-101*4_101-102*5_101-103*5_101-104*5_101-105*5_101-106*5_101-107*5_101-108*5_101-109*5_101-110*5_101-111*5_101-112*5_101-113*5_101-114*5_101-115*5_101-116*5_101-117*5_101-118*5_101-119*5_101-120*5_101-121*5_101-122*5_101-123*5_101-124*5_101-125*5_101-126*5_125-127*6_125-128*6_125-129*6_125-130*6_125-131*6_125-132*6_125-133*6_125-134*6_125-135*6_125-136*6_125-137*6_125-138*6_125-139*6_125-140*6_125-141*6_125-142*6_125-143*6_125-144*6_125-145*6_125-146*6_125-147*6_125-148*6_125-149*6_125-150*6_148-151*7_148-152*7_148-153*7_148-154*7_148-155*7_148-156*7_148-157*7_148-158*7_148-159*7_148-160*7_148-161*7_148-162*7_148-163*7_148-164*7_148-165*7_148-166*7_148-167*7_148-168*7_148-169*7_148-170*7_148-171*7_148-172*7_148-173*7_169-174*8_169-175*8_169-176*8_169-177*8_169-178*8_169-179*8_169-180*8_169-181*8_169-182*8_169-183*8_169-184*8_169-185*8_169-186*8_169-187*8_169-188*8_169-189*8_169-190*8_169-191*8_169-192*8_169-193*8_169-194*8_192-195*9_192-196*9_192-197*9_192-198*9_192-199*9_192-200*9_192-201*9_192-202*9_192-203*9_192-204*9_192-205*9_192-206*9_192-207*9_192-208*9_192-209*9_192-210*9_192-211*9_192-212*9_192-213*9_192-214*9_192-215*9_192-216*9_192-217*9_216-237*10_216-238*10_216-239*10_216-240*10_216-241*10_195-218*10_195-219*10_195-220*10_237-236*11_237-235*11_237-234*11_237-233*11_237-232*11_237-242*11_237-231*11_237-243*11_237-230*11_237-244*11_237-229*11_237-245*11_237-228*11_237-246*11_237-227*11_237-247*11_237-226*11_237-248*11_237-225*11_237-249*11_237-224*11_237-250*11_237-223*11_237-251*11_237-222*11_237-252*11_237-221*11_237-253*11_237-254*11_237-255*11_237-256*11_237-257*11_237-258*11_237-259*11_237-260*11_237-261*11_237-262*11_259-263*12_259-264*12_259-265*12_259-266*12_259-267*12_259-268*12_259-269*12_259-270*12_259-271*12_259-272*12_259-273*12_259-274*12_259-275*12_259-276*12_259-277*12_259-278*12_259-279*12_259-280*12_259-281*12_259-282*12_259-283*12_259-284*12_280-285*13_280-286*13_280-287*13_280-288*13_280-289*13_280-290*13_280-291*13_280-292*13_280-293*13_280-294*13_280-295*13_280-296*13_280-297*13_280-298*13_280-299*13_280-300*13_280-301*13_280-302*13_280-303*13_280-304*13_280-305*13_287-306*14_287-307*14_287-308*14_287-309*14_287-310*14_287-311*14_287-312*14_312-313*15_312-314*15_312-315*15_312-316*15_312-317*15_312-318*15_312-319*15_312-320*15_312-321*15_312-322*15_312-323*15_312-324*15_312-325*15_312-326*15_312-327*15_312-328*15_312-329*15_312-330*15_312-331*15_312-332*15_
