"id","Scenario","Actual Range","Protocol","Buildings","Total nodes","Nodes on circ","Total coverage","Coverage on circ","Alert received mean time","Hops","Slots","Messages sent","Messages received", "Starting x", "Starting y","Starting node", "Vehicle distance", "Received node ids", "Node ids", "Transmission map", "Received on circ nodes", "Transmission vector"
0,1,300,0,0,333,4,333,4,9856.75,19,50,5.75,9.5,21,333,0,100,0,25,1_2_3_4_5_6_7_8_9_10_11_12_13_14_15_16_17_18_19_20_21_22_23_24_25_0_26_27_28_29_30_31_32_33_34_35_36_37_38_39_40_41_42_43_44_45_46_47_48_49_50_51_52_53_54_55_56_57_58_59_60_61_62_63_64_65_66_67_68_69_70_71_72_73_74_75_76_77_78_79_80_81_82_83_84_85_86_87_88_89_90_91_92_93_94_95_96_97_98_99_100_101_102_103_104_105_106_107_108_109_110_111_112_113_114_115_116_117_118_119_120_121_122_123_124_125_126_127_128_129_130_131_132_133_134_135_136_137_138_139_140_141_142_143_144_145_146_147_148_149_150_151_152_153_154_155_156_157_158_159_160_161_162_163_164_165_166_167_168_169_170_171_172_173_174_175_176_177_178_179_180_181_182_183_184_185_186_187_188_189_190_191_192_193_194_195_196_197_198_199_200_201_202_203_204_205_206_207_208_209_210_211_212_213_214_215_216_217_218_219_220_221_222_223_224_225_226_227_228_229_230_231_232_233_234_235_236_237_238_239_240_241_242_243_244_245_246_247_248_249_250_251_252_253_254_255_256_257_258_259_260_261_262_263_264_265_266_267_268_269_270_271_272_273_274_275_276_277_278_279_280_281_282_283_284_285_286_287_288_289_290_291_292_293_294_295_296_297_298_299_300_325_324_326_323_327_322_328_321_329_320_330_319_331_318_332_317_316_315_314_313_312_311_310_309_308_307_306_305_304_303_302_301_,0_1_2_3_4_5_6_7_8_9_10_11_12_13_14_15_16_17_18_19_20_21_22_23_24_25_26_27_28_29_30_31_32_33_34_35_36_37_38_39_40_41_42_43_44_45_46_47_48_49_50_51_52_53_54_55_56_57_58_59_60_61_62_63_64_65_66_67_68_69_70_71_72_73_74_75_76_77_78_79_80_81_82_83_84_85_86_87_88_89_90_91_92_93_94_95_96_97_98_99_100_101_102_103_104_105_106_107_108_109_110_111_112_113_114_115_116_117_118_119_120_121_122_123_124_125_126_127_128_129_130_131_132_133_134_135_136_137_138_139_140_141_142_143_144_145_146_147_148_149_150_151_152_153_154_155_156_157_158_159_160_161_162_163_164_165_166_167_168_169_170_171_172_173_174_175_176_177_178_179_180_181_182_183_184_185_186_187_188_189_190_191_192_193_194_195_196_197_198_199_200_201_202_203_204_205_206_207_208_209_210_211_212_213_214_215_216_217_218_219_220_221_222_223_224_225_226_227_228_229_230_231_232_233_234_235_236_237_238_239_240_241_242_243_244_245_246_247_248_249_250_251_252_253_254_255_256_257_258_259_260_261_262_263_264_265_266_267_268_269_270_271_272_273_274_275_276_277_278_279_280_281_282_283_284_285_286_287_288_289_290_291_292_293_294_295_296_297_298_299_300_301_302_303_304_305_306_307_308_309_310_311_312_313_314_315_316_317_318_319_320_321_322_323_324_325_326_327_328_329_330_331_332_,0:{1;2;3;4;5;6;7;8;9;10;11;12;13;14;15;16;17;18;19;20;21;22;23;24;25;}11:{0;26;27;28;29;30;31;32;33;34;35;36;}31:{37;38;39;40;41;42;43;44;45;46;47;48;49;50;51;52;53;54;55;56;}49:{57;58;59;60;61;62;63;64;65;66;67;68;69;70;71;72;73;74;}57:{75;76;77;78;79;80;81;82;}80:{83;84;85;86;87;88;89;90;91;92;93;94;95;96;97;98;99;100;101;102;103;104;105;}104:{106;107;108;109;110;111;112;113;114;115;116;117;118;119;120;121;122;123;124;125;126;127;128;129;}129:{130;131;132;133;134;135;136;137;138;139;140;141;142;143;144;145;146;147;148;149;150;151;152;153;154;}154:{155;156;157;158;159;160;161;162;163;164;165;166;167;168;169;170;171;172;173;174;175;176;177;178;179;}163:{180;181;182;183;184;185;186;187;188;}187:{189;190;191;192;193;194;195;196;197;198;199;200;201;202;203;204;205;206;207;208;209;210;211;212;}195:{213;214;215;216;217;218;219;220;}219:{221;222;223;224;225;226;227;228;229;230;231;232;233;234;235;236;237;238;239;240;241;242;243;244;}240:{245;246;247;248;249;250;251;252;253;254;255;256;257;258;259;260;261;262;263;264;265;}249:{266;267;268;269;270;271;272;273;274;}273:{275;276;277;278;279;280;281;282;283;284;285;286;287;288;289;290;291;292;293;294;295;296;297;298;}275:{299;300;}300:{325;}325:{324;326;323;327;322;328;321;329;320;330;319;331;318;332;317;316;315;314;313;312;311;310;309;308;307;306;305;304;303;302;301;},82_83_84_85_,0-1*0_0-2*0_0-3*0_0-4*0_0-5*0_0-6*0_0-7*0_0-8*0_0-9*0_0-10*0_0-11*0_0-12*0_0-13*0_0-14*0_0-15*0_0-16*0_0-17*0_0-18*0_0-19*0_0-20*0_0-21*0_0-22*0_0-23*0_0-24*0_0-25*0_11-0*1_11-26*1_11-27*1_11-28*1_11-29*1_11-30*1_11-31*1_11-32*1_11-33*1_11-34*1_11-35*1_11-36*1_31-37*2_31-38*2_31-39*2_31-40*2_31-41*2_31-42*2_31-43*2_31-44*2_31-45*2_31-46*2_31-47*2_31-48*2_31-49*2_31-50*2_31-51*2_31-52*2_31-53*2_31-54*2_31-55*2_31-56*2_49-57*3_49-58*3_49-59*3_49-60*3_49-61*3_49-62*3_49-63*3_49-64*3_49-65*3_49-66*3_49-67*3_49-68*3_49-69*3_49-70*3_49-71*3_49-72*3_49-73*3_49-74*3_57-75*4_57-76*4_57-77*4_57-78*4_57-79*4_57-80*4_57-81*4_57-82*4_80-83*5_80-84*5_80-85*5_80-86*5_80-87*5_80-88*5_80-89*5_80-90*5_80-91*5_80-92*5_80-93*5_80-94*5_80-95*5_80-96*5_80-97*5_80-98*5_80-99*5_80-100*5_80-101*5_80-102*5_80-103*5_80-104*5_80-105*5_104-106*6_104-107*6_104-108*6_104-109*6_104-110*6_104-111*6_104-112*6_104-113*6_104-114*6_104-115*6_104-116*6_104-117*6_104-118*6_104-119*6_104-120*6_104-121*6_104-122*6_104-123*6_104-124*6_104-125*6_104-126*6_104-127*6_104-128*6_104-129*6_129-130*7_129-131*7_129-132*7_129-133*7_129-134*7_129-135*7_129-136*7_129-137*7_129-138*7_129-139*7_129-140*7_129-141*7_129-142*7_129-143*7_129-144*7_129-145*7_129-146*7_129-147*7_129-148*7_129-149*7_129-150*7_129-151*7_129-152*7_129-153*7_129-154*7_154-155*8_154-156*8_154-157*8_154-158*8_154-159*8_154-160*8_154-161*8_154-162*8_154-163*8_154-164*8_154-165*8_154-166*8_154-167*8_154-168*8_154-169*8_154-170*8_154-171*8_154-172*8_154-173*8_154-174*8_154-175*8_154-176*8_154-177*8_154-178*8_154-179*8_163-180*9_163-181*9_163-182*9_163-183*9_163-184*9_163-185*9_163-186*9_163-187*9_163-188*9_187-189*10_187-190*10_187-191*10_187-192*10_187-193*10_187-194*10_187-195*10_187-196*10_187-197*10_187-198*10_187-199*10_187-200*10_187-201*10_187-202*10_187-203*10_187-204*10_187-205*10_187-206*10_187-207*10_187-208*10_187-209*10_187-210*10_187-211*10_187-212*10_195-213*11_195-214*11_195-215*11_195-216*11_195-217*11_195-218*11_195-219*11_195-220*11_219-221*12_219-222*12_219-223*12_219-224*12_219-225*12_219-226*12_219-227*12_219-228*12_219-229*12_219-230*12_219-231*12_219-232*12_219-233*12_219-234*12_219-235*12_219-236*12_219-237*12_219-238*12_219-239*12_219-240*12_219-241*12_219-242*12_219-243*12_219-244*12_240-245*13_240-246*13_240-247*13_240-248*13_240-249*13_240-250*13_240-251*13_240-252*13_240-253*13_240-254*13_240-255*13_240-256*13_240-257*13_240-258*13_240-259*13_240-260*13_240-261*13_240-262*13_240-263*13_240-264*13_240-265*13_249-266*14_249-267*14_249-268*14_249-269*14_249-270*14_249-271*14_249-272*14_249-273*14_249-274*14_273-275*15_273-276*15_273-277*15_273-278*15_273-279*15_273-280*15_273-281*15_273-282*15_273-283*15_273-284*15_273-285*15_273-286*15_273-287*15_273-288*15_273-289*15_273-290*15_273-291*15_273-292*15_273-293*15_273-294*15_273-295*15_273-296*15_273-297*15_273-298*15_275-299*16_275-300*16_300-325*17_325-324*18_325-326*18_325-323*18_325-327*18_325-322*18_325-328*18_325-321*18_325-329*18_325-320*18_325-330*18_325-319*18_325-331*18_325-318*18_325-332*18_325-317*18_325-316*18_325-315*18_325-314*18_325-313*18_325-312*18_325-311*18_325-310*18_325-309*18_325-308*18_325-307*18_325-306*18_325-305*18_325-304*18_325-303*18_325-302*18_325-301*18_
