"id","Scenario","Actual Range","Protocol","Buildings","Total nodes","Nodes on circ","Total coverage","Coverage on circ","Alert received mean time","Hops","Slots","Messages sent","Messages received", "Starting x", "Starting y","Starting node", "Vehicle distance", "Received node ids", "Node ids", "Transmission map", "Received on circ nodes", "Transmission vector"
0,1,500,100,0,1344,21,1344,21,4361.67,2.95238,4.85714,1059,1344,2500,2250,662,25,661_663_660_664_659_665_658_666_657_667_656_668_1247_1246_1245_655_669_1244_1243_654_670_1242_653_671_1241_652_1240_1343_1342_1341_1340_1239_651_1339_1238_1338_650_1337_1237_1336_649_1236_1335_648_1334_1235_1333_647_1234_1332_566_646_565_567_564_568_1233_563_569_1331_562_570_561_571_645_560_572_1232_1330_559_573_558_574_644_1231_1329_557_575_556_1328_1230_643_555_1327_1229_554_642_1228_1227_1226_1225_1224_1223_1222_1326_1325_1324_553_1221_1323_1322_552_1220_1321_1320_1219_551_1319_1218_1318_550_1317_1217_469_549_468_470_662_467_471_466_472_1316_465_473_464_474_1216_548_1315_463_475_462_476_1215_1314_461_477_547_460_478_1313_1214_459_479_546_458_1312_1213_457_545_1311_1310_1309_1308_1212_1211_1210_1209_1208_1207_1206_456_1205_455_1204_454_1203_453_1202_452_1201_451_368_1200_367_369_366_370_450_365_371_364_372_363_373_1199_449_362_374_361_375_1118_1198_1117_1119_360_376_448_1116_1120_1115_1121_1307_1114_1122_1306_359_377_1113_1123_1305_1197_1112_1124_1304_447_358_378_1111_1125_1303_357_379_1110_1126_1302_1196_446_1109_1127_1301_356_380_1108_1128_1300_1195_355_381_445_1107_1129_1299_354_382_1106_1130_1194_1298_641_640_1151_1150_639_1149_638_1148_1147_637_1146_636_1145_635_1144_634_1143_633_1142_632_1141_631_1140_630_1139_629_1138_628_1137_627_544_1136_543_542_626_541_1135_540_539_625_1134_538_537_624_1055_1054_1053_1133_536_1052_1051_1050_535_623_1289_344_1288_1287_343_1286_342_1285_1284_341_282_1283_283_340_284_1282_285_339_286_1281_287_338_1280_444_443_337_442_441_1010_1009_1011_336_440_1008_1012_1007_1013_1006_1014_439_1005_1015_1004_1016_335_438_1003_1017_437_1002_1018_256_1088_255_254_334_253_1001_1019_252_436_251_1000_1020_250_1087_333_435_249_999_1021_248_434_998_1022_1086_622_621_1032_1031_1030_1029_524_1028_383_1296_1105_1295_1297_1294_1293_352_1104_351_353_1292_350_349_1291_1103_348_1290_347_1102_346_1101_345_1100_1099_1098_1193_1097_1192_1096_1191_1190_1095_1189_1094_281_280_1188_279_278_1187_277_1093_276_1279_1186_275_1092_433_274_1023_1185_1278_273_432_1024_1091_272_1184_1025_1277_431_271_1026_1090_1276_1275_1274_1273_1272_1271_1270_1269_1268_1183_1182_1181_1267_1180_270_1179_1266_1178_269_1177_1265_268_267_266_265_264_263_262_261_260_259_258_1089_257_909_413_934_1085_1084_1083_1082_1081_1080_247_1079_246_1078_245_1077_244_1076_243_1075_242_1074_241_1073_160_240_992_1072_159_161_991_993_158_162_990_994_157_163_989_995_156_164_988_996_155_165_987_239_1071_154_166_986_153_167_985_152_168_984_1176_238_1070_151_169_983_1175_150_170_982_1174_237_1069_149_171_981_1173_148_172_236_980_1068_1172_529_1039_528_1040_1041_1042_1043_1044_527_1045_1046_1047_526_1048_1049_525_1171_1170_1033_1169_1034_177_176_178_1168_175_179_174_180_173_181_182_1167_183_184_185_1166_186_187_1165_188_417_189_927_416_928_929_930_931_932_415_933_935_414_936_937_938_316_939_225_897_315_314_1132_620_619_618_617_616_615_614_613_612_611_610_609_959_608_958_957_956_955_954_607_953_952_951_606_950_517_949_605_516_948_515_947_967_899_900_901_966_222_902_965_221_903_879_904_878_964_127_877_876_126_963_875_1067_125_874_962_1066_1264_191_190_1263_1262_1261_1260_1259_1258_1257_1256_1255_1254_1253_1164_1252_1131_534_533_532_531_530_427_1251_1250_1249_1248_95_1163_94_93_92_1162_91_1161_90_1160_89_88_1159_87_1158_86_1157_908_910_907_911_320_906_912_319_321_318_322_905_913_317_914_915_916_313_917_312_918_311_919_310_898_920_309_921_308_224_896_922_223_226_227_307_220_228_219_229_895_923_218_230_306_217_231_894_924_216_232_305_215_233_813_893_925_812_814_811_815_304_810_816_214_234_809_817_808_818_892_926_213_807_819_303_806_820_212_805_821_891_302_804_822_211_803_823_890_210_418_301_419_412_420_802_824_411_421_209_410_422_801_825_889_523_522_521_520_519_518_514_946_513_945_512_944_997_235_332_331_330_329_328_327_326_325_324_323_888_1065_1064_1063_1062_1061_1060_1059_1058_147_1057_146_64_1056_63_65_145_62_66_61_67_60_68_59_69_975_974_973_58_70_972_971_57_71_970_56_72_143_969_968_55_73_54_74_142_53_75_141_52_76_1156_51_77_1155_1035_1036_1037_1038_300_826_827_299_828_298_409_408_407_829_406_405_297_404_830_403_402_296_831_401_208_400_800_832_295_207_399_799_833_206_294_398_429_428_426_425_424_423_85_84_83_1154_82_1153_81_796_795_794_793_792_293_791_292_790_291_789_290_788_289_787_288_720_786_719_721_718_722_717_723_887_716_724_715_725_785_886_714_726_116_115_117_114_118_113_119_885_713_727_112_120_784_111_121_712_728_884_110_122_711_729_109_123_783_397_396_395_883_394_108_124_710_730_393_392_107_782_882_709_731_391_106_390_881_708_732_105_781_389_834_388_707_733_104_128_192_704_880_387_706_734_835_386_705_735_385_80_1152_79_78_430_496_848_588_587_134_41_40_39_38_37_36_35_34_33_32_864_865_866_867_868_869_870_31_204_203_202_201_200_199_198_197_196_195_129_130_131_132_133_135_136_137_138_836_837_838_839_840_841_842_979_978_977_144_976_140_845_494_844_843_798_797_205_961_48_960_47_46_45_44_43_42_139_871_872_873_30_29_1027_384_736_737_738_739_740_28_27_26_25_24_23_22_21_20_19_18_17_16_768_769_770_771_772_773_15_774_775_776_14_777_778_13_779_12_780_693_692_691_690_689_96_688_97_98_99_100_101_102_687_604_603_602_601_600_741_742_743_744_745_746_747_748_749_750_751_480_752_481_482_483_484_485_753_486_487_488_754_489_490_755_511_943_510_942_509_941_508_940_507_506_505_504_503_502_501_500_499_498_497_847_849_846_850_851_852_853_495_854_855_856_599_857_598_858_493_597_859_492_596_860_49_50_686_685_684_683_682_681_11_680_10_9_679_8_678_193_703_194_702_701_700_699_698_595_594_593_592_863_862_861_591_590_589_586_585_584_583_582_581_580_579_103_677_676_7_675_6_5_4_674_3_2_673_1_0_672_758_759_760_761_762_763_764_765_766_578_697_696_695_694_577_576_767_757_756_491_,0_1_2_3_4_5_6_7_8_9_10_11_12_13_14_15_16_17_18_19_20_21_22_23_24_25_26_27_28_29_30_31_32_33_34_35_36_37_38_39_40_41_42_43_44_45_46_47_48_49_50_51_52_53_54_55_56_57_58_59_60_61_62_63_64_65_66_67_68_69_70_71_72_73_74_75_76_77_78_79_80_81_82_83_84_85_86_87_88_89_90_91_92_93_94_95_96_97_98_99_100_101_102_103_104_105_106_107_108_109_110_111_112_113_114_115_116_117_118_119_120_121_122_123_124_125_126_127_128_129_130_131_132_133_134_135_136_137_138_139_140_141_142_143_144_145_146_147_148_149_150_151_152_153_154_155_156_157_158_159_160_161_162_163_164_165_166_167_168_169_170_171_172_173_174_175_176_177_178_179_180_181_182_183_184_185_186_187_188_189_190_191_192_193_194_195_196_197_198_199_200_201_202_203_204_205_206_207_208_209_210_211_212_213_214_215_216_217_218_219_220_221_222_223_224_225_226_227_228_229_230_231_232_233_234_235_236_237_238_239_240_241_242_243_244_245_246_247_248_249_250_251_252_253_254_255_256_257_258_259_260_261_262_263_264_265_266_267_268_269_270_271_272_273_274_275_276_277_278_279_280_281_282_283_284_285_286_287_288_289_290_291_292_293_294_295_296_297_298_299_300_301_302_303_304_305_306_307_308_309_310_311_312_313_314_315_316_317_318_319_320_321_322_323_324_325_326_327_328_329_330_331_332_333_334_335_336_337_338_339_340_341_342_343_344_345_346_347_348_349_350_351_352_353_354_355_356_357_358_359_360_361_362_363_364_365_366_367_368_369_370_371_372_373_374_375_376_377_378_379_380_381_382_383_384_385_386_387_388_389_390_391_392_393_394_395_396_397_398_399_400_401_402_403_404_405_406_407_408_409_410_411_412_413_414_415_416_417_418_419_420_421_422_423_424_425_426_427_428_429_430_431_432_433_434_435_436_437_438_439_440_441_442_443_444_445_446_447_448_449_450_451_452_453_454_455_456_457_458_459_460_461_462_463_464_465_466_467_468_469_470_471_472_473_474_475_476_477_478_479_480_481_482_483_484_485_486_487_488_489_490_491_492_493_494_495_496_497_498_499_500_501_502_503_504_505_506_507_508_509_510_511_512_513_514_515_516_517_518_519_520_521_522_523_524_525_526_527_528_529_530_531_532_533_534_535_536_537_538_539_540_541_542_543_544_545_546_547_548_549_550_551_552_553_554_555_556_557_558_559_560_561_562_563_564_565_566_567_568_569_570_571_572_573_574_575_576_577_578_579_580_581_582_583_584_585_586_587_588_589_590_591_592_593_594_595_596_597_598_599_600_601_602_603_604_605_606_607_608_609_610_611_612_613_614_615_616_617_618_619_620_621_622_623_624_625_626_627_628_629_630_631_632_633_634_635_636_637_638_639_640_641_642_643_644_645_646_647_648_649_650_651_652_653_654_655_656_657_658_659_660_661_662_663_664_665_666_667_668_669_670_671_672_673_674_675_676_677_678_679_680_681_682_683_684_685_686_687_688_689_690_691_692_693_694_695_696_697_698_699_700_701_702_703_704_705_706_707_708_709_710_711_712_713_714_715_716_717_718_719_720_721_722_723_724_725_726_727_728_729_730_731_732_733_734_735_736_737_738_739_740_741_742_743_744_745_746_747_748_749_750_751_752_753_754_755_756_757_758_759_760_761_762_763_764_765_766_767_768_769_770_771_772_773_774_775_776_777_778_779_780_781_782_783_784_785_786_787_788_789_790_791_792_793_794_795_796_797_798_799_800_801_802_803_804_805_806_807_808_809_810_811_812_813_814_815_816_817_818_819_820_821_822_823_824_825_826_827_828_829_830_831_832_833_834_835_836_837_838_839_840_841_842_843_844_845_846_847_848_849_850_851_852_853_854_855_856_857_858_859_860_861_862_863_864_865_866_867_868_869_870_871_872_873_874_875_876_877_878_879_880_881_882_883_884_885_886_887_888_889_890_891_892_893_894_895_896_897_898_899_900_901_902_903_904_905_906_907_908_909_910_911_912_913_914_915_916_917_918_919_920_921_922_923_924_925_926_927_928_929_930_931_932_933_934_935_936_937_938_939_940_941_942_943_944_945_946_947_948_949_950_951_952_953_954_955_956_957_958_959_960_961_962_963_964_965_966_967_968_969_970_971_972_973_974_975_976_977_978_979_980_981_982_983_984_985_986_987_988_989_990_991_992_993_994_995_996_997_998_999_1000_1001_1002_1003_1004_1005_1006_1007_1008_1009_1010_1011_1012_1013_1014_1015_1016_1017_1018_1019_1020_1021_1022_1023_1024_1025_1026_1027_1028_1029_1030_1031_1032_1033_1034_1035_1036_1037_1038_1039_1040_1041_1042_1043_1044_1045_1046_1047_1048_1049_1050_1051_1052_1053_1054_1055_1056_1057_1058_1059_1060_1061_1062_1063_1064_1065_1066_1067_1068_1069_1070_1071_1072_1073_1074_1075_1076_1077_1078_1079_1080_1081_1082_1083_1084_1085_1086_1087_1088_1089_1090_1091_1092_1093_1094_1095_1096_1097_1098_1099_1100_1101_1102_1103_1104_1105_1106_1107_1108_1109_1110_1111_1112_1113_1114_1115_1116_1117_1118_1119_1120_1121_1122_1123_1124_1125_1126_1127_1128_1129_1130_1131_1132_1133_1134_1135_1136_1137_1138_1139_1140_1141_1142_1143_1144_1145_1146_1147_1148_1149_1150_1151_1152_1153_1154_1155_1156_1157_1158_1159_1160_1161_1162_1163_1164_1165_1166_1167_1168_1169_1170_1171_1172_1173_1174_1175_1176_1177_1178_1179_1180_1181_1182_1183_1184_1185_1186_1187_1188_1189_1190_1191_1192_1193_1194_1195_1196_1197_1198_1199_1200_1201_1202_1203_1204_1205_1206_1207_1208_1209_1210_1211_1212_1213_1214_1215_1216_1217_1218_1219_1220_1221_1222_1223_1224_1225_1226_1227_1228_1229_1230_1231_1232_1233_1234_1235_1236_1237_1238_1239_1240_1241_1242_1243_1244_1245_1246_1247_1248_1249_1250_1251_1252_1253_1254_1255_1256_1257_1258_1259_1260_1261_1262_1263_1264_1265_1266_1267_1268_1269_1270_1271_1272_1273_1274_1275_1276_1277_1278_1279_1280_1281_1282_1283_1284_1285_1286_1287_1288_1289_1290_1291_1292_1293_1294_1295_1296_1297_1298_1299_1300_1301_1302_1303_1304_1305_1306_1307_1308_1309_1310_1311_1312_1313_1314_1315_1316_1317_1318_1319_1320_1321_1322_1323_1324_1325_1326_1327_1328_1329_1330_1331_1332_1333_1334_1335_1336_1337_1338_1339_1340_1341_1342_1343_,32:{28;27;26;25;24;23;22;21;20;19;18;17;16;768;769;770;771;772;773;15;774;775;776;14;777;778;13;779;12;780;}51:{41;40;39;38;37;36;35;34;33;32;864;865;866;867;868;869;870;31;}91:{80;1152;79;78;}106:{103;677;676;7;675;6;5;4;674;3;2;673;1;0;672;}142:{49;50;}189:{85;84;83;1154;82;1153;81;}203:{697;696;695;694;}205:{193;703;}212:{796;795;794;793;792;791;790;789;788;787;786;887;785;886;116;115;117;114;118;113;119;885;112;120;784;111;121;884;110;122;109;123;783;883;108;124;107;782;882;106;881;105;781;104;128;192;704;880;}222:{798;797;205;}248:{979;978;977;144;976;140;}273:{1171;1170;1169;177;176;178;1168;175;179;174;180;173;181;182;1167;183;184;185;1166;186;187;1165;188;189;}301:{293;292;291;290;289;288;720;719;721;718;722;717;723;716;724;715;725;714;726;713;727;712;728;711;729;397;396;395;394;710;730;393;392;709;731;391;390;708;732;389;834;388;707;733;387;706;734;835;386;705;735;385;}314:{300;826;827;299;828;298;409;408;407;829;406;405;297;404;830;403;402;296;831;401;208;400;800;832;295;207;399;799;833;206;294;398;}334:{316;315;314;}343:{427;}364:{268;267;266;265;264;263;262;261;260;259;258;1089;257;}373:{1289;1288;1287;1286;1285;1284;282;1283;283;284;1282;285;286;1281;287;1280;}379:{383;1296;1295;1297;1294;1293;1292;1291;1290;1193;1192;1191;1190;1189;281;280;1188;279;278;1187;277;276;1279;1186;275;274;1185;1278;273;272;1184;1277;271;}388:{491;}417:{836;837;838;839;840;841;842;}431:{430;}440:{1027;}494:{758;759;760;761;762;763;764;765;766;578;}512:{511;943;510;942;509;941;508;940;507;506;505;504;503;502;501;500;499;498;497;847;849;846;850;851;852;853;495;854;855;856;599;857;598;858;493;597;859;492;596;860;}544:{1032;1031;1030;1029;524;1028;}548:{1131;534;533;532;531;530;}565:{1228;1227;1226;1225;1224;1223;1222;1326;1325;1324;553;1221;1323;1322;552;1220;1321;1320;1219;551;1319;1218;1318;550;1317;1217;469;549;468;470;662;467;471;466;472;1316;465;473;464;474;1216;548;1315;463;475;462;476;1215;1314;461;477;547;460;478;1313;1214;459;479;546;458;1312;1213;457;545;}589:{577;576;767;757;756;}599:{595;594;593;592;863;862;861;591;590;589;586;585;584;583;582;581;580;579;}607:{588;587;}620:{604;603;602;601;600;}643:{641;640;1151;1150;639;1149;638;1148;1147;637;1146;636;1145;635;1144;634;1143;633;1142;632;1141;631;1140;630;1139;629;1138;628;1137;627;544;1136;543;542;626;541;1135;540;539;625;1134;538;537;624;1055;1054;1053;1133;536;1052;1051;1050;535;623;}662:{661;663;660;664;659;665;658;666;657;667;656;668;1247;1246;1245;655;669;1244;1243;654;670;1242;653;671;1241;652;1240;1343;1342;1341;1340;1239;651;1339;1238;1338;650;1337;1237;1336;649;1236;1335;648;1334;1235;1333;647;1234;1332;566;646;565;567;564;568;1233;563;569;1331;562;570;561;571;645;560;572;1232;1330;559;573;558;574;644;1231;1329;557;575;556;1328;1230;643;555;1327;1229;554;642;}707:{693;692;691;690;689;96;688;97;98;99;100;101;102;687;}735:{741;742;743;744;745;746;747;748;749;750;751;480;752;481;482;483;484;485;753;486;487;488;754;489;490;755;}786:{686;685;684;683;682;681;11;680;10;9;679;8;678;}806:{194;702;701;700;699;698;}815:{204;203;202;201;200;199;198;197;196;195;}824:{384;736;737;738;739;740;}897:{129;130;131;132;133;135;136;137;138;}909:{908;910;907;911;320;906;912;319;321;318;322;905;913;317;914;915;916;313;917;312;918;311;919;310;898;920;309;921;308;224;896;922;223;226;227;307;220;228;219;229;895;923;218;230;306;217;231;894;924;216;232;305;215;233;813;893;925;812;814;811;815;304;810;816;214;234;809;817;808;818;892;926;213;807;819;303;806;820;212;805;821;891;302;804;822;211;803;823;890;210;418;301;419;412;420;802;824;411;421;209;410;422;801;825;889;}951:{845;494;844;843;}956:{496;848;}962:{961;48;960;47;46;45;44;43;42;139;871;872;873;30;29;}982:{967;966;965;879;878;964;127;877;876;126;963;875;1067;125;874;962;1066;}988:{899;900;901;222;902;221;903;904;}993:{134;}996:{997;235;332;331;330;329;328;327;326;325;324;323;888;}1005:{225;897;}1010:{429;428;426;425;424;423;}1017:{909;}1018:{413;934;}1023:{1033;1034;417;927;416;928;929;930;931;932;415;933;935;414;936;937;938;939;}1052:{523;522;521;520;519;518;514;946;513;945;512;944;}1055:{620;619;618;617;616;615;614;613;612;611;610;609;959;608;958;957;956;955;954;607;953;952;951;606;950;517;949;605;516;948;515;947;}1071:{1065;1064;1063;1062;1061;1060;1059;1058;147;1057;146;64;1056;63;65;145;62;66;61;67;60;68;59;69;975;974;973;58;70;972;971;57;71;970;56;72;143;969;968;55;73;54;74;142;53;75;141;52;76;1156;51;77;1155;}1088:{1085;1084;1083;1082;1081;1080;247;1079;246;1078;245;1077;244;1076;243;1075;242;1074;241;1073;160;240;992;1072;159;161;991;993;158;162;990;994;157;163;989;995;156;164;988;996;155;165;987;239;1071;154;166;986;153;167;985;152;168;984;1176;238;1070;151;169;983;1175;150;170;982;1174;237;1069;149;171;981;1173;148;172;236;980;1068;1172;}1106:{344;343;342;341;340;339;338;444;443;337;442;441;1010;1009;1011;336;440;1008;1012;1007;1013;1006;1014;439;1005;1015;1004;1016;335;438;1003;1017;437;1002;1018;256;1088;255;254;334;253;1001;1019;252;436;251;1000;1020;250;1087;333;435;249;999;1021;248;434;998;1022;1086;}1110:{1105;352;1104;351;353;350;349;1103;348;347;1102;346;1101;345;1100;1099;1098;1097;1096;1095;1094;1093;1092;433;1023;432;1024;1091;1025;431;1026;1090;}1127:{1035;1036;1037;1038;}1135:{529;1039;528;1040;1041;1042;1043;1044;527;1045;1046;1047;526;1048;1049;525;}1147:{622;621;}1214:{1212;1211;1210;1209;1208;1207;1206;456;1205;455;1204;454;1203;453;1202;452;1201;451;368;1200;367;369;366;370;450;365;371;364;372;363;373;1199;449;362;374;361;375;1118;1198;1117;1119;360;376;448;1116;1120;1115;1121;1307;1114;1122;1306;359;377;1113;1123;1305;1197;1112;1124;1304;447;358;378;1111;1125;1303;357;379;1110;1126;1302;1196;446;1109;1127;1301;356;380;1108;1128;1300;1195;355;381;445;1107;1129;1299;354;382;1106;1130;1194;1298;}1221:{1132;}1265:{1251;1250;1249;1248;95;1163;94;93;92;1162;91;1161;90;1160;89;88;1159;87;1158;86;1157;}1272:{1264;191;190;1263;1262;1261;1260;1259;1258;1257;1256;1255;1254;1253;1164;1252;}1285:{1276;1275;1274;1273;1272;1271;1270;1269;1268;1183;1182;1181;1267;1180;270;1179;1266;1178;269;1177;1265;}1328:{1311;1310;1309;1308;},445_446_447_529_530_621_622_623_1041_1042_1043_1044_1045_1046_1047_1118_1119_1208_1209_1305_1306_,662-661*0_662-663*0_662-660*0_662-664*0_662-659*0_662-665*0_662-658*0_662-666*0_662-657*0_662-667*0_662-656*0_662-668*0_662-1247*0_662-1246*0_662-1245*0_662-655*0_662-669*0_662-1244*0_662-1243*0_662-654*0_662-670*0_662-1242*0_662-653*0_662-671*0_662-1241*0_662-652*0_662-1240*0_662-1343*0_662-1342*0_662-1341*0_662-1340*0_662-1239*0_662-651*0_662-1339*0_662-1238*0_662-1338*0_662-650*0_662-1337*0_662-1237*0_662-1336*0_662-649*0_662-1236*0_662-1335*0_662-648*0_662-1334*0_662-1235*0_662-1333*0_662-647*0_662-1234*0_662-1332*0_662-566*0_662-646*0_662-565*0_662-567*0_662-564*0_662-568*0_662-1233*0_662-563*0_662-569*0_662-1331*0_662-562*0_662-570*0_662-561*0_662-571*0_662-645*0_662-560*0_662-572*0_662-1232*0_662-1330*0_662-559*0_662-573*0_662-558*0_662-574*0_662-644*0_662-1231*0_662-1329*0_662-557*0_662-575*0_662-556*0_662-1328*0_662-1230*0_662-643*0_662-555*0_662-1327*0_662-1229*0_662-554*0_662-642*0_565-1228*1_565-1227*1_565-1226*1_565-1225*1_565-1224*1_565-1223*1_565-1222*1_565-1326*1_565-1325*1_565-1324*1_565-553*1_565-1221*1_565-1323*1_565-1322*1_565-552*1_565-1220*1_565-1321*1_565-1320*1_565-1219*1_565-551*1_565-1319*1_565-1218*1_565-1318*1_565-550*1_565-1317*1_565-1217*1_565-469*1_565-549*1_565-468*1_565-470*1_565-662*1_565-467*1_565-471*1_565-466*1_565-472*1_565-1316*1_565-465*1_565-473*1_565-464*1_565-474*1_565-1216*1_565-548*1_565-1315*1_565-463*1_565-475*1_565-462*1_565-476*1_565-1215*1_565-1314*1_565-461*1_565-477*1_565-547*1_565-460*1_565-478*1_565-1313*1_565-1214*1_565-459*1_565-479*1_565-546*1_565-458*1_565-1312*1_565-1213*1_565-457*1_565-545*1_1328-1311*2_1328-1310*2_1328-1309*2_1328-1308*2_1214-1212*2_1214-1211*2_1214-1210*2_1214-1209*2_1214-1208*2_1214-1207*2_1214-1206*2_1214-456*2_1214-1205*2_1214-455*2_1214-1204*2_1214-454*2_1214-1203*2_1214-453*2_1214-1202*2_1214-452*2_1214-1201*2_1214-451*2_1214-368*2_1214-1200*2_1214-367*2_1214-369*2_1214-366*2_1214-370*2_1214-450*2_1214-365*2_1214-371*2_1214-364*2_1214-372*2_1214-363*2_1214-373*2_1214-1199*2_1214-449*2_1214-362*2_1214-374*2_1214-361*2_1214-375*2_1214-1118*2_1214-1198*2_1214-1117*2_1214-1119*2_1214-360*2_1214-376*2_1214-448*2_1214-1116*2_1214-1120*2_1214-1115*2_1214-1121*2_1214-1307*2_1214-1114*2_1214-1122*2_1214-1306*2_1214-359*2_1214-377*2_1214-1113*2_1214-1123*2_1214-1305*2_1214-1197*2_1214-1112*2_1214-1124*2_1214-1304*2_1214-447*2_1214-358*2_1214-378*2_1214-1111*2_1214-1125*2_1214-1303*2_1214-357*2_1214-379*2_1214-1110*2_1214-1126*2_1214-1302*2_1214-1196*2_1214-446*2_1214-1109*2_1214-1127*2_1214-1301*2_1214-356*2_1214-380*2_1214-1108*2_1214-1128*2_1214-1300*2_1214-1195*2_1214-355*2_1214-381*2_1214-445*2_1214-1107*2_1214-1129*2_1214-1299*2_1214-354*2_1214-382*2_1214-1106*2_1214-1130*2_1214-1194*2_1214-1298*2_643-641*1_643-640*1_643-1151*1_643-1150*1_643-639*1_643-1149*1_643-638*1_643-1148*1_643-1147*1_643-637*1_643-1146*1_643-636*1_643-1145*1_643-635*1_643-1144*1_643-634*1_643-1143*1_643-633*1_643-1142*1_643-632*1_643-1141*1_643-631*1_643-1140*1_643-630*1_643-1139*1_643-629*1_643-1138*1_643-628*1_643-1137*1_643-627*1_643-544*1_643-1136*1_643-543*1_643-542*1_643-626*1_643-541*1_643-1135*1_643-540*1_643-539*1_643-625*1_643-1134*1_643-538*1_643-537*1_643-624*1_643-1055*1_643-1054*1_643-1053*1_643-1133*1_643-536*1_643-1052*1_643-1051*1_643-1050*1_643-535*1_643-623*1_373-1289*3_1106-344*3_373-1288*3_373-1287*3_1106-343*3_373-1286*3_1106-342*3_373-1285*3_373-1284*3_1106-341*3_373-282*3_373-1283*3_373-283*3_1106-340*3_373-284*3_373-1282*3_373-285*3_1106-339*3_373-286*3_373-1281*3_373-287*3_1106-338*3_373-1280*3_1106-444*3_1106-443*3_1106-337*3_1106-442*3_1106-441*3_1106-1010*3_1106-1009*3_1106-1011*3_1106-336*3_1106-440*3_1106-1008*3_1106-1012*3_1106-1007*3_1106-1013*3_1106-1006*3_1106-1014*3_1106-439*3_1106-1005*3_1106-1015*3_1106-1004*3_1106-1016*3_1106-335*3_1106-438*3_1106-1003*3_1106-1017*3_1106-437*3_1106-1002*3_1106-1018*3_1106-256*3_1106-1088*3_1106-255*3_1106-254*3_1106-334*3_1106-253*3_1106-1001*3_1106-1019*3_1106-252*3_1106-436*3_1106-251*3_1106-1000*3_1106-1020*3_1106-250*3_1106-1087*3_1106-333*3_1106-435*3_1106-249*3_1106-999*3_1106-1021*3_1106-248*3_1106-434*3_1106-998*3_1106-1022*3_1106-1086*3_1147-622*2_1147-621*2_544-1032*2_544-1031*2_544-1030*2_544-1029*2_544-524*2_544-1028*2_379-383*3_379-1296*3_1110-1105*3_379-1295*3_379-1297*3_379-1294*3_379-1293*3_1110-352*3_1110-1104*3_1110-351*3_1110-353*3_379-1292*3_1110-350*3_1110-349*3_379-1291*3_1110-1103*3_1110-348*3_379-1290*3_1110-347*3_1110-1102*3_1110-346*3_1110-1101*3_1110-345*3_1110-1100*3_1110-1099*3_1110-1098*3_379-1193*3_1110-1097*3_379-1192*3_1110-1096*3_379-1191*3_379-1190*3_1110-1095*3_379-1189*3_1110-1094*3_379-281*3_379-280*3_379-1188*3_379-279*3_379-278*3_379-1187*3_379-277*3_1110-1093*3_379-276*3_379-1279*3_379-1186*3_379-275*3_1110-1092*3_1110-433*3_379-274*3_1110-1023*3_379-1185*3_379-1278*3_379-273*3_1110-432*3_1110-1024*3_1110-1091*3_379-272*3_379-1184*3_1110-1025*3_379-1277*3_1110-431*3_379-271*3_1110-1026*3_1110-1090*3_1285-1276*4_1285-1275*4_1285-1274*4_1285-1273*4_1285-1272*4_1285-1271*4_1285-1270*4_1285-1269*4_1285-1268*4_1285-1183*4_1285-1182*4_1285-1181*4_1285-1267*4_1285-1180*4_1285-270*4_1285-1179*4_1285-1266*4_1285-1178*4_1285-269*4_1285-1177*4_1285-1265*4_364-268*3_364-267*3_364-266*3_364-265*3_364-264*3_364-263*3_364-262*3_364-261*3_364-260*3_364-259*3_364-258*3_364-1089*3_364-257*3_1017-909*4_1018-413*4_1018-934*4_1088-1085*4_1088-1084*4_1088-1083*4_1088-1082*4_1088-1081*4_1088-1080*4_1088-247*4_1088-1079*4_1088-246*4_1088-1078*4_1088-245*4_1088-1077*4_1088-244*4_1088-1076*4_1088-243*4_1088-1075*4_1088-242*4_1088-1074*4_1088-241*4_1088-1073*4_1088-160*4_1088-240*4_1088-992*4_1088-1072*4_1088-159*4_1088-161*4_1088-991*4_1088-993*4_1088-158*4_1088-162*4_1088-990*4_1088-994*4_1088-157*4_1088-163*4_1088-989*4_1088-995*4_1088-156*4_1088-164*4_1088-988*4_1088-996*4_1088-155*4_1088-165*4_1088-987*4_1088-239*4_1088-1071*4_1088-154*4_1088-166*4_1088-986*4_1088-153*4_1088-167*4_1088-985*4_1088-152*4_1088-168*4_1088-984*4_1088-1176*4_1088-238*4_1088-1070*4_1088-151*4_1088-169*4_1088-983*4_1088-1175*4_1088-150*4_1088-170*4_1088-982*4_1088-1174*4_1088-237*4_1088-1069*4_1088-149*4_1088-171*4_1088-981*4_1088-1173*4_1088-148*4_1088-172*4_1088-236*4_1088-980*4_1088-1068*4_1088-1172*4_1135-529*2_1135-1039*2_1135-528*2_1135-1040*2_1135-1041*2_1135-1042*2_1135-1043*2_1135-1044*2_1135-527*2_1135-1045*2_1135-1046*2_1135-1047*2_1135-526*2_1135-1048*2_1135-1049*2_1135-525*2_273-1171*4_273-1170*4_1023-1033*4_273-1169*4_1023-1034*4_273-177*4_273-176*4_273-178*4_273-1168*4_273-175*4_273-179*4_273-174*4_273-180*4_273-173*4_273-181*4_273-182*4_273-1167*4_273-183*4_273-184*4_273-185*4_273-1166*4_273-186*4_273-187*4_273-1165*4_273-188*4_1023-417*4_273-189*4_1023-927*4_1023-416*4_1023-928*4_1023-929*4_1023-930*4_1023-931*4_1023-932*4_1023-415*4_1023-933*4_1023-935*4_1023-414*4_1023-936*4_1023-937*4_1023-938*4_334-316*4_1023-939*4_1005-225*4_1005-897*4_334-315*4_334-314*4_1221-1132*3_1055-620*2_1055-619*2_1055-618*2_1055-617*2_1055-616*2_1055-615*2_1055-614*2_1055-613*2_1055-612*2_1055-611*2_1055-610*2_1055-609*2_1055-959*2_1055-608*2_1055-958*2_1055-957*2_1055-956*2_1055-955*2_1055-954*2_1055-607*2_1055-953*2_1055-952*2_1055-951*2_1055-606*2_1055-950*2_1055-517*2_1055-949*2_1055-605*2_1055-516*2_1055-948*2_1055-515*2_1055-947*2_982-967*5_988-899*5_988-900*5_988-901*5_982-966*5_988-222*5_988-902*5_982-965*5_988-221*5_988-903*5_982-879*5_988-904*5_982-878*5_982-964*5_982-127*5_982-877*5_982-876*5_982-126*5_982-963*5_982-875*5_982-1067*5_982-125*5_982-874*5_982-962*5_982-1066*5_1272-1264*5_1272-191*5_1272-190*5_1272-1263*5_1272-1262*5_1272-1261*5_1272-1260*5_1272-1259*5_1272-1258*5_1272-1257*5_1272-1256*5_1272-1255*5_1272-1254*5_1272-1253*5_1272-1164*5_1272-1252*5_548-1131*2_548-534*2_548-533*2_548-532*2_548-531*2_548-530*2_343-427*4_1265-1251*5_1265-1250*5_1265-1249*5_1265-1248*5_1265-95*5_1265-1163*5_1265-94*5_1265-93*5_1265-92*5_1265-1162*5_1265-91*5_1265-1161*5_1265-90*5_1265-1160*5_1265-89*5_1265-88*5_1265-1159*5_1265-87*5_1265-1158*5_1265-86*5_1265-1157*5_909-908*5_909-910*5_909-907*5_909-911*5_909-320*5_909-906*5_909-912*5_909-319*5_909-321*5_909-318*5_909-322*5_909-905*5_909-913*5_909-317*5_909-914*5_909-915*5_909-916*5_909-313*5_909-917*5_909-312*5_909-918*5_909-311*5_909-919*5_909-310*5_909-898*5_909-920*5_909-309*5_909-921*5_909-308*5_909-224*5_909-896*5_909-922*5_909-223*5_909-226*5_909-227*5_909-307*5_909-220*5_909-228*5_909-219*5_909-229*5_909-895*5_909-923*5_909-218*5_909-230*5_909-306*5_909-217*5_909-231*5_909-894*5_909-924*5_909-216*5_909-232*5_909-305*5_909-215*5_909-233*5_909-813*5_909-893*5_909-925*5_909-812*5_909-814*5_909-811*5_909-815*5_909-304*5_909-810*5_909-816*5_909-214*5_909-234*5_909-809*5_909-817*5_909-808*5_909-818*5_909-892*5_909-926*5_909-213*5_909-807*5_909-819*5_909-303*5_909-806*5_909-820*5_909-212*5_909-805*5_909-821*5_909-891*5_909-302*5_909-804*5_909-822*5_909-211*5_909-803*5_909-823*5_909-890*5_909-210*5_909-418*5_909-301*5_909-419*5_909-412*5_909-420*5_909-802*5_909-824*5_909-411*5_909-421*5_909-209*5_909-410*5_909-422*5_909-801*5_909-825*5_909-889*5_1052-523*3_1052-522*3_1052-521*3_1052-520*3_1052-519*3_1052-518*3_1052-514*3_1052-946*3_1052-513*3_1052-945*3_1052-512*3_1052-944*3_996-997*5_996-235*5_996-332*5_996-331*5_996-330*5_996-329*5_996-328*5_996-327*5_996-326*5_996-325*5_996-324*5_996-323*5_996-888*5_1071-1065*6_1071-1064*6_1071-1063*6_1071-1062*6_1071-1061*6_1071-1060*6_1071-1059*6_1071-1058*6_1071-147*6_1071-1057*6_1071-146*6_1071-64*6_1071-1056*6_1071-63*6_1071-65*6_1071-145*6_1071-62*6_1071-66*6_1071-61*6_1071-67*6_1071-60*6_1071-68*6_1071-59*6_1071-69*6_1071-975*6_1071-974*6_1071-973*6_1071-58*6_1071-70*6_1071-972*6_1071-971*6_1071-57*6_1071-71*6_1071-970*6_1071-56*6_1071-72*6_1071-143*6_1071-969*6_1071-968*6_1071-55*6_1071-73*6_1071-54*6_1071-74*6_1071-142*6_1071-53*6_1071-75*6_1071-141*6_1071-52*6_1071-76*6_1071-1156*6_1071-51*6_1071-77*6_1071-1155*6_1127-1035*3_1127-1036*3_1127-1037*3_1127-1038*3_314-300*5_314-826*5_314-827*5_314-299*5_314-828*5_314-298*5_314-409*5_314-408*5_314-407*5_314-829*5_314-406*5_314-405*5_314-297*5_314-404*5_314-830*5_314-403*5_314-402*5_314-296*5_314-831*5_314-401*5_314-208*5_314-400*5_314-800*5_314-832*5_314-295*5_314-207*5_314-399*5_314-799*5_314-833*5_314-206*5_314-294*5_314-398*5_1010-429*4_1010-428*4_1010-426*4_1010-425*4_1010-424*4_1010-423*4_189-85*6_189-84*6_189-83*6_189-1154*6_189-82*6_189-1153*6_189-81*6_212-796*6_212-795*6_212-794*6_212-793*6_212-792*6_301-293*6_212-791*6_301-292*6_212-790*6_301-291*6_212-789*6_301-290*6_212-788*6_301-289*6_212-787*6_301-288*6_301-720*6_212-786*6_301-719*6_301-721*6_301-718*6_301-722*6_301-717*6_301-723*6_212-887*6_301-716*6_301-724*6_301-715*6_301-725*6_212-785*6_212-886*6_301-714*6_301-726*6_212-116*6_212-115*6_212-117*6_212-114*6_212-118*6_212-113*6_212-119*6_212-885*6_301-713*6_301-727*6_212-112*6_212-120*6_212-784*6_212-111*6_212-121*6_301-712*6_301-728*6_212-884*6_212-110*6_212-122*6_301-711*6_301-729*6_212-109*6_212-123*6_212-783*6_301-397*6_301-396*6_301-395*6_212-883*6_301-394*6_212-108*6_212-124*6_301-710*6_301-730*6_301-393*6_301-392*6_212-107*6_212-782*6_212-882*6_301-709*6_301-731*6_301-391*6_212-106*6_301-390*6_212-881*6_301-708*6_301-732*6_212-105*6_212-781*6_301-389*6_301-834*6_301-388*6_301-707*6_301-733*6_212-104*6_212-128*6_212-192*6_212-704*6_212-880*6_301-387*6_301-706*6_301-734*6_301-835*6_301-386*6_301-705*6_301-735*6_301-385*6_91-80*6_91-1152*6_91-79*6_91-78*6_431-430*4_956-496*4_956-848*4_607-588*4_607-587*4_993-134*5_51-41*7_51-40*7_51-39*7_51-38*7_51-37*7_51-36*7_51-35*7_51-34*7_51-33*7_51-32*7_51-864*7_51-865*7_51-866*7_51-867*7_51-868*7_51-869*7_51-870*7_51-31*7_815-204*6_815-203*6_815-202*6_815-201*6_815-200*6_815-199*6_815-198*6_815-197*6_815-196*6_815-195*6_897-129*5_897-130*5_897-131*5_897-132*5_897-133*5_897-135*5_897-136*5_897-137*5_897-138*5_417-836*5_417-837*5_417-838*5_417-839*5_417-840*5_417-841*5_417-842*5_248-979*5_248-978*5_248-977*5_248-144*5_248-976*5_248-140*5_951-845*4_951-494*4_951-844*4_951-843*4_222-798*6_222-797*6_222-205*6_962-961*6_962-48*6_962-960*6_962-47*6_962-46*6_962-45*6_962-44*6_962-43*6_962-42*6_962-139*6_962-871*6_962-872*6_962-873*6_962-30*6_962-29*6_440-1027*3_824-384*6_824-736*6_824-737*6_824-738*6_824-739*6_824-740*6_32-28*8_32-27*8_32-26*8_32-25*8_32-24*8_32-23*8_32-22*8_32-21*8_32-20*8_32-19*8_32-18*8_32-17*8_32-16*8_32-768*8_32-769*8_32-770*8_32-771*8_32-772*8_32-773*8_32-15*8_32-774*8_32-775*8_32-776*8_32-14*8_32-777*8_32-778*8_32-13*8_32-779*8_32-12*8_32-780*8_707-693*7_707-692*7_707-691*7_707-690*7_707-689*7_707-96*7_707-688*7_707-97*7_707-98*7_707-99*7_707-100*7_707-101*7_707-102*7_707-687*7_620-604*3_620-603*3_620-602*3_620-601*3_620-600*3_735-741*7_735-742*7_735-743*7_735-744*7_735-745*7_735-746*7_735-747*7_735-748*7_735-749*7_735-750*7_735-751*7_735-480*7_735-752*7_735-481*7_735-482*7_735-483*7_735-484*7_735-485*7_735-753*7_735-486*7_735-487*7_735-488*7_735-754*7_735-489*7_735-490*7_735-755*7_512-511*4_512-943*4_512-510*4_512-942*4_512-509*4_512-941*4_512-508*4_512-940*4_512-507*4_512-506*4_512-505*4_512-504*4_512-503*4_512-502*4_512-501*4_512-500*4_512-499*4_512-498*4_512-497*4_512-847*4_512-849*4_512-846*4_512-850*4_512-851*4_512-852*4_512-853*4_512-495*4_512-854*4_512-855*4_512-856*4_512-599*4_512-857*4_512-598*4_512-858*4_512-493*4_512-597*4_512-859*4_512-492*4_512-596*4_512-860*4_142-49*7_142-50*7_786-686*7_786-685*7_786-684*7_786-683*7_786-682*7_786-681*7_786-11*7_786-680*7_786-10*7_786-9*7_786-679*7_786-8*7_786-678*7_205-193*7_205-703*7_806-194*7_806-702*7_806-701*7_806-700*7_806-699*7_806-698*7_599-595*5_599-594*5_599-593*5_599-592*5_599-863*5_599-862*5_599-861*5_599-591*5_599-590*5_599-589*5_599-586*5_599-585*5_599-584*5_599-583*5_599-582*5_599-581*5_599-580*5_599-579*5_106-103*7_106-677*7_106-676*7_106-7*7_106-675*7_106-6*7_106-5*7_106-4*7_106-674*7_106-3*7_106-2*7_106-673*7_106-1*7_106-0*7_106-672*7_494-758*5_494-759*5_494-760*5_494-761*5_494-762*5_494-763*5_494-764*5_494-765*5_494-766*5_494-578*5_203-697*7_203-696*7_203-695*7_203-694*7_589-577*6_589-576*6_589-767*6_589-757*6_589-756*6_388-491*7_
