"id","Scenario","Actual Range","Protocol","Buildings","Total nodes","Nodes on circ","Total coverage","Coverage on circ","Alert received mean time","Hops","Slots","Messages sent","Messages received", "Starting x", "Starting y","Starting node", "Vehicle distance", "Received node ids", "Node ids", "Transmission map", "Received on circ nodes", "Transmission vector"
0,1,500,100,0,1776,80,1776,80,4960.09,3.3,4.8,1256,1776,1153.84,1884.7,310,25,309_311_308_312_294_314_293_275_274_315_276_287_273_277_316_286_272_699_249_285_317_278_851_250_698_700_248_284_318_850_852_251_325_697_701_271_1196_252_849_279_283_323_1197_853_296_295_319_297_270_244_253_1198_298_847_848_281_233_268_1200_245_320_259_299_254_260_232_703_231_1201_282_307_306_300_246_261_321_257_234_1202_704_1190_1189_1191_1747_255_1187_263_262_1750_1186_230_256_1748_1749_1746_1203_1195_1220_1751_235_1223_326_1185_330_229_264_322_1745_237_1460_1756_1757_1758_1165_1755_228_265_1759_1753_327_1164_301_331_1752_1192_1204_202_288_238_1219_1760_266_1163_227_1167_1175_1174_328_1461_332_239_1741_1742_1740_1193_1205_303_289_191_267_1744_226_1218_1761_240_1130_1168_1176_1733_333_1131_1739_1734_329_1462_1731_304_223_1730_290_1169_1194_1206_241_1735_1217_1729_1762_1132_1129_1178_1728_222_1463_1738_686_1170_236_1134_435_225_1717_1718_447_1736_1727_1719_1128_458_213_292_242_705_1207_469_1216_305_1179_1140_1720_221_1726_1767_1763_480_1184_1135_1171_1464_1737_491_180_1725_1774_220_1722_243_695_696_1127_1141_1768_342_646_1716_694_502_1214_693_1180_1215_1723_334_1240_1172_1136_1208_513_1126_1769_1213_1142_1764_690_1459_169_4_341_635_1715_216_1616_1239_1137_1125_1261_1212_1766_1209_1615_1262_657_338_1259_1454_1456_1138_217_1771_1238_1617_1183_535_751_1451_1714_1492_1258_1139_1724_1775_1143_5_6_1145_1173_1146_1156_7_1123_1157_1124_1147_1161_186_8_1160_1491_185_1158_1159_1121_1148_1490_187_1162_1058_1120_1149_1057_1089_1489_1087_1060_1090_1091_188_1092_1486_1150_1487_1151_1485_190_1152_1093_192_189_1457_1153_1108_99_1094_1154_1484_1112_1475_1476_1478_1479_1470_1181_337_1211_1224_218_1225_692_339_841_181_219_1226_340_1237_175_176_179_1260_177_178_173_1236_1227_172_1257_171_1235_1228_1234_1229_1256_1270_750_749_748_343_747_745_344_744_345_735_724_170_742_743_168_174_346_835_351_524_167_746_824_348_352_846_741_215_203_757_349_166_813_857_574_868_680_802_350_864_867_573_791_865_310_780_869_768_204_752_214_669_165_356_546_355_353_357_201_761_182_354_579_570_599_753_870_212_571_558_140_183_205_200_139_595_572_578_624_758_755_756_754_592_199_871_211_184_568_759_593_206_569_138_141_613_587_602_598_577_359_691_872_210_580_581_371_198_760_591_594_163_207_137_702_576_771_142_582_654_379_378_733_372_713_162_164_197_770_873_370_588_208_384_883_653_567_882_381_383_196_589_143_361_373_769_147_382_652_209_136_363_1713_1712_9_10_74_11_1711_12_13_1709_73_683_15_72_16_684_17_71_1618_685_193_194_1614_1770_98_18_97_195_1619_96_95_70_75_86_94_83_1613_1620_19_68_76_100_67_93_77_1772_82_20_87_66_1622_1263_1708_85_92_78_65_81_670_1773_21_671_667_88_79_1692_666_1691_1693_1264_1623_1690_1624_665_1707_84_1625_664_22_90_64_1626_89_101_1265_1627_1689_1706_62_663_1267_679_673_1601_61_674_1705_1268_681_38_662_117_103_63_60_104_107_106_105_108_116_109_59_675_112_110_115_111_118_119_672_37_120_57_121_126_35_56_124_648_55_34_655_122_647_123_658_659_33_656_660_610_611_609_661_612_682_127_614_32_54_23_645_128_615_24_608_53_651_31_26_616_617_27_642_129_618_640_1472_1471_1480_1474_1494_1481_1473_1495_1496_1469_1482_1497_1468_1563_1465_1498_1483_1467_1562_1458_1500_1561_1493_1501_1560_1117_1116_1118_1399_1119_1388_1502_809_1377_827_1551_1505_1095_1552_1504_1503_1506_1453_808_1553_1556_1528_828_1410_1452_1096_1507_807_803_1527_1107_1097_1366_1266_1582_1421_806_1508_1255_801_1109_805_1321_1526_1098_1581_1355_1018_804_1244_1014_826_1277_1450_1333_1447_1509_1019_1446_1557_1448_1100_1233_1531_1449_800_1013_1113_1445_1525_1432_1564_1558_1020_1222_0_1523_1442_1101_1444_1114_1522_1511_1210_1559_799_1524_1530_1021_825_1288_1520_1012_1199_1344_1441_1565_1056_1115_1188_1299_1455_1102_1023_1529_798_1512_823_1310_1_1519_1059_1567_1054_1177_911_1024_1103_1002_1010_1466_1513_797_1518_1000_922_706_1053_933_1015_1568_1009_1025_900_944_1584_1583_1104_1517_1477_796_1052_1016_1440_707_955_1001_1008_1542_1541_889_1105_1533_1516_1182_1515_1017_1051_1534_1488_966_1439_1007_998_1003_1499_877_1050_1510_1521_1532_1004_1438_1049_1110_814_130_133_131_145_132_605_134_146_606_135_600_584_619_708_1061_709_1106_1062_710_1048_1063_795_1555_1543_1566_1577_1047_1081_1064_1588_1082_1083_1599_819_820_821_818_1065_822_1610_817_1084_816_845_1621_844_1035_1034_815_1067_1085_1036_1632_843_812_1037_1068_930_1032_929_931_1086_789_928_932_1076_1643_810_927_1038_934_842_1075_935_1069_788_926_1039_1654_925_936_811_783_787_924_937_1078_782_786_923_1070_1666_938_1040_781_1079_785_921_1677_939_778_1071_784_1688_777_920_940_1072_772_919_997_776_941_773_917_942_996_995_52_30_28_51_29_50_39_644_1704_40_1703_46_41_1702_42_48_1701_632_1687_43_49_620_641_1686_621_639_1695_1696_631_622_638_45_623_637_1697_44_625_1694_630_676_626_678_677_627_1700_629_1683_1664_1663_1005_988_866_1628_628_633_1629_643_1630_1631_1286_1633_1285_1679_1680_1681_1634_1682_1269_1678_1284_1635_1676_1602_1283_1271_1636_1603_1675_1282_1698_1272_1684_1637_1604_1273_1281_1674_1638_1685_1605_1274_1280_1673_1639_1275_1606_1279_1661_1672_1640_1660_1276_1662_1607_1278_1641_1659_1608_1642_1609_1644_1289_1006_977_918_993_992_991_774_1011_953_952_951_1022_954_989_956_1033_990_1111_1099_1122_957_1088_779_1133_1077_1044_1066_1055_1144_668_969_446_1155_557_335_1166_224_987_113_950_994_949_948_946_947_962_961_1026_1027_1028_884_885_767_766_158_765_125_247_886_114_258_764_734_553_269_887_102_881_552_763_380_736_91_280_551_880_548_1080_762_391_80_1073_890_737_547_550_1074_879_545_402_291_549_738_544_891_69_302_878_58_413_874_543_739_313_47_876_716_732_892_542_36_875_424_715_740_324_369_336_714_541_712_731_893_347_358_540_25_711_717_729_728_727_726_907_539_730_14_725_906_908_894_538_3_794_531_905_909_1765_537_723_895_793_532_536_1754_910_904_368_360_722_792_534_1743_367_533_896_721_903_720_719_1732_362_366_554_365_897_555_374_464_375_556_463_562_466_462_456_1221_2_1332_1665_1443_1554_968_958_986_967_959_985_943_965_960_963_945_964_888_984_970_999_971_981_982_364_408_561_376_377_407_559_406_560_563_455_454_405_453_400_385_452_564_404_386_401_399_461_457_403_460_388_465_398_440_459_161_507_687_1667_688_1668_689_1669_1670_1671_1658_1657_1656_1647_1648_1649_1645_1646_1650_597_583_148_585_590_160_149_150_157_159_154_155_439_1030_1031_144_649_601_650_586_607_603_151_604_152_156_153_575_1514_980_1029_979_972_983_973_1535_974_1544_976_978_975_1550_1545_1549_1546_1437_1547_1548_1436_1569_1570_1435_1536_1571_1434_1537_1419_1572_1433_1414_1538_1573_1413_1539_1431_1574_1412_1430_1424_1409_441_438_437_387_436_434_389_433_390_432_392_431_566_565_1230_1242_393_397_396_394_395_409_444_596_430_443_410_429_442_411_427_425_1651_1652_1653_1655_856_790_775_1721_912_1710_1699_914_915_898_467_899_526_468_901_525_902_718_523_470_522_471_527_472_521_473_520_474_475_476_477_478_506_479_489_488_487_481_486_490_485_482_484_492_483_508_493_509_499_498_913_497_510_494_495_496_511_528_500_529_512_501_514_503_636_634_855_854_832_831_1611_833_834_830_829_837_1287_838_1612_1254_530_515_451_450_504_516_1253_1252_1251_1241_1231_1232_1290_1248_518_420_517_505_519_422_421_449_448_445_419_418_417_416_414_1540_916_840_839_1600_1294_1295_1293_836_1291_1296_1292_1297_1250_1303_1249_1302_1301_1247_1298_1246_1245_1243_1300_1429_1428_1315_1304_1314_1313_1427_1312_1311_1426_1322_1316_1576_1305_1317_1407_1406_858_859_860_861_862_1405_863_1408_1415_1402_1416_1403_1417_1376_1404_1418_1378_1379_1375_1580_1425_1579_1578_1423_1422_1575_1420_1411_1396_1398_1395_1394_1397_1400_1585_1401_1393_1586_1392_1391_1587_1386_1589_1385_1384_1590_1383_1387_1591_1594_1382_1389_1381_1306_1307_1308_1390_1309_1596_1341_1597_1598_1372_415_412_1592_1380_1593_1373_1374_1371_1362_1370_1361_1360_1364_1363_1365_1367_1368_1369_1359_1595_1343_1336_1337_1342_1338_1335_1339_1340_1334_1345_1325_428_426_423_1041_1042_1043_1045_1046_1327_1328_1346_1347_1348_1349_1350_1326_1324_1329_1323_1330_1331_1318_1319_1320_1356_1354_1351_1353_1352_1357_1358_,0_1_2_3_4_5_6_7_8_9_10_11_12_13_14_15_16_17_18_19_20_21_22_23_24_25_26_27_28_29_30_31_32_33_34_35_36_37_38_39_40_41_42_43_44_45_46_47_48_49_50_51_52_53_54_55_56_57_58_59_60_61_62_63_64_65_66_67_68_69_70_71_72_73_74_75_76_77_78_79_80_81_82_83_84_85_86_87_88_89_90_91_92_93_94_95_96_97_98_99_100_101_102_103_104_105_106_107_108_109_110_111_112_113_114_115_116_117_118_119_120_121_122_123_124_125_126_127_128_129_130_131_132_133_134_135_136_137_138_139_140_141_142_143_144_145_146_147_148_149_150_151_152_153_154_155_156_157_158_159_160_161_162_163_164_165_166_167_168_169_170_171_172_173_174_175_176_177_178_179_180_181_182_183_184_185_186_187_188_189_190_191_192_193_194_195_196_197_198_199_200_201_202_203_204_205_206_207_208_209_210_211_212_213_214_215_216_217_218_219_220_221_222_223_224_225_226_227_228_229_230_231_232_233_234_235_236_237_238_239_240_241_242_243_244_245_246_247_248_249_250_251_252_253_254_255_256_257_258_259_260_261_262_263_264_265_266_267_268_269_270_271_272_273_274_275_276_277_278_279_280_281_282_283_284_285_286_287_288_289_290_291_292_293_294_295_296_297_298_299_300_301_302_303_304_305_306_307_308_309_310_311_312_313_314_315_316_317_318_319_320_321_322_323_324_325_326_327_328_329_330_331_332_333_334_335_336_337_338_339_340_341_342_343_344_345_346_347_348_349_350_351_352_353_354_355_356_357_358_359_360_361_362_363_364_365_366_367_368_369_370_371_372_373_374_375_376_377_378_379_380_381_382_383_384_385_386_387_388_389_390_391_392_393_394_395_396_397_398_399_400_401_402_403_404_405_406_407_408_409_410_411_412_413_414_415_416_417_418_419_420_421_422_423_424_425_426_427_428_429_430_431_432_433_434_435_436_437_438_439_440_441_442_443_444_445_446_447_448_449_450_451_452_453_454_455_456_457_458_459_460_461_462_463_464_465_466_467_468_469_470_471_472_473_474_475_476_477_478_479_480_481_482_483_484_485_486_487_488_489_490_491_492_493_494_495_496_497_498_499_500_501_502_503_504_505_506_507_508_509_510_511_512_513_514_515_516_517_518_519_520_521_522_523_524_525_526_527_528_529_530_531_532_533_534_535_536_537_538_539_540_541_542_543_544_545_546_547_548_549_550_551_552_553_554_555_556_557_558_559_560_561_562_563_564_565_566_567_568_569_570_571_572_573_574_575_576_577_578_579_580_581_582_583_584_585_586_587_588_589_590_591_592_593_594_595_596_597_598_599_600_601_602_603_604_605_606_607_608_609_610_611_612_613_614_615_616_617_618_619_620_621_622_623_624_625_626_627_628_629_630_631_632_633_634_635_636_637_638_639_640_641_642_643_644_645_646_647_648_649_650_651_652_653_654_655_656_657_658_659_660_661_662_663_664_665_666_667_668_669_670_671_672_673_674_675_676_677_678_679_680_681_682_683_684_685_686_687_688_689_690_691_692_693_694_695_696_697_698_699_700_701_702_703_704_705_706_707_708_709_710_711_712_713_714_715_716_717_718_719_720_721_722_723_724_725_726_727_728_729_730_731_732_733_734_735_736_737_738_739_740_741_742_743_744_745_746_747_748_749_750_751_752_753_754_755_756_757_758_759_760_761_762_763_764_765_766_767_768_769_770_771_772_773_774_775_776_777_778_779_780_781_782_783_784_785_786_787_788_789_790_791_792_793_794_795_796_797_798_799_800_801_802_803_804_805_806_807_808_809_810_811_812_813_814_815_816_817_818_819_820_821_822_823_824_825_826_827_828_829_830_831_832_833_834_835_836_837_838_839_840_841_842_843_844_845_846_847_848_849_850_851_852_853_854_855_856_857_858_859_860_861_862_863_864_865_866_867_868_869_870_871_872_873_874_875_876_877_878_879_880_881_882_883_884_885_886_887_888_889_890_891_892_893_894_895_896_897_898_899_900_901_902_903_904_905_906_907_908_909_910_911_912_913_914_915_916_917_918_919_920_921_922_923_924_925_926_927_928_929_930_931_932_933_934_935_936_937_938_939_940_941_942_943_944_945_946_947_948_949_950_951_952_953_954_955_956_957_958_959_960_961_962_963_964_965_966_967_968_969_970_971_972_973_974_975_976_977_978_979_980_981_982_983_984_985_986_987_988_989_990_991_992_993_994_995_996_997_998_999_1000_1001_1002_1003_1004_1005_1006_1007_1008_1009_1010_1011_1012_1013_1014_1015_1016_1017_1018_1019_1020_1021_1022_1023_1024_1025_1026_1027_1028_1029_1030_1031_1032_1033_1034_1035_1036_1037_1038_1039_1040_1041_1042_1043_1044_1045_1046_1047_1048_1049_1050_1051_1052_1053_1054_1055_1056_1057_1058_1059_1060_1061_1062_1063_1064_1065_1066_1067_1068_1069_1070_1071_1072_1073_1074_1075_1076_1077_1078_1079_1080_1081_1082_1083_1084_1085_1086_1087_1088_1089_1090_1091_1092_1093_1094_1095_1096_1097_1098_1099_1100_1101_1102_1103_1104_1105_1106_1107_1108_1109_1110_1111_1112_1113_1114_1115_1116_1117_1118_1119_1120_1121_1122_1123_1124_1125_1126_1127_1128_1129_1130_1131_1132_1133_1134_1135_1136_1137_1138_1139_1140_1141_1142_1143_1144_1145_1146_1147_1148_1149_1150_1151_1152_1153_1154_1155_1156_1157_1158_1159_1160_1161_1162_1163_1164_1165_1166_1167_1168_1169_1170_1171_1172_1173_1174_1175_1176_1177_1178_1179_1180_1181_1182_1183_1184_1185_1186_1187_1188_1189_1190_1191_1192_1193_1194_1195_1196_1197_1198_1199_1200_1201_1202_1203_1204_1205_1206_1207_1208_1209_1210_1211_1212_1213_1214_1215_1216_1217_1218_1219_1220_1221_1222_1223_1224_1225_1226_1227_1228_1229_1230_1231_1232_1233_1234_1235_1236_1237_1238_1239_1240_1241_1242_1243_1244_1245_1246_1247_1248_1249_1250_1251_1252_1253_1254_1255_1256_1257_1258_1259_1260_1261_1262_1263_1264_1265_1266_1267_1268_1269_1270_1271_1272_1273_1274_1275_1276_1277_1278_1279_1280_1281_1282_1283_1284_1285_1286_1287_1288_1289_1290_1291_1292_1293_1294_1295_1296_1297_1298_1299_1300_1301_1302_1303_1304_1305_1306_1307_1308_1309_1310_1311_1312_1313_1314_1315_1316_1317_1318_1319_1320_1321_1322_1323_1324_1325_1326_1327_1328_1329_1330_1331_1332_1333_1334_1335_1336_1337_1338_1339_1340_1341_1342_1343_1344_1345_1346_1347_1348_1349_1350_1351_1352_1353_1354_1355_1356_1357_1358_1359_1360_1361_1362_1363_1364_1365_1366_1367_1368_1369_1370_1371_1372_1373_1374_1375_1376_1377_1378_1379_1380_1381_1382_1383_1384_1385_1386_1387_1388_1389_1390_1391_1392_1393_1394_1395_1396_1397_1398_1399_1400_1401_1402_1403_1404_1405_1406_1407_1408_1409_1410_1411_1412_1413_1414_1415_1416_1417_1418_1419_1420_1421_1422_1423_1424_1425_1426_1427_1428_1429_1430_1431_1432_1433_1434_1435_1436_1437_1438_1439_1440_1441_1442_1443_1444_1445_1446_1447_1448_1449_1450_1451_1452_1453_1454_1455_1456_1457_1458_1459_1460_1461_1462_1463_1464_1465_1466_1467_1468_1469_1470_1471_1472_1473_1474_1475_1476_1477_1478_1479_1480_1481_1482_1483_1484_1485_1486_1487_1488_1489_1490_1491_1492_1493_1494_1495_1496_1497_1498_1499_1500_1501_1502_1503_1504_1505_1506_1507_1508_1509_1510_1511_1512_1513_1514_1515_1516_1517_1518_1519_1520_1521_1522_1523_1524_1525_1526_1527_1528_1529_1530_1531_1532_1533_1534_1535_1536_1537_1538_1539_1540_1541_1542_1543_1544_1545_1546_1547_1548_1549_1550_1551_1552_1553_1554_1555_1556_1557_1558_1559_1560_1561_1562_1563_1564_1565_1566_1567_1568_1569_1570_1571_1572_1573_1574_1575_1576_1577_1578_1579_1580_1581_1582_1583_1584_1585_1586_1587_1588_1589_1590_1591_1592_1593_1594_1595_1596_1597_1598_1599_1600_1601_1602_1603_1604_1605_1606_1607_1608_1609_1610_1611_1612_1613_1614_1615_1616_1617_1618_1619_1620_1621_1622_1623_1624_1625_1626_1627_1628_1629_1630_1631_1632_1633_1634_1635_1636_1637_1638_1639_1640_1641_1642_1643_1644_1645_1646_1647_1648_1649_1650_1651_1652_1653_1654_1655_1656_1657_1658_1659_1660_1661_1662_1663_1664_1665_1666_1667_1668_1669_1670_1671_1672_1673_1674_1675_1676_1677_1678_1679_1680_1681_1682_1683_1684_1685_1686_1687_1688_1689_1690_1691_1692_1693_1694_1695_1696_1697_1698_1699_1700_1701_1702_1703_1704_1705_1706_1707_1708_1709_1710_1711_1712_1713_1714_1715_1716_1717_1718_1719_1720_1721_1722_1723_1724_1725_1726_1727_1728_1729_1730_1731_1732_1733_1734_1735_1736_1737_1738_1739_1740_1741_1742_1743_1744_1745_1746_1747_1748_1749_1750_1751_1752_1753_1754_1755_1756_1757_1758_1759_1760_1761_1762_1763_1764_1765_1766_1767_1768_1769_1770_1771_1772_1773_1774_1775_,8:{662;117;103;63;60;104;107;106;105;108;116;109;59;675;112;110;115;111;118;119;672;37;120;57;121;126;35;56;124;648;55;34;655;122;647;123;658;659;33;656;660;610;611;609;661;612;682;127;614;32;54;23;645;128;615;24;608;53;651;31;26;616;617;27;642;129;618;640;}77:{52;30;28;51;29;50;39;644;1704;40;1703;46;41;1702;42;48;1701;632;1687;43;49;620;641;1686;621;639;1695;1696;631;622;638;45;623;637;1697;44;625;1694;630;676;626;678;677;627;1700;629;1683;1664;1663;}164:{441;438;437;387;436;434;389;433;390;432;392;431;566;565;}184:{130;133;131;145;132;605;134;146;606;135;600;584;619;}215:{144;649;601;650;586;607;603;151;604;152;156;153;575;}222:{597;583;148;585;590;160;149;150;157;159;154;155;439;}227:{750;749;748;343;747;745;344;744;345;735;724;170;742;743;168;174;346;835;351;524;167;746;824;348;352;846;741;215;203;757;349;166;813;857;574;868;680;802;350;864;867;573;791;865;310;780;869;768;204;752;214;669;165;356;546;355;353;357;201;761;182;354;579;570;599;753;870;212;571;558;140;183;205;200;139;595;572;578;624;758;755;756;754;592;199;871;211;184;568;759;593;206;569;138;141;613;587;602;598;577;359;691;872;210;580;581;371;198;760;591;594;163;207;137;702;576;771;142;582;654;379;378;733;372;713;162;164;197;770;873;370;588;208;384;883;653;567;882;381;383;196;589;143;361;373;769;147;382;652;209;136;363;}282:{337;218;339;181;219;340;175;176;179;177;178;173;172;171;}310:{309;311;308;312;294;314;293;275;274;315;276;287;273;277;316;286;272;699;249;285;317;278;851;250;698;700;248;284;318;850;852;251;325;697;701;271;1196;252;849;279;283;323;1197;853;296;295;319;297;270;244;253;1198;298;847;848;281;233;268;1200;245;320;259;299;254;260;232;703;231;1201;282;307;306;300;246;261;321;257;234;1202;704;1190;1189;1191;1747;255;1187;263;262;1750;1186;230;256;1748;1749;1746;1203;1195;1220;1751;235;1223;326;1185;330;229;264;322;1745;237;1460;1756;1757;1758;1165;1755;228;265;1759;1753;327;1164;301;331;1752;1192;1204;202;288;238;1219;1760;266;1163;227;1167;1175;1174;328;1461;332;239;1741;1742;1740;1193;1205;303;289;191;267;1744;226;1218;1761;240;1130;1168;1176;1733;333;1131;1739;1734;329;1462;1731;304;223;1730;290;1169;1194;1206;241;1735;1217;1729;1762;1132;1129;1178;1728;222;1463;1738;686;1170;236;1134;435;225;1717;1718;447;1736;1727;1719;1128;458;213;292;242;705;1207;469;1216;305;1179;1140;1720;221;1726;1767;1763;480;1184;1135;1171;1464;1737;491;180;1725;1774;220;1722;243;695;696;1127;1141;1768;342;646;1716;694;502;1214;693;1180;1215;1723;334;1240;1172;1136;1208;513;1126;1769;1213;1142;1764;690;1459;169;4;341;635;1715;216;1616;1239;1137;1125;1261;1212;1766;1209;1615;1262;657;338;1259;1454;1456;1138;217;1771;1238;1617;1183;535;751;1451;1714;1492;1258;1139;}384:{393;397;396;394;395;409;444;596;430;443;410;429;442;411;427;425;}385:{428;426;423;}456:{448;445;419;418;417;416;414;}464:{518;420;}477:{517;505;519;422;421;449;}516:{415;412;}546:{884;885;767;766;158;765;125;247;886;114;258;764;734;553;269;887;102;881;552;763;380;736;91;280;551;880;548;1080;762;391;80;1073;890;737;547;550;1074;879;545;402;291;549;738;544;891;69;302;878;58;413;874;543;739;313;47;876;716;732;892;542;36;875;424;715;740;324;369;336;714;541;712;731;893;347;358;540;25;711;717;729;728;727;726;907;539;730;14;725;906;908;894;538;3;794;531;905;909;1765;537;723;895;793;532;536;1754;910;904;368;360;722;792;534;1743;367;533;896;721;903;720;719;1732;362;366;554;365;897;555;374;464;375;556;463;562;466;462;456;}624:{790;775;1721;912;1710;1699;914;915;}629:{636;634;}664:{628;633;643;}719:{898;467;899;526;468;901;525;902;718;523;470;522;471;527;472;521;473;520;474;475;476;477;478;506;479;489;488;487;481;486;490;485;482;484;492;483;508;493;509;499;498;913;497;510;494;495;496;511;528;500;529;512;501;514;503;}720:{530;515;451;450;504;516;}776:{916;}780:{364;408;561;376;377;407;559;406;560;563;455;454;405;453;400;385;452;564;404;386;401;399;461;457;403;460;388;465;398;440;459;161;507;}925:{1041;1042;1043;1045;1046;}951:{980;1029;979;972;983;973;974;976;978;975;}998:{950;994;949;948;946;947;962;961;1026;1027;1028;}1020:{1006;977;993;992;991;1011;953;952;951;1022;954;989;956;1033;990;1111;1099;1122;957;1088;779;1133;1077;1044;1066;1055;1144;668;969;446;1155;557;335;1166;224;987;113;}1092:{708;1061;709;1106;1062;710;1048;1063;795;1555;1543;1566;1577;1047;1081;1064;1588;1082;1083;1599;819;820;821;818;1065;822;1610;817;1084;816;845;1621;844;1035;1034;815;1067;1085;1036;1632;843;812;1037;1068;930;1032;929;931;1086;789;928;932;1076;1643;810;927;1038;934;842;1075;935;1069;788;926;1039;1654;925;936;811;783;787;924;937;1078;782;786;923;1070;1666;938;1040;781;1079;785;921;1677;939;778;1071;784;1688;777;920;940;1072;772;919;997;776;941;773;917;942;996;995;}1104:{918;774;}1140:{1143;1145;1173;1146;1156;1123;1157;1124;1147;1161;1160;1491;1158;1159;1121;1148;1490;1162;1058;1120;1149;1057;1089;1489;1087;1060;1090;1091;1092;1486;1150;1487;1151;1485;1152;1093;1457;1153;1108;1094;1154;1484;1112;1475;1476;1478;1479;1470;}1179:{1181;841;}1188:{1221;2;1332;1665;1443;1554;968;958;986;967;959;985;943;965;960;963;945;964;888;984;970;999;971;981;982;}1209:{1230;1242;}1217:{1211;1224;1225;692;1226;1237;1260;1236;1227;1257;1235;1228;1234;1229;1256;1270;}1310:{1540;}1372:{1330;1331;1318;1319;1320;1356;1354;1351;1353;1352;1357;1358;}1375:{1326;1324;1329;1323;}1386:{1592;1380;1593;1373;1374;1371;1362;1370;1361;1360;1364;1363;1365;1367;1368;1369;}1399:{1030;1031;}1408:{1359;1595;1343;1336;1337;1342;1338;1335;1339;1340;1334;1345;1325;}1430:{1580;1425;1579;1578;1423;1422;1575;1420;1411;1396;1398;1395;1394;1397;1400;1585;1401;1393;1586;1392;1391;1587;1386;1589;1385;1384;1590;1383;1387;1591;1594;1382;1389;1381;1306;1307;1308;1390;1309;1596;1341;1597;1598;1372;}1476:{1472;1471;1480;1474;1494;1481;1473;1495;1496;1469;1482;1497;1468;1563;1465;1498;1483;1467;1562;1458;1500;1561;1493;1501;1560;1117;1116;1118;1399;1119;1388;1502;809;1377;827;1551;1505;1095;1552;1504;1503;1506;1453;808;1553;1556;1528;828;1410;1452;1096;1507;807;803;1527;1107;1097;1366;1266;1582;1421;806;1508;1255;801;1109;805;1321;1526;1098;1581;1355;1018;804;1244;1014;826;1277;1450;1333;1447;1509;1019;1446;1557;1448;1100;1233;1531;1449;800;1013;1113;1445;1525;1432;1564;1558;1020;1222;0;1523;1442;1101;1444;1114;1522;1511;1210;1559;799;1524;1530;1021;825;1288;1520;1012;1199;1344;1441;1565;1056;1115;1188;1299;1455;1102;1023;1529;798;1512;823;1310;1;1519;1059;1567;1054;1177;911;1024;1103;1002;1010;1466;1513;797;1518;1000;922;706;1053;933;1015;1568;1009;1025;900;944;1584;1583;1104;1517;1477;796;1052;1016;1440;707;955;1001;1008;1542;1541;889;1105;1533;1516;1182;1515;1017;1051;1534;1488;966;1439;1007;998;1003;1499;877;1050;1510;1521;1532;1004;1438;1049;1110;814;}1478:{1005;988;866;}1507:{1514;1535;1544;1550;1545;1549;1546;1437;1547;1548;1436;1569;1570;1435;1536;1571;1434;1537;1419;1572;1433;1414;1538;1573;1413;1539;1431;1574;1412;1430;1424;1409;}1539:{1407;1406;858;859;860;861;862;1405;863;1408;1415;1402;1416;1403;1417;1376;1404;1418;1378;1379;1375;}1596:{1327;1328;1346;1347;1348;1349;1350;}1609:{840;839;1600;1294;1295;1293;836;1291;1296;1292;1297;1250;1303;1249;1302;1301;1247;1298;1246;1245;1243;1300;1429;1428;1315;1304;1314;1313;1427;1312;1311;1426;1322;1316;1576;1305;1317;}1622:{1628;1629;1630;1631;1286;1633;1285;1679;1680;1681;1634;1682;1269;1678;1284;1635;1676;1602;1283;1271;1636;1603;1675;1282;1698;1272;1684;1637;1604;1273;1281;1674;1638;1685;1605;1274;1280;1673;1639;1275;1606;1279;1661;1672;1640;1660;1276;1662;1607;1278;1641;1659;1608;1642;1609;1644;1289;}1681:{855;854;832;831;1611;833;834;830;829;837;1287;838;1612;1254;}1694:{1651;1652;1653;1655;856;}1705:{687;1667;688;1668;689;1669;1670;1671;1658;1657;1656;1647;1648;1649;1645;1646;1650;}1727:{1724;}1741:{1713;1712;9;10;74;11;1711;12;13;1709;73;683;15;72;16;684;17;71;1618;685;193;194;1614;1770;98;18;97;195;1619;96;95;70;75;86;94;83;1613;1620;19;68;76;100;67;93;77;1772;82;20;87;66;1622;1263;1708;85;92;78;65;81;670;1773;21;671;667;88;79;1692;666;1691;1693;1264;1623;1690;1624;665;1707;84;1625;664;22;90;64;1626;89;101;1265;1627;1689;1706;62;663;1267;679;673;1601;61;674;1705;1268;681;38;}1762:{1253;1252;1251;1241;1231;1232;1290;1248;}1774:{1775;5;6;7;186;8;185;187;188;190;192;189;99;},1_29_30_39_51_52_53_54_392_397_398_401_403_404_405_432_433_434_454_455_462_463_464_465_466_467_562_563_565_566_608_615_616_617_642_645_688_689_810_811_833_834_836_897_898_899_901_935_936_937_1002_1021_1023_1041_1042_1199_1210_1222_1233_1288_1302_1303_1344_1396_1398_1415_1533_1534_1546_1547_1548_1549_1550_1642_1644_1658_1659_1664_1667_1671_,310-309*0_310-311*0_310-308*0_310-312*0_310-294*0_310-314*0_310-293*0_310-275*0_310-274*0_310-315*0_310-276*0_310-287*0_310-273*0_310-277*0_310-316*0_310-286*0_310-272*0_310-699*0_310-249*0_310-285*0_310-317*0_310-278*0_310-851*0_310-250*0_310-698*0_310-700*0_310-248*0_310-284*0_310-318*0_310-850*0_310-852*0_310-251*0_310-325*0_310-697*0_310-701*0_310-271*0_310-1196*0_310-252*0_310-849*0_310-279*0_310-283*0_310-323*0_310-1197*0_310-853*0_310-296*0_310-295*0_310-319*0_310-297*0_310-270*0_310-244*0_310-253*0_310-1198*0_310-298*0_310-847*0_310-848*0_310-281*0_310-233*0_310-268*0_310-1200*0_310-245*0_310-320*0_310-259*0_310-299*0_310-254*0_310-260*0_310-232*0_310-703*0_310-231*0_310-1201*0_310-282*0_310-307*0_310-306*0_310-300*0_310-246*0_310-261*0_310-321*0_310-257*0_310-234*0_310-1202*0_310-704*0_310-1190*0_310-1189*0_310-1191*0_310-1747*0_310-255*0_310-1187*0_310-263*0_310-262*0_310-1750*0_310-1186*0_310-230*0_310-256*0_310-1748*0_310-1749*0_310-1746*0_310-1203*0_310-1195*0_310-1220*0_310-1751*0_310-235*0_310-1223*0_310-326*0_310-1185*0_310-330*0_310-229*0_310-264*0_310-322*0_310-1745*0_310-237*0_310-1460*0_310-1756*0_310-1757*0_310-1758*0_310-1165*0_310-1755*0_310-228*0_310-265*0_310-1759*0_310-1753*0_310-327*0_310-1164*0_310-301*0_310-331*0_310-1752*0_310-1192*0_310-1204*0_310-202*0_310-288*0_310-238*0_310-1219*0_310-1760*0_310-266*0_310-1163*0_310-227*0_310-1167*0_310-1175*0_310-1174*0_310-328*0_310-1461*0_310-332*0_310-239*0_310-1741*0_310-1742*0_310-1740*0_310-1193*0_310-1205*0_310-303*0_310-289*0_310-191*0_310-267*0_310-1744*0_310-226*0_310-1218*0_310-1761*0_310-240*0_310-1130*0_310-1168*0_310-1176*0_310-1733*0_310-333*0_310-1131*0_310-1739*0_310-1734*0_310-329*0_310-1462*0_310-1731*0_310-304*0_310-223*0_310-1730*0_310-290*0_310-1169*0_310-1194*0_310-1206*0_310-241*0_310-1735*0_310-1217*0_310-1729*0_310-1762*0_310-1132*0_310-1129*0_310-1178*0_310-1728*0_310-222*0_310-1463*0_310-1738*0_310-686*0_310-1170*0_310-236*0_310-1134*0_310-435*0_310-225*0_310-1717*0_310-1718*0_310-447*0_310-1736*0_310-1727*0_310-1719*0_310-1128*0_310-458*0_310-213*0_310-292*0_310-242*0_310-705*0_310-1207*0_310-469*0_310-1216*0_310-305*0_310-1179*0_310-1140*0_310-1720*0_310-221*0_310-1726*0_310-1767*0_310-1763*0_310-480*0_310-1184*0_310-1135*0_310-1171*0_310-1464*0_310-1737*0_310-491*0_310-180*0_310-1725*0_310-1774*0_310-220*0_310-1722*0_310-243*0_310-695*0_310-696*0_310-1127*0_310-1141*0_310-1768*0_310-342*0_310-646*0_310-1716*0_310-694*0_310-502*0_310-1214*0_310-693*0_310-1180*0_310-1215*0_310-1723*0_310-334*0_310-1240*0_310-1172*0_310-1136*0_310-1208*0_310-513*0_310-1126*0_310-1769*0_310-1213*0_310-1142*0_310-1764*0_310-690*0_310-1459*0_310-169*0_310-4*0_310-341*0_310-635*0_310-1715*0_310-216*0_310-1616*0_310-1239*0_310-1137*0_310-1125*0_310-1261*0_310-1212*0_310-1766*0_310-1209*0_310-1615*0_310-1262*0_310-657*0_310-338*0_310-1259*0_310-1454*0_310-1456*0_310-1138*0_310-217*0_310-1771*0_310-1238*0_310-1617*0_310-1183*0_310-535*0_310-751*0_310-1451*0_310-1714*0_310-1492*0_310-1258*0_310-1139*0_1727-1724*1_1774-1775*1_1140-1143*1_1774-5*1_1774-6*1_1140-1145*1_1140-1173*1_1140-1146*1_1140-1156*1_1774-7*1_1140-1123*1_1140-1157*1_1140-1124*1_1140-1147*1_1140-1161*1_1774-186*1_1774-8*1_1140-1160*1_1140-1491*1_1774-185*1_1140-1158*1_1140-1159*1_1140-1121*1_1140-1148*1_1140-1490*1_1774-187*1_1140-1162*1_1140-1058*1_1140-1120*1_1140-1149*1_1140-1057*1_1140-1089*1_1140-1489*1_1140-1087*1_1140-1060*1_1140-1090*1_1140-1091*1_1774-188*1_1140-1092*1_1140-1486*1_1140-1150*1_1140-1487*1_1140-1151*1_1140-1485*1_1774-190*1_1140-1152*1_1140-1093*1_1774-192*1_1774-189*1_1140-1457*1_1140-1153*1_1140-1108*1_1774-99*1_1140-1094*1_1140-1154*1_1140-1484*1_1140-1112*1_1140-1475*1_1140-1476*1_1140-1478*1_1140-1479*1_1140-1470*1_1179-1181*1_282-337*1_1217-1211*1_1217-1224*1_282-218*1_1217-1225*1_1217-692*1_282-339*1_1179-841*1_282-181*1_282-219*1_1217-1226*1_282-340*1_1217-1237*1_282-175*1_282-176*1_282-179*1_1217-1260*1_282-177*1_282-178*1_282-173*1_1217-1236*1_1217-1227*1_282-172*1_1217-1257*1_282-171*1_1217-1235*1_1217-1228*1_1217-1234*1_1217-1229*1_1217-1256*1_1217-1270*1_227-750*1_227-749*1_227-748*1_227-343*1_227-747*1_227-745*1_227-344*1_227-744*1_227-345*1_227-735*1_227-724*1_227-170*1_227-742*1_227-743*1_227-168*1_227-174*1_227-346*1_227-835*1_227-351*1_227-524*1_227-167*1_227-746*1_227-824*1_227-348*1_227-352*1_227-846*1_227-741*1_227-215*1_227-203*1_227-757*1_227-349*1_227-166*1_227-813*1_227-857*1_227-574*1_227-868*1_227-680*1_227-802*1_227-350*1_227-864*1_227-867*1_227-573*1_227-791*1_227-865*1_227-310*1_227-780*1_227-869*1_227-768*1_227-204*1_227-752*1_227-214*1_227-669*1_227-165*1_227-356*1_227-546*1_227-355*1_227-353*1_227-357*1_227-201*1_227-761*1_227-182*1_227-354*1_227-579*1_227-570*1_227-599*1_227-753*1_227-870*1_227-212*1_227-571*1_227-558*1_227-140*1_227-183*1_227-205*1_227-200*1_227-139*1_227-595*1_227-572*1_227-578*1_227-624*1_227-758*1_227-755*1_227-756*1_227-754*1_227-592*1_227-199*1_227-871*1_227-211*1_227-184*1_227-568*1_227-759*1_227-593*1_227-206*1_227-569*1_227-138*1_227-141*1_227-613*1_227-587*1_227-602*1_227-598*1_227-577*1_227-359*1_227-691*1_227-872*1_227-210*1_227-580*1_227-581*1_227-371*1_227-198*1_227-760*1_227-591*1_227-594*1_227-163*1_227-207*1_227-137*1_227-702*1_227-576*1_227-771*1_227-142*1_227-582*1_227-654*1_227-379*1_227-378*1_227-733*1_227-372*1_227-713*1_227-162*1_227-164*1_227-197*1_227-770*1_227-873*1_227-370*1_227-588*1_227-208*1_227-384*1_227-883*1_227-653*1_227-567*1_227-882*1_227-381*1_227-383*1_227-196*1_227-589*1_227-143*1_227-361*1_227-373*1_227-769*1_227-147*1_227-382*1_227-652*1_227-209*1_227-136*1_227-363*1_1741-1713*1_1741-1712*1_1741-9*1_1741-10*1_1741-74*1_1741-11*1_1741-1711*1_1741-12*1_1741-13*1_1741-1709*1_1741-73*1_1741-683*1_1741-15*1_1741-72*1_1741-16*1_1741-684*1_1741-17*1_1741-71*1_1741-1618*1_1741-685*1_1741-193*1_1741-194*1_1741-1614*1_1741-1770*1_1741-98*1_1741-18*1_1741-97*1_1741-195*1_1741-1619*1_1741-96*1_1741-95*1_1741-70*1_1741-75*1_1741-86*1_1741-94*1_1741-83*1_1741-1613*1_1741-1620*1_1741-19*1_1741-68*1_1741-76*1_1741-100*1_1741-67*1_1741-93*1_1741-77*1_1741-1772*1_1741-82*1_1741-20*1_1741-87*1_1741-66*1_1741-1622*1_1741-1263*1_1741-1708*1_1741-85*1_1741-92*1_1741-78*1_1741-65*1_1741-81*1_1741-670*1_1741-1773*1_1741-21*1_1741-671*1_1741-667*1_1741-88*1_1741-79*1_1741-1692*1_1741-666*1_1741-1691*1_1741-1693*1_1741-1264*1_1741-1623*1_1741-1690*1_1741-1624*1_1741-665*1_1741-1707*1_1741-84*1_1741-1625*1_1741-664*1_1741-22*1_1741-90*1_1741-64*1_1741-1626*1_1741-89*1_1741-101*1_1741-1265*1_1741-1627*1_1741-1689*1_1741-1706*1_1741-62*1_1741-663*1_1741-1267*1_1741-679*1_1741-673*1_1741-1601*1_1741-61*1_1741-674*1_1741-1705*1_1741-1268*1_1741-681*1_1741-38*1_8-662*2_8-117*2_8-103*2_8-63*2_8-60*2_8-104*2_8-107*2_8-106*2_8-105*2_8-108*2_8-116*2_8-109*2_8-59*2_8-675*2_8-112*2_8-110*2_8-115*2_8-111*2_8-118*2_8-119*2_8-672*2_8-37*2_8-120*2_8-57*2_8-121*2_8-126*2_8-35*2_8-56*2_8-124*2_8-648*2_8-55*2_8-34*2_8-655*2_8-122*2_8-647*2_8-123*2_8-658*2_8-659*2_8-33*2_8-656*2_8-660*2_8-610*2_8-611*2_8-609*2_8-661*2_8-612*2_8-682*2_8-127*2_8-614*2_8-32*2_8-54*2_8-23*2_8-645*2_8-128*2_8-615*2_8-24*2_8-608*2_8-53*2_8-651*2_8-31*2_8-26*2_8-616*2_8-617*2_8-27*2_8-642*2_8-129*2_8-618*2_8-640*2_1476-1472*2_1476-1471*2_1476-1480*2_1476-1474*2_1476-1494*2_1476-1481*2_1476-1473*2_1476-1495*2_1476-1496*2_1476-1469*2_1476-1482*2_1476-1497*2_1476-1468*2_1476-1563*2_1476-1465*2_1476-1498*2_1476-1483*2_1476-1467*2_1476-1562*2_1476-1458*2_1476-1500*2_1476-1561*2_1476-1493*2_1476-1501*2_1476-1560*2_1476-1117*2_1476-1116*2_1476-1118*2_1476-1399*2_1476-1119*2_1476-1388*2_1476-1502*2_1476-809*2_1476-1377*2_1476-827*2_1476-1551*2_1476-1505*2_1476-1095*2_1476-1552*2_1476-1504*2_1476-1503*2_1476-1506*2_1476-1453*2_1476-808*2_1476-1553*2_1476-1556*2_1476-1528*2_1476-828*2_1476-1410*2_1476-1452*2_1476-1096*2_1476-1507*2_1476-807*2_1476-803*2_1476-1527*2_1476-1107*2_1476-1097*2_1476-1366*2_1476-1266*2_1476-1582*2_1476-1421*2_1476-806*2_1476-1508*2_1476-1255*2_1476-801*2_1476-1109*2_1476-805*2_1476-1321*2_1476-1526*2_1476-1098*2_1476-1581*2_1476-1355*2_1476-1018*2_1476-804*2_1476-1244*2_1476-1014*2_1476-826*2_1476-1277*2_1476-1450*2_1476-1333*2_1476-1447*2_1476-1509*2_1476-1019*2_1476-1446*2_1476-1557*2_1476-1448*2_1476-1100*2_1476-1233*2_1476-1531*2_1476-1449*2_1476-800*2_1476-1013*2_1476-1113*2_1476-1445*2_1476-1525*2_1476-1432*2_1476-1564*2_1476-1558*2_1476-1020*2_1476-1222*2_1476-0*2_1476-1523*2_1476-1442*2_1476-1101*2_1476-1444*2_1476-1114*2_1476-1522*2_1476-1511*2_1476-1210*2_1476-1559*2_1476-799*2_1476-1524*2_1476-1530*2_1476-1021*2_1476-825*2_1476-1288*2_1476-1520*2_1476-1012*2_1476-1199*2_1476-1344*2_1476-1441*2_1476-1565*2_1476-1056*2_1476-1115*2_1476-1188*2_1476-1299*2_1476-1455*2_1476-1102*2_1476-1023*2_1476-1529*2_1476-798*2_1476-1512*2_1476-823*2_1476-1310*2_1476-1*2_1476-1519*2_1476-1059*2_1476-1567*2_1476-1054*2_1476-1177*2_1476-911*2_1476-1024*2_1476-1103*2_1476-1002*2_1476-1010*2_1476-1466*2_1476-1513*2_1476-797*2_1476-1518*2_1476-1000*2_1476-922*2_1476-706*2_1476-1053*2_1476-933*2_1476-1015*2_1476-1568*2_1476-1009*2_1476-1025*2_1476-900*2_1476-944*2_1476-1584*2_1476-1583*2_1476-1104*2_1476-1517*2_1476-1477*2_1476-796*2_1476-1052*2_1476-1016*2_1476-1440*2_1476-707*2_1476-955*2_1476-1001*2_1476-1008*2_1476-1542*2_1476-1541*2_1476-889*2_1476-1105*2_1476-1533*2_1476-1516*2_1476-1182*2_1476-1515*2_1476-1017*2_1476-1051*2_1476-1534*2_1476-1488*2_1476-966*2_1476-1439*2_1476-1007*2_1476-998*2_1476-1003*2_1476-1499*2_1476-877*2_1476-1050*2_1476-1510*2_1476-1521*2_1476-1532*2_1476-1004*2_1476-1438*2_1476-1049*2_1476-1110*2_1476-814*2_184-130*2_184-133*2_184-131*2_184-145*2_184-132*2_184-605*2_184-134*2_184-146*2_184-606*2_184-135*2_184-600*2_184-584*2_184-619*2_1092-708*2_1092-1061*2_1092-709*2_1092-1106*2_1092-1062*2_1092-710*2_1092-1048*2_1092-1063*2_1092-795*2_1092-1555*2_1092-1543*2_1092-1566*2_1092-1577*2_1092-1047*2_1092-1081*2_1092-1064*2_1092-1588*2_1092-1082*2_1092-1083*2_1092-1599*2_1092-819*2_1092-820*2_1092-821*2_1092-818*2_1092-1065*2_1092-822*2_1092-1610*2_1092-817*2_1092-1084*2_1092-816*2_1092-845*2_1092-1621*2_1092-844*2_1092-1035*2_1092-1034*2_1092-815*2_1092-1067*2_1092-1085*2_1092-1036*2_1092-1632*2_1092-843*2_1092-812*2_1092-1037*2_1092-1068*2_1092-930*2_1092-1032*2_1092-929*2_1092-931*2_1092-1086*2_1092-789*2_1092-928*2_1092-932*2_1092-1076*2_1092-1643*2_1092-810*2_1092-927*2_1092-1038*2_1092-934*2_1092-842*2_1092-1075*2_1092-935*2_1092-1069*2_1092-788*2_1092-926*2_1092-1039*2_1092-1654*2_1092-925*2_1092-936*2_1092-811*2_1092-783*2_1092-787*2_1092-924*2_1092-937*2_1092-1078*2_1092-782*2_1092-786*2_1092-923*2_1092-1070*2_1092-1666*2_1092-938*2_1092-1040*2_1092-781*2_1092-1079*2_1092-785*2_1092-921*2_1092-1677*2_1092-939*2_1092-778*2_1092-1071*2_1092-784*2_1092-1688*2_1092-777*2_1092-920*2_1092-940*2_1092-1072*2_1092-772*2_1092-919*2_1092-997*2_1092-776*2_1092-941*2_1092-773*2_1092-917*2_1092-942*2_1092-996*2_1092-995*2_77-52*2_77-30*2_77-28*2_77-51*2_77-29*2_77-50*2_77-39*2_77-644*2_77-1704*2_77-40*2_77-1703*2_77-46*2_77-41*2_77-1702*2_77-42*2_77-48*2_77-1701*2_77-632*2_77-1687*2_77-43*2_77-49*2_77-620*2_77-641*2_77-1686*2_77-621*2_77-639*2_77-1695*2_77-1696*2_77-631*2_77-622*2_77-638*2_77-45*2_77-623*2_77-637*2_77-1697*2_77-44*2_77-625*2_77-1694*2_77-630*2_77-676*2_77-626*2_77-678*2_77-677*2_77-627*2_77-1700*2_77-629*2_77-1683*2_77-1664*2_77-1663*2_1478-1005*2_1478-988*2_1478-866*2_1622-1628*2_664-628*3_664-633*3_1622-1629*2_664-643*3_1622-1630*2_1622-1631*2_1622-1286*2_1622-1633*2_1622-1285*2_1622-1679*2_1622-1680*2_1622-1681*2_1622-1634*2_1622-1682*2_1622-1269*2_1622-1678*2_1622-1284*2_1622-1635*2_1622-1676*2_1622-1602*2_1622-1283*2_1622-1271*2_1622-1636*2_1622-1603*2_1622-1675*2_1622-1282*2_1622-1698*2_1622-1272*2_1622-1684*2_1622-1637*2_1622-1604*2_1622-1273*2_1622-1281*2_1622-1674*2_1622-1638*2_1622-1685*2_1622-1605*2_1622-1274*2_1622-1280*2_1622-1673*2_1622-1639*2_1622-1275*2_1622-1606*2_1622-1279*2_1622-1661*2_1622-1672*2_1622-1640*2_1622-1660*2_1622-1276*2_1622-1662*2_1622-1607*2_1622-1278*2_1622-1641*2_1622-1659*2_1622-1608*2_1622-1642*2_1622-1609*2_1622-1644*2_1622-1289*2_1020-1006*3_1020-977*3_1104-918*3_1020-993*3_1020-992*3_1020-991*3_1104-774*3_1020-1011*3_1020-953*3_1020-952*3_1020-951*3_1020-1022*3_1020-954*3_1020-989*3_1020-956*3_1020-1033*3_1020-990*3_1020-1111*3_1020-1099*3_1020-1122*3_1020-957*3_1020-1088*3_1020-779*3_1020-1133*3_1020-1077*3_1020-1044*3_1020-1066*3_1020-1055*3_1020-1144*3_1020-668*3_1020-969*3_1020-446*3_1020-1155*3_1020-557*3_1020-335*3_1020-1166*3_1020-224*3_1020-987*3_1020-113*3_998-950*3_998-994*3_998-949*3_998-948*3_998-946*3_998-947*3_998-962*3_998-961*3_998-1026*3_998-1027*3_998-1028*3_546-884*2_546-885*2_546-767*2_546-766*2_546-158*2_546-765*2_546-125*2_546-247*2_546-886*2_546-114*2_546-258*2_546-764*2_546-734*2_546-553*2_546-269*2_546-887*2_546-102*2_546-881*2_546-552*2_546-763*2_546-380*2_546-736*2_546-91*2_546-280*2_546-551*2_546-880*2_546-548*2_546-1080*2_546-762*2_546-391*2_546-80*2_546-1073*2_546-890*2_546-737*2_546-547*2_546-550*2_546-1074*2_546-879*2_546-545*2_546-402*2_546-291*2_546-549*2_546-738*2_546-544*2_546-891*2_546-69*2_546-302*2_546-878*2_546-58*2_546-413*2_546-874*2_546-543*2_546-739*2_546-313*2_546-47*2_546-876*2_546-716*2_546-732*2_546-892*2_546-542*2_546-36*2_546-875*2_546-424*2_546-715*2_546-740*2_546-324*2_546-369*2_546-336*2_546-714*2_546-541*2_546-712*2_546-731*2_546-893*2_546-347*2_546-358*2_546-540*2_546-25*2_546-711*2_546-717*2_546-729*2_546-728*2_546-727*2_546-726*2_546-907*2_546-539*2_546-730*2_546-14*2_546-725*2_546-906*2_546-908*2_546-894*2_546-538*2_546-3*2_546-794*2_546-531*2_546-905*2_546-909*2_546-1765*2_546-537*2_546-723*2_546-895*2_546-793*2_546-532*2_546-536*2_546-1754*2_546-910*2_546-904*2_546-368*2_546-360*2_546-722*2_546-792*2_546-534*2_546-1743*2_546-367*2_546-533*2_546-896*2_546-721*2_546-903*2_546-720*2_546-719*2_546-1732*2_546-362*2_546-366*2_546-554*2_546-365*2_546-897*2_546-555*2_546-374*2_546-464*2_546-375*2_546-556*2_546-463*2_546-562*2_546-466*2_546-462*2_546-456*2_1188-1221*3_1188-2*3_1188-1332*3_1188-1665*3_1188-1443*3_1188-1554*3_1188-968*3_1188-958*3_1188-986*3_1188-967*3_1188-959*3_1188-985*3_1188-943*3_1188-965*3_1188-960*3_1188-963*3_1188-945*3_1188-964*3_1188-888*3_1188-984*3_1188-970*3_1188-999*3_1188-971*3_1188-981*3_1188-982*3_780-364*2_780-408*2_780-561*2_780-376*2_780-377*2_780-407*2_780-559*2_780-406*2_780-560*2_780-563*2_780-455*2_780-454*2_780-405*2_780-453*2_780-400*2_780-385*2_780-452*2_780-564*2_780-404*2_780-386*2_780-401*2_780-399*2_780-461*2_780-457*2_780-403*2_780-460*2_780-388*2_780-465*2_780-398*2_780-440*2_780-459*2_780-161*2_780-507*2_1705-687*2_1705-1667*2_1705-688*2_1705-1668*2_1705-689*2_1705-1669*2_1705-1670*2_1705-1671*2_1705-1658*2_1705-1657*2_1705-1656*2_1705-1647*2_1705-1648*2_1705-1649*2_1705-1645*2_1705-1646*2_1705-1650*2_222-597*1_222-583*1_222-148*1_222-585*1_222-590*1_222-160*1_222-149*1_222-150*1_222-157*1_222-159*1_222-154*1_222-155*1_222-439*1_1399-1030*3_1399-1031*3_215-144*3_215-649*3_215-601*3_215-650*3_215-586*3_215-607*3_215-603*3_215-151*3_215-604*3_215-152*3_215-156*3_215-153*3_215-575*3_1507-1514*3_951-980*4_951-1029*4_951-979*4_951-972*4_951-983*4_951-973*4_1507-1535*3_951-974*4_1507-1544*3_951-976*4_951-978*4_951-975*4_1507-1550*3_1507-1545*3_1507-1549*3_1507-1546*3_1507-1437*3_1507-1547*3_1507-1548*3_1507-1436*3_1507-1569*3_1507-1570*3_1507-1435*3_1507-1536*3_1507-1571*3_1507-1434*3_1507-1537*3_1507-1419*3_1507-1572*3_1507-1433*3_1507-1414*3_1507-1538*3_1507-1573*3_1507-1413*3_1507-1539*3_1507-1431*3_1507-1574*3_1507-1412*3_1507-1430*3_1507-1424*3_1507-1409*3_164-441*2_164-438*2_164-437*2_164-387*2_164-436*2_164-434*2_164-389*2_164-433*2_164-390*2_164-432*2_164-392*2_164-431*2_164-566*2_164-565*2_1209-1230*2_1209-1242*2_384-393*2_384-397*2_384-396*2_384-394*2_384-395*2_384-409*2_384-444*2_384-596*2_384-430*2_384-443*2_384-410*2_384-429*2_384-442*2_384-411*2_384-427*2_384-425*2_1694-1651*3_1694-1652*3_1694-1653*3_1694-1655*3_1694-856*3_624-790*2_624-775*2_624-1721*2_624-912*2_624-1710*2_624-1699*2_624-914*2_624-915*2_719-898*3_719-467*3_719-899*3_719-526*3_719-468*3_719-901*3_719-525*3_719-902*3_719-718*3_719-523*3_719-470*3_719-522*3_719-471*3_719-527*3_719-472*3_719-521*3_719-473*3_719-520*3_719-474*3_719-475*3_719-476*3_719-477*3_719-478*3_719-506*3_719-479*3_719-489*3_719-488*3_719-487*3_719-481*3_719-486*3_719-490*3_719-485*3_719-482*3_719-484*3_719-492*3_719-483*3_719-508*3_719-493*3_719-509*3_719-499*3_719-498*3_719-913*3_719-497*3_719-510*3_719-494*3_719-495*3_719-496*3_719-511*3_719-528*3_719-500*3_719-529*3_719-512*3_719-501*3_719-514*3_719-503*3_629-636*3_629-634*3_1681-855*3_1681-854*3_1681-832*3_1681-831*3_1681-1611*3_1681-833*3_1681-834*3_1681-830*3_1681-829*3_1681-837*3_1681-1287*3_1681-838*3_1681-1612*3_1681-1254*3_720-530*3_720-515*3_720-451*3_720-450*3_720-504*3_720-516*3_1762-1253*1_1762-1252*1_1762-1251*1_1762-1241*1_1762-1231*1_1762-1232*1_1762-1290*1_1762-1248*1_464-518*3_464-420*3_477-517*4_477-505*4_477-519*4_477-422*4_477-421*4_477-449*4_456-448*3_456-445*3_456-419*3_456-418*3_456-417*3_456-416*3_456-414*3_1310-1540*4_776-916*3_1609-840*3_1609-839*3_1609-1600*3_1609-1294*3_1609-1295*3_1609-1293*3_1609-836*3_1609-1291*3_1609-1296*3_1609-1292*3_1609-1297*3_1609-1250*3_1609-1303*3_1609-1249*3_1609-1302*3_1609-1301*3_1609-1247*3_1609-1298*3_1609-1246*3_1609-1245*3_1609-1243*3_1609-1300*3_1609-1429*3_1609-1428*3_1609-1315*3_1609-1304*3_1609-1314*3_1609-1313*3_1609-1427*3_1609-1312*3_1609-1311*3_1609-1426*3_1609-1322*3_1609-1316*3_1609-1576*3_1609-1305*3_1609-1317*3_1539-1407*4_1539-1406*4_1539-858*4_1539-859*4_1539-860*4_1539-861*4_1539-862*4_1539-1405*4_1539-863*4_1539-1408*4_1539-1415*4_1539-1402*4_1539-1416*4_1539-1403*4_1539-1417*4_1539-1376*4_1539-1404*4_1539-1418*4_1539-1378*4_1539-1379*4_1539-1375*4_1430-1580*4_1430-1425*4_1430-1579*4_1430-1578*4_1430-1423*4_1430-1422*4_1430-1575*4_1430-1420*4_1430-1411*4_1430-1396*4_1430-1398*4_1430-1395*4_1430-1394*4_1430-1397*4_1430-1400*4_1430-1585*4_1430-1401*4_1430-1393*4_1430-1586*4_1430-1392*4_1430-1391*4_1430-1587*4_1430-1386*4_1430-1589*4_1430-1385*4_1430-1384*4_1430-1590*4_1430-1383*4_1430-1387*4_1430-1591*4_1430-1594*4_1430-1382*4_1430-1389*4_1430-1381*4_1430-1306*4_1430-1307*4_1430-1308*4_1430-1390*4_1430-1309*4_1430-1596*4_1430-1341*4_1430-1597*4_1430-1598*4_1430-1372*4_516-415*6_516-412*6_1386-1592*5_1386-1380*5_1386-1593*5_1386-1373*5_1386-1374*5_1386-1371*5_1386-1362*5_1386-1370*5_1386-1361*5_1386-1360*5_1386-1364*5_1386-1363*5_1386-1365*5_1386-1367*5_1386-1368*5_1386-1369*5_1408-1359*5_1408-1595*5_1408-1343*5_1408-1336*5_1408-1337*5_1408-1342*5_1408-1338*5_1408-1335*5_1408-1339*5_1408-1340*5_1408-1334*5_1408-1345*5_1408-1325*5_385-428*3_385-426*3_385-423*3_925-1041*4_925-1042*4_925-1043*4_925-1045*4_925-1046*4_1596-1327*5_1596-1328*5_1596-1346*5_1596-1347*5_1596-1348*5_1596-1349*5_1596-1350*5_1375-1326*5_1375-1324*5_1375-1329*5_1375-1323*5_1372-1330*5_1372-1331*5_1372-1318*5_1372-1319*5_1372-1320*5_1372-1356*5_1372-1354*5_1372-1351*5_1372-1353*5_1372-1352*5_1372-1357*5_1372-1358*5_
