"id","Scenario","Actual Range","Protocol","Buildings","Total nodes","Nodes on circ","Total coverage","Coverage on circ","Alert received mean time","Hops","Slots","Messages sent","Messages received", "Starting x", "Starting y","Starting node", "Vehicle distance", "Received node ids", "Node ids", "Transmission map", "Received on circ nodes", "Transmission vector"
0,1,300,0,0,1072,59,1072,59,25243.3,5.38983,24.7288,111,1072,775.98,2197.17,3,45,14_781_950_15_962_780_25_27_17_1039_939_36_16_973_58_836_779_833_26_47_22_18_24_69_1028_928_832_23_1017_984_32_778_9_86_835_19_1006_831_995_834_94_1050_80_87_93_917_31_774_84_789_772_775_777_20_1061_95_83_776_88_771_788_30_968_793_906_728_92_790_829_751_740_787_770_794_783_91_795_97_967_784_762_773_209_270_208_70_819_806_204_818_717_205_782_71_812_820_817_267_72_203_816_206_266_813_785_873_706_814_830_268_265_815_39_828_202_786_3_38_884_695_269_29_201_264_839_198_199_673_895_28_662_12_11_257_197_237_236_258_200_1065_1064_271_90_89_955_959_958_960_957_956_963_966_964_8_969_953_856_857_965_858_7_880_854_855_853_954_852_970_879_4_908_909_907_98_848_849_861_860_1071_5_859_863_99_878_10_974_851_862_44_37_35_684_43_629_617_40_640_606_34_651_111_110_13_41_595_112_109_33_113_108_584_42_114_1066_210_211_573_106_1067_115_212_562_186_991_847_975_929_990_937_910_927_972_845_989_864_930_976_865_933_951_911_733_846_926_986_931_844_735_934_932_866_952_912_900_904_732_925_905_867_868_736_913_935_843_987_899_977_947_731_924_1070_898_869_938_737_936_946_923_734_940_842_988_897_980_945_979_730_921_21_838_724_982_105_100_6_876_870_875_729_981_992_727_896_978_738_971_985_994_877_983_725_101_1069_102_103_914_915_104_948_1068_916_918_949_919_920_922_874_881_882_903_872_883_902_871_885_890_891_901_894_893_892_941_942_943_889_888_944_887_886_792_791_796_802_801_769_74_797_807_800_75_803_73_808_841_768_840_798_837_804_76_767_799_811_810_809_805_765_821_766_822_823_608_609_612_607_604_611_605_1053_741_742_757_743_764_758_744_718_756_719_763_234_235_238_233_241_239_259_195_242_243_232_255_260_275_194_213_244_1063_254_227_993_716_759_720_722_760_723_996_714_998_721_712_715_1031_1030_1029_1027_997_755_713_711_726_754_710_999_761_1032_708_707_1033_276_272_261_274_443_444_263_445_827_245_442_460_826_252_246_439_441_277_459_825_253_438_247_1058_824_446_278_449_457_437_458_1059_248_214_596_610_594_597_603_593_602_630_631_598_592_601_613_632_591_599_635_636_600_676_634_624_633_637_614_535_747_1051_625_638_534_746_536_675_615_1052_639_537_705_709_704_1003_703_1060_279_1062_280_290_436_435_434_503_501_502_513_447_504_514_433_505_498_463_448_432_507_497_464_499_450_465_469_452_626_533_622_627_623_314_315_539_538_541_580_579_316_578_542_327_317_256_226_215_225_224_220_219_216_183_250_116_217_249_551_49_182_228_117_540_52_181_119_230_187_180_120_188_189_620_281_289_619_282_288_618_283_287_1057_301_616_1056_286_285_1055_621_300_291_312_313_299_292_311_298_293_456_466_453_467_468_470_454_480_471_500_455_479_478_482_461_481_231_418_61_407_429_62_51_395_170_50_174_440_384_169_175_60_451_48_176_163_221_171_462_46_296_168_307_284_677_753_685_674_672_678_689_752_671_688_690_683_681_680_686_679_682_750_691_748_670_668_749_687_667_1038_641_1040_1044_669_692_1041_1045_650_1042_666_1037_642_1046_590_693_649_699_698_665_664_297_294_302_509_510_508_303_511_304_422_424_423_512_310_425_309_305_426_308_421_427_173_164_140_151_321_322_320_323_324_319_325_328_326_330_527_526_306_528_331_530_531_334_333_332_532_525_335_68_543_544_67_420_428_419_430_431_413_414_1002_1034_1001_701_1035_702_700_694_1036_696_1000_1004_1005_697_1007_1026_1043_663_1025_1024_661_648_660_647_1015_659_1014_1009_646_1010_652_1008_1011_1019_1020_1021_645_1012_1016_653_1013_59_529_190_518_121_57_506_191_122_56_223_495_123_192_55_45_222_484_54_124_193_473_53_125_66_65_339_64_338_63_336_337_77_546_341_1022_577_576_589_572_571_588_570_585_587_583_569_574_1049_545_586_582_568_575_581_561_547_560_172_167_161_166_165_162_158_160_129_157_133_318_159_362_118_132_135_134_126_127_329_185_128_107_515_474_472_475_492_417_476_491_493_477_412_494_415_496_486_657_654_658_656_644_655_1048_1047_643_483_485_0_373_340_1_184_487_295_488_490_489_349_346_347_348_354_350_342_131_567_563_1054_559_566_564_565_548_549_558_553_554_550_552_555_556_78_557_351_96_406_517_85_196_628_850_961_739_2_207_218_229_130_179_177_139_178_138_137_141_136_142_156_143_1023_1018_410_409_411_82_405_81_408_416_79_387_390_388_389_404_391_386_401_385_403_392_399_397_402_396_398_393_400_145_144_150_153_146_152_154_147_149_148_251_262_240_273_155_516_519_394_520_521_524_522_523_383_345_378_344_365_382_377_361_343_363_360_376_379_380_364_366_356_357_355_358_352_359_367_353_374_381_372_375_745_371_369_370_368_,0_1_2_3_4_5_6_7_8_9_10_11_12_13_14_15_16_17_18_19_20_21_22_23_24_25_26_27_28_29_30_31_32_33_34_35_36_37_38_39_40_41_42_43_44_45_46_47_48_49_50_51_52_53_54_55_56_57_58_59_60_61_62_63_64_65_66_67_68_69_70_71_72_73_74_75_76_77_78_79_80_81_82_83_84_85_86_87_88_89_90_91_92_93_94_95_96_97_98_99_100_101_102_103_104_105_106_107_108_109_110_111_112_113_114_115_116_117_118_119_120_121_122_123_124_125_126_127_128_129_130_131_132_133_134_135_136_137_138_139_140_141_142_143_144_145_146_147_148_149_150_151_152_153_154_155_156_157_158_159_160_161_162_163_164_165_166_167_168_169_170_171_172_173_174_175_176_177_178_179_180_181_182_183_184_185_186_187_188_189_190_191_192_193_194_195_196_197_198_199_200_201_202_203_204_205_206_207_208_209_210_211_212_213_214_215_216_217_218_219_220_221_222_223_224_225_226_227_228_229_230_231_232_233_234_235_236_237_238_239_240_241_242_243_244_245_246_247_248_249_250_251_252_253_254_255_256_257_258_259_260_261_262_263_264_265_266_267_268_269_270_271_272_273_274_275_276_277_278_279_280_281_282_283_284_285_286_287_288_289_290_291_292_293_294_295_296_297_298_299_300_301_302_303_304_305_306_307_308_309_310_311_312_313_314_315_316_317_318_319_320_321_322_323_324_325_326_327_328_329_330_331_332_333_334_335_336_337_338_339_340_341_342_343_344_345_346_347_348_349_350_351_352_353_354_355_356_357_358_359_360_361_362_363_364_365_366_367_368_369_370_371_372_373_374_375_376_377_378_379_380_381_382_383_384_385_386_387_388_389_390_391_392_393_394_395_396_397_398_399_400_401_402_403_404_405_406_407_408_409_410_411_412_413_414_415_416_417_418_419_420_421_422_423_424_425_426_427_428_429_430_431_432_433_434_435_436_437_438_439_440_441_442_443_444_445_446_447_448_449_450_451_452_453_454_455_456_457_458_459_460_461_462_463_464_465_466_467_468_469_470_471_472_473_474_475_476_477_478_479_480_481_482_483_484_485_486_487_488_489_490_491_492_493_494_495_496_497_498_499_500_501_502_503_504_505_506_507_508_509_510_511_512_513_514_515_516_517_518_519_520_521_522_523_524_525_526_527_528_529_530_531_532_533_534_535_536_537_538_539_540_541_542_543_544_545_546_547_548_549_550_551_552_553_554_555_556_557_558_559_560_561_562_563_564_565_566_567_568_569_570_571_572_573_574_575_576_577_578_579_580_581_582_583_584_585_586_587_588_589_590_591_592_593_594_595_596_597_598_599_600_601_602_603_604_605_606_607_608_609_610_611_612_613_614_615_616_617_618_619_620_621_622_623_624_625_626_627_628_629_630_631_632_633_634_635_636_637_638_639_640_641_642_643_644_645_646_647_648_649_650_651_652_653_654_655_656_657_658_659_660_661_662_663_664_665_666_667_668_669_670_671_672_673_674_675_676_677_678_679_680_681_682_683_684_685_686_687_688_689_690_691_692_693_694_695_696_697_698_699_700_701_702_703_704_705_706_707_708_709_710_711_712_713_714_715_716_717_718_719_720_721_722_723_724_725_726_727_728_729_730_731_732_733_734_735_736_737_738_739_740_741_742_743_744_745_746_747_748_749_750_751_752_753_754_755_756_757_758_759_760_761_762_763_764_765_766_767_768_769_770_771_772_773_774_775_776_777_778_779_780_781_782_783_784_785_786_787_788_789_790_791_792_793_794_795_796_797_798_799_800_801_802_803_804_805_806_807_808_809_810_811_812_813_814_815_816_817_818_819_820_821_822_823_824_825_826_827_828_829_830_831_832_833_834_835_836_837_838_839_840_841_842_843_844_845_846_847_848_849_850_851_852_853_854_855_856_857_858_859_860_861_862_863_864_865_866_867_868_869_870_871_872_873_874_875_876_877_878_879_880_881_882_883_884_885_886_887_888_889_890_891_892_893_894_895_896_897_898_899_900_901_902_903_904_905_906_907_908_909_910_911_912_913_914_915_916_917_918_919_920_921_922_923_924_925_926_927_928_929_930_931_932_933_934_935_936_937_938_939_940_941_942_943_944_945_946_947_948_949_950_951_952_953_954_955_956_957_958_959_960_961_962_963_964_965_966_967_968_969_970_971_972_973_974_975_976_977_978_979_980_981_982_983_984_985_986_987_988_989_990_991_992_993_994_995_996_997_998_999_1000_1001_1002_1003_1004_1005_1006_1007_1008_1009_1010_1011_1012_1013_1014_1015_1016_1017_1018_1019_1020_1021_1022_1023_1024_1025_1026_1027_1028_1029_1030_1031_1032_1033_1034_1035_1036_1037_1038_1039_1040_1041_1042_1043_1044_1045_1046_1047_1048_1049_1050_1051_1052_1053_1054_1055_1056_1057_1058_1059_1060_1061_1062_1063_1064_1065_1066_1067_1068_1069_1070_1071_,3:{14;781;950;15;962;780;25;27;17;1039;939;36;16;973;58;836;779;833;26;47;22;18;24;69;1028;928;832;23;1017;984;32;778;9;86;835;19;1006;831;995;834;94;1050;80;87;93;917;31;774;84;789;772;775;777;20;1061;95;83;776;88;771;788;30;968;793;906;728;92;790;829;751;740;787;770;794;783;91;795;97;967;}68:{66;65;339;64;338;63;336;337;77;546;341;}91:{90;89;955;959;958;960;957;956;963;966;964;8;969;953;856;857;965;858;7;880;854;855;853;954;852;970;879;4;908;909;907;98;848;849;861;860;1071;5;859;863;99;878;10;974;}100:{101;1069;102;103;914;915;104;948;1068;916;918;949;919;920;}119:{59;529;190;518;121;57;506;191;122;56;223;495;123;192;55;45;222;484;54;124;193;473;53;125;}128:{130;179;177;139;178;138;137;141;136;142;156;143;}132:{131;}143:{145;144;150;153;146;152;154;147;149;148;}156:{251;262;240;273;155;}168:{173;140;151;}171:{164;}174:{172;167;161;166;165;162;158;160;129;157;133;318;159;362;118;132;135;134;126;127;329;185;128;107;}186:{183;116;551;182;117;540;181;119;187;180;120;188;189;}213:{256;226;215;225;224;220;219;216;250;217;249;49;228;52;230;}264:{257;237;236;258;271;}269:{197;200;1065;1064;}275:{276;272;261;274;443;444;263;445;827;245;442;460;826;252;246;439;441;277;459;825;253;438;247;1058;824;446;278;449;457;437;458;1059;248;214;}290:{620;281;289;619;282;288;618;283;287;1057;301;616;1056;286;285;1055;621;300;291;312;313;299;292;311;298;293;}299:{297;294;302;509;510;508;303;511;304;422;424;423;512;310;425;309;305;426;308;421;427;}309:{321;322;320;323;324;319;325;328;326;330;527;526;306;528;331;530;531;334;333;332;532;525;335;68;543;544;67;}339:{349;346;347;348;354;350;342;}352:{372;375;}358:{371;369;370;368;}362:{351;96;406;517;85;196;628;850;961;739;2;207;218;229;}392:{516;519;394;520;521;524;522;523;383;345;378;344;365;382;377;361;343;363;360;376;379;380;364;366;}410:{409;411;82;405;81;408;416;79;387;390;388;389;404;391;386;401;385;403;392;399;397;402;396;398;393;400;}430:{515;474;472;475;492;417;476;491;493;477;412;494;415;496;486;}437:{436;435;434;503;501;502;513;447;504;514;433;505;498;463;448;432;507;497;464;499;450;465;469;452;}455:{231;418;61;407;429;62;51;395;170;50;174;440;384;169;175;60;451;48;176;163;221;171;462;46;296;168;307;284;}463:{456;466;453;467;468;470;454;480;471;500;455;479;478;482;461;481;}470:{483;485;0;373;340;1;184;}486:{487;295;488;490;489;}488:{410;}510:{420;428;419;430;431;413;414;}522:{356;357;355;358;352;359;367;353;374;381;}547:{550;552;555;556;78;557;}572:{567;563;1054;559;566;564;565;548;549;558;553;554;}578:{577;576;589;572;571;588;570;585;587;583;569;574;1049;545;586;582;568;575;581;561;547;560;}600:{626;533;622;627;623;314;315;539;538;541;580;579;316;578;542;327;317;}652:{657;654;658;656;644;655;1048;1047;643;}665:{1026;1043;663;1025;1024;661;648;660;647;1015;659;1014;1009;646;1010;652;1008;1011;1019;1020;1021;645;1012;1016;653;1013;}705:{1002;1034;1001;701;1035;702;700;694;1036;696;1000;1004;1005;697;1007;}720:{705;709;704;1003;703;}744:{745;}772:{792;791;796;802;801;769;74;797;807;800;75;803;73;808;841;768;840;798;837;804;76;767;799;811;810;809;805;765;821;766;}804:{822;823;608;609;612;607;604;611;605;1053;}818:{234;235;238;233;241;239;259;195;242;243;232;255;260;275;194;213;244;1063;254;227;}823:{1060;279;1062;280;290;}837:{741;742;757;743;764;758;744;718;756;719;763;}839:{851;862;44;37;35;684;43;629;617;40;640;606;34;651;111;110;13;41;595;112;109;33;113;108;584;42;114;1066;210;211;573;106;1067;115;212;562;186;}870:{892;}873:{673;895;28;662;12;11;}895:{105;100;6;}906:{784;762;773;209;270;208;70;819;806;204;818;717;205;782;71;812;820;817;267;72;203;816;206;266;813;785;873;706;814;830;268;265;815;39;828;202;786;3;38;884;695;269;29;201;264;839;198;199;}908:{929;937;910;927;930;933;951;911;926;931;934;932;952;912;904;925;905;913;935;947;924;1070;938;936;946;923;940;945;921;}913:{922;}922:{941;942;943;}936:{889;888;944;887;886;}954:{874;881;882;903;872;883;902;871;885;890;891;901;894;893;}974:{991;847;975;990;972;845;989;864;976;865;733;846;986;844;735;866;900;732;867;868;736;843;987;899;977;731;898;869;737;734;842;988;897;980;979;730;21;838;724;982;}991:{876;870;875;729;981;992;727;896;978;738;971;985;994;877;983;725;}994:{993;716;759;720;722;760;723;996;714;998;721;712;715;1031;1030;1029;1027;997;755;713;711;726;754;710;999;761;1032;708;707;1033;}1004:{1022;}1016:{1023;1018;}1051:{677;753;685;674;672;678;689;752;671;688;690;683;681;680;686;679;682;750;691;748;670;668;749;687;667;1038;641;1040;1044;669;692;1041;1045;650;1042;666;1037;642;1046;590;693;649;699;698;665;664;}1053:{596;610;594;597;603;593;602;630;631;598;592;601;613;632;591;599;635;636;600;676;634;624;633;637;614;535;747;1051;625;638;534;746;536;675;615;1052;639;537;},53_54_60_123_124_231_285_286_291_292_299_300_311_312_314_315_316_418_429_434_435_440_451_455_461_462_463_464_473_501_502_503_504_513_533_536_537_627_639_641_668_670_671_678_679_680_681_682_683_697_698_699_1000_1004_1005_1036_1037_1044_1045_,3-14*0_3-781*0_3-950*0_3-15*0_3-962*0_3-780*0_3-25*0_3-27*0_3-17*0_3-1039*0_3-939*0_3-36*0_3-16*0_3-973*0_3-58*0_3-836*0_3-779*0_3-833*0_3-26*0_3-47*0_3-22*0_3-18*0_3-24*0_3-69*0_3-1028*0_3-928*0_3-832*0_3-23*0_3-1017*0_3-984*0_3-32*0_3-778*0_3-9*0_3-86*0_3-835*0_3-19*0_3-1006*0_3-831*0_3-995*0_3-834*0_3-94*0_3-1050*0_3-80*0_3-87*0_3-93*0_3-917*0_3-31*0_3-774*0_3-84*0_3-789*0_3-772*0_3-775*0_3-777*0_3-20*0_3-1061*0_3-95*0_3-83*0_3-776*0_3-88*0_3-771*0_3-788*0_3-30*0_3-968*0_3-793*0_3-906*0_3-728*0_3-92*0_3-790*0_3-829*0_3-751*0_3-740*0_3-787*0_3-770*0_3-794*0_3-783*0_3-91*0_3-795*0_3-97*0_3-967*0_906-784*1_906-762*1_906-773*1_906-209*1_906-270*1_906-208*1_906-70*1_906-819*1_906-806*1_906-204*1_906-818*1_906-717*1_906-205*1_906-782*1_906-71*1_906-812*1_906-820*1_906-817*1_906-267*1_906-72*1_906-203*1_906-816*1_906-206*1_906-266*1_906-813*1_906-785*1_906-873*1_906-706*1_906-814*1_906-830*1_906-268*1_906-265*1_906-815*1_906-39*1_906-828*1_906-202*1_906-786*1_906-3*1_906-38*1_906-884*1_906-695*1_906-269*1_906-29*1_906-201*1_906-264*1_906-839*1_906-198*1_906-199*1_873-673*2_873-895*2_873-28*2_873-662*2_873-12*2_873-11*2_264-257*2_269-197*2_264-237*2_264-236*2_264-258*2_269-200*2_269-1065*2_269-1064*2_264-271*2_91-90*1_91-89*1_91-955*1_91-959*1_91-958*1_91-960*1_91-957*1_91-956*1_91-963*1_91-966*1_91-964*1_91-8*1_91-969*1_91-953*1_91-856*1_91-857*1_91-965*1_91-858*1_91-7*1_91-880*1_91-854*1_91-855*1_91-853*1_91-954*1_91-852*1_91-970*1_91-879*1_91-4*1_91-908*1_91-909*1_91-907*1_91-98*1_91-848*1_91-849*1_91-861*1_91-860*1_91-1071*1_91-5*1_91-859*1_91-863*1_91-99*1_91-878*1_91-10*1_91-974*1_839-851*2_839-862*2_839-44*2_839-37*2_839-35*2_839-684*2_839-43*2_839-629*2_839-617*2_839-40*2_839-640*2_839-606*2_839-34*2_839-651*2_839-111*2_839-110*2_839-13*2_839-41*2_839-595*2_839-112*2_839-109*2_839-33*2_839-113*2_839-108*2_839-584*2_839-42*2_839-114*2_839-1066*2_839-210*2_839-211*2_839-573*2_839-106*2_839-1067*2_839-115*2_839-212*2_839-562*2_839-186*2_974-991*2_974-847*2_974-975*2_908-929*2_974-990*2_908-937*2_908-910*2_908-927*2_974-972*2_974-845*2_974-989*2_974-864*2_908-930*2_974-976*2_974-865*2_908-933*2_908-951*2_908-911*2_974-733*2_974-846*2_908-926*2_974-986*2_908-931*2_974-844*2_974-735*2_908-934*2_908-932*2_974-866*2_908-952*2_908-912*2_974-900*2_908-904*2_974-732*2_908-925*2_908-905*2_974-867*2_974-868*2_974-736*2_908-913*2_908-935*2_974-843*2_974-987*2_974-899*2_974-977*2_908-947*2_974-731*2_908-924*2_908-1070*2_974-898*2_974-869*2_908-938*2_974-737*2_908-936*2_908-946*2_908-923*2_974-734*2_908-940*2_974-842*2_974-988*2_974-897*2_974-980*2_908-945*2_974-979*2_974-730*2_908-921*2_974-21*2_974-838*2_974-724*2_974-982*2_895-105*3_895-100*3_895-6*3_991-876*3_991-870*3_991-875*3_991-729*3_991-981*3_991-992*3_991-727*3_991-896*3_991-978*3_991-738*3_991-971*3_991-985*3_991-994*3_991-877*3_991-983*3_991-725*3_100-101*4_100-1069*4_100-102*4_100-103*4_100-914*4_100-915*4_100-104*4_100-948*4_100-1068*4_100-916*4_100-918*4_100-949*4_100-919*4_100-920*4_913-922*3_954-874*2_954-881*2_954-882*2_954-903*2_954-872*2_954-883*2_954-902*2_954-871*2_954-885*2_954-890*2_954-891*2_954-901*2_954-894*2_954-893*2_870-892*4_922-941*4_922-942*4_922-943*4_936-889*3_936-888*3_936-944*3_936-887*3_936-886*3_772-792*1_772-791*1_772-796*1_772-802*1_772-801*1_772-769*1_772-74*1_772-797*1_772-807*1_772-800*1_772-75*1_772-803*1_772-73*1_772-808*1_772-841*1_772-768*1_772-840*1_772-798*1_772-837*1_772-804*1_772-76*1_772-767*1_772-799*1_772-811*1_772-810*1_772-809*1_772-805*1_772-765*1_772-821*1_772-766*1_804-822*2_804-823*2_804-608*2_804-609*2_804-612*2_804-607*2_804-604*2_804-611*2_804-605*2_804-1053*2_837-741*2_837-742*2_837-757*2_837-743*2_837-764*2_837-758*2_837-744*2_837-718*2_837-756*2_837-719*2_837-763*2_818-234*2_818-235*2_818-238*2_818-233*2_818-241*2_818-239*2_818-259*2_818-195*2_818-242*2_818-243*2_818-232*2_818-255*2_818-260*2_818-275*2_818-194*2_818-213*2_818-244*2_818-1063*2_818-254*2_818-227*2_994-993*4_994-716*4_994-759*4_994-720*4_994-722*4_994-760*4_994-723*4_994-996*4_994-714*4_994-998*4_994-721*4_994-712*4_994-715*4_994-1031*4_994-1030*4_994-1029*4_994-1027*4_994-997*4_994-755*4_994-713*4_994-711*4_994-726*4_994-754*4_994-710*4_994-999*4_994-761*4_994-1032*4_994-708*4_994-707*4_994-1033*4_275-276*3_275-272*3_275-261*3_275-274*3_275-443*3_275-444*3_275-263*3_275-445*3_275-827*3_275-245*3_275-442*3_275-460*3_275-826*3_275-252*3_275-246*3_275-439*3_275-441*3_275-277*3_275-459*3_275-825*3_275-253*3_275-438*3_275-247*3_275-1058*3_275-824*3_275-446*3_275-278*3_275-449*3_275-457*3_275-437*3_275-458*3_275-1059*3_275-248*3_275-214*3_1053-596*3_1053-610*3_1053-594*3_1053-597*3_1053-603*3_1053-593*3_1053-602*3_1053-630*3_1053-631*3_1053-598*3_1053-592*3_1053-601*3_1053-613*3_1053-632*3_1053-591*3_1053-599*3_1053-635*3_1053-636*3_1053-600*3_1053-676*3_1053-634*3_1053-624*3_1053-633*3_1053-637*3_1053-614*3_1053-535*3_1053-747*3_1053-1051*3_1053-625*3_1053-638*3_1053-534*3_1053-746*3_1053-536*3_1053-675*3_1053-615*3_1053-1052*3_1053-639*3_1053-537*3_720-705*5_720-709*5_720-704*5_720-1003*5_720-703*5_823-1060*3_823-279*3_823-1062*3_823-280*3_823-290*3_437-436*4_437-435*4_437-434*4_437-503*4_437-501*4_437-502*4_437-513*4_437-447*4_437-504*4_437-514*4_437-433*4_437-505*4_437-498*4_437-463*4_437-448*4_437-432*4_437-507*4_437-497*4_437-464*4_437-499*4_437-450*4_437-465*4_437-469*4_437-452*4_600-626*4_600-533*4_600-622*4_600-627*4_600-623*4_600-314*4_600-315*4_600-539*4_600-538*4_600-541*4_600-580*4_600-579*4_600-316*4_600-578*4_600-542*4_600-327*4_600-317*4_213-256*3_213-226*3_213-215*3_213-225*3_213-224*3_213-220*3_213-219*3_213-216*3_186-183*3_213-250*3_186-116*3_213-217*3_213-249*3_186-551*3_213-49*3_186-182*3_213-228*3_186-117*3_186-540*3_213-52*3_186-181*3_186-119*3_213-230*3_186-187*3_186-180*3_186-120*3_186-188*3_186-189*3_290-620*4_290-281*4_290-289*4_290-619*4_290-282*4_290-288*4_290-618*4_290-283*4_290-287*4_290-1057*4_290-301*4_290-616*4_290-1056*4_290-286*4_290-285*4_290-1055*4_290-621*4_290-300*4_290-291*4_290-312*4_290-313*4_290-299*4_290-292*4_290-311*4_290-298*4_290-293*4_463-456*5_463-466*5_463-453*5_463-467*5_463-468*5_463-470*5_463-454*5_463-480*5_463-471*5_463-500*5_463-455*5_463-479*5_463-478*5_463-482*5_463-461*5_463-481*5_455-231*6_455-418*6_455-61*6_455-407*6_455-429*6_455-62*6_455-51*6_455-395*6_455-170*6_455-50*6_455-174*6_455-440*6_455-384*6_455-169*6_455-175*6_455-60*6_455-451*6_455-48*6_455-176*6_455-163*6_455-221*6_455-171*6_455-462*6_455-46*6_455-296*6_455-168*6_455-307*6_455-284*6_1051-677*4_1051-753*4_1051-685*4_1051-674*4_1051-672*4_1051-678*4_1051-689*4_1051-752*4_1051-671*4_1051-688*4_1051-690*4_1051-683*4_1051-681*4_1051-680*4_1051-686*4_1051-679*4_1051-682*4_1051-750*4_1051-691*4_1051-748*4_1051-670*4_1051-668*4_1051-749*4_1051-687*4_1051-667*4_1051-1038*4_1051-641*4_1051-1040*4_1051-1044*4_1051-669*4_1051-692*4_1051-1041*4_1051-1045*4_1051-650*4_1051-1042*4_1051-666*4_1051-1037*4_1051-642*4_1051-1046*4_1051-590*4_1051-693*4_1051-649*4_1051-699*4_1051-698*4_1051-665*4_1051-664*4_299-297*5_299-294*5_299-302*5_299-509*5_299-510*5_299-508*5_299-303*5_299-511*5_299-304*5_299-422*5_299-424*5_299-423*5_299-512*5_299-310*5_299-425*5_299-309*5_299-305*5_299-426*5_299-308*5_299-421*5_299-427*5_168-173*7_171-164*7_168-140*7_168-151*7_309-321*6_309-322*6_309-320*6_309-323*6_309-324*6_309-319*6_309-325*6_309-328*6_309-326*6_309-330*6_309-527*6_309-526*6_309-306*6_309-528*6_309-331*6_309-530*6_309-531*6_309-334*6_309-333*6_309-332*6_309-532*6_309-525*6_309-335*6_309-68*6_309-543*6_309-544*6_309-67*6_510-420*6_510-428*6_510-419*6_510-430*6_510-431*6_510-413*6_510-414*6_705-1002*6_705-1034*6_705-1001*6_705-701*6_705-1035*6_705-702*6_705-700*6_705-694*6_705-1036*6_705-696*6_705-1000*6_705-1004*6_705-1005*6_705-697*6_705-1007*6_665-1026*5_665-1043*5_665-663*5_665-1025*5_665-1024*5_665-661*5_665-648*5_665-660*5_665-647*5_665-1015*5_665-659*5_665-1014*5_665-1009*5_665-646*5_665-1010*5_665-652*5_665-1008*5_665-1011*5_665-1019*5_665-1020*5_665-1021*5_665-645*5_665-1012*5_665-1016*5_665-653*5_665-1013*5_119-59*4_119-529*4_119-190*4_119-518*4_119-121*4_119-57*4_119-506*4_119-191*4_119-122*4_119-56*4_119-223*4_119-495*4_119-123*4_119-192*4_119-55*4_119-45*4_119-222*4_119-484*4_119-54*4_119-124*4_119-193*4_119-473*4_119-53*4_119-125*4_68-66*7_68-65*7_68-339*7_68-64*7_68-338*7_68-63*7_68-336*7_68-337*7_68-77*7_68-546*7_68-341*7_1004-1022*7_578-577*5_578-576*5_578-589*5_578-572*5_578-571*5_578-588*5_578-570*5_578-585*5_578-587*5_578-583*5_578-569*5_578-574*5_578-1049*5_578-545*5_578-586*5_578-582*5_578-568*5_578-575*5_578-581*5_578-561*5_578-547*5_578-560*5_174-172*7_174-167*7_174-161*7_174-166*7_174-165*7_174-162*7_174-158*7_174-160*7_174-129*7_174-157*7_174-133*7_174-318*7_174-159*7_174-362*7_174-118*7_174-132*7_174-135*7_174-134*7_174-126*7_174-127*7_174-329*7_174-185*7_174-128*7_174-107*7_430-515*7_430-474*7_430-472*7_430-475*7_430-492*7_430-417*7_430-476*7_430-491*7_430-493*7_430-477*7_430-412*7_430-494*7_430-415*7_430-496*7_430-486*7_652-657*6_652-654*6_652-658*6_652-656*6_652-644*6_652-655*6_652-1048*6_652-1047*6_652-643*6_470-483*6_470-485*6_470-0*6_470-373*6_470-340*6_470-1*6_470-184*6_486-487*8_486-295*8_486-488*8_486-490*8_486-489*8_339-349*8_339-346*8_339-347*8_339-348*8_339-354*8_339-350*8_339-342*8_132-131*8_572-567*6_572-563*6_572-1054*6_572-559*6_572-566*6_572-564*6_572-565*6_572-548*6_572-549*6_572-558*6_572-553*6_572-554*6_547-550*6_547-552*6_547-555*6_547-556*6_547-78*6_547-557*6_362-351*8_362-96*8_362-406*8_362-517*8_362-85*8_362-196*8_362-628*8_362-850*8_362-961*8_362-739*8_362-2*8_362-207*8_362-218*8_362-229*8_128-130*8_128-179*8_128-177*8_128-139*8_128-178*8_128-138*8_128-137*8_128-141*8_128-136*8_128-142*8_128-156*8_128-143*8_1016-1023*6_1016-1018*6_488-410*9_410-409*10_410-411*10_410-82*10_410-405*10_410-81*10_410-408*10_410-416*10_410-79*10_410-387*10_410-390*10_410-388*10_410-389*10_410-404*10_410-391*10_410-386*10_410-401*10_410-385*10_410-403*10_410-392*10_410-399*10_410-397*10_410-402*10_410-396*10_410-398*10_410-393*10_410-400*10_143-145*9_143-144*9_143-150*9_143-153*9_143-146*9_143-152*9_143-154*9_143-147*9_143-149*9_143-148*9_156-251*9_156-262*9_156-240*9_156-273*9_156-155*9_392-516*11_392-519*11_392-394*11_392-520*11_392-521*11_392-524*11_392-522*11_392-523*11_392-383*11_392-345*11_392-378*11_392-344*11_392-365*11_392-382*11_392-377*11_392-361*11_392-343*11_392-363*11_392-360*11_392-376*11_392-379*11_392-380*11_392-364*11_392-366*11_522-356*12_522-357*12_522-355*12_522-358*12_522-352*12_522-359*12_522-367*12_522-353*12_522-374*12_522-381*12_352-372*13_352-375*13_744-745*3_358-371*13_358-369*13_358-370*13_358-368*13_
