"id","Scenario","Actual Range","Protocol","Buildings","Total nodes","Nodes on circ","Total coverage","Coverage on circ","Alert received mean time","Hops","Slots","Messages sent","Messages received", "Starting x", "Starting y","Starting node", "Vehicle distance", "Received node ids", "Node ids", "Transmission map", "Received on circ nodes", "Transmission vector"
0,1,300,0,0,1776,80,1776,80,37405.2,6.5375,32.4375,457,1776,1153.84,1884.7,310,25,309_311_308_312_294_314_293_275_274_315_276_287_273_277_316_286_272_699_249_285_317_278_851_250_698_700_248_284_318_850_852_251_325_697_701_271_1196_252_849_279_283_323_1197_853_296_295_319_297_270_244_253_1198_298_847_848_281_233_268_1200_245_320_259_299_254_260_232_703_231_1201_282_307_300_246_321_257_234_1202_704_1190_1189_1191_1747_255_1187_262_1203_261_263_264_256_229_265_228_230_227_266_331_267_226_326_288_332_223_289_327_222_330_328_333_290_221_292_329_342_220_240_334_239_238_241_341_337_237_235_338_242_216_310_751_750_749_339_243_217_340_322_745_202_1195_1460_1186_1461_1223_1220_1185_1192_1204_1462_1165_1193_1759_1164_1167_1219_1205_1758_1463_306_1757_1169_1206_1751_191_480_491_469_502_458_513_646_447_435_524_635_236_724_180_669_225_657_535_680_735_624_169_213_546_301_303_744_746_713_1184_304_1218_1207_1217_1216_1215_1240_1208_1214_696_1239_1213_1209_1224_695_1211_1238_1212_694_1756_1225_1237_693_1755_1226_1236_692_1753_1227_1235_690_1752_1260_1259_1228_1760_1234_1761_1258_1762_1257_1261_1750_1229_1763_1232_1231_1764_1262_1230_1749_1450_1449_1571_1572_1573_1574_1241_1575_1570_1242_1569_1576_1568_1243_1256_1567_1254_1448_1451_1253_1447_1564_1766_1271_1452_1453_1454_1578_1579_1456_1560_1580_1457_1431_1561_1433_1430_1467_1434_1562_1459_1465_1468_1458_1464_1426_1563_1469_1425_1427_1473_1245_1428_1424_1470_1474_1246_1429_1494_1471_1272_1273_1252_1274_1270_1275_1251_1282_1281_1269_1283_1280_1276_1284_1279_1268_1285_1278_1286_1267_1602_1287_1603_1604_1601_1265_1605_1289_1264_1606_1263_1290_1248_1249_1627_1773_1607_1247_1250_1292_1608_1291_1772_1609_1628_1626_1611_1295_1294_1771_1629_1293_1612_1630_1625_1600_1613_1770_1633_305_1080_1079_158_247_1178_841_1176_1078_1179_702_1180_1175_147_613_691_258_842_845_1072_1073_843_1181_136_602_1076_269_844_1071_1174_1074_1075_591_1070_125_1182_1130_280_558_291_380_580_1163_569_1069_114_1129_1183_783_1131_302_1061_391_782_1126_1068_1067_1062_1060_1065_1125_1063_781_1059_1064_1127_1128_313_1124_710_1132_778_1081_1058_705_102_402_324_709_1082_1123_1134_1057_1139_336_1121_1136_840_1296_839_1297_838_837_1303_836_1302_834_1301_833_832_831_1194_1168_1170_1171_1140_1172_1141_1135_1142_1173_1143_1145_1137_1492_1146_1491_1138_1156_1147_1490_1489_1157_1149_1162_770_771_769_733_767_760_759_884_766_885_761_758_765_883_768_757_764_756_882_886_734_780_763_755_887_736_91_791_762_754_80_737_548_753_553_890_752_552_742_547_802_738_551_69_881_891_545_550_58_413_739_47_813_824_549_544_743_36_880_716_740_892_715_369_424_714_868_869_870_543_712_835_732_879_871_358_893_25_711_717_542_741_731_878_347_777_794_14_784_776_793_3_1765_792_1754_790_775_785_907_1743_908_1732_1721_774_910_912_1710_909_913_773_914_1699_786_915_772_787_916_906_1688_917_788_905_1677_918_789_904_1083_1666_919_1084_1085_1086_903_1654_920_1040_1643_1039_1632_1161_1120_1087_1160_1089_1056_1090_1159_1091_1158_706_1115_1054_1114_707_1092_1113_1053_708_1112_1093_1108_1052_1148_1109_1107_1098_1094_1051_1152_1097_1153_1100_1151_1154_1150_1095_1101_1050_1096_1487_803_1102_1049_801_800_1103_804_1565_1445_1442_1446_1441_1436_1437_1581_1435_1438_1439_1582_1440_1583_1557_1584_1558_1556_1513_1514_1512_1423_1515_1495_1472_1496_1497_1475_1476_1498_1500_1484_1478_1501_1552_1553_1485_1551_1479_1506_1505_1502_1486_1504_1480_1507_1503_1481_1528_1508_1527_1482_1509_1526_1483_1559_1523_1511_1531_1525_1522_1520_1119_846_747_867_857_865_872_748_864_873_355_805_1116_806_808_799_807_1117_809_826_798_1118_797_825_1104_823_796_1455_1493_1444_1466_1105_1410_1432_1421_795_1477_1399_1106_1532_1521_1543_1510_828_1488_827_1499_1555_1014_1566_1388_816_817_815_818_814_1013_819_1018_1048_1577_812_820_1012_1377_810_821_1047_1588_1019_822_932_1002_934_931_935_930_811_936_1599_937_1020_1034_1035_928_929_927_1032_926_925_1036_1610_1037_924_1621_1038_923_921_938_939_940_1041_1042_1043_1045_1046_1422_1420_1412_1411_1409_1413_1396_1414_1398_1395_1419_1415_1394_1397_1416_1393_1585_1392_1391_1586_1400_1386_1401_1587_1385_1589_1387_1384_1418_1590_1404_1417_1591_1389_1383_1403_1592_1594_1390_1382_1402_1593_1595_1596_1309_1597_1381_1598_1372_1308_1380_1362_1341_1307_1371_1373_1361_1336_1379_1405_1306_1335_1408_1374_1305_1337_1370_1360_1334_1378_1375_863_1406_1338_1376_1359_862_1407_1363_1631_1624_1634_1623_1693_1622_1635_1692_1636_1620_1691_1678_1679_1680_1690_1619_1637_1676_1689_1687_1681_1686_1614_1618_1638_1682_1675_1615_1617_1639_1769_1683_1616_1674_1640_1768_1724_1700_1684_1767_1641_1698_1723_1685_1672_1706_874_876_875_541_1530_1524_1333_1529_1321_0_1519_1277_1266_1518_1255_1_1533_1517_1534_1542_1244_1541_1535_1516_1288_1233_1550_1299_1549_888_1222_1544_1310_1545_1210_1298_1300_729_894_728_727_895_726_896_719_725_730_720_723_721_897_722_898_466_899_465_464_901_467_463_902_468_526_462_718_525_540_461_470_523_539_471_455_527_356_354_345_351_352_343_1021_1366_1023_1015_1001_1355_1016_1024_998_1003_1017_1025_1009_997_1008_1004_1010_1007_1344_1000_1005_1006_955_996_966_1188_977_944_1177_988_1199_993_995_933_950_992_922_991_994_941_942_951_900_371_359_357_370_350_368_360_353_568_372_361_367_349_570_378_362_595_366_531_348_346_373_363_384_379_571_593_374_365_594_344_532_567_375_364_592_383_381_376_377_533_538_537_165_536_166_943_945_949_946_1030_948_1031_408_534_554_555_407_556_572_167_168_587_573_163_170_574_162_579_588_161_382_578_164_576_441_589_160_577_171_385_440_590_599_159_172_582_581_386_439_157_598_387_156_438_586_173_583_585_150_388_154_597_174_437_203_149_155_584_219_204_596_218_139_140_205_201_389_436_138_141_148_200_1343_1342_1340_1339_1364_1345_1365_1346_1367_1368_1347_1369_1327_1328_1326_1348_1325_1329_1349_1324_1330_1350_1323_1331_1351_1320_1356_1354_1319_1353_1318_1352_460_522_457_472_521_561_456_454_562_453_452_175_176_177_215_178_214_179_212_181_211_199_182_206_210_198_183_654_207_197_137_142_653_184_196_208_459_507_506_563_564_489_490_488_492_1357_1358_1317_953_989_952_954_1111_1122_1099_990_1133_1011_1088_956_1022_1077_1144_1033_1066_969_957_1155_1044_1055_968_1166_958_889_877_967_446_866_987_959_911_779_986_965_960_963_964_961_335_947_985_962_668_970_984_224_971_981_1026_1027_1028_400_399_406_401_398_405_560_404_559_390_403_565_392_397_396_566_393_409_434_395_394_433_410_432_444_431_411_443_430_442_412_429_1110_1221_1332_1443_999_1554_473_474_475_520_476_477_478_479_481_482_486_485_484_508_557_113_2_1665_143_209_146_133_145_600_605_130_652_144_134_131_601_651_129_606_151_135_650_132_649_603_604_152_128_127_575_153_607_655_124_1029_483_487_509_510_511_497_498_499_1546_1547_1548_1540_1536_1537_1538_1539_126_123_122_656_121_120_612_119_611_118_610_658_609_115_659_450_528_451_449_529_448_493_530_494_445_500_501_495_414_415_416_980_979_982_983_973_428_512_514_496_515_516_517_518_503_504_505_422_1642_1644_1645_1646_1650_1673_1649_1651_1652_1648_1653_856_1655_1647_855_1658_1660_1659_1657_854_1661_1671_1656_830_829_687_688_689_1662_1670_1697_1663_1669_427_426_425_423_861_860_859_858_519_421_972_974_975_976_978_116_117_660_112_103_104_101_661_671_105_670_100_614_608_667_106_666_616_615_189_99_107_665_98_642_617_190_662_188_664_663_108_192_618_417_418_419_420_1707_1705_1708_1704_679_22_681_1703_21_682_1702_20_1701_19_23_1696_18_1695_83_24_1709_17_1694_82_26_16_1711_81_27_79_1712_1664_15_84_28_78_1667_1713_13_64_85_77_1668_65_30_1304_29_31_39_46_32_40_48_50_41_33_51_42_49_52_43_34_53_45_35_54_44_678_37_676_677_38_55_62_63_61_56_60_59_57_66_648_672_647_76_1739_1738_1315_1311_1312_1313_1314_1322_1316_641_640_619_639_620_109_638_621_110_637_622_90_675_645_623_625_626_644_632_627_631_111_630_628_643_629_633_674_673_89_67_1746_1748_1745_1730_1729_1731_1744_1728_1733_1727_1719_1720_1726_1742_1718_1722_1717_1725_686_1734_1741_1740_1716_1735_1715_1736_1714_1737_1774_4_1775_5_12_11_10_74_8_7_88_92_87_93_68_86_94_75_70_636_95_195_96_194_193_634_185_186_187_6_9_97_73_72_683_684_71_685_,0_1_2_3_4_5_6_7_8_9_10_11_12_13_14_15_16_17_18_19_20_21_22_23_24_25_26_27_28_29_30_31_32_33_34_35_36_37_38_39_40_41_42_43_44_45_46_47_48_49_50_51_52_53_54_55_56_57_58_59_60_61_62_63_64_65_66_67_68_69_70_71_72_73_74_75_76_77_78_79_80_81_82_83_84_85_86_87_88_89_90_91_92_93_94_95_96_97_98_99_100_101_102_103_104_105_106_107_108_109_110_111_112_113_114_115_116_117_118_119_120_121_122_123_124_125_126_127_128_129_130_131_132_133_134_135_136_137_138_139_140_141_142_143_144_145_146_147_148_149_150_151_152_153_154_155_156_157_158_159_160_161_162_163_164_165_166_167_168_169_170_171_172_173_174_175_176_177_178_179_180_181_182_183_184_185_186_187_188_189_190_191_192_193_194_195_196_197_198_199_200_201_202_203_204_205_206_207_208_209_210_211_212_213_214_215_216_217_218_219_220_221_222_223_224_225_226_227_228_229_230_231_232_233_234_235_236_237_238_239_240_241_242_243_244_245_246_247_248_249_250_251_252_253_254_255_256_257_258_259_260_261_262_263_264_265_266_267_268_269_270_271_272_273_274_275_276_277_278_279_280_281_282_283_284_285_286_287_288_289_290_291_292_293_294_295_296_297_298_299_300_301_302_303_304_305_306_307_308_309_310_311_312_313_314_315_316_317_318_319_320_321_322_323_324_325_326_327_328_329_330_331_332_333_334_335_336_337_338_339_340_341_342_343_344_345_346_347_348_349_350_351_352_353_354_355_356_357_358_359_360_361_362_363_364_365_366_367_368_369_370_371_372_373_374_375_376_377_378_379_380_381_382_383_384_385_386_387_388_389_390_391_392_393_394_395_396_397_398_399_400_401_402_403_404_405_406_407_408_409_410_411_412_413_414_415_416_417_418_419_420_421_422_423_424_425_426_427_428_429_430_431_432_433_434_435_436_437_438_439_440_441_442_443_444_445_446_447_448_449_450_451_452_453_454_455_456_457_458_459_460_461_462_463_464_465_466_467_468_469_470_471_472_473_474_475_476_477_478_479_480_481_482_483_484_485_486_487_488_489_490_491_492_493_494_495_496_497_498_499_500_501_502_503_504_505_506_507_508_509_510_511_512_513_514_515_516_517_518_519_520_521_522_523_524_525_526_527_528_529_530_531_532_533_534_535_536_537_538_539_540_541_542_543_544_545_546_547_548_549_550_551_552_553_554_555_556_557_558_559_560_561_562_563_564_565_566_567_568_569_570_571_572_573_574_575_576_577_578_579_580_581_582_583_584_585_586_587_588_589_590_591_592_593_594_595_596_597_598_599_600_601_602_603_604_605_606_607_608_609_610_611_612_613_614_615_616_617_618_619_620_621_622_623_624_625_626_627_628_629_630_631_632_633_634_635_636_637_638_639_640_641_642_643_644_645_646_647_648_649_650_651_652_653_654_655_656_657_658_659_660_661_662_663_664_665_666_667_668_669_670_671_672_673_674_675_676_677_678_679_680_681_682_683_684_685_686_687_688_689_690_691_692_693_694_695_696_697_698_699_700_701_702_703_704_705_706_707_708_709_710_711_712_713_714_715_716_717_718_719_720_721_722_723_724_725_726_727_728_729_730_731_732_733_734_735_736_737_738_739_740_741_742_743_744_745_746_747_748_749_750_751_752_753_754_755_756_757_758_759_760_761_762_763_764_765_766_767_768_769_770_771_772_773_774_775_776_777_778_779_780_781_782_783_784_785_786_787_788_789_790_791_792_793_794_795_796_797_798_799_800_801_802_803_804_805_806_807_808_809_810_811_812_813_814_815_816_817_818_819_820_821_822_823_824_825_826_827_828_829_830_831_832_833_834_835_836_837_838_839_840_841_842_843_844_845_846_847_848_849_850_851_852_853_854_855_856_857_858_859_860_861_862_863_864_865_866_867_868_869_870_871_872_873_874_875_876_877_878_879_880_881_882_883_884_885_886_887_888_889_890_891_892_893_894_895_896_897_898_899_900_901_902_903_904_905_906_907_908_909_910_911_912_913_914_915_916_917_918_919_920_921_922_923_924_925_926_927_928_929_930_931_932_933_934_935_936_937_938_939_940_941_942_943_944_945_946_947_948_949_950_951_952_953_954_955_956_957_958_959_960_961_962_963_964_965_966_967_968_969_970_971_972_973_974_975_976_977_978_979_980_981_982_983_984_985_986_987_988_989_990_991_992_993_994_995_996_997_998_999_1000_1001_1002_1003_1004_1005_1006_1007_1008_1009_1010_1011_1012_1013_1014_1015_1016_1017_1018_1019_1020_1021_1022_1023_1024_1025_1026_1027_1028_1029_1030_1031_1032_1033_1034_1035_1036_1037_1038_1039_1040_1041_1042_1043_1044_1045_1046_1047_1048_1049_1050_1051_1052_1053_1054_1055_1056_1057_1058_1059_1060_1061_1062_1063_1064_1065_1066_1067_1068_1069_1070_1071_1072_1073_1074_1075_1076_1077_1078_1079_1080_1081_1082_1083_1084_1085_1086_1087_1088_1089_1090_1091_1092_1093_1094_1095_1096_1097_1098_1099_1100_1101_1102_1103_1104_1105_1106_1107_1108_1109_1110_1111_1112_1113_1114_1115_1116_1117_1118_1119_1120_1121_1122_1123_1124_1125_1126_1127_1128_1129_1130_1131_1132_1133_1134_1135_1136_1137_1138_1139_1140_1141_1142_1143_1144_1145_1146_1147_1148_1149_1150_1151_1152_1153_1154_1155_1156_1157_1158_1159_1160_1161_1162_1163_1164_1165_1166_1167_1168_1169_1170_1171_1172_1173_1174_1175_1176_1177_1178_1179_1180_1181_1182_1183_1184_1185_1186_1187_1188_1189_1190_1191_1192_1193_1194_1195_1196_1197_1198_1199_1200_1201_1202_1203_1204_1205_1206_1207_1208_1209_1210_1211_1212_1213_1214_1215_1216_1217_1218_1219_1220_1221_1222_1223_1224_1225_1226_1227_1228_1229_1230_1231_1232_1233_1234_1235_1236_1237_1238_1239_1240_1241_1242_1243_1244_1245_1246_1247_1248_1249_1250_1251_1252_1253_1254_1255_1256_1257_1258_1259_1260_1261_1262_1263_1264_1265_1266_1267_1268_1269_1270_1271_1272_1273_1274_1275_1276_1277_1278_1279_1280_1281_1282_1283_1284_1285_1286_1287_1288_1289_1290_1291_1292_1293_1294_1295_1296_1297_1298_1299_1300_1301_1302_1303_1304_1305_1306_1307_1308_1309_1310_1311_1312_1313_1314_1315_1316_1317_1318_1319_1320_1321_1322_1323_1324_1325_1326_1327_1328_1329_1330_1331_1332_1333_1334_1335_1336_1337_1338_1339_1340_1341_1342_1343_1344_1345_1346_1347_1348_1349_1350_1351_1352_1353_1354_1355_1356_1357_1358_1359_1360_1361_1362_1363_1364_1365_1366_1367_1368_1369_1370_1371_1372_1373_1374_1375_1376_1377_1378_1379_1380_1381_1382_1383_1384_1385_1386_1387_1388_1389_1390_1391_1392_1393_1394_1395_1396_1397_1398_1399_1400_1401_1402_1403_1404_1405_1406_1407_1408_1409_1410_1411_1412_1413_1414_1415_1416_1417_1418_1419_1420_1421_1422_1423_1424_1425_1426_1427_1428_1429_1430_1431_1432_1433_1434_1435_1436_1437_1438_1439_1440_1441_1442_1443_1444_1445_1446_1447_1448_1449_1450_1451_1452_1453_1454_1455_1456_1457_1458_1459_1460_1461_1462_1463_1464_1465_1466_1467_1468_1469_1470_1471_1472_1473_1474_1475_1476_1477_1478_1479_1480_1481_1482_1483_1484_1485_1486_1487_1488_1489_1490_1491_1492_1493_1494_1495_1496_1497_1498_1499_1500_1501_1502_1503_1504_1505_1506_1507_1508_1509_1510_1511_1512_1513_1514_1515_1516_1517_1518_1519_1520_1521_1522_1523_1524_1525_1526_1527_1528_1529_1530_1531_1532_1533_1534_1535_1536_1537_1538_1539_1540_1541_1542_1543_1544_1545_1546_1547_1548_1549_1550_1551_1552_1553_1554_1555_1556_1557_1558_1559_1560_1561_1562_1563_1564_1565_1566_1567_1568_1569_1570_1571_1572_1573_1574_1575_1576_1577_1578_1579_1580_1581_1582_1583_1584_1585_1586_1587_1588_1589_1590_1591_1592_1593_1594_1595_1596_1597_1598_1599_1600_1601_1602_1603_1604_1605_1606_1607_1608_1609_1610_1611_1612_1613_1614_1615_1616_1617_1618_1619_1620_1621_1622_1623_1624_1625_1626_1627_1628_1629_1630_1631_1632_1633_1634_1635_1636_1637_1638_1639_1640_1641_1642_1643_1644_1645_1646_1647_1648_1649_1650_1651_1652_1653_1654_1655_1656_1657_1658_1659_1660_1661_1662_1663_1664_1665_1666_1667_1668_1669_1670_1671_1672_1673_1674_1675_1676_1677_1678_1679_1680_1681_1682_1683_1684_1685_1686_1687_1688_1689_1690_1691_1692_1693_1694_1695_1696_1697_1698_1699_1700_1701_1702_1703_1704_1705_1706_1707_1708_1709_1710_1711_1712_1713_1714_1715_1716_1717_1718_1719_1720_1721_1722_1723_1724_1725_1726_1727_1728_1729_1730_1731_1732_1733_1734_1735_1736_1737_1738_1739_1740_1741_1742_1743_1744_1745_1746_1747_1748_1749_1750_1751_1752_1753_1754_1755_1756_1757_1758_1759_1760_1761_1762_1763_1764_1765_1766_1767_1768_1769_1770_1771_1772_1773_1774_1775_,7:{72;683;684;71;685;}23:{67;}28:{29;31;39;46;32;40;48;50;41;33;51;42;49;52;43;34;53;45;35;54;44;678;37;676;677;38;55;62;63;61;56;60;59;57;66;648;672;647;76;}30:{675;645;}121:{116;117;660;112;103;104;101;661;671;105;670;100;614;608;667;106;666;616;615;189;99;107;665;98;642;617;190;662;188;664;663;108;192;618;}147:{347;777;794;14;784;776;793;3;1765;792;1754;790;775;785;907;1743;908;}182:{185;186;187;6;9;97;73;}202:{305;1080;1079;158;247;1178;841;1176;1078;1179;702;1180;1175;147;613;691;258;842;845;1072;1073;843;1181;136;602;1076;269;844;1071;1174;1074;1075;591;1070;125;1182;1130;280;558;291;380;580;1163;569;1069;114;1129;1183;783;1131;302;1061;391;782;1126;}213:{1068;1067;1062;1060;1065;1125;1063;781;1059;1064;1127;1128;313;1124;710;1132;778;1081;1058;705;102;402;324;709;1082;1123;1134;1057;1139;336;1121;1136;}217:{175;176;177;215;178;214;179;212;181;211;199;182;206;210;198;183;654;207;197;137;142;653;184;196;208;}232:{191;480;491;469;502;458;513;646;447;435;524;635;236;724;180;669;225;657;535;680;735;624;169;213;546;301;303;744;746;713;1184;304;}259:{261;263;264;256;229;265;228;230;227;266;331;267;226;326;288;332;223;289;327;222;330;328;333;290;221;292;329;342;220;240;334;239;238;241;341;337;237;235;338;242;216;310;751;750;749;339;243;217;340;322;745;202;}288:{1739;1738;}310:{309;311;308;312;294;314;293;275;274;315;276;287;273;277;316;286;272;699;249;285;317;278;851;250;698;700;248;284;318;850;852;251;325;697;701;271;1196;252;849;279;283;323;1197;853;296;295;319;297;270;244;253;1198;298;847;848;281;233;268;1200;245;320;259;299;254;260;232;703;231;1201;282;307;300;246;321;257;234;1202;704;1190;1189;1191;1747;255;1187;262;1203;}316:{1195;1460;1186;1461;1223;1220;1185;1192;1204;1462;1165;1193;1759;1164;1167;1219;1205;1758;1463;306;1757;1169;1206;1751;}336:{1732;1721;774;910;912;1710;909;913;773;914;1699;786;915;772;787;916;906;1688;917;788;905;1677;918;789;904;1083;1666;919;1084;1085;1086;903;1654;920;1040;1643;1039;1632;}348:{572;167;168;587;573;163;170;574;162;579;588;161;382;578;164;576;441;589;160;577;171;385;440;590;599;159;172;582;581;386;439;157;598;387;156;438;586;173;583;585;150;388;154;597;174;437;203;149;155;584;219;204;596;218;139;140;205;201;389;436;138;141;148;200;}362:{400;399;406;401;398;405;560;404;559;390;403;565;392;397;396;566;393;409;434;395;394;433;410;432;444;431;411;443;430;442;412;429;}376:{427;426;425;423;}385:{428;}446:{557;113;2;1665;}449:{417;418;419;420;}468:{486;485;484;508;}470:{473;474;475;520;476;477;478;479;481;482;}482:{512;514;496;515;516;517;518;503;504;}506:{505;422;}508:{519;421;}521:{483;487;509;510;511;497;498;499;}542:{459;507;506;563;564;489;490;488;492;}552:{561;456;454;562;453;452;}554:{450;528;451;449;529;448;493;530;494;445;500;501;495;414;415;416;}580:{770;771;769;733;767;760;759;884;766;885;761;758;765;883;768;757;764;756;882;886;734;780;763;755;887;736;91;791;762;754;80;737;548;753;553;890;752;552;742;547;802;738;551;69;881;891;545;550;58;413;739;47;813;824;549;544;743;36;880;716;740;892;715;369;424;714;868;869;870;543;712;835;732;879;871;358;893;25;711;717;542;741;731;878;}599:{143;209;146;133;145;600;605;130;652;144;134;131;601;651;129;606;151;135;650;132;649;603;604;152;128;127;575;153;607;655;124;}618:{623;625;626;644;632;627;631;111;630;628;643;629;633;674;673;89;}645:{634;}647:{88;92;87;93;68;86;94;75;70;636;95;195;96;194;193;}654:{126;123;122;656;121;120;612;119;611;118;610;658;609;115;659;}659:{641;640;619;639;620;109;638;621;110;637;622;90;}716:{729;894;728;727;895;726;896;719;725;730;720;723;721;897;722;898;466;899;465;464;901;467;463;902;468;526;462;718;525;540;461;470;523;539;471;455;527;}735:{356;354;345;351;352;343;}746:{846;747;867;857;865;872;748;864;873;355;}761:{874;876;875;541;}772:{1042;1043;1045;1046;}803:{805;1116;806;808;799;807;1117;809;826;798;1118;797;825;1104;823;796;1455;1493;1444;1466;1105;1410;1432;1421;795;1477;1399;1106;1532;1521;1543;1510;828;1488;827;1499;1555;1014;1566;1388;816;817;815;818;814;1013;819;1018;1048;1577;812;820;1012;1377;810;821;1047;1588;1019;822;932;1002;934;931;935;930;811;936;1599;937;1020;1034;1035;928;}820:{929;927;1032;926;925;1036;1610;1037;924;1621;1038;923;921;938;939;940;1041;}840:{1304;}862:{861;860;859;858;}868:{371;359;357;370;350;368;360;353;568;372;361;367;349;570;378;362;595;366;531;348;346;373;363;384;379;571;593;374;365;594;344;532;567;375;364;592;383;381;376;377;533;538;537;165;536;166;}870:{408;534;554;555;407;556;}888:{1540;1536;1537;1538;1539;}892:{460;522;457;472;521;}940:{1026;1027;1028;}949:{980;979;982;983;973;}970:{972;974;975;976;978;}993:{953;989;952;954;1111;1122;1099;990;1133;1011;1088;956;1022;1077;1144;1033;1066;969;957;1155;1044;1055;968;1166;958;889;877;967;446;866;987;959;911;779;986;965;960;963;964;961;335;947;985;962;668;970;984;224;971;981;}1014:{1021;1366;1023;1015;1001;1355;1016;1024;998;1003;1017;1025;1009;997;1008;1004;1010;1007;1344;1000;1005;1006;955;996;966;1188;977;944;1177;988;1199;993;995;933;950;992;922;991;994;941;942;951;900;}1031:{1029;}1124:{1161;1120;1087;1160;1089;1056;1090;1159;1091;1158;706;1115;1054;1114;707;1092;1113;1053;708;1112;1093;1108;1052;1148;1109;1107;1098;1094;1051;1152;1097;1153;1100;1151;1154;1150;1095;1101;1050;1096;1487;803;1102;1049;801;800;1103;804;}1186:{1157;1149;1162;}1187:{1194;1168;1170;1171;1140;1172;1141;1135;1142;1173;1143;1145;1137;1492;1146;1491;1138;1156;1147;1490;1489;}1205:{1218;1207;1217;1216;1215;1240;1208;1214;696;1239;1213;1209;1224;695;1211;1238;1212;694;1756;1225;1237;693;1755;1226;1236;692;1753;1227;1235;690;1752;1260;1259;1228;1760;1234;1761;1258;1762;1257;1261;1750;1229;1763;1232;1231;1764;1262;1230;1749;1450;1449;1571;1572;1573;1574;}1240:{1241;1575;1570;1242;1569;1576;1568;1243;1256;1567;1254;1448;1451;1253;1447;1564;1766;1271;}1256:{1272;1273;1252;1274;1270;1275;1251;1282;1281;1269;1283;1280;1276;1284;1279;1268;1285;1278;1286;1267;1602;1287;1603;1604;1601;1265;1605;1289;1264;1606;1263;1290;1248;1249;1627;1773;1607;1247;1250;1292;1608;1291;1772;1609;1628;1626;1611;1295;1294;1771;1629;1293;1612;1630;1625;1600;1613;1770;1633;}1289:{840;1296;839;1297;838;837;1303;836;1302;834;1301;833;832;831;}1290:{1298;1300;}1303:{1315;1311;1312;1313;1314;1322;1316;}1321:{1110;1221;1332;1443;999;1554;}1350:{1357;1358;1317;}1359:{1343;1342;1340;1339;1364;1345;1365;1346;1367;1368;1347;1369;1327;1328;1326;1348;1325;1329;1349;1324;1330;1350;1323;1331;1351;1320;1356;1354;1319;1353;1318;1352;}1393:{1585;1392;1391;1586;1400;1386;1401;1587;1385;1589;1387;1384;1418;1590;1404;1417;1591;1389;1383;1403;1592;1594;1390;1382;1402;1593;1595;1596;1309;1597;1381;1598;1372;1308;1380;1362;1341;1307;1371;1373;1361;1336;1379;1405;1306;1335;1408;1374;1305;1337;1370;1360;1334;1378;1375;863;1406;1338;1376;1359;862;1407;1363;}1437:{1546;1547;1548;}1450:{1452;1453;1454;1456;1560;1457;1561;1467;1562;1459;1465;1468;1458;1464;1563;1469;1473;1470;1474;1494;1471;}1477:{943;945;949;946;1030;948;1031;}1494:{1495;1472;1496;1497;1475;1476;1498;1500;1484;1478;1501;1552;1553;1485;1551;1479;1506;1505;1502;1486;1504;1480;1507;1503;1481;1528;1508;1527;1482;1509;1526;1483;1559;1523;1511;1531;1525;1522;1520;1119;}1503:{1530;1524;1333;1529;1321;0;1519;1277;1266;1518;1255;1;1533;1517;1534;1542;1244;1541;1535;1516;1288;1233;1550;1299;1549;888;1222;1544;1310;1545;1210;}1570:{1565;1445;1442;1446;1441;1436;1437;1581;1435;1438;1439;1582;1440;1583;1557;1584;1558;1556;1513;1514;1512;1423;1515;}1573:{1578;1579;1580;1431;1433;1430;1434;1426;1425;1427;1245;1428;1424;1246;1429;}1580:{1422;1420;1412;1411;1409;1413;1396;1414;1398;1395;1419;1415;1394;1397;1416;1393;}1629:{1631;1624;1634;1623;1693;1622;1635;1692;1636;1620;1691;1678;1679;1680;1690;1619;1637;1676;1689;1687;1681;1686;1614;1618;1638;1682;1675;1615;1617;1639;1769;1683;1616;1674;1640;1768;1724;1700;1684;1767;1641;1698;1723;1685;1672;1706;}1640:{1642;1644;1645;1646;1650;1673;1649;1651;1652;1648;1653;856;1655;1647;855;1658;1660;1659;1657;854;1661;1671;1656;830;829;687;688;689;1662;1670;1697;1663;1669;}1706:{1707;1705;1708;1704;679;22;681;1703;21;682;1702;20;1701;19;23;1696;18;1695;83;24;1709;17;1694;82;26;16;1711;81;27;79;1712;1664;15;84;28;78;1667;1713;13;64;85;77;1668;65;30;}1730:{5;12;11;10;74;8;7;}1747:{1746;1748;1745;1730;1729;1731;1744;1728;1733;1727;1719;1720;1726;1742;1718;1722;1717;1725;686;1734;1741;1740;1716;1735;1715;1736;1714;1737;1774;4;1775;},1_29_30_39_51_52_53_54_392_397_398_401_403_404_405_432_433_434_454_455_462_463_464_465_466_467_562_563_565_566_608_615_616_617_642_645_688_689_810_811_833_834_836_897_898_899_901_935_936_937_1002_1021_1023_1041_1042_1199_1210_1222_1233_1288_1302_1303_1344_1396_1398_1415_1533_1534_1546_1547_1548_1549_1550_1642_1644_1658_1659_1664_1667_1671_,310-309*0_310-311*0_310-308*0_310-312*0_310-294*0_310-314*0_310-293*0_310-275*0_310-274*0_310-315*0_310-276*0_310-287*0_310-273*0_310-277*0_310-316*0_310-286*0_310-272*0_310-699*0_310-249*0_310-285*0_310-317*0_310-278*0_310-851*0_310-250*0_310-698*0_310-700*0_310-248*0_310-284*0_310-318*0_310-850*0_310-852*0_310-251*0_310-325*0_310-697*0_310-701*0_310-271*0_310-1196*0_310-252*0_310-849*0_310-279*0_310-283*0_310-323*0_310-1197*0_310-853*0_310-296*0_310-295*0_310-319*0_310-297*0_310-270*0_310-244*0_310-253*0_310-1198*0_310-298*0_310-847*0_310-848*0_310-281*0_310-233*0_310-268*0_310-1200*0_310-245*0_310-320*0_310-259*0_310-299*0_310-254*0_310-260*0_310-232*0_310-703*0_310-231*0_310-1201*0_310-282*0_310-307*0_310-300*0_310-246*0_310-321*0_310-257*0_310-234*0_310-1202*0_310-704*0_310-1190*0_310-1189*0_310-1191*0_310-1747*0_310-255*0_310-1187*0_310-262*0_310-1203*0_259-261*1_259-263*1_259-264*1_259-256*1_259-229*1_259-265*1_259-228*1_259-230*1_259-227*1_259-266*1_259-331*1_259-267*1_259-226*1_259-326*1_259-288*1_259-332*1_259-223*1_259-289*1_259-327*1_259-222*1_259-330*1_259-328*1_259-333*1_259-290*1_259-221*1_259-292*1_259-329*1_259-342*1_259-220*1_259-240*1_259-334*1_259-239*1_259-238*1_259-241*1_259-341*1_259-337*1_259-237*1_259-235*1_259-338*1_259-242*1_259-216*1_259-310*1_259-751*1_259-750*1_259-749*1_259-339*1_259-243*1_259-217*1_259-340*1_259-322*1_259-745*1_259-202*1_316-1195*1_316-1460*1_316-1186*1_316-1461*1_316-1223*1_316-1220*1_316-1185*1_316-1192*1_316-1204*1_316-1462*1_316-1165*1_316-1193*1_316-1759*1_316-1164*1_316-1167*1_316-1219*1_316-1205*1_316-1758*1_316-1463*1_316-306*1_316-1757*1_316-1169*1_316-1206*1_316-1751*1_232-191*2_232-480*2_232-491*2_232-469*2_232-502*2_232-458*2_232-513*2_232-646*2_232-447*2_232-435*2_232-524*2_232-635*2_232-236*2_232-724*2_232-180*2_232-669*2_232-225*2_232-657*2_232-535*2_232-680*2_232-735*2_232-624*2_232-169*2_232-213*2_232-546*2_232-301*2_232-303*2_232-744*2_232-746*2_232-713*2_232-1184*2_232-304*2_1205-1218*2_1205-1207*2_1205-1217*2_1205-1216*2_1205-1215*2_1205-1240*2_1205-1208*2_1205-1214*2_1205-696*2_1205-1239*2_1205-1213*2_1205-1209*2_1205-1224*2_1205-695*2_1205-1211*2_1205-1238*2_1205-1212*2_1205-694*2_1205-1756*2_1205-1225*2_1205-1237*2_1205-693*2_1205-1755*2_1205-1226*2_1205-1236*2_1205-692*2_1205-1753*2_1205-1227*2_1205-1235*2_1205-690*2_1205-1752*2_1205-1260*2_1205-1259*2_1205-1228*2_1205-1760*2_1205-1234*2_1205-1761*2_1205-1258*2_1205-1762*2_1205-1257*2_1205-1261*2_1205-1750*2_1205-1229*2_1205-1763*2_1205-1232*2_1205-1231*2_1205-1764*2_1205-1262*2_1205-1230*2_1205-1749*2_1205-1450*2_1205-1449*2_1205-1571*2_1205-1572*2_1205-1573*2_1205-1574*2_1240-1241*3_1240-1575*3_1240-1570*3_1240-1242*3_1240-1569*3_1240-1576*3_1240-1568*3_1240-1243*3_1240-1256*3_1240-1567*3_1240-1254*3_1240-1448*3_1240-1451*3_1240-1253*3_1240-1447*3_1240-1564*3_1240-1766*3_1240-1271*3_1450-1452*3_1450-1453*3_1450-1454*3_1573-1578*3_1573-1579*3_1450-1456*3_1450-1560*3_1573-1580*3_1450-1457*3_1573-1431*3_1450-1561*3_1573-1433*3_1573-1430*3_1450-1467*3_1573-1434*3_1450-1562*3_1450-1459*3_1450-1465*3_1450-1468*3_1450-1458*3_1450-1464*3_1573-1426*3_1450-1563*3_1450-1469*3_1573-1425*3_1573-1427*3_1450-1473*3_1573-1245*3_1573-1428*3_1573-1424*3_1450-1470*3_1450-1474*3_1573-1246*3_1573-1429*3_1450-1494*3_1450-1471*3_1256-1272*4_1256-1273*4_1256-1252*4_1256-1274*4_1256-1270*4_1256-1275*4_1256-1251*4_1256-1282*4_1256-1281*4_1256-1269*4_1256-1283*4_1256-1280*4_1256-1276*4_1256-1284*4_1256-1279*4_1256-1268*4_1256-1285*4_1256-1278*4_1256-1286*4_1256-1267*4_1256-1602*4_1256-1287*4_1256-1603*4_1256-1604*4_1256-1601*4_1256-1265*4_1256-1605*4_1256-1289*4_1256-1264*4_1256-1606*4_1256-1263*4_1256-1290*4_1256-1248*4_1256-1249*4_1256-1627*4_1256-1773*4_1256-1607*4_1256-1247*4_1256-1250*4_1256-1292*4_1256-1608*4_1256-1291*4_1256-1772*4_1256-1609*4_1256-1628*4_1256-1626*4_1256-1611*4_1256-1295*4_1256-1294*4_1256-1771*4_1256-1629*4_1256-1293*4_1256-1612*4_1256-1630*4_1256-1625*4_1256-1600*4_1256-1613*4_1256-1770*4_1256-1633*4_202-305*2_202-1080*2_202-1079*2_202-158*2_202-247*2_202-1178*2_202-841*2_202-1176*2_202-1078*2_202-1179*2_202-702*2_202-1180*2_202-1175*2_202-147*2_202-613*2_202-691*2_202-258*2_202-842*2_202-845*2_202-1072*2_202-1073*2_202-843*2_202-1181*2_202-136*2_202-602*2_202-1076*2_202-269*2_202-844*2_202-1071*2_202-1174*2_202-1074*2_202-1075*2_202-591*2_202-1070*2_202-125*2_202-1182*2_202-1130*2_202-280*2_202-558*2_202-291*2_202-380*2_202-580*2_202-1163*2_202-569*2_202-1069*2_202-114*2_202-1129*2_202-1183*2_202-783*2_202-1131*2_202-302*2_202-1061*2_202-391*2_202-782*2_202-1126*2_213-1068*3_213-1067*3_213-1062*3_213-1060*3_213-1065*3_213-1125*3_213-1063*3_213-781*3_213-1059*3_213-1064*3_213-1127*3_213-1128*3_213-313*3_213-1124*3_213-710*3_213-1132*3_213-778*3_213-1081*3_213-1058*3_213-705*3_213-102*3_213-402*3_213-324*3_213-709*3_213-1082*3_213-1123*3_213-1134*3_213-1057*3_213-1139*3_213-336*3_213-1121*3_213-1136*3_1289-840*5_1289-1296*5_1289-839*5_1289-1297*5_1289-838*5_1289-837*5_1289-1303*5_1289-836*5_1289-1302*5_1289-834*5_1289-1301*5_1289-833*5_1289-832*5_1289-831*5_1187-1194*1_1187-1168*1_1187-1170*1_1187-1171*1_1187-1140*1_1187-1172*1_1187-1141*1_1187-1135*1_1187-1142*1_1187-1173*1_1187-1143*1_1187-1145*1_1187-1137*1_1187-1492*1_1187-1146*1_1187-1491*1_1187-1138*1_1187-1156*1_1187-1147*1_1187-1490*1_1187-1489*1_1186-1157*2_1186-1149*2_1186-1162*2_580-770*3_580-771*3_580-769*3_580-733*3_580-767*3_580-760*3_580-759*3_580-884*3_580-766*3_580-885*3_580-761*3_580-758*3_580-765*3_580-883*3_580-768*3_580-757*3_580-764*3_580-756*3_580-882*3_580-886*3_580-734*3_580-780*3_580-763*3_580-755*3_580-887*3_580-736*3_580-91*3_580-791*3_580-762*3_580-754*3_580-80*3_580-737*3_580-548*3_580-753*3_580-553*3_580-890*3_580-752*3_580-552*3_580-742*3_580-547*3_580-802*3_580-738*3_580-551*3_580-69*3_580-881*3_580-891*3_580-545*3_580-550*3_580-58*3_580-413*3_580-739*3_580-47*3_580-813*3_580-824*3_580-549*3_580-544*3_580-743*3_580-36*3_580-880*3_580-716*3_580-740*3_580-892*3_580-715*3_580-369*3_580-424*3_580-714*3_580-868*3_580-869*3_580-870*3_580-543*3_580-712*3_580-835*3_580-732*3_580-879*3_580-871*3_580-358*3_580-893*3_580-25*3_580-711*3_580-717*3_580-542*3_580-741*3_580-731*3_580-878*3_147-347*3_147-777*3_147-794*3_147-14*3_147-784*3_147-776*3_147-793*3_147-3*3_147-1765*3_147-792*3_147-1754*3_147-790*3_147-775*3_147-785*3_147-907*3_147-1743*3_147-908*3_336-1732*4_336-1721*4_336-774*4_336-910*4_336-912*4_336-1710*4_336-909*4_336-913*4_336-773*4_336-914*4_336-1699*4_336-786*4_336-915*4_336-772*4_336-787*4_336-916*4_336-906*4_336-1688*4_336-917*4_336-788*4_336-905*4_336-1677*4_336-918*4_336-789*4_336-904*4_336-1083*4_336-1666*4_336-919*4_336-1084*4_336-1085*4_336-1086*4_336-903*4_336-1654*4_336-920*4_336-1040*4_336-1643*4_336-1039*4_336-1632*4_1124-1161*4_1124-1120*4_1124-1087*4_1124-1160*4_1124-1089*4_1124-1056*4_1124-1090*4_1124-1159*4_1124-1091*4_1124-1158*4_1124-706*4_1124-1115*4_1124-1054*4_1124-1114*4_1124-707*4_1124-1092*4_1124-1113*4_1124-1053*4_1124-708*4_1124-1112*4_1124-1093*4_1124-1108*4_1124-1052*4_1124-1148*4_1124-1109*4_1124-1107*4_1124-1098*4_1124-1094*4_1124-1051*4_1124-1152*4_1124-1097*4_1124-1153*4_1124-1100*4_1124-1151*4_1124-1154*4_1124-1150*4_1124-1095*4_1124-1101*4_1124-1050*4_1124-1096*4_1124-1487*4_1124-803*4_1124-1102*4_1124-1049*4_1124-801*4_1124-800*4_1124-1103*4_1124-804*4_1570-1565*4_1570-1445*4_1570-1442*4_1570-1446*4_1570-1441*4_1570-1436*4_1570-1437*4_1570-1581*4_1570-1435*4_1570-1438*4_1570-1439*4_1570-1582*4_1570-1440*4_1570-1583*4_1570-1557*4_1570-1584*4_1570-1558*4_1570-1556*4_1570-1513*4_1570-1514*4_1570-1512*4_1570-1423*4_1570-1515*4_1494-1495*4_1494-1472*4_1494-1496*4_1494-1497*4_1494-1475*4_1494-1476*4_1494-1498*4_1494-1500*4_1494-1484*4_1494-1478*4_1494-1501*4_1494-1552*4_1494-1553*4_1494-1485*4_1494-1551*4_1494-1479*4_1494-1506*4_1494-1505*4_1494-1502*4_1494-1486*4_1494-1504*4_1494-1480*4_1494-1507*4_1494-1503*4_1494-1481*4_1494-1528*4_1494-1508*4_1494-1527*4_1494-1482*4_1494-1509*4_1494-1526*4_1494-1483*4_1494-1559*4_1494-1523*4_1494-1511*4_1494-1531*4_1494-1525*4_1494-1522*4_1494-1520*4_1494-1119*4_746-846*4_746-747*4_746-867*4_746-857*4_746-865*4_746-872*4_746-748*4_746-864*4_746-873*4_746-355*4_803-805*5_803-1116*5_803-806*5_803-808*5_803-799*5_803-807*5_803-1117*5_803-809*5_803-826*5_803-798*5_803-1118*5_803-797*5_803-825*5_803-1104*5_803-823*5_803-796*5_803-1455*5_803-1493*5_803-1444*5_803-1466*5_803-1105*5_803-1410*5_803-1432*5_803-1421*5_803-795*5_803-1477*5_803-1399*5_803-1106*5_803-1532*5_803-1521*5_803-1543*5_803-1510*5_803-828*5_803-1488*5_803-827*5_803-1499*5_803-1555*5_803-1014*5_803-1566*5_803-1388*5_803-816*5_803-817*5_803-815*5_803-818*5_803-814*5_803-1013*5_803-819*5_803-1018*5_803-1048*5_803-1577*5_803-812*5_803-820*5_803-1012*5_803-1377*5_803-810*5_803-821*5_803-1047*5_803-1588*5_803-1019*5_803-822*5_803-932*5_803-1002*5_803-934*5_803-931*5_803-935*5_803-930*5_803-811*5_803-936*5_803-1599*5_803-937*5_803-1020*5_803-1034*5_803-1035*5_803-928*5_820-929*6_820-927*6_820-1032*6_820-926*6_820-925*6_820-1036*6_820-1610*6_820-1037*6_820-924*6_820-1621*6_820-1038*6_820-923*6_820-921*6_820-938*6_820-939*6_820-940*6_820-1041*6_772-1042*5_772-1043*5_772-1045*5_772-1046*5_1580-1422*6_1580-1420*6_1580-1412*6_1580-1411*6_1580-1409*6_1580-1413*6_1580-1396*6_1580-1414*6_1580-1398*6_1580-1395*6_1580-1419*6_1580-1415*6_1580-1394*6_1580-1397*6_1580-1416*6_1580-1393*6_1393-1585*7_1393-1392*7_1393-1391*7_1393-1586*7_1393-1400*7_1393-1386*7_1393-1401*7_1393-1587*7_1393-1385*7_1393-1589*7_1393-1387*7_1393-1384*7_1393-1418*7_1393-1590*7_1393-1404*7_1393-1417*7_1393-1591*7_1393-1389*7_1393-1383*7_1393-1403*7_1393-1592*7_1393-1594*7_1393-1390*7_1393-1382*7_1393-1402*7_1393-1593*7_1393-1595*7_1393-1596*7_1393-1309*7_1393-1597*7_1393-1381*7_1393-1598*7_1393-1372*7_1393-1308*7_1393-1380*7_1393-1362*7_1393-1341*7_1393-1307*7_1393-1371*7_1393-1373*7_1393-1361*7_1393-1336*7_1393-1379*7_1393-1405*7_1393-1306*7_1393-1335*7_1393-1408*7_1393-1374*7_1393-1305*7_1393-1337*7_1393-1370*7_1393-1360*7_1393-1334*7_1393-1378*7_1393-1375*7_1393-863*7_1393-1406*7_1393-1338*7_1393-1376*7_1393-1359*7_1393-862*7_1393-1407*7_1393-1363*7_1629-1631*5_1629-1624*5_1629-1634*5_1629-1623*5_1629-1693*5_1629-1622*5_1629-1635*5_1629-1692*5_1629-1636*5_1629-1620*5_1629-1691*5_1629-1678*5_1629-1679*5_1629-1680*5_1629-1690*5_1629-1619*5_1629-1637*5_1629-1676*5_1629-1689*5_1629-1687*5_1629-1681*5_1629-1686*5_1629-1614*5_1629-1618*5_1629-1638*5_1629-1682*5_1629-1675*5_1629-1615*5_1629-1617*5_1629-1639*5_1629-1769*5_1629-1683*5_1629-1616*5_1629-1674*5_1629-1640*5_1629-1768*5_1629-1724*5_1629-1700*5_1629-1684*5_1629-1767*5_1629-1641*5_1629-1698*5_1629-1723*5_1629-1685*5_1629-1672*5_1629-1706*5_761-874*4_761-876*4_761-875*4_761-541*4_1503-1530*5_1503-1524*5_1503-1333*5_1503-1529*5_1503-1321*5_1503-0*5_1503-1519*5_1503-1277*5_1503-1266*5_1503-1518*5_1503-1255*5_1503-1*5_1503-1533*5_1503-1517*5_1503-1534*5_1503-1542*5_1503-1244*5_1503-1541*5_1503-1535*5_1503-1516*5_1503-1288*5_1503-1233*5_1503-1550*5_1503-1299*5_1503-1549*5_1503-888*5_1503-1222*5_1503-1544*5_1503-1310*5_1503-1545*5_1503-1210*5_1290-1298*6_1290-1300*6_716-729*5_716-894*5_716-728*5_716-727*5_716-895*5_716-726*5_716-896*5_716-719*5_716-725*5_716-730*5_716-720*5_716-723*5_716-721*5_716-897*5_716-722*5_716-898*5_716-466*5_716-899*5_716-465*5_716-464*5_716-901*5_716-467*5_716-463*5_716-902*5_716-468*5_716-526*5_716-462*5_716-718*5_716-525*5_716-540*5_716-461*5_716-470*5_716-523*5_716-539*5_716-471*5_716-455*5_716-527*5_735-356*6_735-354*6_735-345*6_735-351*6_735-352*6_735-343*6_1014-1021*6_1014-1366*6_1014-1023*6_1014-1015*6_1014-1001*6_1014-1355*6_1014-1016*6_1014-1024*6_1014-998*6_1014-1003*6_1014-1017*6_1014-1025*6_1014-1009*6_1014-997*6_1014-1008*6_1014-1004*6_1014-1010*6_1014-1007*6_1014-1344*6_1014-1000*6_1014-1005*6_1014-1006*6_1014-955*6_1014-996*6_1014-966*6_1014-1188*6_1014-977*6_1014-944*6_1014-1177*6_1014-988*6_1014-1199*6_1014-993*6_1014-995*6_1014-933*6_1014-950*6_1014-992*6_1014-922*6_1014-991*6_1014-994*6_1014-941*6_1014-942*6_1014-951*6_1014-900*6_868-371*5_868-359*5_868-357*5_868-370*5_868-350*5_868-368*5_868-360*5_868-353*5_868-568*5_868-372*5_868-361*5_868-367*5_868-349*5_868-570*5_868-378*5_868-362*5_868-595*5_868-366*5_868-531*5_868-348*5_868-346*5_868-373*5_868-363*5_868-384*5_868-379*5_868-571*5_868-593*5_868-374*5_868-365*5_868-594*5_868-344*5_868-532*5_868-567*5_868-375*5_868-364*5_868-592*5_868-383*5_868-381*5_868-376*5_868-377*5_868-533*5_868-538*5_868-537*5_868-165*5_868-536*5_868-166*5_1477-943*6_1477-945*6_1477-949*6_1477-946*6_1477-1030*6_1477-948*6_1477-1031*6_870-408*4_870-534*4_870-554*4_870-555*4_870-407*4_870-556*4_348-572*6_348-167*6_348-168*6_348-587*6_348-573*6_348-163*6_348-170*6_348-574*6_348-162*6_348-579*6_348-588*6_348-161*6_348-382*6_348-578*6_348-164*6_348-576*6_348-441*6_348-589*6_348-160*6_348-577*6_348-171*6_348-385*6_348-440*6_348-590*6_348-599*6_348-159*6_348-172*6_348-582*6_348-581*6_348-386*6_348-439*6_348-157*6_348-598*6_348-387*6_348-156*6_348-438*6_348-586*6_348-173*6_348-583*6_348-585*6_348-150*6_348-388*6_348-154*6_348-597*6_348-174*6_348-437*6_348-203*6_348-149*6_348-155*6_348-584*6_348-219*6_348-204*6_348-596*6_348-218*6_348-139*6_348-140*6_348-205*6_348-201*6_348-389*6_348-436*6_348-138*6_348-141*6_348-148*6_348-200*6_1359-1343*8_1359-1342*8_1359-1340*8_1359-1339*8_1359-1364*8_1359-1345*8_1359-1365*8_1359-1346*8_1359-1367*8_1359-1368*8_1359-1347*8_1359-1369*8_1359-1327*8_1359-1328*8_1359-1326*8_1359-1348*8_1359-1325*8_1359-1329*8_1359-1349*8_1359-1324*8_1359-1330*8_1359-1350*8_1359-1323*8_1359-1331*8_1359-1351*8_1359-1320*8_1359-1356*8_1359-1354*8_1359-1319*8_1359-1353*8_1359-1318*8_1359-1352*8_892-460*4_892-522*4_892-457*4_892-472*4_892-521*4_552-561*7_552-456*7_552-454*7_552-562*7_552-453*7_552-452*7_217-175*2_217-176*2_217-177*2_217-215*2_217-178*2_217-214*2_217-179*2_217-212*2_217-181*2_217-211*2_217-199*2_217-182*2_217-206*2_217-210*2_217-198*2_217-183*2_217-654*2_217-207*2_217-197*2_217-137*2_217-142*2_217-653*2_217-184*2_217-196*2_217-208*2_542-459*5_542-507*5_542-506*5_542-563*5_542-564*5_542-489*5_542-490*5_542-488*5_542-492*5_1350-1357*9_1350-1358*9_1350-1317*9_993-953*7_993-989*7_993-952*7_993-954*7_993-1111*7_993-1122*7_993-1099*7_993-990*7_993-1133*7_993-1011*7_993-1088*7_993-956*7_993-1022*7_993-1077*7_993-1144*7_993-1033*7_993-1066*7_993-969*7_993-957*7_993-1155*7_993-1044*7_993-1055*7_993-968*7_993-1166*7_993-958*7_993-889*7_993-877*7_993-967*7_993-446*7_993-866*7_993-987*7_993-959*7_993-911*7_993-779*7_993-986*7_993-965*7_993-960*7_993-963*7_993-964*7_993-961*7_993-335*7_993-947*7_993-985*7_993-962*7_993-668*7_993-970*7_993-984*7_993-224*7_993-971*7_993-981*7_940-1026*7_940-1027*7_940-1028*7_362-400*6_362-399*6_362-406*6_362-401*6_362-398*6_362-405*6_362-560*6_362-404*6_362-559*6_362-390*6_362-403*6_362-565*6_362-392*6_362-397*6_362-396*6_362-566*6_362-393*6_362-409*6_362-434*6_362-395*6_362-394*6_362-433*6_362-410*6_362-432*6_362-444*6_362-431*6_362-411*6_362-443*6_362-430*6_362-442*6_362-412*6_362-429*6_1321-1110*6_1321-1221*6_1321-1332*6_1321-1443*6_1321-999*6_1321-1554*6_470-473*6_470-474*6_470-475*6_470-520*6_470-476*6_470-477*6_470-478*6_470-479*6_470-481*6_470-482*6_468-486*6_468-485*6_468-484*6_468-508*6_446-557*8_446-113*8_446-2*8_446-1665*8_599-143*7_599-209*7_599-146*7_599-133*7_599-145*7_599-600*7_599-605*7_599-130*7_599-652*7_599-144*7_599-134*7_599-131*7_599-601*7_599-651*7_599-129*7_599-606*7_599-151*7_599-135*7_599-650*7_599-132*7_599-649*7_599-603*7_599-604*7_599-152*7_599-128*7_599-127*7_599-575*7_599-153*7_599-607*7_599-655*7_599-124*7_1031-1029*8_521-483*5_521-487*5_521-509*5_521-510*5_521-511*5_521-497*5_521-498*5_521-499*5_1437-1546*5_1437-1547*5_1437-1548*5_888-1540*7_888-1536*7_888-1537*7_888-1538*7_888-1539*7_654-126*3_654-123*3_654-122*3_654-656*3_654-121*3_654-120*3_654-612*3_654-119*3_654-611*3_654-118*3_654-610*3_654-658*3_654-609*3_654-115*3_654-659*3_554-450*7_554-528*7_554-451*7_554-449*7_554-529*7_554-448*7_554-493*7_554-530*7_554-494*7_554-445*7_554-500*7_554-501*7_554-495*7_554-414*7_554-415*7_554-416*7_949-980*9_949-979*9_949-982*9_949-983*9_949-973*9_385-428*8_482-512*7_482-514*7_482-496*7_482-515*7_482-516*7_482-517*7_482-518*7_482-503*7_482-504*7_506-505*7_506-422*7_1640-1642*6_1640-1644*6_1640-1645*6_1640-1646*6_1640-1650*6_1640-1673*6_1640-1649*6_1640-1651*6_1640-1652*6_1640-1648*6_1640-1653*6_1640-856*6_1640-1655*6_1640-1647*6_1640-855*6_1640-1658*6_1640-1660*6_1640-1659*6_1640-1657*6_1640-854*6_1640-1661*6_1640-1671*6_1640-1656*6_1640-830*6_1640-829*6_1640-687*6_1640-688*6_1640-689*6_1640-1662*6_1640-1670*6_1640-1697*6_1640-1663*6_1640-1669*6_376-427*9_376-426*9_376-425*9_376-423*9_862-861*8_862-860*8_862-859*8_862-858*8_508-519*7_508-421*7_970-972*8_970-974*8_970-975*8_970-976*8_970-978*8_121-116*4_121-117*4_121-660*4_121-112*4_121-103*4_121-104*4_121-101*4_121-661*4_121-671*4_121-105*4_121-670*4_121-100*4_121-614*4_121-608*4_121-667*4_121-106*4_121-666*4_121-616*4_121-615*4_121-189*4_121-99*4_121-107*4_121-665*4_121-98*4_121-642*4_121-617*4_121-190*4_121-662*4_121-188*4_121-664*4_121-663*4_121-108*4_121-192*4_121-618*4_449-417*8_449-418*8_449-419*8_449-420*8_1706-1707*6_1706-1705*6_1706-1708*6_1706-1704*6_1706-679*6_1706-22*6_1706-681*6_1706-1703*6_1706-21*6_1706-682*6_1706-1702*6_1706-20*6_1706-1701*6_1706-19*6_1706-23*6_1706-1696*6_1706-18*6_1706-1695*6_1706-83*6_1706-24*6_1706-1709*6_1706-17*6_1706-1694*6_1706-82*6_1706-26*6_1706-16*6_1706-1711*6_1706-81*6_1706-27*6_1706-79*6_1706-1712*6_1706-1664*6_1706-15*6_1706-84*6_1706-28*6_1706-78*6_1706-1667*6_1706-1713*6_1706-13*6_1706-64*6_1706-85*6_1706-77*6_1706-1668*6_1706-65*6_1706-30*6_840-1304*8_28-29*7_28-31*7_28-39*7_28-46*7_28-32*7_28-40*7_28-48*7_28-50*7_28-41*7_28-33*7_28-51*7_28-42*7_28-49*7_28-52*7_28-43*7_28-34*7_28-53*7_28-45*7_28-35*7_28-54*7_28-44*7_28-678*7_28-37*7_28-676*7_28-677*7_28-38*7_28-55*7_28-62*7_28-63*7_28-61*7_28-56*7_28-60*7_28-59*7_28-57*7_28-66*7_28-648*7_28-672*7_28-647*7_28-76*7_288-1739*3_288-1738*3_1303-1315*6_1303-1311*6_1303-1312*6_1303-1313*6_1303-1314*6_1303-1322*6_1303-1316*6_659-641*5_659-640*5_659-619*5_659-639*5_659-620*5_659-109*5_659-638*5_659-621*5_659-110*5_659-637*5_659-622*5_659-90*5_30-675*7_30-645*7_618-623*5_618-625*5_618-626*5_618-644*5_618-632*5_618-627*5_618-631*5_618-111*5_618-630*5_618-628*5_618-643*5_618-629*5_618-633*5_618-674*5_618-673*5_618-89*5_23-67*9_1747-1746*1_1747-1748*1_1747-1745*1_1747-1730*1_1747-1729*1_1747-1731*1_1747-1744*1_1747-1728*1_1747-1733*1_1747-1727*1_1747-1719*1_1747-1720*1_1747-1726*1_1747-1742*1_1747-1718*1_1747-1722*1_1747-1717*1_1747-1725*1_1747-686*1_1747-1734*1_1747-1741*1_1747-1740*1_1747-1716*1_1747-1735*1_1747-1715*1_1747-1736*1_1747-1714*1_1747-1737*1_1747-1774*1_1747-4*1_1747-1775*1_1730-5*2_1730-12*2_1730-11*2_1730-10*2_1730-74*2_1730-8*2_1730-7*2_647-88*8_647-92*8_647-87*8_647-93*8_647-68*8_647-86*8_647-94*8_647-75*8_647-70*8_647-636*8_647-95*8_647-195*8_647-96*8_647-194*8_647-193*8_645-634*8_182-185*4_182-186*4_182-187*4_182-6*4_182-9*4_182-97*4_182-73*4_7-72*3_7-683*3_7-684*3_7-71*3_7-685*3_
