"id","Scenario","Actual Range","Protocol","Buildings","Total nodes","Nodes on circ","Total coverage","Coverage on circ","Alert received mean time","Hops","Slots","Messages sent","Messages received", "Starting x", "Starting y","Starting node", "Vehicle distance", "Received node ids", "Node ids", "Transmission map", "Received on circ nodes", "Transmission vector"
0,1,300,300,1,1344,37,1344,37,19811.4,6.13514,18,849,1344,1525,100,729,25,728_730_727_731_726_732_725_733_724_734_723_735_384_722_736_385_386_387_721_737_288_720_738_289_290_291_719_739_718_740_717_741_742_743_744_745_746_747_388_748_389_390_749_750_751_480_752_729_753_292_293_294_716_715_714_713_712_481_482_754_483_755_484_756_485_757_486_758_487_759_488_760_489_761_490_762_491_763_492_764_702_295_296_297_711_298_710_299_709_300_708_391_392_393_394_395_396_765_766_767_576_577_578_579_580_581_707_706_705_192_704_193_194_195_703_196_197_701_198_700_699_698_697_696_301_302_303_304_816_815_817_814_818_813_819_305_812_820_306_811_821_810_822_307_308_309_310_311_842_854_502_503_504_493_494_495_496_848_847_849_846_850_845_851_497_844_852_498_843_853_499_500_501_695_694_693_692_691_690_689_96_688_97_98_99_687_686_505_506_507_508_509_510_511_512_944_943_945_513_514_515_397_398_399_400_832_831_833_830_834_829_835_401_828_836_827_837_402_403_404_405_406_312_313_314_315_316_317_318_319_320_912_911_913_321_322_323_942_946_516_941_947_517_940_948_518_939_949_519_938_950_520_937_951_521_936_952_522_935_953_523_954_524_955_525_685_684_683_100_682_101_681_102_680_103_679_104_678_105_677_676_675_910_914_909_915_324_325_956_526_957_527_958_528_1040_959_1039_1041_1038_1042_1037_1043_529_608_1036_1044_530_1035_1045_1034_1046_531_532_533_534_535_582_583_584_585_586_587_588_589_590_591_908_916_907_917_326_674_673_0_672_1_2_3_4_5_6_1047_1048_1049_1050_1051_1052_1053_1054_1055_624_1033_407_408_409_410_411_412_413_414_415_416_928_417_418_823_824_825_826_809_808_918_919_920_921_922_923_924_925_926_927_906_905_929_934_838_839_841_855_840_856_857_858_859_860_536_537_538_539_540_541_542_543_544_1136_1135_1137_545_546_547_930_931_932_933_419_420_421_422_423_424_425_548_549_550_1134_1138_551_1133_1139_552_1132_1140_1131_1141_553_1130_1142_554_1129_1143_555_1144_556_1145_557_1146_558_1147_559_426_427_861_327_328_329_898_897_224_896_225_226_227_895_560_1232_1231_1233_1230_1234_1229_1235_561_1228_1236_1227_1237_562_563_564_565_566_228_894_223_229_893_899_222_230_892_900_221_231_891_901_220_232_890_902_219_233_889_903_218_234_888_904_217_235_216_236_215_237_214_238_807_806_805_804_803_802_801_208_800_209_210_211_799_798_607_609_606_610_605_611_604_612_603_613_602_614_601_615_1238_1239_1240_1241_1242_1243_1244_567_1245_1226_1246_1225_1247_656_1224_239_240_992_991_993_990_994_989_995_241_988_996_242_987_997_986_998_243_244_245_246_247_600_616_14_15_887_886_885_884_883_882_881_128_880_129_130_131_879_878_623_625_622_626_621_627_620_628_619_629_618_630_617_631_632_633_634_635_636_592_863_862_593_594_595_596_597_999_1000_1001_1002_1003_1004_1005_1006_1007_336_1008_985_1009_212_213_207_797_206_796_795_205_794_204_793_203_202_201_200_199_248_249_250_251_252_253_254_255_256_1088_1087_1089_257_258_259_637_638_639_641_642_643_644_645_646_428_429_430_431_432_1024_433_127_126_125_877_124_132_876_123_133_875_122_134_874_121_135_873_120_136_872_119_137_871_118_138_870_117_139_869_116_140_868_984_983_982_981_980_979_978_977_144_976_655_657_654_658_653_659_652_660_651_661_650_662_649_663_648_664_647_665_1086_1090_1085_1091_1084_1092_1083_1093_1082_1094_260_261_262_263_599_143_145_142_146_975_141_147_974_148_973_149_972_150_971_151_970_152_969_153_968_154_967_155_966_1023_1025_1022_1026_1021_1027_1020_1028_434_1019_1029_435_1018_1030_436_437_438_439_440_965_156_964_1095_1096_1081_1097_264_1080_1098_265_1079_1099_266_1078_1100_267_1077_1101_598_963_962_961_48_960_47_49_46_50_45_51_44_52_43_53_1017_1016_1015_1031_1014_1032_441_1013_1012_1011_330_331_332_333_867_866_865_32_864_31_33_30_34_29_35_28_36_27_37_26_38_268_269_270_271_272_1184_1183_1185_1182_1186_1181_1187_273_1180_1188_1179_1189_274_275_276_277_278_159_158_164_1070_165_166_1069_1068_1067_1066_1065_666_667_668_1178_1177_1176_1175_1174_279_1173_1172_1190_42_1171_1191_41_1170_1192_40_1169_1193_39_54_55_56_1076_1075_1074_1073_160_1072_442_443_444_445_446_447_448_1120_1119_1121_449_450_451_25_60_61_62_63_64_1056_1057_1058_65_66_67_68_640_1151_157_161_162_1064_163_1063_1062_1061_1060_1059_1118_1117_1116_1115_1114_1113_1112_1111_1110_1109_1108_461_334_335_1010_337_338_339_340_341_342_343_344_345_24_23_22_21_20_19_18_172_669_670_671_1343_1342_1341_1340_1339_1338_77_78_79_16_768_769_13_17_770_12_771_11_772_10_773_9_774_8_775_7_776_777_346_347_348_349_350_351_352_1104_1103_1105_1102_1106_353_354_355_356_59_69_58_70_1071_167_168_169_170_171_173_174_175_176_1168_177_71_72_57_73_74_75_76_80_1152_1153_81_1154_82_1155_83_1156_84_1157_85_1158_86_1159_87_1160_88_1161_89_90_91_280_281_282_283_284_285_1194_286_1195_287_1167_1166_1165_1164_178_1163_179_1162_180_181_182_183_184_1150_1149_1148_792_185_186_187_188_92_93_94_95_1248_1249_1250_1251_1252_1253_1254_1122_1123_452_1124_453_1125_454_1126_455_1127_456_1128_457_458_459_460_1280_1279_1281_1278_1282_1277_1283_1276_1284_1275_1285_1274_1286_1273_1287_1272_1288_1271_1289_1107_357_358_359_360_189_190_191_1264_1263_1265_1262_1266_1261_1267_1260_1268_1259_1269_1258_1270_791_790_789_788_787_786_785_462_463_464_1216_1215_1217_465_466_467_112_784_111_110_109_783_108_782_107_106_781_780_779_778_1257_1256_1255_1214_1218_1213_1219_1212_1220_1211_1221_1210_1222_468_469_470_471_568_569_570_571_572_573_574_575_1328_1327_1329_1326_1330_1325_1331_1324_1332_1323_1333_1322_1334_1321_1335_1320_1336_1319_1337_1318_1317_1316_472_1209_1223_473_1208_474_1207_475_476_477_361_362_363_364_113_114_115_478_479_365_366_1312_1311_1313_1310_1314_1309_1315_1308_1307_1306_1305_1290_1291_1292_1304_1303_1302_1301_1300_1299_1298_1297_1296_383_1295_1294_1293_367_368_1200_1199_1201_1198_1202_1197_1203_369_1196_1204_1205_370_371_372_373_374_1206_375_376_377_378_379_380_381_382_,0_1_2_3_4_5_6_7_8_9_10_11_12_13_14_15_16_17_18_19_20_21_22_23_24_25_26_27_28_29_30_31_32_33_34_35_36_37_38_39_40_41_42_43_44_45_46_47_48_49_50_51_52_53_54_55_56_57_58_59_60_61_62_63_64_65_66_67_68_69_70_71_72_73_74_75_76_77_78_79_80_81_82_83_84_85_86_87_88_89_90_91_92_93_94_95_96_97_98_99_100_101_102_103_104_105_106_107_108_109_110_111_112_113_114_115_116_117_118_119_120_121_122_123_124_125_126_127_128_129_130_131_132_133_134_135_136_137_138_139_140_141_142_143_144_145_146_147_148_149_150_151_152_153_154_155_156_157_158_159_160_161_162_163_164_165_166_167_168_169_170_171_172_173_174_175_176_177_178_179_180_181_182_183_184_185_186_187_188_189_190_191_192_193_194_195_196_197_198_199_200_201_202_203_204_205_206_207_208_209_210_211_212_213_214_215_216_217_218_219_220_221_222_223_224_225_226_227_228_229_230_231_232_233_234_235_236_237_238_239_240_241_242_243_244_245_246_247_248_249_250_251_252_253_254_255_256_257_258_259_260_261_262_263_264_265_266_267_268_269_270_271_272_273_274_275_276_277_278_279_280_281_282_283_284_285_286_287_288_289_290_291_292_293_294_295_296_297_298_299_300_301_302_303_304_305_306_307_308_309_310_311_312_313_314_315_316_317_318_319_320_321_322_323_324_325_326_327_328_329_330_331_332_333_334_335_336_337_338_339_340_341_342_343_344_345_346_347_348_349_350_351_352_353_354_355_356_357_358_359_360_361_362_363_364_365_366_367_368_369_370_371_372_373_374_375_376_377_378_379_380_381_382_383_384_385_386_387_388_389_390_391_392_393_394_395_396_397_398_399_400_401_402_403_404_405_406_407_408_409_410_411_412_413_414_415_416_417_418_419_420_421_422_423_424_425_426_427_428_429_430_431_432_433_434_435_436_437_438_439_440_441_442_443_444_445_446_447_448_449_450_451_452_453_454_455_456_457_458_459_460_461_462_463_464_465_466_467_468_469_470_471_472_473_474_475_476_477_478_479_480_481_482_483_484_485_486_487_488_489_490_491_492_493_494_495_496_497_498_499_500_501_502_503_504_505_506_507_508_509_510_511_512_513_514_515_516_517_518_519_520_521_522_523_524_525_526_527_528_529_530_531_532_533_534_535_536_537_538_539_540_541_542_543_544_545_546_547_548_549_550_551_552_553_554_555_556_557_558_559_560_561_562_563_564_565_566_567_568_569_570_571_572_573_574_575_576_577_578_579_580_581_582_583_584_585_586_587_588_589_590_591_592_593_594_595_596_597_598_599_600_601_602_603_604_605_606_607_608_609_610_611_612_613_614_615_616_617_618_619_620_621_622_623_624_625_626_627_628_629_630_631_632_633_634_635_636_637_638_639_640_641_642_643_644_645_646_647_648_649_650_651_652_653_654_655_656_657_658_659_660_661_662_663_664_665_666_667_668_669_670_671_672_673_674_675_676_677_678_679_680_681_682_683_684_685_686_687_688_689_690_691_692_693_694_695_696_697_698_699_700_701_702_703_704_705_706_707_708_709_710_711_712_713_714_715_716_717_718_719_720_721_722_723_724_725_726_727_728_729_730_731_732_733_734_735_736_737_738_739_740_741_742_743_744_745_746_747_748_749_750_751_752_753_754_755_756_757_758_759_760_761_762_763_764_765_766_767_768_769_770_771_772_773_774_775_776_777_778_779_780_781_782_783_784_785_786_787_788_789_790_791_792_793_794_795_796_797_798_799_800_801_802_803_804_805_806_807_808_809_810_811_812_813_814_815_816_817_818_819_820_821_822_823_824_825_826_827_828_829_830_831_832_833_834_835_836_837_838_839_840_841_842_843_844_845_846_847_848_849_850_851_852_853_854_855_856_857_858_859_860_861_862_863_864_865_866_867_868_869_870_871_872_873_874_875_876_877_878_879_880_881_882_883_884_885_886_887_888_889_890_891_892_893_894_895_896_897_898_899_900_901_902_903_904_905_906_907_908_909_910_911_912_913_914_915_916_917_918_919_920_921_922_923_924_925_926_927_928_929_930_931_932_933_934_935_936_937_938_939_940_941_942_943_944_945_946_947_948_949_950_951_952_953_954_955_956_957_958_959_960_961_962_963_964_965_966_967_968_969_970_971_972_973_974_975_976_977_978_979_980_981_982_983_984_985_986_987_988_989_990_991_992_993_994_995_996_997_998_999_1000_1001_1002_1003_1004_1005_1006_1007_1008_1009_1010_1011_1012_1013_1014_1015_1016_1017_1018_1019_1020_1021_1022_1023_1024_1025_1026_1027_1028_1029_1030_1031_1032_1033_1034_1035_1036_1037_1038_1039_1040_1041_1042_1043_1044_1045_1046_1047_1048_1049_1050_1051_1052_1053_1054_1055_1056_1057_1058_1059_1060_1061_1062_1063_1064_1065_1066_1067_1068_1069_1070_1071_1072_1073_1074_1075_1076_1077_1078_1079_1080_1081_1082_1083_1084_1085_1086_1087_1088_1089_1090_1091_1092_1093_1094_1095_1096_1097_1098_1099_1100_1101_1102_1103_1104_1105_1106_1107_1108_1109_1110_1111_1112_1113_1114_1115_1116_1117_1118_1119_1120_1121_1122_1123_1124_1125_1126_1127_1128_1129_1130_1131_1132_1133_1134_1135_1136_1137_1138_1139_1140_1141_1142_1143_1144_1145_1146_1147_1148_1149_1150_1151_1152_1153_1154_1155_1156_1157_1158_1159_1160_1161_1162_1163_1164_1165_1166_1167_1168_1169_1170_1171_1172_1173_1174_1175_1176_1177_1178_1179_1180_1181_1182_1183_1184_1185_1186_1187_1188_1189_1190_1191_1192_1193_1194_1195_1196_1197_1198_1199_1200_1201_1202_1203_1204_1205_1206_1207_1208_1209_1210_1211_1212_1213_1214_1215_1216_1217_1218_1219_1220_1221_1222_1223_1224_1225_1226_1227_1228_1229_1230_1231_1232_1233_1234_1235_1236_1237_1238_1239_1240_1241_1242_1243_1244_1245_1246_1247_1248_1249_1250_1251_1252_1253_1254_1255_1256_1257_1258_1259_1260_1261_1262_1263_1264_1265_1266_1267_1268_1269_1270_1271_1272_1273_1274_1275_1276_1277_1278_1279_1280_1281_1282_1283_1284_1285_1286_1287_1288_1289_1290_1291_1292_1293_1294_1295_1296_1297_1298_1299_1300_1301_1302_1303_1304_1305_1306_1307_1308_1309_1310_1311_1312_1313_1314_1315_1316_1317_1318_1319_1320_1321_1322_1323_1324_1325_1326_1327_1328_1329_1330_1331_1332_1333_1334_1335_1336_1337_1338_1339_1340_1341_1342_1343_,3:{14;15;}15:{16;768;769;13;17;770;12;771;11;772;10;773;9;774;8;775;7;776;777;}30:{24;23;22;21;20;19;18;}44:{42;41;40;39;54;55;56;}56:{60;61;62;63;64;1056;1057;1058;65;66;67;68;}65:{71;72;57;73;74;75;76;}67:{77;78;79;}79:{80;1152;1153;81;1154;82;1155;83;1156;84;1157;85;1158;86;1159;87;1160;88;1161;89;90;91;}91:{92;93;94;95;1248;1249;1250;1251;1252;1253;1254;}128:{127;126;125;877;124;132;876;123;133;875;122;134;874;121;135;873;120;136;872;119;137;871;118;138;870;117;139;869;116;140;868;}152:{157;161;162;163;}165:{167;168;169;170;171;173;174;175;176;1168;177;}172:{1167;1166;1165;1164;178;1163;179;1162;180;181;182;183;184;}176:{185;186;187;188;}188:{189;190;191;1264;1263;1265;1262;1266;1261;1267;1260;1268;1259;1269;1258;1270;}208:{791;790;789;788;}210:{792;}211:{212;213;207;797;206;796;795;205;794;204;793;203;202;201;200;199;}226:{228;894;223;229;893;899;222;230;892;900;221;231;891;901;220;232;890;902;219;233;889;903;218;234;888;904;217;235;216;236;215;237;214;238;}235:{239;240;992;991;993;990;994;989;995;241;988;996;242;987;997;986;998;243;244;245;246;247;}247:{248;249;250;251;252;253;254;255;256;1088;1087;1089;257;258;259;}251:{1086;1090;1085;1091;1084;1092;1083;1093;1082;1094;260;261;262;263;}266:{268;269;270;271;272;1184;1183;1185;1182;1186;1181;1187;273;1180;1188;1179;1189;274;275;276;277;278;}275:{280;281;282;283;284;285;1194;286;1195;287;}287:{1280;1279;1281;1278;1282;1277;1283;1276;1284;1275;1285;1274;1286;1273;1287;1272;1288;1271;1289;}288:{295;296;297;711;298;710;299;709;300;708;}299:{301;302;303;304;816;815;817;814;818;813;819;305;812;820;306;811;821;810;822;307;308;309;310;311;}311:{312;313;314;315;316;317;318;319;320;912;911;913;321;322;323;}313:{910;914;909;915;324;325;}314:{908;916;907;917;326;}321:{330;331;332;333;}333:{334;335;1010;337;338;339;340;341;342;343;344;345;}344:{346;347;348;349;350;351;352;1104;1103;1105;1102;1106;353;354;355;356;}354:{365;366;}362:{367;368;1200;1199;1201;1198;1202;1197;1203;369;1196;1204;1205;370;371;372;373;374;}364:{1206;375;376;}375:{377;378;379;380;381;382;}384:{391;392;393;394;395;396;}394:{397;398;399;400;832;831;833;830;834;829;835;401;828;836;827;837;402;403;404;405;406;}406:{407;408;409;410;411;412;413;414;415;416;928;417;418;}413:{930;931;932;933;419;420;421;422;423;424;425;}421:{428;429;430;431;432;1024;433;}428:{1023;1025;1022;1026;1021;1027;1020;1028;434;1019;1029;435;1018;1030;436;437;438;439;440;}439:{442;443;444;445;446;447;448;1120;1119;1121;449;450;451;}448:{1118;1117;1116;1115;1114;1113;1112;1111;1110;1109;1108;}449:{461;}455:{462;463;464;1216;1215;1217;465;466;467;}459:{1214;1218;1213;1219;1212;1220;1211;1221;1210;1222;468;469;470;471;}465:{472;1209;1223;473;1208;474;1207;475;476;477;}467:{478;479;}477:{1312;1311;1313;1310;1314;1309;1315;1308;1307;1306;1305;}491:{493;494;495;496;848;847;849;846;850;845;851;497;844;852;498;843;853;499;500;501;}492:{842;854;502;503;504;}503:{505;506;507;508;509;510;511;512;944;943;945;513;514;515;}513:{942;946;516;941;947;517;940;948;518;939;949;519;938;950;520;937;951;521;936;952;522;935;953;523;954;524;955;525;}523:{526;527;528;1040;1039;1041;1038;1042;1037;1043;529;1036;1044;530;1035;1045;1034;1046;531;532;533;534;535;}535:{536;537;538;539;540;541;542;543;544;1136;1135;1137;545;546;547;}547:{548;549;550;1134;1138;551;1133;1139;552;1132;1140;1131;1141;553;1130;1142;554;1129;1143;555;1144;556;1145;557;1146;558;1147;559;}554:{560;1232;1231;1233;1230;1234;1229;1235;561;1228;1236;1227;1237;562;563;564;565;566;}564:{568;569;570;571;572;573;574;575;1328;}579:{582;583;584;585;586;587;588;589;590;591;}585:{592;863;862;593;594;595;596;597;}595:{598;}611:{599;}624:{623;625;622;626;621;627;620;628;619;629;618;630;617;631;632;633;634;635;636;}631:{640;1151;}632:{637;638;639;641;642;643;644;}640:{1150;1149;1148;}656:{666;667;668;}667:{669;670;671;1343;1342;1341;1340;1339;1338;}676:{674;673;0;672;1;2;3;4;5;6;}687:{685;684;683;100;682;101;681;102;680;103;679;104;678;105;677;676;675;}698:{695;694;693;692;691;690;689;96;688;97;98;99;687;686;}708:{707;706;705;192;704;193;194;195;703;196;197;701;198;700;699;698;697;696;}714:{702;}724:{292;293;294;716;715;714;713;712;}729:{728;730;727;731;726;732;725;733;724;734;723;735;384;722;736;385;386;387;721;737;288;720;738;289;290;291;719;739;718;740;717;741;}741:{742;743;744;745;746;747;388;748;389;390;749;750;751;480;752;729;753;}752:{481;482;754;483;755;484;756;485;757;486;758;487;759;488;760;489;761;490;762;491;763;492;764;}762:{765;766;767;576;577;578;579;580;581;}778:{113;114;115;}789:{112;784;111;110;109;783;108;782;107;106;781;780;779;778;}797:{787;786;785;}810:{807;806;805;804;803;802;801;208;800;209;210;211;799;798;}820:{823;824;825;826;809;808;}827:{838;839;}848:{841;855;840;856;857;858;859;860;}849:{861;}866:{25;}869:{867;866;865;32;864;31;33;30;34;29;35;28;36;27;37;26;38;}890:{887;886;885;884;883;882;881;128;880;129;130;131;879;878;}907:{898;897;224;896;225;226;227;895;}911:{327;328;329;}917:{918;919;920;921;922;923;924;925;926;927;906;905;929;}929:{426;427;}946:{934;}950:{956;957;958;959;608;}957:{607;609;606;610;605;611;604;612;603;613;602;614;601;615;}958:{600;616;}966:{963;962;961;48;960;47;49;46;50;45;51;44;52;43;53;}976:{965;156;964;}978:{143;145;142;146;975;141;147;974;148;973;149;972;150;971;151;970;152;969;153;968;154;967;155;966;}988:{984;983;982;981;980;979;978;977;144;976;}997:{999;1000;1001;1002;1003;1004;1005;1006;1007;336;1008;985;1009;}1023:{1017;1016;1015;1031;1014;1032;441;1013;1012;1011;}1045:{1047;1048;1049;1050;1051;1052;1053;1054;1055;624;1033;}1060:{59;69;58;70;1071;}1065:{1064;1063;1062;1061;1060;1059;}1072:{172;}1077:{159;158;164;1070;165;166;1069;1068;1067;1066;1065;}1084:{1076;1075;1074;1073;160;1072;}1089:{1095;1096;1081;1097;264;1080;1098;265;1079;1099;266;1078;1100;267;1077;1101;}1102:{1107;357;358;359;360;}1104:{361;362;363;364;}1120:{1122;1123;452;1124;453;1125;454;1126;455;1127;456;1128;457;458;459;460;}1147:{645;646;}1181:{1178;1177;1176;1175;1174;279;1173;1172;1190;1171;1191;1170;1192;1169;1193;}1236:{1238;1239;1240;1241;1242;1243;1244;567;1245;1226;1246;1225;1247;656;1224;}1247:{655;657;654;658;653;659;652;660;651;661;650;662;649;663;648;664;647;665;}1262:{1257;1256;1255;}1280:{1290;1291;1292;}1305:{1304;1303;1302;1301;1300;1299;1298;1297;1296;383;1295;1294;1293;}1328:{1327;1329;1326;1330;1325;1331;1324;1332;1323;1333;1322;1334;1321;1335;1320;1336;1319;1337;1318;1317;1316;},96_222_223_224_326_327_328_423_424_512_513_576_577_578_579_580_581_582_583_584_585_586_587_588_688_689_690_788_789_861_862_896_897_898_944_945_946_,729-728*0_729-730*0_729-727*0_729-731*0_729-726*0_729-732*0_729-725*0_729-733*0_729-724*0_729-734*0_729-723*0_729-735*0_729-384*0_729-722*0_729-736*0_729-385*0_729-386*0_729-387*0_729-721*0_729-737*0_729-288*0_729-720*0_729-738*0_729-289*0_729-290*0_729-291*0_729-719*0_729-739*0_729-718*0_729-740*0_729-717*0_729-741*0_741-742*1_741-743*1_741-744*1_741-745*1_741-746*1_741-747*1_741-388*1_741-748*1_741-389*1_741-390*1_741-749*1_741-750*1_741-751*1_741-480*1_741-752*1_741-729*1_741-753*1_724-292*1_724-293*1_724-294*1_724-716*1_724-715*1_724-714*1_724-713*1_724-712*1_752-481*2_752-482*2_752-754*2_752-483*2_752-755*2_752-484*2_752-756*2_752-485*2_752-757*2_752-486*2_752-758*2_752-487*2_752-759*2_752-488*2_752-760*2_752-489*2_752-761*2_752-490*2_752-762*2_752-491*2_752-763*2_752-492*2_752-764*2_714-702*2_288-295*2_288-296*2_288-297*2_288-711*2_288-298*2_288-710*2_288-299*2_288-709*2_288-300*2_288-708*2_384-391*2_384-392*2_384-393*2_384-394*2_384-395*2_384-396*2_762-765*3_762-766*3_762-767*3_762-576*3_762-577*3_762-578*3_762-579*3_762-580*3_762-581*3_708-707*3_708-706*3_708-705*3_708-192*3_708-704*3_708-193*3_708-194*3_708-195*3_708-703*3_708-196*3_708-197*3_708-701*3_708-198*3_708-700*3_708-699*3_708-698*3_708-697*3_708-696*3_299-301*3_299-302*3_299-303*3_299-304*3_299-816*3_299-815*3_299-817*3_299-814*3_299-818*3_299-813*3_299-819*3_299-305*3_299-812*3_299-820*3_299-306*3_299-811*3_299-821*3_299-810*3_299-822*3_299-307*3_299-308*3_299-309*3_299-310*3_299-311*3_492-842*3_492-854*3_492-502*3_492-503*3_492-504*3_491-493*3_491-494*3_491-495*3_491-496*3_491-848*3_491-847*3_491-849*3_491-846*3_491-850*3_491-845*3_491-851*3_491-497*3_491-844*3_491-852*3_491-498*3_491-843*3_491-853*3_491-499*3_491-500*3_491-501*3_698-695*4_698-694*4_698-693*4_698-692*4_698-691*4_698-690*4_698-689*4_698-96*4_698-688*4_698-97*4_698-98*4_698-99*4_698-687*4_698-686*4_503-505*4_503-506*4_503-507*4_503-508*4_503-509*4_503-510*4_503-511*4_503-512*4_503-944*4_503-943*4_503-945*4_503-513*4_503-514*4_503-515*4_394-397*3_394-398*3_394-399*3_394-400*3_394-832*3_394-831*3_394-833*3_394-830*3_394-834*3_394-829*3_394-835*3_394-401*3_394-828*3_394-836*3_394-827*3_394-837*3_394-402*3_394-403*3_394-404*3_394-405*3_394-406*3_311-312*4_311-313*4_311-314*4_311-315*4_311-316*4_311-317*4_311-318*4_311-319*4_311-320*4_311-912*4_311-911*4_311-913*4_311-321*4_311-322*4_311-323*4_513-942*5_513-946*5_513-516*5_513-941*5_513-947*5_513-517*5_513-940*5_513-948*5_513-518*5_513-939*5_513-949*5_513-519*5_513-938*5_513-950*5_513-520*5_513-937*5_513-951*5_513-521*5_513-936*5_513-952*5_513-522*5_513-935*5_513-953*5_513-523*5_513-954*5_513-524*5_513-955*5_513-525*5_687-685*5_687-684*5_687-683*5_687-100*5_687-682*5_687-101*5_687-681*5_687-102*5_687-680*5_687-103*5_687-679*5_687-104*5_687-678*5_687-105*5_687-677*5_687-676*5_687-675*5_313-910*5_313-914*5_313-909*5_313-915*5_313-324*5_313-325*5_950-956*6_523-526*6_950-957*6_523-527*6_950-958*6_523-528*6_523-1040*6_950-959*6_523-1039*6_523-1041*6_523-1038*6_523-1042*6_523-1037*6_523-1043*6_523-529*6_950-608*6_523-1036*6_523-1044*6_523-530*6_523-1035*6_523-1045*6_523-1034*6_523-1046*6_523-531*6_523-532*6_523-533*6_523-534*6_523-535*6_579-582*4_579-583*4_579-584*4_579-585*4_579-586*4_579-587*4_579-588*4_579-589*4_579-590*4_579-591*4_314-908*6_314-916*6_314-907*6_314-917*6_314-326*6_676-674*6_676-673*6_676-0*6_676-672*6_676-1*6_676-2*6_676-3*6_676-4*6_676-5*6_676-6*6_1045-1047*7_1045-1048*7_1045-1049*7_1045-1050*7_1045-1051*7_1045-1052*7_1045-1053*7_1045-1054*7_1045-1055*7_1045-624*7_1045-1033*7_406-407*4_406-408*4_406-409*4_406-410*4_406-411*4_406-412*4_406-413*4_406-414*4_406-415*4_406-416*4_406-928*4_406-417*4_406-418*4_820-823*4_820-824*4_820-825*4_820-826*4_820-809*4_820-808*4_917-918*7_917-919*7_917-920*7_917-921*7_917-922*7_917-923*7_917-924*7_917-925*7_917-926*7_917-927*7_917-906*7_917-905*7_917-929*7_946-934*6_827-838*4_827-839*4_848-841*5_848-855*5_848-840*5_848-856*5_848-857*5_848-858*5_848-859*5_848-860*5_535-536*7_535-537*7_535-538*7_535-539*7_535-540*7_535-541*7_535-542*7_535-543*7_535-544*7_535-1136*7_535-1135*7_535-1137*7_535-545*7_535-546*7_535-547*7_413-930*5_413-931*5_413-932*5_413-933*5_413-419*5_413-420*5_413-421*5_413-422*5_413-423*5_413-424*5_413-425*5_547-548*8_547-549*8_547-550*8_547-1134*8_547-1138*8_547-551*8_547-1133*8_547-1139*8_547-552*8_547-1132*8_547-1140*8_547-1131*8_547-1141*8_547-553*8_547-1130*8_547-1142*8_547-554*8_547-1129*8_547-1143*8_547-555*8_547-1144*8_547-556*8_547-1145*8_547-557*8_547-1146*8_547-558*8_547-1147*8_547-559*8_929-426*8_929-427*8_849-861*6_911-327*8_911-328*8_911-329*8_907-898*8_907-897*8_907-224*8_907-896*8_907-225*8_907-226*8_907-227*8_907-895*8_554-560*9_554-1232*9_554-1231*9_554-1233*9_554-1230*9_554-1234*9_554-1229*9_554-1235*9_554-561*9_554-1228*9_554-1236*9_554-1227*9_554-1237*9_554-562*9_554-563*9_554-564*9_554-565*9_554-566*9_226-228*9_226-894*9_226-223*9_226-229*9_226-893*9_226-899*9_226-222*9_226-230*9_226-892*9_226-900*9_226-221*9_226-231*9_226-891*9_226-901*9_226-220*9_226-232*9_226-890*9_226-902*9_226-219*9_226-233*9_226-889*9_226-903*9_226-218*9_226-234*9_226-888*9_226-904*9_226-217*9_226-235*9_226-216*9_226-236*9_226-215*9_226-237*9_226-214*9_226-238*9_810-807*6_810-806*6_810-805*6_810-804*6_810-803*6_810-802*6_810-801*6_810-208*6_810-800*6_810-209*6_810-210*6_810-211*6_810-799*6_810-798*6_957-607*7_957-609*7_957-606*7_957-610*7_957-605*7_957-611*7_957-604*7_957-612*7_957-603*7_957-613*7_957-602*7_957-614*7_957-601*7_957-615*7_1236-1238*10_1236-1239*10_1236-1240*10_1236-1241*10_1236-1242*10_1236-1243*10_1236-1244*10_1236-567*10_1236-1245*10_1236-1226*10_1236-1246*10_1236-1225*10_1236-1247*10_1236-656*10_1236-1224*10_235-239*10_235-240*10_235-992*10_235-991*10_235-993*10_235-990*10_235-994*10_235-989*10_235-995*10_235-241*10_235-988*10_235-996*10_235-242*10_235-987*10_235-997*10_235-986*10_235-998*10_235-243*10_235-244*10_235-245*10_235-246*10_235-247*10_958-600*7_958-616*7_3-14*7_3-15*7_890-887*10_890-886*10_890-885*10_890-884*10_890-883*10_890-882*10_890-881*10_890-128*10_890-880*10_890-129*10_890-130*10_890-131*10_890-879*10_890-878*10_624-623*8_624-625*8_624-622*8_624-626*8_624-621*8_624-627*8_624-620*8_624-628*8_624-619*8_624-629*8_624-618*8_624-630*8_624-617*8_624-631*8_624-632*8_624-633*8_624-634*8_624-635*8_624-636*8_585-592*5_585-863*5_585-862*5_585-593*5_585-594*5_585-595*5_585-596*5_585-597*5_997-999*11_997-1000*11_997-1001*11_997-1002*11_997-1003*11_997-1004*11_997-1005*11_997-1006*11_997-1007*11_997-336*11_997-1008*11_997-985*11_997-1009*11_211-212*7_211-213*7_211-207*7_211-797*7_211-206*7_211-796*7_211-795*7_211-205*7_211-794*7_211-204*7_211-793*7_211-203*7_211-202*7_211-201*7_211-200*7_211-199*7_247-248*11_247-249*11_247-250*11_247-251*11_247-252*11_247-253*11_247-254*11_247-255*11_247-256*11_247-1088*11_247-1087*11_247-1089*11_247-257*11_247-258*11_247-259*11_632-637*9_632-638*9_632-639*9_632-641*9_632-642*9_632-643*9_632-644*9_1147-645*9_1147-646*9_421-428*10_421-429*10_421-430*10_421-431*10_421-432*10_421-1024*10_421-433*10_128-127*11_128-126*11_128-125*11_128-877*11_128-124*11_128-132*11_128-876*11_128-123*11_128-133*11_128-875*11_128-122*11_128-134*11_128-874*11_128-121*11_128-135*11_128-873*11_128-120*11_128-136*11_128-872*11_128-119*11_128-137*11_128-871*11_128-118*11_128-138*11_128-870*11_128-117*11_128-139*11_128-869*11_128-116*11_128-140*11_128-868*11_988-984*12_988-983*12_988-982*12_988-981*12_988-980*12_988-979*12_988-978*12_988-977*12_988-144*12_988-976*12_1247-655*11_1247-657*11_1247-654*11_1247-658*11_1247-653*11_1247-659*11_1247-652*11_1247-660*11_1247-651*11_1247-661*11_1247-650*11_1247-662*11_1247-649*11_1247-663*11_1247-648*11_1247-664*11_1247-647*11_1247-665*11_251-1086*12_251-1090*12_251-1085*12_251-1091*12_251-1084*12_251-1092*12_251-1083*12_251-1093*12_251-1082*12_251-1094*12_251-260*12_251-261*12_251-262*12_251-263*12_611-599*8_978-143*13_978-145*13_978-142*13_978-146*13_978-975*13_978-141*13_978-147*13_978-974*13_978-148*13_978-973*13_978-149*13_978-972*13_978-150*13_978-971*13_978-151*13_978-970*13_978-152*13_978-969*13_978-153*13_978-968*13_978-154*13_978-967*13_978-155*13_978-966*13_428-1023*11_428-1025*11_428-1022*11_428-1026*11_428-1021*11_428-1027*11_428-1020*11_428-1028*11_428-434*11_428-1019*11_428-1029*11_428-435*11_428-1018*11_428-1030*11_428-436*11_428-437*11_428-438*11_428-439*11_428-440*11_976-965*13_976-156*13_976-964*13_1089-1095*13_1089-1096*13_1089-1081*13_1089-1097*13_1089-264*13_1089-1080*13_1089-1098*13_1089-265*13_1089-1079*13_1089-1099*13_1089-266*13_1089-1078*13_1089-1100*13_1089-267*13_1089-1077*13_1089-1101*13_595-598*8_966-963*14_966-962*14_966-961*14_966-48*14_966-960*14_966-47*14_966-49*14_966-46*14_966-50*14_966-45*14_966-51*14_966-44*14_966-52*14_966-43*14_966-53*14_1023-1017*12_1023-1016*12_1023-1015*12_1023-1031*12_1023-1014*12_1023-1032*12_1023-441*12_1023-1013*12_1023-1012*12_1023-1011*12_321-330*9_321-331*9_321-332*9_321-333*9_869-867*12_869-866*12_869-865*12_869-32*12_869-864*12_869-31*12_869-33*12_869-30*12_869-34*12_869-29*12_869-35*12_869-28*12_869-36*12_869-27*12_869-37*12_869-26*12_869-38*12_266-268*14_266-269*14_266-270*14_266-271*14_266-272*14_266-1184*14_266-1183*14_266-1185*14_266-1182*14_266-1186*14_266-1181*14_266-1187*14_266-273*14_266-1180*14_266-1188*14_266-1179*14_266-1189*14_266-274*14_266-275*14_266-276*14_266-277*14_266-278*14_1077-159*14_1077-158*14_1077-164*14_1077-1070*14_1077-165*14_1077-166*14_1077-1069*14_1077-1068*14_1077-1067*14_1077-1066*14_1077-1065*14_656-666*12_656-667*12_656-668*12_1181-1178*15_1181-1177*15_1181-1176*15_1181-1175*15_1181-1174*15_1181-279*15_1181-1173*15_1181-1172*15_1181-1190*15_44-42*15_1181-1171*15_1181-1191*15_44-41*15_1181-1170*15_1181-1192*15_44-40*15_1181-1169*15_1181-1193*15_44-39*15_44-54*15_44-55*15_44-56*15_1084-1076*14_1084-1075*14_1084-1074*14_1084-1073*14_1084-160*14_1084-1072*14_439-442*13_439-443*13_439-444*13_439-445*13_439-446*13_439-447*13_439-448*13_439-1120*13_439-1119*13_439-1121*13_439-449*13_439-450*13_439-451*13_866-25*13_56-60*16_56-61*16_56-62*16_56-63*16_56-64*16_56-1056*16_56-1057*16_56-1058*16_56-65*16_56-66*16_56-67*16_56-68*16_631-640*10_631-1151*10_152-157*15_152-161*15_152-162*15_1065-1064*15_152-163*15_1065-1063*15_1065-1062*15_1065-1061*15_1065-1060*15_1065-1059*15_448-1118*14_448-1117*14_448-1116*14_448-1115*14_448-1114*14_448-1113*14_448-1112*14_448-1111*14_448-1110*14_448-1109*14_448-1108*14_449-461*14_333-334*10_333-335*10_333-1010*10_333-337*10_333-338*10_333-339*10_333-340*10_333-341*10_333-342*10_333-343*10_333-344*10_333-345*10_30-24*14_30-23*14_30-22*14_30-21*14_30-20*14_30-19*14_30-18*14_1072-172*15_667-669*13_667-670*13_667-671*13_667-1343*13_667-1342*13_667-1341*13_667-1340*13_667-1339*13_667-1338*13_67-77*16_67-78*16_67-79*16_15-16*8_15-768*8_15-769*8_15-13*8_15-17*8_15-770*8_15-12*8_15-771*8_15-11*8_15-772*8_15-10*8_15-773*8_15-9*8_15-774*8_15-8*8_15-775*8_15-7*8_15-776*8_15-777*8_344-346*11_344-347*11_344-348*11_344-349*11_344-350*11_344-351*11_344-352*11_344-1104*11_344-1103*11_344-1105*11_344-1102*11_344-1106*11_344-353*11_344-354*11_344-355*11_344-356*11_1060-59*16_1060-69*16_1060-58*16_1060-70*16_1060-1071*16_165-167*15_165-168*15_165-169*15_165-170*15_165-171*15_165-173*15_165-174*15_165-175*15_165-176*15_165-1168*15_165-177*15_65-71*17_65-72*17_65-57*17_65-73*17_65-74*17_65-75*17_65-76*17_79-80*17_79-1152*17_79-1153*17_79-81*17_79-1154*17_79-82*17_79-1155*17_79-83*17_79-1156*17_79-84*17_79-1157*17_79-85*17_79-1158*17_79-86*17_79-1159*17_79-87*17_79-1160*17_79-88*17_79-1161*17_79-89*17_79-90*17_79-91*17_275-280*16_275-281*16_275-282*16_275-283*16_275-284*16_275-285*16_275-1194*16_275-286*16_275-1195*16_275-287*16_172-1167*16_172-1166*16_172-1165*16_172-1164*16_172-178*16_172-1163*16_172-179*16_172-1162*16_172-180*16_172-181*16_172-182*16_172-183*16_172-184*16_640-1150*12_640-1149*12_640-1148*12_210-792*5_176-185*17_176-186*17_176-187*17_176-188*17_91-92*18_91-93*18_91-94*18_91-95*18_91-1248*18_91-1249*18_91-1250*18_91-1251*18_91-1252*18_91-1253*18_91-1254*18_1120-1122*14_1120-1123*14_1120-452*14_1120-1124*14_1120-453*14_1120-1125*14_1120-454*14_1120-1126*14_1120-455*14_1120-1127*14_1120-456*14_1120-1128*14_1120-457*14_1120-458*14_1120-459*14_1120-460*14_287-1280*17_287-1279*17_287-1281*17_287-1278*17_287-1282*17_287-1277*17_287-1283*17_287-1276*17_287-1284*17_287-1275*17_287-1285*17_287-1274*17_287-1286*17_287-1273*17_287-1287*17_287-1272*17_287-1288*17_287-1271*17_287-1289*17_1102-1107*12_1102-357*12_1102-358*12_1102-359*12_1102-360*12_188-189*18_188-190*18_188-191*18_188-1264*18_188-1263*18_188-1265*18_188-1262*18_188-1266*18_188-1261*18_188-1267*18_188-1260*18_188-1268*18_188-1259*18_188-1269*18_188-1258*18_188-1270*18_208-791*7_208-790*7_208-789*7_208-788*7_797-787*8_797-786*8_797-785*8_455-462*15_455-463*15_455-464*15_455-1216*15_455-1215*15_455-1217*15_455-465*15_455-466*15_455-467*15_789-112*9_789-784*9_789-111*9_789-110*9_789-109*9_789-783*9_789-108*9_789-782*9_789-107*9_789-106*9_789-781*9_789-780*9_789-779*9_789-778*9_1262-1257*19_1262-1256*19_1262-1255*19_459-1214*16_459-1218*16_459-1213*16_459-1219*16_459-1212*16_459-1220*16_459-1211*16_459-1221*16_459-1210*16_459-1222*16_459-468*16_459-469*16_459-470*16_459-471*16_564-568*11_564-569*11_564-570*11_564-571*11_564-572*11_564-573*11_564-574*11_564-575*11_564-1328*11_1328-1327*12_1328-1329*12_1328-1326*12_1328-1330*12_1328-1325*12_1328-1331*12_1328-1324*12_1328-1332*12_1328-1323*12_1328-1333*12_1328-1322*12_1328-1334*12_1328-1321*12_1328-1335*12_1328-1320*12_1328-1336*12_1328-1319*12_1328-1337*12_1328-1318*12_1328-1317*12_1328-1316*12_465-472*17_465-1209*17_465-1223*17_465-473*17_465-1208*17_465-474*17_465-1207*17_465-475*17_465-476*17_465-477*17_1104-361*14_1104-362*14_1104-363*14_1104-364*14_778-113*10_778-114*10_778-115*10_467-478*18_467-479*18_354-365*15_354-366*15_477-1312*19_477-1311*19_477-1313*19_477-1310*19_477-1314*19_477-1309*19_477-1315*19_477-1308*19_477-1307*19_477-1306*19_477-1305*19_1280-1290*19_1280-1291*19_1280-1292*19_1305-1304*20_1305-1303*20_1305-1302*20_1305-1301*20_1305-1300*20_1305-1299*20_1305-1298*20_1305-1297*20_1305-1296*20_1305-383*20_1305-1295*20_1305-1294*20_1305-1293*20_362-367*15_362-368*15_362-1200*15_362-1199*15_362-1201*15_362-1198*15_362-1202*15_362-1197*15_362-1203*15_362-369*15_362-1196*15_362-1204*15_362-1205*15_362-370*15_362-371*15_362-372*15_362-373*15_362-374*15_364-1206*16_364-375*16_364-376*16_375-377*17_375-378*17_375-379*17_375-380*17_375-381*17_375-382*17_
