"id","Scenario","Actual Range","Protocol","Buildings","Total nodes","Nodes on circ","Total coverage","Coverage on circ","Alert received mean time","Hops","Slots","Messages sent","Messages received", "Starting x", "Starting y","Starting node", "Vehicle distance", "Received node ids", "Node ids", "Transmission map", "Received on circ nodes", "Transmission vector"
0,1,300,300,1,1344,35,1301,33,37238.1,6.51515,31.6364,595,1301,400,1300,972,25,971_973_970_974_969_975_144_968_976_143_145_142_146_141_147_967_977_140_148_966_978_139_149_965_979_138_150_964_980_151_963_981_962_982_961_983_48_960_984_47_49_46_50_45_51_44_52_43_53_42_54_41_55_40_56_39_57_38_58_37_59_36_60_972_985_986_987_988_989_990_991_240_992_993_35_34_33_32_864_865_866_867_31_868_30_869_870_29_28_27_26_25_61_62_63_64_1056_1057_1058_65_1059_1060_66_1061_67_1062_68_69_70_71_72_871_872_873_874_875_876_877_878_879_128_880_881_882_73_74_75_76_77_78_79_80_1152_81_82_994_24_23_22_21_20_19_18_17_16_768_769_770_771_15_14_13_1153_1154_1155_1156_1157_83_84_85_86_12_11_10_9_8_772_773_7_774_6_775_5_4_3_2_1_1158_1159_1160_1161_1162_87_1163_88_1164_89_1165_90_1166_91_1167_0_672_673_674_675_92_93_94_95_1248_1249_676_677_678_679_680_681_682_683_684_685_686_687_239_241_995_238_242_996_237_243_997_236_244_998_235_245_999_234_246_1000_233_247_1001_232_248_1002_231_249_1003_250_1004_251_1005_1250_1251_1252_1253_1254_1255_1256_1257_252_253_254_255_256_1088_1087_1089_1086_1090_1085_1091_257_1084_1092_1083_1093_258_259_260_261_262_263_264_265_266_267_268_1082_1094_269_270_271_272_1184_273_335_337_334_338_333_339_332_340_1010_331_341_1011_330_342_1012_329_343_1013_1014_1015_1016_1017_1006_1007_336_1008_1009_344_345_346_347_348_349_350_351_328_352_1104_1183_1185_1182_1186_1181_1187_1180_1188_274_1179_1189_275_1178_1190_276_1191_277_278_279_280_1018_1019_1020_1021_1022_1023_1192_1193_1194_1195_1196_1197_1198_1177_1199_368_1176_1200_327_326_325_324_323_322_321_320_912_911_913_910_914_915_319_318_317_316_367_369_366_370_365_371_1201_364_372_373_1202_1203_1204_1205_1206_1103_1105_353_1102_1106_354_1101_1107_355_1100_1108_356_1099_1109_357_1098_1110_358_1097_1111_359_1096_1112_360_1095_1113_361_304_816_281_282_283_284_285_286_287_1280_1279_1281_1278_1282_1081_363_362_1207_152_153_154_155_156_157_158_159_160_1072_1071_1073_161_162_163_432_1024_431_433_1025_430_434_1026_429_435_1027_428_436_1028_427_437_1029_909_426_438_1030_908_916_425_439_1031_315_907_917_424_440_1032_314_906_918_423_441_1033_313_905_919_1034_312_904_920_1035_311_903_921_310_902_922_309_901_923_308_900_924_776_777_778_779_780_781_782_783_112_784_785_925_926_927_416_928_415_417_929_930_931_1036_1037_1038_1039_528_1040_374_375_376_1208_377_1209_303_305_815_817_378_1210_302_306_814_818_379_1211_301_307_813_819_380_1212_300_812_820_299_811_821_298_810_822_297_809_823_296_808_824_295_807_825_294_806_826_293_805_827_292_804_828_230_229_228_227_226_225_224_896_895_897_898_899_223_222_221_1213_1214_1215_464_1216_1217_414_418_932_894_893_892_220_891_219_890_218_889_217_888_216_887_215_214_213_517_539_516_540_1052_463_465_462_466_1218_461_467_1219_381_460_468_1220_382_459_469_1221_383_458_470_1222_1296_457_471_1223_456_472_1224_455_473_1225_454_474_1226_453_475_1227_452_476_1228_291_290_289_288_720_933_413_419_934_412_420_935_411_421_936_410_422_937_409_938_408_939_940_941_942_527_529_526_530_1041_1042_1043_1044_212_211_210_209_208_800_799_801_798_802_797_803_207_796_206_795_794_205_204_203_202_201_515_541_514_518_538_542_513_519_537_543_512_520_944_536_544_1136_943_945_1135_1137_946_1134_1138_511_521_947_535_545_1133_1139_948_1132_1140_510_522_534_546_949_1131_1141_509_523_533_547_950_1130_1142_508_524_532_548_507_525_531_549_506_550_505_551_504_552_1114_1115_1116_1117_1118_1119_448_1120_447_449_1121_1122_1123_1277_1283_1276_1284_1275_1285_1274_1286_1273_1287_1272_1288_1271_1289_477_478_479_1312_1311_1313_553_554_555_556_557_558_559_560_1232_1231_1233_561_562_563_1261_1310_1314_951_503_952_502_953_501_500_499_829_830_831_400_832_399_401_398_402_397_403_833_396_404_834_395_405_835_394_406_836_407_837_838_839_840_793_200_1309_1315_1308_1316_1307_1317_1306_1318_1305_1319_1304_1320_1303_1321_1302_1322_1301_1323_1300_1324_1230_1229_1244_573_574_575_1063_1064_1065_1066_1067_1068_1069_1070_1074_1045_1046_1047_1048_1049_1050_1051_1053_1054_1055_624_841_842_843_844_845_846_847_496_848_495_497_494_498_849_850_851_852_1143_1144_1145_1146_1147_1148_1149_1150_1151_640_1129_164_165_166_167_1075_168_1076_1077_169_1078_170_1079_171_1080_172_173_174_175_792_791_790_789_788_787_786_1290_1291_1292_1293_1294_1295_1297_1298_1299_623_625_622_626_621_627_620_628_619_629_618_630_617_631_616_632_615_633_614_634_613_635_612_636_493_492_491_490_853_489_854_488_855_487_856_486_857_485_484_483_564_1234_565_1235_566_1236_567_1237_568_1238_569_1239_570_1240_571_1241_572_1242_1243_176_1168_1169_1170_1171_177_1172_1173_178_179_180_181_182_1325_1326_1327_1328_1329_1330_1331_1332_1333_1334_1335_1336_442_443_611_637_610_638_609_639_608_959_958_607_641_606_642_605_643_604_644_645_646_647_655_657_654_658_653_659_652_660_651_661_650_662_1174_1175_183_184_185_186_187_721_722_723_648_649_1245_1246_1247_656_188_189_190_191_1264_199_198_197_196_195_194_193_192_704_703_705_702_706_707_393_392_391_390_389_388_1337_1338_1339_1340_1341_1342_1343_671_670_1263_1265_1262_1266_1267_1260_1268_1259_1269_1258_1270_482_481_480_752_751_753_750_754_749_755_748_756_747_757_746_758_745_759_760_761_762_763_387_386_385_384_736_735_737_734_738_733_739_732_740_731_741_730_742_1124_1125_1126_446_450_1127_445_451_444_1128_858_859_860_861_862_863_592_591_593_701_700_708_699_709_698_710_697_711_712_713_714_715_724_725_726_719_718_717_716_743_744_696_695_694_693_692_691_764_765_766_767_576_577_578_579_580_581_603_602_601_600_599_957_956_598_955_597_954_596_595_594_590_589_588_587_586_585_584_583_663_664_665_666_667_668_669_582_727_728_729_690_689_96_688_,0_1_2_3_4_5_6_7_8_9_10_11_12_13_14_15_16_17_18_19_20_21_22_23_24_25_26_27_28_29_30_31_32_33_34_35_36_37_38_39_40_41_42_43_44_45_46_47_48_49_50_51_52_53_54_55_56_57_58_59_60_61_62_63_64_65_66_67_68_69_70_71_72_73_74_75_76_77_78_79_80_81_82_83_84_85_86_87_88_89_90_91_92_93_94_95_96_97_98_99_100_101_102_103_104_105_106_107_108_109_110_111_112_113_114_115_116_117_118_119_120_121_122_123_124_125_126_127_128_129_130_131_132_133_134_135_136_137_138_139_140_141_142_143_144_145_146_147_148_149_150_151_152_153_154_155_156_157_158_159_160_161_162_163_164_165_166_167_168_169_170_171_172_173_174_175_176_177_178_179_180_181_182_183_184_185_186_187_188_189_190_191_192_193_194_195_196_197_198_199_200_201_202_203_204_205_206_207_208_209_210_211_212_213_214_215_216_217_218_219_220_221_222_223_224_225_226_227_228_229_230_231_232_233_234_235_236_237_238_239_240_241_242_243_244_245_246_247_248_249_250_251_252_253_254_255_256_257_258_259_260_261_262_263_264_265_266_267_268_269_270_271_272_273_274_275_276_277_278_279_280_281_282_283_284_285_286_287_288_289_290_291_292_293_294_295_296_297_298_299_300_301_302_303_304_305_306_307_308_309_310_311_312_313_314_315_316_317_318_319_320_321_322_323_324_325_326_327_328_329_330_331_332_333_334_335_336_337_338_339_340_341_342_343_344_345_346_347_348_349_350_351_352_353_354_355_356_357_358_359_360_361_362_363_364_365_366_367_368_369_370_371_372_373_374_375_376_377_378_379_380_381_382_383_384_385_386_387_388_389_390_391_392_393_394_395_396_397_398_399_400_401_402_403_404_405_406_407_408_409_410_411_412_413_414_415_416_417_418_419_420_421_422_423_424_425_426_427_428_429_430_431_432_433_434_435_436_437_438_439_440_441_442_443_444_445_446_447_448_449_450_451_452_453_454_455_456_457_458_459_460_461_462_463_464_465_466_467_468_469_470_471_472_473_474_475_476_477_478_479_480_481_482_483_484_485_486_487_488_489_490_491_492_493_494_495_496_497_498_499_500_501_502_503_504_505_506_507_508_509_510_511_512_513_514_515_516_517_518_519_520_521_522_523_524_525_526_527_528_529_530_531_532_533_534_535_536_537_538_539_540_541_542_543_544_545_546_547_548_549_550_551_552_553_554_555_556_557_558_559_560_561_562_563_564_565_566_567_568_569_570_571_572_573_574_575_576_577_578_579_580_581_582_583_584_585_586_587_588_589_590_591_592_593_594_595_596_597_598_599_600_601_602_603_604_605_606_607_608_609_610_611_612_613_614_615_616_617_618_619_620_621_622_623_624_625_626_627_628_629_630_631_632_633_634_635_636_637_638_639_640_641_642_643_644_645_646_647_648_649_650_651_652_653_654_655_656_657_658_659_660_661_662_663_664_665_666_667_668_669_670_671_672_673_674_675_676_677_678_679_680_681_682_683_684_685_686_687_688_689_690_691_692_693_694_695_696_697_698_699_700_701_702_703_704_705_706_707_708_709_710_711_712_713_714_715_716_717_718_719_720_721_722_723_724_725_726_727_728_729_730_731_732_733_734_735_736_737_738_739_740_741_742_743_744_745_746_747_748_749_750_751_752_753_754_755_756_757_758_759_760_761_762_763_764_765_766_767_768_769_770_771_772_773_774_775_776_777_778_779_780_781_782_783_784_785_786_787_788_789_790_791_792_793_794_795_796_797_798_799_800_801_802_803_804_805_806_807_808_809_810_811_812_813_814_815_816_817_818_819_820_821_822_823_824_825_826_827_828_829_830_831_832_833_834_835_836_837_838_839_840_841_842_843_844_845_846_847_848_849_850_851_852_853_854_855_856_857_858_859_860_861_862_863_864_865_866_867_868_869_870_871_872_873_874_875_876_877_878_879_880_881_882_883_884_885_886_887_888_889_890_891_892_893_894_895_896_897_898_899_900_901_902_903_904_905_906_907_908_909_910_911_912_913_914_915_916_917_918_919_920_921_922_923_924_925_926_927_928_929_930_931_932_933_934_935_936_937_938_939_940_941_942_943_944_945_946_947_948_949_950_951_952_953_954_955_956_957_958_959_960_961_962_963_964_965_966_967_968_969_970_971_972_973_974_975_976_977_978_979_980_981_982_983_984_985_986_987_988_989_990_991_992_993_994_995_996_997_998_999_1000_1001_1002_1003_1004_1005_1006_1007_1008_1009_1010_1011_1012_1013_1014_1015_1016_1017_1018_1019_1020_1021_1022_1023_1024_1025_1026_1027_1028_1029_1030_1031_1032_1033_1034_1035_1036_1037_1038_1039_1040_1041_1042_1043_1044_1045_1046_1047_1048_1049_1050_1051_1052_1053_1054_1055_1056_1057_1058_1059_1060_1061_1062_1063_1064_1065_1066_1067_1068_1069_1070_1071_1072_1073_1074_1075_1076_1077_1078_1079_1080_1081_1082_1083_1084_1085_1086_1087_1088_1089_1090_1091_1092_1093_1094_1095_1096_1097_1098_1099_1100_1101_1102_1103_1104_1105_1106_1107_1108_1109_1110_1111_1112_1113_1114_1115_1116_1117_1118_1119_1120_1121_1122_1123_1124_1125_1126_1127_1128_1129_1130_1131_1132_1133_1134_1135_1136_1137_1138_1139_1140_1141_1142_1143_1144_1145_1146_1147_1148_1149_1150_1151_1152_1153_1154_1155_1156_1157_1158_1159_1160_1161_1162_1163_1164_1165_1166_1167_1168_1169_1170_1171_1172_1173_1174_1175_1176_1177_1178_1179_1180_1181_1182_1183_1184_1185_1186_1187_1188_1189_1190_1191_1192_1193_1194_1195_1196_1197_1198_1199_1200_1201_1202_1203_1204_1205_1206_1207_1208_1209_1210_1211_1212_1213_1214_1215_1216_1217_1218_1219_1220_1221_1222_1223_1224_1225_1226_1227_1228_1229_1230_1231_1232_1233_1234_1235_1236_1237_1238_1239_1240_1241_1242_1243_1244_1245_1246_1247_1248_1249_1250_1251_1252_1253_1254_1255_1256_1257_1258_1259_1260_1261_1262_1263_1264_1265_1266_1267_1268_1269_1270_1271_1272_1273_1274_1275_1276_1277_1278_1279_1280_1281_1282_1283_1284_1285_1286_1287_1288_1289_1290_1291_1292_1293_1294_1295_1296_1297_1298_1299_1300_1301_1302_1303_1304_1305_1306_1307_1308_1309_1310_1311_1312_1313_1314_1315_1316_1317_1318_1319_1320_1321_1322_1323_1324_1325_1326_1327_1328_1329_1330_1331_1332_1333_1334_1335_1336_1337_1338_1339_1340_1341_1342_1343_,7:{0;672;673;674;675;}13:{12;11;10;9;8;772;773;7;774;6;775;5;4;3;2;1;}25:{24;23;22;21;20;19;18;17;16;768;769;770;771;15;14;13;}37:{35;34;33;32;864;865;866;867;31;868;30;869;870;29;28;27;26;25;}48:{47;49;46;50;45;51;44;52;43;53;42;54;41;55;40;56;39;57;38;58;37;59;36;60;972;}60:{61;62;63;64;1056;1057;1058;65;1059;1060;66;1061;67;1062;68;69;70;71;72;}70:{73;74;75;76;77;78;79;80;1152;81;82;}74:{1153;1154;1155;1156;1157;83;84;85;86;}87:{92;93;94;95;1248;1249;}95:{1250;1251;1252;1253;1254;1255;1256;1257;}151:{152;153;154;155;156;157;158;159;160;1072;1071;1073;161;162;163;}163:{164;165;166;167;1075;168;1076;1077;169;1078;170;1079;171;1080;172;173;174;175;}170:{176;1168;1169;1170;1171;177;1172;1173;178;179;180;181;182;}175:{1174;1175;183;184;185;186;187;}182:{188;189;190;191;1264;}189:{1263;1265;1262;1266;1267;1260;1268;1259;1269;1258;1270;}195:{701;700;708;699;709;698;710;697;711;712;713;714;715;}200:{199;198;197;196;195;194;193;192;704;703;705;702;706;707;}212:{793;200;}213:{212;211;210;209;208;800;799;801;798;802;797;803;207;796;206;795;794;205;204;203;202;201;}225:{894;893;892;220;891;219;890;218;889;217;888;216;887;215;214;213;}233:{230;229;228;227;226;225;224;896;895;897;898;899;223;222;221;}250:{252;253;254;255;256;1088;1087;1089;1086;1090;1085;1091;257;1084;1092;1083;1093;258;259;260;261;262;}261:{263;264;265;266;267;268;1082;1094;269;270;271;272;1184;273;}268:{1183;1185;1182;1186;1181;1187;1180;1188;274;1179;1189;275;1178;1190;276;1191;277;278;279;280;}280:{281;282;283;284;285;286;287;1280;1279;1281;1278;1282;}287:{1277;1283;1276;1284;1275;1285;1274;1286;1273;1287;1272;1288;1271;1289;}299:{721;722;723;}300:{291;290;289;288;720;}304:{303;305;815;817;302;306;814;818;301;307;813;819;300;812;820;299;811;821;298;810;822;297;809;823;296;808;824;295;807;825;294;806;826;293;805;827;292;804;828;}316:{304;816;}320:{909;908;916;315;907;917;314;906;918;313;905;919;312;904;920;311;903;921;310;902;922;309;901;923;308;900;924;}328:{327;326;325;324;323;322;321;320;912;911;913;910;914;915;319;318;317;316;}340:{344;345;346;347;348;349;350;351;328;352;1104;}351:{1103;1105;353;1102;1106;354;1101;1107;355;1100;1108;356;1099;1109;357;1098;1110;358;1097;1111;359;1096;1112;360;1095;1113;361;}368:{374;375;376;1208;377;1209;378;1210;379;1211;380;1212;}374:{381;382;383;1296;}389:{387;386;385;384;736;735;737;734;738;733;739;732;740;731;741;730;742;}400:{393;392;391;390;389;388;}464:{463;465;462;466;1218;461;467;1219;460;468;1220;459;469;1221;458;470;1222;457;471;1223;456;472;1224;455;473;1225;454;474;1226;453;475;1227;452;476;1228;}471:{477;478;479;1312;1311;1313;}472:{1310;1314;}483:{482;481;480;752;751;753;750;754;749;755;748;756;747;757;746;758;745;759;760;761;762;763;}495:{493;492;491;490;853;489;854;488;855;487;856;486;857;485;484;483;}511:{951;503;952;502;953;501;500;499;}516:{515;514;518;513;519;512;520;944;943;945;946;511;521;947;948;510;522;949;509;523;950;508;524;507;525;506;505;504;}540:{541;538;542;537;543;536;544;1136;1135;1137;1134;1138;535;545;1133;1139;1132;1140;534;546;1131;1141;533;547;1130;1142;532;548;531;549;550;551;552;}551:{553;554;555;556;557;558;559;560;1232;1231;1233;561;562;563;}562:{564;1234;565;1235;566;1236;567;1237;568;1238;569;1239;570;1240;571;1241;572;1242;1243;}563:{573;574;575;}593:{582;}604:{603;602;601;600;599;957;956;598;955;597;954;596;595;594;}616:{611;610;609;608;959;958;607;606;605;604;}624:{623;625;622;626;621;627;620;628;619;629;618;630;617;631;616;632;615;633;614;634;613;635;612;636;}635:{637;638;639;641;642;643;644;645;646;647;}637:{648;649;}660:{663;664;665;666;667;668;669;}675:{676;677;678;679;680;681;682;683;684;685;686;687;}700:{690;689;96;688;}703:{696;695;694;693;692;691;}715:{727;}723:{724;725;726;719;718;717;716;}726:{728;729;}739:{743;744;}762:{764;765;766;767;576;577;578;579;580;581;}773:{776;777;778;779;780;781;782;783;112;784;785;}796:{792;791;790;789;788;787;786;}828:{829;830;831;400;832;399;401;398;402;397;403;833;396;404;834;395;405;835;394;406;836;407;837;838;839;840;}840:{841;842;843;844;845;846;847;496;848;495;497;494;498;849;850;851;852;}855:{858;859;860;861;862;863;592;591;593;}863:{590;589;588;587;586;585;584;583;}870:{871;872;873;874;875;876;877;878;879;128;880;881;882;}919:{925;926;927;416;928;415;417;929;930;931;}920:{414;418;932;}930:{933;413;419;934;412;420;935;411;421;936;410;422;937;409;938;408;939;940;941;942;}972:{971;973;970;974;969;975;144;968;976;143;145;142;146;141;147;967;977;140;148;966;978;139;149;965;979;138;150;964;980;151;963;981;962;982;961;983;48;960;984;}981:{985;986;987;988;989;990;991;240;992;993;}982:{994;}993:{239;241;995;238;242;996;237;243;997;236;244;998;235;245;999;234;246;1000;233;247;1001;232;248;1002;231;249;1003;250;1004;251;1005;}1004:{1006;1007;336;1008;1009;}1005:{335;337;334;338;333;339;332;340;1010;331;341;1011;330;342;1012;329;343;1013;1014;1015;1016;1017;}1011:{1018;1019;1020;1021;1022;1023;}1023:{432;1024;431;433;1025;430;434;1026;429;435;1027;428;436;1028;427;437;1029;426;438;1030;425;439;1031;424;440;1032;423;441;1033;1034;1035;}1027:{442;443;}1028:{1036;1037;1038;1039;528;1040;}1032:{527;529;526;530;1041;1042;1043;1044;}1040:{517;539;516;540;1052;}1044:{1045;1046;1047;1048;1049;1050;1051;1053;1054;1055;624;}1062:{1063;1064;1065;1066;1067;1068;1069;1070;1074;}1093:{1081;}1111:{1114;1115;1116;1117;1118;1119;448;1120;447;449;1121;1122;1123;}1123:{1124;1125;1126;446;450;1127;445;451;444;1128;}1141:{1143;1144;1145;1146;1147;1148;1149;1150;1151;640;1129;}1155:{1158;1159;1160;1161;1162;87;1163;88;1164;89;1165;90;1166;91;1167;}1188:{1192;1193;1194;1195;1196;1197;1198;1177;1199;368;1176;1200;}1194:{367;369;366;370;365;371;1201;364;372;373;1202;1203;1204;1205;1206;}1195:{363;362;1207;}1205:{1213;1214;1215;464;1216;1217;}1232:{1230;1229;1244;}1240:{1245;1246;1247;656;}1244:{655;657;654;658;653;659;652;660;651;661;650;662;}1249:{1261;}1287:{1290;1291;1292;1293;1294;1295;1297;1298;1299;}1312:{1309;1315;1308;1316;1307;1317;1306;1318;1305;1319;1304;1320;1303;1321;1302;1322;1301;1323;1300;1324;}1324:{1325;1326;1327;1328;1329;1330;1331;1332;1333;1334;1335;1336;}1336:{1337;1338;1339;1340;1341;1342;1343;671;670;},9_10_86_87_183_184_205_206_274_275_317_318_319_320_321_351_352_353_354_355_803_804_805_912_913_1011_1012_1013_1104_1105_1187_1188_1189_,972-971*0_972-973*0_972-970*0_972-974*0_972-969*0_972-975*0_972-144*0_972-968*0_972-976*0_972-143*0_972-145*0_972-142*0_972-146*0_972-141*0_972-147*0_972-967*0_972-977*0_972-140*0_972-148*0_972-966*0_972-978*0_972-139*0_972-149*0_972-965*0_972-979*0_972-138*0_972-150*0_972-964*0_972-980*0_972-151*0_972-963*0_972-981*0_972-962*0_972-982*0_972-961*0_972-983*0_972-48*0_972-960*0_972-984*0_48-47*1_48-49*1_48-46*1_48-50*1_48-45*1_48-51*1_48-44*1_48-52*1_48-43*1_48-53*1_48-42*1_48-54*1_48-41*1_48-55*1_48-40*1_48-56*1_48-39*1_48-57*1_48-38*1_48-58*1_48-37*1_48-59*1_48-36*1_48-60*1_48-972*1_981-985*1_981-986*1_981-987*1_981-988*1_981-989*1_981-990*1_981-991*1_981-240*1_981-992*1_981-993*1_37-35*2_37-34*2_37-33*2_37-32*2_37-864*2_37-865*2_37-866*2_37-867*2_37-31*2_37-868*2_37-30*2_37-869*2_37-870*2_37-29*2_37-28*2_37-27*2_37-26*2_37-25*2_60-61*2_60-62*2_60-63*2_60-64*2_60-1056*2_60-1057*2_60-1058*2_60-65*2_60-1059*2_60-1060*2_60-66*2_60-1061*2_60-67*2_60-1062*2_60-68*2_60-69*2_60-70*2_60-71*2_60-72*2_870-871*3_870-872*3_870-873*3_870-874*3_870-875*3_870-876*3_870-877*3_870-878*3_870-879*3_870-128*3_870-880*3_870-881*3_870-882*3_70-73*3_70-74*3_70-75*3_70-76*3_70-77*3_70-78*3_70-79*3_70-80*3_70-1152*3_70-81*3_70-82*3_982-994*2_25-24*3_25-23*3_25-22*3_25-21*3_25-20*3_25-19*3_25-18*3_25-17*3_25-16*3_25-768*3_25-769*3_25-770*3_25-771*3_25-15*3_25-14*3_25-13*3_74-1153*4_74-1154*4_74-1155*4_74-1156*4_74-1157*4_74-83*4_74-84*4_74-85*4_74-86*4_13-12*4_13-11*4_13-10*4_13-9*4_13-8*4_13-772*4_13-773*4_13-7*4_13-774*4_13-6*4_13-775*4_13-5*4_13-4*4_13-3*4_13-2*4_13-1*4_1155-1158*5_1155-1159*5_1155-1160*5_1155-1161*5_1155-1162*5_1155-87*5_1155-1163*5_1155-88*5_1155-1164*5_1155-89*5_1155-1165*5_1155-90*5_1155-1166*5_1155-91*5_1155-1167*5_7-0*5_7-672*5_7-673*5_7-674*5_7-675*5_87-92*6_87-93*6_87-94*6_87-95*6_87-1248*6_87-1249*6_675-676*6_675-677*6_675-678*6_675-679*6_675-680*6_675-681*6_675-682*6_675-683*6_675-684*6_675-685*6_675-686*6_675-687*6_993-239*3_993-241*3_993-995*3_993-238*3_993-242*3_993-996*3_993-237*3_993-243*3_993-997*3_993-236*3_993-244*3_993-998*3_993-235*3_993-245*3_993-999*3_993-234*3_993-246*3_993-1000*3_993-233*3_993-247*3_993-1001*3_993-232*3_993-248*3_993-1002*3_993-231*3_993-249*3_993-1003*3_993-250*3_993-1004*3_993-251*3_993-1005*3_95-1250*7_95-1251*7_95-1252*7_95-1253*7_95-1254*7_95-1255*7_95-1256*7_95-1257*7_250-252*4_250-253*4_250-254*4_250-255*4_250-256*4_250-1088*4_250-1087*4_250-1089*4_250-1086*4_250-1090*4_250-1085*4_250-1091*4_250-257*4_250-1084*4_250-1092*4_250-1083*4_250-1093*4_250-258*4_250-259*4_250-260*4_250-261*4_250-262*4_261-263*5_261-264*5_261-265*5_261-266*5_261-267*5_261-268*5_261-1082*5_261-1094*5_261-269*5_261-270*5_261-271*5_261-272*5_261-1184*5_261-273*5_1005-335*4_1005-337*4_1005-334*4_1005-338*4_1005-333*4_1005-339*4_1005-332*4_1005-340*4_1005-1010*4_1005-331*4_1005-341*4_1005-1011*4_1005-330*4_1005-342*4_1005-1012*4_1005-329*4_1005-343*4_1005-1013*4_1005-1014*4_1005-1015*4_1005-1016*4_1005-1017*4_1004-1006*4_1004-1007*4_1004-336*4_1004-1008*4_1004-1009*4_340-344*5_340-345*5_340-346*5_340-347*5_340-348*5_340-349*5_340-350*5_340-351*5_340-328*5_340-352*5_340-1104*5_268-1183*6_268-1185*6_268-1182*6_268-1186*6_268-1181*6_268-1187*6_268-1180*6_268-1188*6_268-274*6_268-1179*6_268-1189*6_268-275*6_268-1178*6_268-1190*6_268-276*6_268-1191*6_268-277*6_268-278*6_268-279*6_268-280*6_1011-1018*6_1011-1019*6_1011-1020*6_1011-1021*6_1011-1022*6_1011-1023*6_1188-1192*7_1188-1193*7_1188-1194*7_1188-1195*7_1188-1196*7_1188-1197*7_1188-1198*7_1188-1177*7_1188-1199*7_1188-368*7_1188-1176*7_1188-1200*7_328-327*6_328-326*6_328-325*6_328-324*6_328-323*6_328-322*6_328-321*6_328-320*6_328-912*6_328-911*6_328-913*6_328-910*6_328-914*6_328-915*6_328-319*6_328-318*6_328-317*6_328-316*6_1194-367*8_1194-369*8_1194-366*8_1194-370*8_1194-365*8_1194-371*8_1194-1201*8_1194-364*8_1194-372*8_1194-373*8_1194-1202*8_1194-1203*8_1194-1204*8_1194-1205*8_1194-1206*8_351-1103*6_351-1105*6_351-353*6_351-1102*6_351-1106*6_351-354*6_351-1101*6_351-1107*6_351-355*6_351-1100*6_351-1108*6_351-356*6_351-1099*6_351-1109*6_351-357*6_351-1098*6_351-1110*6_351-358*6_351-1097*6_351-1111*6_351-359*6_351-1096*6_351-1112*6_351-360*6_351-1095*6_351-1113*6_351-361*6_316-304*7_316-816*7_280-281*7_280-282*7_280-283*7_280-284*7_280-285*7_280-286*7_280-287*7_280-1280*7_280-1279*7_280-1281*7_280-1278*7_280-1282*7_1093-1081*6_1195-363*9_1195-362*9_1195-1207*9_151-152*1_151-153*1_151-154*1_151-155*1_151-156*1_151-157*1_151-158*1_151-159*1_151-160*1_151-1072*1_151-1071*1_151-1073*1_151-161*1_151-162*1_151-163*1_1023-432*7_1023-1024*7_1023-431*7_1023-433*7_1023-1025*7_1023-430*7_1023-434*7_1023-1026*7_1023-429*7_1023-435*7_1023-1027*7_1023-428*7_1023-436*7_1023-1028*7_1023-427*7_1023-437*7_1023-1029*7_320-909*7_1023-426*7_1023-438*7_1023-1030*7_320-908*7_320-916*7_1023-425*7_1023-439*7_1023-1031*7_320-315*7_320-907*7_320-917*7_1023-424*7_1023-440*7_1023-1032*7_320-314*7_320-906*7_320-918*7_1023-423*7_1023-441*7_1023-1033*7_320-313*7_320-905*7_320-919*7_1023-1034*7_320-312*7_320-904*7_320-920*7_1023-1035*7_320-311*7_320-903*7_320-921*7_320-310*7_320-902*7_320-922*7_320-309*7_320-901*7_320-923*7_320-308*7_320-900*7_320-924*7_773-776*8_773-777*8_773-778*8_773-779*8_773-780*8_773-781*8_773-782*8_773-783*8_773-112*8_773-784*8_773-785*8_919-925*8_919-926*8_919-927*8_919-416*8_919-928*8_919-415*8_919-417*8_919-929*8_919-930*8_919-931*8_1028-1036*8_1028-1037*8_1028-1038*8_1028-1039*8_1028-528*8_1028-1040*8_368-374*8_368-375*8_368-376*8_368-1208*8_368-377*8_368-1209*8_304-303*8_304-305*8_304-815*8_304-817*8_368-378*8_368-1210*8_304-302*8_304-306*8_304-814*8_304-818*8_368-379*8_368-1211*8_304-301*8_304-307*8_304-813*8_304-819*8_368-380*8_368-1212*8_304-300*8_304-812*8_304-820*8_304-299*8_304-811*8_304-821*8_304-298*8_304-810*8_304-822*8_304-297*8_304-809*8_304-823*8_304-296*8_304-808*8_304-824*8_304-295*8_304-807*8_304-825*8_304-294*8_304-806*8_304-826*8_304-293*8_304-805*8_304-827*8_304-292*8_304-804*8_304-828*8_233-230*4_233-229*4_233-228*4_233-227*4_233-226*4_233-225*4_233-224*4_233-896*4_233-895*4_233-897*4_233-898*4_233-899*4_233-223*4_233-222*4_233-221*4_1205-1213*9_1205-1214*9_1205-1215*9_1205-464*9_1205-1216*9_1205-1217*9_920-414*9_920-418*9_920-932*9_225-894*5_225-893*5_225-892*5_225-220*5_225-891*5_225-219*5_225-890*5_225-218*5_225-889*5_225-217*5_225-888*5_225-216*5_225-887*5_225-215*5_225-214*5_225-213*5_1040-517*9_1040-539*9_1040-516*9_1040-540*9_1040-1052*9_464-463*10_464-465*10_464-462*10_464-466*10_464-1218*10_464-461*10_464-467*10_464-1219*10_374-381*10_464-460*10_464-468*10_464-1220*10_374-382*10_464-459*10_464-469*10_464-1221*10_374-383*10_464-458*10_464-470*10_464-1222*10_374-1296*10_464-457*10_464-471*10_464-1223*10_464-456*10_464-472*10_464-1224*10_464-455*10_464-473*10_464-1225*10_464-454*10_464-474*10_464-1226*10_464-453*10_464-475*10_464-1227*10_464-452*10_464-476*10_464-1228*10_300-291*9_300-290*9_300-289*9_300-288*9_300-720*9_930-933*10_930-413*10_930-419*10_930-934*10_930-412*10_930-420*10_930-935*10_930-411*10_930-421*10_930-936*10_930-410*10_930-422*10_930-937*10_930-409*10_930-938*10_930-408*10_930-939*10_930-940*10_930-941*10_930-942*10_1032-527*9_1032-529*9_1032-526*9_1032-530*9_1032-1041*9_1032-1042*9_1032-1043*9_1032-1044*9_213-212*6_213-211*6_213-210*6_213-209*6_213-208*6_213-800*6_213-799*6_213-801*6_213-798*6_213-802*6_213-797*6_213-803*6_213-207*6_213-796*6_213-206*6_213-795*6_213-794*6_213-205*6_213-204*6_213-203*6_213-202*6_213-201*6_516-515*10_540-541*10_516-514*10_516-518*10_540-538*10_540-542*10_516-513*10_516-519*10_540-537*10_540-543*10_516-512*10_516-520*10_516-944*10_540-536*10_540-544*10_540-1136*10_516-943*10_516-945*10_540-1135*10_540-1137*10_516-946*10_540-1134*10_540-1138*10_516-511*10_516-521*10_516-947*10_540-535*10_540-545*10_540-1133*10_540-1139*10_516-948*10_540-1132*10_540-1140*10_516-510*10_516-522*10_540-534*10_540-546*10_516-949*10_540-1131*10_540-1141*10_516-509*10_516-523*10_540-533*10_540-547*10_516-950*10_540-1130*10_540-1142*10_516-508*10_516-524*10_540-532*10_540-548*10_516-507*10_516-525*10_540-531*10_540-549*10_516-506*10_540-550*10_516-505*10_540-551*10_516-504*10_540-552*10_1111-1114*7_1111-1115*7_1111-1116*7_1111-1117*7_1111-1118*7_1111-1119*7_1111-448*7_1111-1120*7_1111-447*7_1111-449*7_1111-1121*7_1111-1122*7_1111-1123*7_287-1277*9_287-1283*9_287-1276*9_287-1284*9_287-1275*9_287-1285*9_287-1274*9_287-1286*9_287-1273*9_287-1287*9_287-1272*9_287-1288*9_287-1271*9_287-1289*9_471-477*11_471-478*11_471-479*11_471-1312*11_471-1311*11_471-1313*11_551-553*11_551-554*11_551-555*11_551-556*11_551-557*11_551-558*11_551-559*11_551-560*11_551-1232*11_551-1231*11_551-1233*11_551-561*11_551-562*11_551-563*11_1249-1261*8_472-1310*11_472-1314*11_511-951*11_511-503*11_511-952*11_511-502*11_511-953*11_511-501*11_511-500*11_511-499*11_828-829*9_828-830*9_828-831*9_828-400*9_828-832*9_828-399*9_828-401*9_828-398*9_828-402*9_828-397*9_828-403*9_828-833*9_828-396*9_828-404*9_828-834*9_828-395*9_828-405*9_828-835*9_828-394*9_828-406*9_828-836*9_828-407*9_828-837*9_828-838*9_828-839*9_828-840*9_212-793*7_212-200*7_1312-1309*12_1312-1315*12_1312-1308*12_1312-1316*12_1312-1307*12_1312-1317*12_1312-1306*12_1312-1318*12_1312-1305*12_1312-1319*12_1312-1304*12_1312-1320*12_1312-1303*12_1312-1321*12_1312-1302*12_1312-1322*12_1312-1301*12_1312-1323*12_1312-1300*12_1312-1324*12_1232-1230*12_1232-1229*12_1232-1244*12_563-573*12_563-574*12_563-575*12_1062-1063*3_1062-1064*3_1062-1065*3_1062-1066*3_1062-1067*3_1062-1068*3_1062-1069*3_1062-1070*3_1062-1074*3_1044-1045*10_1044-1046*10_1044-1047*10_1044-1048*10_1044-1049*10_1044-1050*10_1044-1051*10_1044-1053*10_1044-1054*10_1044-1055*10_1044-624*10_840-841*10_840-842*10_840-843*10_840-844*10_840-845*10_840-846*10_840-847*10_840-496*10_840-848*10_840-495*10_840-497*10_840-494*10_840-498*10_840-849*10_840-850*10_840-851*10_840-852*10_1141-1143*11_1141-1144*11_1141-1145*11_1141-1146*11_1141-1147*11_1141-1148*11_1141-1149*11_1141-1150*11_1141-1151*11_1141-640*11_1141-1129*11_163-164*2_163-165*2_163-166*2_163-167*2_163-1075*2_163-168*2_163-1076*2_163-1077*2_163-169*2_163-1078*2_163-170*2_163-1079*2_163-171*2_163-1080*2_163-172*2_163-173*2_163-174*2_163-175*2_796-792*8_796-791*8_796-790*8_796-789*8_796-788*8_796-787*8_796-786*8_1287-1290*10_1287-1291*10_1287-1292*10_1287-1293*10_1287-1294*10_1287-1295*10_1287-1297*10_1287-1298*10_1287-1299*10_624-623*11_624-625*11_624-622*11_624-626*11_624-621*11_624-627*11_624-620*11_624-628*11_624-619*11_624-629*11_624-618*11_624-630*11_624-617*11_624-631*11_624-616*11_624-632*11_624-615*11_624-633*11_624-614*11_624-634*11_624-613*11_624-635*11_624-612*11_624-636*11_495-493*11_495-492*11_495-491*11_495-490*11_495-853*11_495-489*11_495-854*11_495-488*11_495-855*11_495-487*11_495-856*11_495-486*11_495-857*11_495-485*11_495-484*11_495-483*11_562-564*12_562-1234*12_562-565*12_562-1235*12_562-566*12_562-1236*12_562-567*12_562-1237*12_562-568*12_562-1238*12_562-569*12_562-1239*12_562-570*12_562-1240*12_562-571*12_562-1241*12_562-572*12_562-1242*12_562-1243*12_170-176*3_170-1168*3_170-1169*3_170-1170*3_170-1171*3_170-177*3_170-1172*3_170-1173*3_170-178*3_170-179*3_170-180*3_170-181*3_170-182*3_1324-1325*13_1324-1326*13_1324-1327*13_1324-1328*13_1324-1329*13_1324-1330*13_1324-1331*13_1324-1332*13_1324-1333*13_1324-1334*13_1324-1335*13_1324-1336*13_1027-442*10_1027-443*10_616-611*12_635-637*12_616-610*12_635-638*12_616-609*12_635-639*12_616-608*12_616-959*12_616-958*12_616-607*12_635-641*12_616-606*12_635-642*12_616-605*12_635-643*12_616-604*12_635-644*12_635-645*12_635-646*12_635-647*12_1244-655*13_1244-657*13_1244-654*13_1244-658*13_1244-653*13_1244-659*13_1244-652*13_1244-660*13_1244-651*13_1244-661*13_1244-650*13_1244-662*13_175-1174*4_175-1175*4_175-183*4_175-184*4_175-185*4_175-186*4_175-187*4_299-721*10_299-722*10_299-723*10_637-648*13_637-649*13_1240-1245*13_1240-1246*13_1240-1247*13_1240-656*13_182-188*5_182-189*5_182-190*5_182-191*5_182-1264*5_200-199*8_200-198*8_200-197*8_200-196*8_200-195*8_200-194*8_200-193*8_200-192*8_200-704*8_200-703*8_200-705*8_200-702*8_200-706*8_200-707*8_400-393*12_400-392*12_400-391*12_400-390*12_400-389*12_400-388*12_1336-1337*14_1336-1338*14_1336-1339*14_1336-1340*14_1336-1341*14_1336-1342*14_1336-1343*14_1336-671*14_1336-670*14_189-1263*6_189-1265*6_189-1262*6_189-1266*6_189-1267*6_189-1260*6_189-1268*6_189-1259*6_189-1269*6_189-1258*6_189-1270*6_483-482*12_483-481*12_483-480*12_483-752*12_483-751*12_483-753*12_483-750*12_483-754*12_483-749*12_483-755*12_483-748*12_483-756*12_483-747*12_483-757*12_483-746*12_483-758*12_483-745*12_483-759*12_483-760*12_483-761*12_483-762*12_483-763*12_389-387*13_389-386*13_389-385*13_389-384*13_389-736*13_389-735*13_389-737*13_389-734*13_389-738*13_389-733*13_389-739*13_389-732*13_389-740*13_389-731*13_389-741*13_389-730*13_389-742*13_1123-1124*8_1123-1125*8_1123-1126*8_1123-446*8_1123-450*8_1123-1127*8_1123-445*8_1123-451*8_1123-444*8_1123-1128*8_855-858*12_855-859*12_855-860*12_855-861*12_855-862*12_855-863*12_855-592*12_855-591*12_855-593*12_195-701*9_195-700*9_195-708*9_195-699*9_195-709*9_195-698*9_195-710*9_195-697*9_195-711*9_195-712*9_195-713*9_195-714*9_195-715*9_723-724*11_723-725*11_723-726*11_723-719*11_723-718*11_723-717*11_723-716*11_739-743*14_739-744*14_703-696*10_703-695*10_703-694*10_703-693*10_703-692*10_703-691*10_762-764*13_762-765*13_762-766*13_762-767*13_762-576*13_762-577*13_762-578*13_762-579*13_762-580*13_762-581*13_604-603*13_604-602*13_604-601*13_604-600*13_604-599*13_604-957*13_604-956*13_604-598*13_604-955*13_604-597*13_604-954*13_604-596*13_604-595*13_604-594*13_863-590*13_863-589*13_863-588*13_863-587*13_863-586*13_863-585*13_863-584*13_863-583*13_660-663*15_660-664*15_660-665*15_660-666*15_660-667*15_660-668*15_660-669*15_593-582*13_715-727*11_726-728*12_726-729*12_700-690*12_700-689*12_700-96*12_700-688*12_
