"id","Scenario","Actual Range","Protocol","Buildings","Total nodes","Nodes on circ","Total coverage","Coverage on circ","Alert received mean time","Hops","Slots","Messages sent","Messages received", "Starting x", "Starting y","Starting node", "Vehicle distance", "Received node ids", "Node ids", "Transmission map", "Received on circ nodes", "Transmission vector"
0,1,300,100,1,1344,25,1344,25,17666.2,8.44,12.96,834,1344,825,500,797,25,796_798_795_799_208_794_800_207_209_206_210_793_801_205_211_204_212_792_802_203_213_791_803_202_214_790_804_201_215_789_805_788_806_787_807_786_808_785_809_797_200_199_198_197_196_195_194_216_193_217_218_219_220_221_222_223_224_896_112_784_111_113_110_114_115_783_782_781_780_895_897_894_898_225_893_899_892_900_226_891_901_227_890_902_228_229_230_231_232_779_109_778_108_116_777_107_117_776_106_118_775_105_119_774_104_120_773_772_771_770_192_704_705_706_707_769_16_768_15_17_14_18_13_19_12_20_11_21_708_709_710_703_711_702_712_701_713_700_714_699_715_698_716_697_717_696_718_695_719_103_102_101_100_99_98_97_96_688_687_689_686_690_691_903_904_905_906_907_908_810_811_909_910_812_911_813_814_320_912_889_913_815_304_816_27_3_28_2_22_23_24_25_26_29_30_31_10_32_864_9_33_303_305_302_306_301_307_817_300_308_818_299_309_298_310_819_820_821_822_823_319_321_318_322_317_323_316_324_914_315_325_915_314_326_916_313_327_917_918_919_920_921_865_866_867_34_868_35_869_36_870_37_871_38_872_39_40_41_42_288_720_289_290_291_721_292_293_722_723_724_725_726_121_122_123_124_125_126_127_128_880_879_881_878_882_129_130_131_132_922_923_924_925_926_927_416_928_929_233_234_888_235_236_237_238_311_312_294_295_727_296_728_729_730_731_883_884_877_885_876_886_133_875_887_134_874_135_873_136_137_138_139_328_329_330_331_332_991_993_990_994_989_995_241_996_242_243_244_245_140_141_142_143_144_976_145_146_732_733_734_735_384_736_385_737_738_739_685_684_692_683_693_682_694_681_680_679_988_987_997_246_43_44_45_46_47_48_960_824_825_826_297_827_828_829_830_831_400_832_833_834_240_992_239_247_248_986_998_249_985_999_250_984_1000_251_1001_252_1002_253_1003_254_255_256_1088_257_258_1004_1005_1006_1007_336_1008_335_337_334_338_333_339_1009_1010_1011_1012_1013_961_962_963_49_50_51_52_53_399_401_398_402_397_403_835_404_836_405_837_406_838_407_839_408_840_409_841_410_842_411_843_412_844_748_983_982_981_980_979_978_977_415_417_414_418_930_413_419_931_420_932_421_933_422_934_423_935_424_936_425_937_426_938_427_939_428_940_1087_1089_1086_1090_1085_1091_1084_259_260_261_396_395_394_393_845_846_749_750_975_974_973_972_971_147_148_149_150_429_941_430_942_431_943_432_1024_512_944_1023_1025_511_513_510_514_509_515_433_945_508_516_434_946_507_517_506_518_435_947_948_949_950_951_386_387_388_389_740_390_741_391_742_392_743_744_745_746_1097_1098_1099_1100_266_1079_1101_267_1078_1102_341_342_8_7_6_5_4_1_0_672_673_674_675_964_965_966_967_968_54_969_55_970_56_57_58_59_747_751_480_752_481_482_753_483_484_754_485_755_486_756_487_757_758_759_760_761_676_677_678_60_61_62_63_64_1056_1057_1058_1059_65_66_67_68_69_488_489_490_491_492_762_493_763_494_847_496_848_495_497_849_850_851_340_952_953_954_505_519_955_520_956_521_957_522_958_523_959_1077_1076_1080_1075_1081_1074_1082_1073_1083_160_1072_159_161_158_162_157_163_1071_156_164_155_165_1070_1069_1068_1067_1066_1016_70_1060_71_1061_72_1062_73_1063_74_1064_75_1065_76_77_78_608_607_609_606_610_605_611_604_612_603_613_1014_1015_343_344_345_346_764_765_766_767_576_614_615_616_617_618_619_602_620_601_621_600_622_599_623_1017_1018_347_1019_348_1020_1022_1026_1021_1027_1028_1029_1030_436_1031_437_438_439_440_441_349_350_351_352_1104_1103_1105_1106_1107_353_1108_1109_354_355_356_357_358_166_167_168_169_170_171_172_173_154_174_175_176_1168_624_1055_1054_625_1053_626_1052_627_1051_628_1050_629_1049_630_1048_631_632_633_634_79_80_1152_1153_1154_81_1155_1156_82_1157_83_1158_84_85_86_87_88_577_578_579_580_581_1167_1169_1166_1170_177_1165_1171_178_1164_1172_1163_1173_179_1162_1174_180_1161_1175_181_182_183_184_185_498_499_500_501_502_852_853_854_855_442_443_444_445_446_447_448_1120_1119_1121_449_450_451_151_152_153_582_583_584_585_586_587_588_589_1110_1111_1112_359_1113_360_1096_1114_361_1095_1115_362_1094_1116_363_1093_1117_1032_1033_1034_1035_1036_1037_1038_1039_528_1040_527_529_1041_1042_1043_1159_1160_89_90_91_92_1092_262_263_264_265_268_269_364_365_366_367_368_1200_1118_1122_1123_1124_1125_1126_452_1127_453_454_455_456_457_503_504_856_857_858_859_860_458_1128_459_1129_460_1130_461_1131_462_1176_1177_1132_463_1133_464_1216_1134_1215_1217_1214_1218_465_1135_1213_1219_466_544_1136_543_545_1212_1220_542_546_467_541_547_1137_1211_1221_540_548_468_1138_539_549_1210_1222_538_550_469_1139_1209_1223_470_1140_1208_1224_471_1141_472_1142_473_1143_474_524_525_526_530_531_532_635_636_637_638_639_640_1151_1150_1149_641_1148_1147_642_643_644_645_646_369_1199_1201_370_1198_1202_371_1197_1203_372_1196_1204_373_1195_1205_374_1194_1206_375_1193_1207_376_1192_377_1191_378_1190_379_1189_380_1188_270_271_272_1184_273_274_1044_1045_93_94_95_1248_1249_533_534_535_1046_536_1047_186_187_188_189_190_191_1264_537_1250_1251_1252_1253_1254_475_476_1225_477_1226_478_1227_479_647_648_649_650_651_652_653_654_655_656_657_1312_1311_1313_861_862_863_592_381_382_383_1296_1295_1297_1247_1246_1245_1244_1243_658_659_660_661_662_1255_1256_1257_1258_1259_1260_1261_1262_1263_1265_1266_1267_1268_1269_1270_591_593_590_594_595_596_597_598_551_552_1144_553_1145_554_1146_555_556_1183_1185_1182_1186_1181_1187_1180_1179_275_276_277_278_1271_1272_1273_1274_1275_1276_557_558_559_560_1232_561_562_1242_1241_1240_1239_663_1238_664_1237_665_1236_666_1235_667_1234_668_669_670_1228_1178_279_280_1231_1233_1230_1229_563_564_565_566_1310_1314_1309_1315_1308_1316_1307_1317_1306_1318_1305_1319_567_568_569_570_571_572_281_282_283_284_285_286_287_1280_573_671_1343_1342_1341_1340_1339_1338_574_575_1329_1330_1320_1321_1322_1323_1304_1337_1336_1335_1334_1333_1332_1331_1328_1294_1298_1279_1281_1278_1282_1277_1283_1284_1285_1286_1287_1324_1325_1326_1327_1290_1291_1288_1289_1293_1292_1299_1300_1301_1302_1303_,0_1_2_3_4_5_6_7_8_9_10_11_12_13_14_15_16_17_18_19_20_21_22_23_24_25_26_27_28_29_30_31_32_33_34_35_36_37_38_39_40_41_42_43_44_45_46_47_48_49_50_51_52_53_54_55_56_57_58_59_60_61_62_63_64_65_66_67_68_69_70_71_72_73_74_75_76_77_78_79_80_81_82_83_84_85_86_87_88_89_90_91_92_93_94_95_96_97_98_99_100_101_102_103_104_105_106_107_108_109_110_111_112_113_114_115_116_117_118_119_120_121_122_123_124_125_126_127_128_129_130_131_132_133_134_135_136_137_138_139_140_141_142_143_144_145_146_147_148_149_150_151_152_153_154_155_156_157_158_159_160_161_162_163_164_165_166_167_168_169_170_171_172_173_174_175_176_177_178_179_180_181_182_183_184_185_186_187_188_189_190_191_192_193_194_195_196_197_198_199_200_201_202_203_204_205_206_207_208_209_210_211_212_213_214_215_216_217_218_219_220_221_222_223_224_225_226_227_228_229_230_231_232_233_234_235_236_237_238_239_240_241_242_243_244_245_246_247_248_249_250_251_252_253_254_255_256_257_258_259_260_261_262_263_264_265_266_267_268_269_270_271_272_273_274_275_276_277_278_279_280_281_282_283_284_285_286_287_288_289_290_291_292_293_294_295_296_297_298_299_300_301_302_303_304_305_306_307_308_309_310_311_312_313_314_315_316_317_318_319_320_321_322_323_324_325_326_327_328_329_330_331_332_333_334_335_336_337_338_339_340_341_342_343_344_345_346_347_348_349_350_351_352_353_354_355_356_357_358_359_360_361_362_363_364_365_366_367_368_369_370_371_372_373_374_375_376_377_378_379_380_381_382_383_384_385_386_387_388_389_390_391_392_393_394_395_396_397_398_399_400_401_402_403_404_405_406_407_408_409_410_411_412_413_414_415_416_417_418_419_420_421_422_423_424_425_426_427_428_429_430_431_432_433_434_435_436_437_438_439_440_441_442_443_444_445_446_447_448_449_450_451_452_453_454_455_456_457_458_459_460_461_462_463_464_465_466_467_468_469_470_471_472_473_474_475_476_477_478_479_480_481_482_483_484_485_486_487_488_489_490_491_492_493_494_495_496_497_498_499_500_501_502_503_504_505_506_507_508_509_510_511_512_513_514_515_516_517_518_519_520_521_522_523_524_525_526_527_528_529_530_531_532_533_534_535_536_537_538_539_540_541_542_543_544_545_546_547_548_549_550_551_552_553_554_555_556_557_558_559_560_561_562_563_564_565_566_567_568_569_570_571_572_573_574_575_576_577_578_579_580_581_582_583_584_585_586_587_588_589_590_591_592_593_594_595_596_597_598_599_600_601_602_603_604_605_606_607_608_609_610_611_612_613_614_615_616_617_618_619_620_621_622_623_624_625_626_627_628_629_630_631_632_633_634_635_636_637_638_639_640_641_642_643_644_645_646_647_648_649_650_651_652_653_654_655_656_657_658_659_660_661_662_663_664_665_666_667_668_669_670_671_672_673_674_675_676_677_678_679_680_681_682_683_684_685_686_687_688_689_690_691_692_693_694_695_696_697_698_699_700_701_702_703_704_705_706_707_708_709_710_711_712_713_714_715_716_717_718_719_720_721_722_723_724_725_726_727_728_729_730_731_732_733_734_735_736_737_738_739_740_741_742_743_744_745_746_747_748_749_750_751_752_753_754_755_756_757_758_759_760_761_762_763_764_765_766_767_768_769_770_771_772_773_774_775_776_777_778_779_780_781_782_783_784_785_786_787_788_789_790_791_792_793_794_795_796_797_798_799_800_801_802_803_804_805_806_807_808_809_810_811_812_813_814_815_816_817_818_819_820_821_822_823_824_825_826_827_828_829_830_831_832_833_834_835_836_837_838_839_840_841_842_843_844_845_846_847_848_849_850_851_852_853_854_855_856_857_858_859_860_861_862_863_864_865_866_867_868_869_870_871_872_873_874_875_876_877_878_879_880_881_882_883_884_885_886_887_888_889_890_891_892_893_894_895_896_897_898_899_900_901_902_903_904_905_906_907_908_909_910_911_912_913_914_915_916_917_918_919_920_921_922_923_924_925_926_927_928_929_930_931_932_933_934_935_936_937_938_939_940_941_942_943_944_945_946_947_948_949_950_951_952_953_954_955_956_957_958_959_960_961_962_963_964_965_966_967_968_969_970_971_972_973_974_975_976_977_978_979_980_981_982_983_984_985_986_987_988_989_990_991_992_993_994_995_996_997_998_999_1000_1001_1002_1003_1004_1005_1006_1007_1008_1009_1010_1011_1012_1013_1014_1015_1016_1017_1018_1019_1020_1021_1022_1023_1024_1025_1026_1027_1028_1029_1030_1031_1032_1033_1034_1035_1036_1037_1038_1039_1040_1041_1042_1043_1044_1045_1046_1047_1048_1049_1050_1051_1052_1053_1054_1055_1056_1057_1058_1059_1060_1061_1062_1063_1064_1065_1066_1067_1068_1069_1070_1071_1072_1073_1074_1075_1076_1077_1078_1079_1080_1081_1082_1083_1084_1085_1086_1087_1088_1089_1090_1091_1092_1093_1094_1095_1096_1097_1098_1099_1100_1101_1102_1103_1104_1105_1106_1107_1108_1109_1110_1111_1112_1113_1114_1115_1116_1117_1118_1119_1120_1121_1122_1123_1124_1125_1126_1127_1128_1129_1130_1131_1132_1133_1134_1135_1136_1137_1138_1139_1140_1141_1142_1143_1144_1145_1146_1147_1148_1149_1150_1151_1152_1153_1154_1155_1156_1157_1158_1159_1160_1161_1162_1163_1164_1165_1166_1167_1168_1169_1170_1171_1172_1173_1174_1175_1176_1177_1178_1179_1180_1181_1182_1183_1184_1185_1186_1187_1188_1189_1190_1191_1192_1193_1194_1195_1196_1197_1198_1199_1200_1201_1202_1203_1204_1205_1206_1207_1208_1209_1210_1211_1212_1213_1214_1215_1216_1217_1218_1219_1220_1221_1222_1223_1224_1225_1226_1227_1228_1229_1230_1231_1232_1233_1234_1235_1236_1237_1238_1239_1240_1241_1242_1243_1244_1245_1246_1247_1248_1249_1250_1251_1252_1253_1254_1255_1256_1257_1258_1259_1260_1261_1262_1263_1264_1265_1266_1267_1268_1269_1270_1271_1272_1273_1274_1275_1276_1277_1278_1279_1280_1281_1282_1283_1284_1285_1286_1287_1288_1289_1290_1291_1292_1293_1294_1295_1296_1297_1298_1299_1300_1301_1302_1303_1304_1305_1306_1307_1308_1309_1310_1311_1312_1313_1314_1315_1316_1317_1318_1319_1320_1321_1322_1323_1324_1325_1326_1327_1328_1329_1330_1331_1332_1333_1334_1335_1336_1337_1338_1339_1340_1341_1342_1343_,1:{676;677;678;}10:{8;7;6;5;4;1;0;672;673;674;675;}14:{3;2;}16:{27;28;}21:{22;23;24;25;26;29;30;31;10;32;864;9;33;}30:{865;866;867;34;868;35;869;36;870;37;871;38;872;39;40;41;42;}36:{43;44;45;46;47;48;960;}41:{961;962;963;49;50;51;52;53;}57:{60;61;62;63;64;1056;1057;1058;1059;65;66;67;68;69;}66:{70;1060;71;1061;72;1062;73;1063;74;1064;75;1065;76;77;78;}76:{79;80;1152;1153;1154;81;1155;1156;82;1157;83;1158;84;85;86;87;88;}80:{1159;1160;89;90;91;92;}87:{93;94;95;1248;1249;}91:{1250;1251;1252;1253;1254;}97:{685;684;692;683;693;682;694;681;680;679;}104:{103;102;101;100;99;98;97;96;688;687;689;686;690;691;}120:{121;122;123;124;125;126;127;128;880;879;881;878;882;129;130;131;132;}134:{140;141;142;143;144;976;145;146;}138:{975;974;973;972;971;147;148;149;150;}164:{166;167;168;169;170;171;172;173;154;174;175;176;1168;}173:{1167;1169;1166;1170;177;1165;1171;178;1164;1172;1163;1173;179;1162;1174;180;1161;1175;181;182;183;184;185;}180:{186;187;188;189;190;191;1264;}187:{1267;1268;1269;1270;}203:{192;704;705;706;707;}205:{797;200;199;198;197;196;195;194;216;193;217;}212:{218;219;220;221;222;223;224;896;}220:{895;897;894;898;225;893;899;892;900;226;891;901;227;890;902;228;229;230;231;232;}226:{233;234;888;235;236;237;238;}233:{991;993;990;994;989;995;241;996;242;243;244;245;}234:{988;987;997;246;}242:{240;992;239;247;248;986;998;249;985;999;250;984;1000;251;1001;252;1002;253;1003;254;}246:{255;256;1088;257;258;}249:{1087;1089;1086;1090;1085;1091;1084;259;260;261;}257:{1092;262;263;264;265;268;269;}262:{270;271;272;1184;273;274;}266:{1183;1185;1182;1186;1181;1187;1180;1179;275;276;277;278;}276:{281;282;283;284;285;286;287;1280;}281:{1279;1281;1278;1282;1277;1283;}285:{1284;1285;1286;1287;}287:{1288;1289;}298:{297;}309:{311;312;}329:{340;}330:{341;342;}334:{1014;1015;343;344;345;346;}336:{1017;1018;347;1019;348;1020;}346:{349;350;351;352;1104;1103;1105;1106;1107;353;1108;1109;354;355;356;357;358;}356:{364;365;366;367;368;1200;}375:{381;382;383;1296;1295;1297;}376:{1294;1298;}384:{748;}423:{429;430;431;432;1024;1023;1025;433;434;435;}429:{1022;1026;1021;1027;1028;1029;1030;436;1031;437;438;439;440;441;}439:{442;443;444;445;446;447;448;1120;1119;1121;449;450;451;}445:{1118;1122;1123;1124;1125;1126;452;1127;453;454;455;456;457;}450:{458;1128;459;1129;460;1130;461;1131;462;}462:{463;464;1216;1215;1217;1214;1218;465;1213;1219;466;1212;1220;467;1211;1221;468;1210;1222;469;1209;1223;470;1208;1224;471;472;473;474;}467:{475;476;1225;477;1226;478;1227;479;}471:{1312;1311;1313;}477:{1310;1314;1309;1315;1308;1316;1307;1317;1306;1318;1305;1319;}482:{488;489;490;491;492;762;493;763;494;}520:{524;525;526;530;531;532;}550:{557;558;559;560;1232;561;562;}554:{1231;1233;1230;1229;563;564;565;566;}561:{573;}568:{574;575;1329;1330;}577:{582;583;584;585;586;587;588;589;}611:{614;615;616;617;618;619;602;620;601;621;600;622;599;623;}622:{624;1055;1054;625;1053;626;1052;627;1051;628;1050;629;1049;630;1048;631;632;633;634;}634:{635;636;637;638;639;640;1151;1150;1149;641;1148;1147;642;643;644;645;646;}645:{647;648;649;650;651;652;653;654;655;656;657;}650:{1247;1246;1245;1244;1243;658;659;660;661;662;}658:{663;664;665;666;667;668;669;670;}668:{671;1343;1342;1341;1340;1339;1338;}707:{708;709;710;703;711;702;712;701;713;700;714;699;715;698;716;697;717;696;718;695;719;}714:{288;720;289;290;291;721;292;293;722;723;724;725;726;}719:{294;295;727;296;728;729;730;731;}727:{732;733;734;735;384;736;385;737;738;739;}734:{386;387;388;389;740;390;741;391;742;392;743;744;745;746;}738:{749;750;}749:{747;751;480;752;481;482;753;483;484;754;485;755;486;756;487;757;758;759;760;761;}757:{764;765;766;767;576;}762:{577;578;579;580;581;}774:{769;16;768;15;17;14;18;13;19;12;20;11;21;}782:{779;109;778;108;116;777;107;117;776;106;118;775;105;119;774;104;120;773;772;771;770;}792:{112;784;111;113;110;114;115;783;782;781;780;}797:{796;798;795;799;208;794;800;207;209;206;210;793;801;205;211;204;212;792;802;203;213;791;803;202;214;790;804;201;215;789;805;788;806;787;807;786;808;785;809;}804:{810;811;812;813;814;815;304;816;}811:{303;305;302;306;301;307;817;300;308;818;299;309;298;310;819;820;821;822;823;}822:{824;825;826;827;828;829;830;831;400;832;833;834;}832:{399;401;398;402;397;403;835;404;836;405;837;406;838;407;839;408;840;409;841;410;842;411;843;412;844;}834:{396;395;394;393;845;846;}839:{847;496;848;495;497;849;850;851;}843:{498;499;500;501;502;852;853;854;855;}848:{503;504;856;857;858;859;860;}853:{861;862;863;592;}863:{591;593;590;594;595;596;597;598;}881:{883;884;877;885;876;886;133;875;887;134;874;135;873;136;137;138;139;}901:{903;904;905;906;907;908;909;910;911;320;912;889;913;}909:{319;321;318;322;317;323;316;324;914;315;325;915;314;326;916;313;327;917;918;919;920;921;}912:{328;329;330;331;332;}917:{922;923;924;925;926;927;416;928;929;}928:{415;417;414;418;930;413;419;931;420;932;421;933;422;934;423;935;424;936;425;937;426;938;427;939;428;940;}939:{941;942;943;512;944;511;513;510;514;509;515;945;508;516;946;507;517;506;518;947;948;949;950;951;}947:{952;953;954;505;519;955;520;956;521;957;522;958;523;959;}954:{608;607;609;606;610;605;611;604;612;603;613;}962:{964;965;966;967;968;54;969;55;970;56;57;58;59;}976:{151;152;153;}989:{983;982;981;980;979;978;977;}1001:{1004;1005;1006;1007;336;1008;335;337;334;338;333;339;1009;1010;1011;1012;1013;}1004:{1016;}1031:{1032;1033;1034;1035;1036;1037;1038;1039;528;1040;527;529;1041;1042;1043;}1033:{1044;1045;}1038:{533;534;535;1046;536;1047;}1040:{537;}1078:{1077;1076;1080;1075;1081;1074;1082;1073;1083;160;1072;159;161;158;162;157;163;1071;156;164;155;165;1070;1069;1068;1067;1066;}1090:{1097;1098;1099;1100;266;1079;1101;267;1078;1102;}1105:{1110;1111;1112;359;1113;360;1096;1114;361;1095;1115;362;1094;1116;363;1093;1117;}1131:{1132;1133;1134;1135;544;1136;543;545;542;546;541;547;1137;540;548;1138;539;549;538;550;1139;1140;1141;1142;1143;}1136:{551;552;1144;553;1145;554;1146;555;556;}1165:{1176;1177;}1182:{1178;279;280;}1200:{369;1199;1201;370;1198;1202;371;1197;1203;372;1196;1204;373;1195;1205;374;1194;1206;375;1193;1207;376;1192;377;1191;378;1190;379;1189;380;1188;}1216:{1228;}1232:{567;568;569;570;571;572;}1245:{1242;1241;1240;1239;1238;1237;1236;1235;1234;}1254:{1255;1256;1257;1258;1259;1260;1261;1262;1263;1265;1266;}1264:{1271;1272;1273;1274;1275;1276;}1279:{1290;1291;}1295:{1293;1292;1299;1300;1301;1302;1303;}1316:{1320;1321;1322;1323;1304;}1322:{1324;1325;1326;1327;}1340:{1337;1336;1335;1334;1333;1332;1331;1328;},43_44_149_150_247_248_339_340_418_419_420_421_737_738_836_837_838_929_930_964_965_966_1012_1013_1014_,797-796*0_797-798*0_797-795*0_797-799*0_797-208*0_797-794*0_797-800*0_797-207*0_797-209*0_797-206*0_797-210*0_797-793*0_797-801*0_797-205*0_797-211*0_797-204*0_797-212*0_797-792*0_797-802*0_797-203*0_797-213*0_797-791*0_797-803*0_797-202*0_797-214*0_797-790*0_797-804*0_797-201*0_797-215*0_797-789*0_797-805*0_797-788*0_797-806*0_797-787*0_797-807*0_797-786*0_797-808*0_797-785*0_797-809*0_205-797*1_205-200*1_205-199*1_205-198*1_205-197*1_205-196*1_205-195*1_205-194*1_205-216*1_205-193*1_205-217*1_212-218*2_212-219*2_212-220*2_212-221*2_212-222*2_212-223*2_212-224*2_212-896*2_792-112*1_792-784*1_792-111*1_792-113*1_792-110*1_792-114*1_792-115*1_792-783*1_792-782*1_792-781*1_792-780*1_220-895*3_220-897*3_220-894*3_220-898*3_220-225*3_220-893*3_220-899*3_220-892*3_220-900*3_220-226*3_220-891*3_220-901*3_220-227*3_220-890*3_220-902*3_220-228*3_220-229*3_220-230*3_220-231*3_220-232*3_782-779*2_782-109*2_782-778*2_782-108*2_782-116*2_782-777*2_782-107*2_782-117*2_782-776*2_782-106*2_782-118*2_782-775*2_782-105*2_782-119*2_782-774*2_782-104*2_782-120*2_782-773*2_782-772*2_782-771*2_782-770*2_203-192*3_203-704*3_203-705*3_203-706*3_203-707*3_774-769*3_774-16*3_774-768*3_774-15*3_774-17*3_774-14*3_774-18*3_774-13*3_774-19*3_774-12*3_774-20*3_774-11*3_774-21*3_707-708*4_707-709*4_707-710*4_707-703*4_707-711*4_707-702*4_707-712*4_707-701*4_707-713*4_707-700*4_707-714*4_707-699*4_707-715*4_707-698*4_707-716*4_707-697*4_707-717*4_707-696*4_707-718*4_707-695*4_707-719*4_104-103*3_104-102*3_104-101*3_104-100*3_104-99*3_104-98*3_104-97*3_104-96*3_104-688*3_104-687*3_104-689*3_104-686*3_104-690*3_104-691*3_901-903*4_901-904*4_901-905*4_901-906*4_901-907*4_901-908*4_804-810*4_804-811*4_901-909*4_901-910*4_804-812*4_901-911*4_804-813*4_804-814*4_901-320*4_901-912*4_901-889*4_901-913*4_804-815*4_804-304*4_804-816*4_16-27*4_14-3*4_16-28*4_14-2*4_21-22*4_21-23*4_21-24*4_21-25*4_21-26*4_21-29*4_21-30*4_21-31*4_21-10*4_21-32*4_21-864*4_21-9*4_21-33*4_811-303*5_811-305*5_811-302*5_811-306*5_811-301*5_811-307*5_811-817*5_811-300*5_811-308*5_811-818*5_811-299*5_811-309*5_811-298*5_811-310*5_811-819*5_811-820*5_811-821*5_811-822*5_811-823*5_909-319*5_909-321*5_909-318*5_909-322*5_909-317*5_909-323*5_909-316*5_909-324*5_909-914*5_909-315*5_909-325*5_909-915*5_909-314*5_909-326*5_909-916*5_909-313*5_909-327*5_909-917*5_909-918*5_909-919*5_909-920*5_909-921*5_30-865*5_30-866*5_30-867*5_30-34*5_30-868*5_30-35*5_30-869*5_30-36*5_30-870*5_30-37*5_30-871*5_30-38*5_30-872*5_30-39*5_30-40*5_30-41*5_30-42*5_714-288*5_714-720*5_714-289*5_714-290*5_714-291*5_714-721*5_714-292*5_714-293*5_714-722*5_714-723*5_714-724*5_714-725*5_714-726*5_120-121*3_120-122*3_120-123*3_120-124*3_120-125*3_120-126*3_120-127*3_120-128*3_120-880*3_120-879*3_120-881*3_120-878*3_120-882*3_120-129*3_120-130*3_120-131*3_120-132*3_917-922*6_917-923*6_917-924*6_917-925*6_917-926*6_917-927*6_917-416*6_917-928*6_917-929*6_226-233*4_226-234*4_226-888*4_226-235*4_226-236*4_226-237*4_226-238*4_309-311*6_309-312*6_719-294*6_719-295*6_719-727*6_719-296*6_719-728*6_719-729*6_719-730*6_719-731*6_881-883*4_881-884*4_881-877*4_881-885*4_881-876*4_881-886*4_881-133*4_881-875*4_881-887*4_881-134*4_881-874*4_881-135*4_881-873*4_881-136*4_881-137*4_881-138*4_881-139*4_912-328*7_912-329*7_912-330*7_912-331*7_912-332*7_233-991*5_233-993*5_233-990*5_233-994*5_233-989*5_233-995*5_233-241*5_233-996*5_233-242*5_233-243*5_233-244*5_233-245*5_134-140*5_134-141*5_134-142*5_134-143*5_134-144*5_134-976*5_134-145*5_134-146*5_727-732*7_727-733*7_727-734*7_727-735*7_727-384*7_727-736*7_727-385*7_727-737*7_727-738*7_727-739*7_97-685*4_97-684*4_97-692*4_97-683*4_97-693*4_97-682*4_97-694*4_97-681*4_97-680*4_97-679*4_234-988*5_234-987*5_234-997*5_234-246*5_36-43*6_36-44*6_36-45*6_36-46*6_36-47*6_36-48*6_36-960*6_822-824*7_822-825*7_822-826*7_298-297*7_822-827*7_822-828*7_822-829*7_822-830*7_822-831*7_822-400*7_822-832*7_822-833*7_822-834*7_242-240*6_242-992*6_242-239*6_242-247*6_242-248*6_242-986*6_242-998*6_242-249*6_242-985*6_242-999*6_242-250*6_242-984*6_242-1000*6_242-251*6_242-1001*6_242-252*6_242-1002*6_242-253*6_242-1003*6_242-254*6_246-255*6_246-256*6_246-1088*6_246-257*6_246-258*6_1001-1004*7_1001-1005*7_1001-1006*7_1001-1007*7_1001-336*7_1001-1008*7_1001-335*7_1001-337*7_1001-334*7_1001-338*7_1001-333*7_1001-339*7_1001-1009*7_1001-1010*7_1001-1011*7_1001-1012*7_1001-1013*7_41-961*7_41-962*7_41-963*7_41-49*7_41-50*7_41-51*7_41-52*7_41-53*7_832-399*8_832-401*8_832-398*8_832-402*8_832-397*8_832-403*8_832-835*8_832-404*8_832-836*8_832-405*8_832-837*8_832-406*8_832-838*8_832-407*8_832-839*8_832-408*8_832-840*8_832-409*8_832-841*8_832-410*8_832-842*8_832-411*8_832-843*8_832-412*8_832-844*8_384-748*8_989-983*6_989-982*6_989-981*6_989-980*6_989-979*6_989-978*6_989-977*6_928-415*9_928-417*9_928-414*9_928-418*9_928-930*9_928-413*9_928-419*9_928-931*9_928-420*9_928-932*9_928-421*9_928-933*9_928-422*9_928-934*9_928-423*9_928-935*9_928-424*9_928-936*9_928-425*9_928-937*9_928-426*9_928-938*9_928-427*9_928-939*9_928-428*9_928-940*9_249-1087*7_249-1089*7_249-1086*7_249-1090*7_249-1085*7_249-1091*7_249-1084*7_249-259*7_249-260*7_249-261*7_834-396*8_834-395*8_834-394*8_834-393*8_834-845*8_834-846*8_738-749*8_738-750*8_138-975*6_138-974*6_138-973*6_138-972*6_138-971*6_138-147*6_138-148*6_138-149*6_138-150*6_423-429*10_939-941*10_423-430*10_939-942*10_423-431*10_939-943*10_423-432*10_423-1024*10_939-512*10_939-944*10_423-1023*10_423-1025*10_939-511*10_939-513*10_939-510*10_939-514*10_939-509*10_939-515*10_423-433*10_939-945*10_939-508*10_939-516*10_423-434*10_939-946*10_939-507*10_939-517*10_939-506*10_939-518*10_423-435*10_939-947*10_939-948*10_939-949*10_939-950*10_939-951*10_734-386*8_734-387*8_734-388*8_734-389*8_734-740*8_734-390*8_734-741*8_734-391*8_734-742*8_734-392*8_734-743*8_734-744*8_734-745*8_734-746*8_1090-1097*8_1090-1098*8_1090-1099*8_1090-1100*8_1090-266*8_1090-1079*8_1090-1101*8_1090-267*8_1090-1078*8_1090-1102*8_330-341*8_330-342*8_10-8*5_10-7*5_10-6*5_10-5*5_10-4*5_10-1*5_10-0*5_10-672*5_10-673*5_10-674*5_10-675*5_962-964*8_962-965*8_962-966*8_962-967*8_962-968*8_962-54*8_962-969*8_962-55*8_962-970*8_962-56*8_962-57*8_962-58*8_962-59*8_749-747*9_749-751*9_749-480*9_749-752*9_749-481*9_749-482*9_749-753*9_749-483*9_749-484*9_749-754*9_749-485*9_749-755*9_749-486*9_749-756*9_749-487*9_749-757*9_749-758*9_749-759*9_749-760*9_749-761*9_1-676*6_1-677*6_1-678*6_57-60*9_57-61*9_57-62*9_57-63*9_57-64*9_57-1056*9_57-1057*9_57-1058*9_57-1059*9_57-65*9_57-66*9_57-67*9_57-68*9_57-69*9_482-488*10_482-489*10_482-490*10_482-491*10_482-492*10_482-762*10_482-493*10_482-763*10_482-494*10_839-847*9_839-496*9_839-848*9_839-495*9_839-497*9_839-849*9_839-850*9_839-851*9_329-340*8_947-952*11_947-953*11_947-954*11_947-505*11_947-519*11_947-955*11_947-520*11_947-956*11_947-521*11_947-957*11_947-522*11_947-958*11_947-523*11_947-959*11_1078-1077*9_1078-1076*9_1078-1080*9_1078-1075*9_1078-1081*9_1078-1074*9_1078-1082*9_1078-1073*9_1078-1083*9_1078-160*9_1078-1072*9_1078-159*9_1078-161*9_1078-158*9_1078-162*9_1078-157*9_1078-163*9_1078-1071*9_1078-156*9_1078-164*9_1078-155*9_1078-165*9_1078-1070*9_1078-1069*9_1078-1068*9_1078-1067*9_1078-1066*9_1004-1016*8_66-70*10_66-1060*10_66-71*10_66-1061*10_66-72*10_66-1062*10_66-73*10_66-1063*10_66-74*10_66-1064*10_66-75*10_66-1065*10_66-76*10_66-77*10_66-78*10_954-608*12_954-607*12_954-609*12_954-606*12_954-610*12_954-605*12_954-611*12_954-604*12_954-612*12_954-603*12_954-613*12_334-1014*8_334-1015*8_334-343*8_334-344*8_334-345*8_334-346*8_757-764*11_757-765*11_757-766*11_757-767*11_757-576*11_611-614*13_611-615*13_611-616*13_611-617*13_611-618*13_611-619*13_611-602*13_611-620*13_611-601*13_611-621*13_611-600*13_611-622*13_611-599*13_611-623*13_336-1017*9_336-1018*9_336-347*9_336-1019*9_336-348*9_336-1020*9_429-1022*11_429-1026*11_429-1021*11_429-1027*11_429-1028*11_429-1029*11_429-1030*11_429-436*11_429-1031*11_429-437*11_429-438*11_429-439*11_429-440*11_429-441*11_346-349*9_346-350*9_346-351*9_346-352*9_346-1104*9_346-1103*9_346-1105*9_346-1106*9_346-1107*9_346-353*9_346-1108*9_346-1109*9_346-354*9_346-355*9_346-356*9_346-357*9_346-358*9_164-166*10_164-167*10_164-168*10_164-169*10_164-170*10_164-171*10_164-172*10_164-173*10_164-154*10_164-174*10_164-175*10_164-176*10_164-1168*10_622-624*14_622-1055*14_622-1054*14_622-625*14_622-1053*14_622-626*14_622-1052*14_622-627*14_622-1051*14_622-628*14_622-1050*14_622-629*14_622-1049*14_622-630*14_622-1048*14_622-631*14_622-632*14_622-633*14_622-634*14_76-79*11_76-80*11_76-1152*11_76-1153*11_76-1154*11_76-81*11_76-1155*11_76-1156*11_76-82*11_76-1157*11_76-83*11_76-1158*11_76-84*11_76-85*11_76-86*11_76-87*11_76-88*11_762-577*12_762-578*12_762-579*12_762-580*12_762-581*12_173-1167*11_173-1169*11_173-1166*11_173-1170*11_173-177*11_173-1165*11_173-1171*11_173-178*11_173-1164*11_173-1172*11_173-1163*11_173-1173*11_173-179*11_173-1162*11_173-1174*11_173-180*11_173-1161*11_173-1175*11_173-181*11_173-182*11_173-183*11_173-184*11_173-185*11_843-498*11_843-499*11_843-500*11_843-501*11_843-502*11_843-852*11_843-853*11_843-854*11_843-855*11_439-442*12_439-443*12_439-444*12_439-445*12_439-446*12_439-447*12_439-448*12_439-1120*12_439-1119*12_439-1121*12_439-449*12_439-450*12_439-451*12_976-151*8_976-152*8_976-153*8_577-582*13_577-583*13_577-584*13_577-585*13_577-586*13_577-587*13_577-588*13_577-589*13_1105-1110*10_1105-1111*10_1105-1112*10_1105-359*10_1105-1113*10_1105-360*10_1105-1096*10_1105-1114*10_1105-361*10_1105-1095*10_1105-1115*10_1105-362*10_1105-1094*10_1105-1116*10_1105-363*10_1105-1093*10_1105-1117*10_1031-1032*12_1031-1033*12_1031-1034*12_1031-1035*12_1031-1036*12_1031-1037*12_1031-1038*12_1031-1039*12_1031-528*12_1031-1040*12_1031-527*12_1031-529*12_1031-1041*12_1031-1042*12_1031-1043*12_80-1159*12_80-1160*12_80-89*12_80-90*12_80-91*12_80-92*12_257-1092*8_257-262*8_257-263*8_257-264*8_257-265*8_257-268*8_257-269*8_356-364*11_356-365*11_356-366*11_356-367*11_356-368*11_356-1200*11_445-1118*13_445-1122*13_445-1123*13_445-1124*13_445-1125*13_445-1126*13_445-452*13_445-1127*13_445-453*13_445-454*13_445-455*13_445-456*13_445-457*13_848-503*12_848-504*12_848-856*12_848-857*12_848-858*12_848-859*12_848-860*12_450-458*13_450-1128*13_450-459*13_450-1129*13_450-460*13_450-1130*13_450-461*13_450-1131*13_450-462*13_1165-1176*12_1165-1177*12_1131-1132*14_462-463*14_1131-1133*14_462-464*14_462-1216*14_1131-1134*14_462-1215*14_462-1217*14_462-1214*14_462-1218*14_462-465*14_1131-1135*14_462-1213*14_462-1219*14_462-466*14_1131-544*14_1131-1136*14_1131-543*14_1131-545*14_462-1212*14_462-1220*14_1131-542*14_1131-546*14_462-467*14_1131-541*14_1131-547*14_1131-1137*14_462-1211*14_462-1221*14_1131-540*14_1131-548*14_462-468*14_1131-1138*14_1131-539*14_1131-549*14_462-1210*14_462-1222*14_1131-538*14_1131-550*14_462-469*14_1131-1139*14_462-1209*14_462-1223*14_462-470*14_1131-1140*14_462-1208*14_462-1224*14_462-471*14_1131-1141*14_462-472*14_1131-1142*14_462-473*14_1131-1143*14_462-474*14_520-524*12_520-525*12_520-526*12_520-530*12_520-531*12_520-532*12_634-635*15_634-636*15_634-637*15_634-638*15_634-639*15_634-640*15_634-1151*15_634-1150*15_634-1149*15_634-641*15_634-1148*15_634-1147*15_634-642*15_634-643*15_634-644*15_634-645*15_634-646*15_1200-369*12_1200-1199*12_1200-1201*12_1200-370*12_1200-1198*12_1200-1202*12_1200-371*12_1200-1197*12_1200-1203*12_1200-372*12_1200-1196*12_1200-1204*12_1200-373*12_1200-1195*12_1200-1205*12_1200-374*12_1200-1194*12_1200-1206*12_1200-375*12_1200-1193*12_1200-1207*12_1200-376*12_1200-1192*12_1200-377*12_1200-1191*12_1200-378*12_1200-1190*12_1200-379*12_1200-1189*12_1200-380*12_1200-1188*12_262-270*9_262-271*9_262-272*9_262-1184*9_262-273*9_262-274*9_1033-1044*13_1033-1045*13_87-93*13_87-94*13_87-95*13_87-1248*13_87-1249*13_1038-533*13_1038-534*13_1038-535*13_1038-1046*13_1038-536*13_1038-1047*13_180-186*13_180-187*13_180-188*13_180-189*13_180-190*13_180-191*13_180-1264*13_1040-537*13_91-1250*13_91-1251*13_91-1252*13_91-1253*13_91-1254*13_467-475*15_467-476*15_467-1225*15_467-477*15_467-1226*15_467-478*15_467-1227*15_467-479*15_645-647*16_645-648*16_645-649*16_645-650*16_645-651*16_645-652*16_645-653*16_645-654*16_645-655*16_645-656*16_645-657*16_471-1312*15_471-1311*15_471-1313*15_853-861*13_853-862*13_853-863*13_853-592*13_375-381*13_375-382*13_375-383*13_375-1296*13_375-1295*13_375-1297*13_650-1247*17_650-1246*17_650-1245*17_650-1244*17_650-1243*17_650-658*17_650-659*17_650-660*17_650-661*17_650-662*17_1254-1255*14_1254-1256*14_1254-1257*14_1254-1258*14_1254-1259*14_1254-1260*14_1254-1261*14_1254-1262*14_1254-1263*14_1254-1265*14_1254-1266*14_187-1267*14_187-1268*14_187-1269*14_187-1270*14_863-591*14_863-593*14_863-590*14_863-594*14_863-595*14_863-596*14_863-597*14_863-598*14_1136-551*16_1136-552*16_1136-1144*16_1136-553*16_1136-1145*16_1136-554*16_1136-1146*16_1136-555*16_1136-556*16_266-1183*11_266-1185*11_266-1182*11_266-1186*11_266-1181*11_266-1187*11_266-1180*11_266-1179*11_266-275*11_266-276*11_266-277*11_266-278*11_1264-1271*15_1264-1272*15_1264-1273*15_1264-1274*15_1264-1275*15_1264-1276*15_550-557*17_550-558*17_550-559*17_550-560*17_550-1232*17_550-561*17_550-562*17_1245-1242*18_1245-1241*18_1245-1240*18_1245-1239*18_658-663*18_1245-1238*18_658-664*18_1245-1237*18_658-665*18_1245-1236*18_658-666*18_1245-1235*18_658-667*18_1245-1234*18_658-668*18_658-669*18_658-670*18_1216-1228*14_1182-1178*12_1182-279*12_1182-280*12_554-1231*18_554-1233*18_554-1230*18_554-1229*18_554-563*18_554-564*18_554-565*18_554-566*18_477-1310*16_477-1314*16_477-1309*16_477-1315*16_477-1308*16_477-1316*16_477-1307*16_477-1317*16_477-1306*16_477-1318*16_477-1305*16_477-1319*16_1232-567*18_1232-568*18_1232-569*18_1232-570*18_1232-571*18_1232-572*18_276-281*13_276-282*13_276-283*13_276-284*13_276-285*13_276-286*13_276-287*13_276-1280*13_561-573*17_668-671*19_668-1343*19_668-1342*19_668-1341*19_668-1340*19_668-1339*19_668-1338*19_568-574*18_568-575*18_568-1329*18_568-1330*18_1316-1320*17_1316-1321*17_1316-1322*17_1316-1323*17_1316-1304*17_1340-1337*20_1340-1336*20_1340-1335*20_1340-1334*20_1340-1333*20_1340-1332*20_1340-1331*20_1340-1328*20_376-1294*15_376-1298*15_281-1279*15_281-1281*15_281-1278*15_281-1282*15_281-1277*15_281-1283*15_285-1284*15_285-1285*15_285-1286*15_285-1287*15_1322-1324*18_1322-1325*18_1322-1326*18_1322-1327*18_1279-1290*16_1279-1291*16_287-1288*16_287-1289*16_1295-1293*16_1295-1292*16_1295-1299*16_1295-1300*16_1295-1301*16_1295-1302*16_1295-1303*16_
