"id","Scenario","Actual Range","Protocol","Buildings","Total nodes","Nodes on circ","Total coverage","Coverage on circ","Alert received mean time","Hops","Slots","Messages sent","Messages received", "Starting x", "Starting y","Starting node", "Vehicle distance", "Received node ids", "Node ids", "Transmission map", "Received on circ nodes", "Transmission vector"
0,1,300,0,0,1776,50,1776,50,46482.9,5.56,45.88,494,1776,2153.57,1730.36,1644,25,1642_1645_1641_1646_1640_1650_1649_1651_1652_1653_1639_1648_1655_856_1647_1638_855_1637_1672_854_1673_1674_1636_1658_1657_1675_1676_1656_1659_1635_1660_1678_1671_829_830_1685_831_1679_1634_1661_832_1684_1680_689_688_833_1670_687_1633_1681_1683_834_1662_1700_1682_1669_1631_836_1698_837_1644_838_1663_1668_1667_1664_1694_1697_1696_1695_1701_1702_1703_1686_1704_1687_1630_1689_1629_1690_1691_1628_1692_1693_1623_1624_1625_1622_1626_1705_1706_1627_1620_1602_1707_1603_1604_1708_1601_1619_1605_1285_681_1286_1265_1773_1284_1267_1268_1264_1772_1613_1283_1269_1771_1270_1263_1282_1614_1618_1271_1766_1770_1272_1262_1281_1615_1617_1273_1764_1769_1261_1274_1280_1616_1606_1257_1258_1768_1275_1259_1260_1724_1763_1279_1725_690_1607_1256_1276_1767_1723_1254_1278_1762_1726_692_1253_1722_1252_1727_1609_1728_1761_1720_1729_1709_1760_1711_1752_1730_1712_1749_682_23_679_24_26_21_1251_1287_1212_693_694_1228_1229_1227_695_1289_1211_1213_1226_1241_696_1230_1225_1242_1209_1290_1224_1214_1248_1243_1249_1247_1250_1216_1231_1292_1608_1245_1208_1215_1291_1235_1234_1236_1232_1217_1246_1237_1611_1238_1295_1207_1240_1294_1239_1293_1612_1218_1429_1600_1206_1219_1755_1759_1719_1731_1748_1745_1718_1746_1747_1733_1750_1744_1751_1717_1716_1753_686_1713_1714_1715_1742_1734_1756_1741_1735_1757_1736_1740_16_17_15_18_13_12_19_83_11_20_683_10_73_74_82_684_72_9_22_81_685_71_8_79_1774_77_76_78_1737_75_85_1775_4_5_84_65_66_195_86_67_70_1738_6_68_194_64_1739_7_94_193_95_93_87_62_192_1205_1204_1574_1573_1572_1575_1223_1571_1203_1570_1576_1569_1202_1568_1578_1201_1567_1449_1579_1565_1200_1450_1448_1564_1447_1426_1451_1580_1428_1427_701_287_1758_286_851_285_703_852_704_284_700_310_853_850_283_1220_1198_699_697_1197_698_1196_317_318_316_315_320_96_97_98_190_99_92_189_188_88_666_665_667_100_187_664_90_670_89_671_663_186_673_101_662_185_674_184_61_103_117_107_108_183_60_106_109_63_675_105_110_59_104_111_182_38_112_116_672_115_57_181_37_118_179_56_648_35_120_314_312_319_311_321_1191_1195_309_1190_1460_308_1189_1461_1187_294_293_1186_1452_1453_1454_1456_1446_1457_1581_1560_1467_1561_1582_1459_1445_1562_1458_1465_1464_1468_1463_1563_1462_1469_1442_1473_1441_1556_1470_1474_1494_1553_1471_1495_1557_1552_1496_1472_1551_1558_1497_1506_1475_1172_1507_1440_1193_1171_1173_1559_1583_1439_1505_1192_1476_1437_1194_1167_1169_1168_1185_1165_1170_1164_1140_1134_1141_1163_1135_1132_1142_1131_705_1143_1174_1136_1128_1129_1130_1145_1127_1492_1137_1146_300_1175_1491_1126_1138_299_1156_1147_301_1490_1125_1176_1139_298_1157_306_1124_1148_1123_303_1161_1489_1178_297_1160_1158_307_1159_304_1149_1179_1121_1486_1059_1183_1162_296_1058_1487_1060_1180_1181_1150_1120_305_1087_1061_1091_847_849_848_279_281_282_272_271_278_273_270_277_274_260_259_268_276_288_261_289_275_257_262_265_290_264_263_266_267_228_227_256_223_226_254_229_253_292_222_252_255_230_251_221_325_220_250_342_331_334_231_323_326_216_232_249_341_332_337_233_217_248_327_338_333_328_178_177_212_211_214_210_215_119_176_196_1184_213_845_841_1182_844_842_843_225_1078_1076_1079_236_1075_1080_180_191_435_169_1062_202_1070_1071_1069_1068_1072_322_783_1067_447_1063_1065_1073_247_1064_246_782_710_458_1074_258_1081_158_1057_295_245_709_291_781_269_469_280_147_1056_1082_706_713_707_302_234_235_244_708_136_778_646_1089_380_635_1083_1054_237_125_480_1115_1090_777_691_784_785_1052_1512_1511_1509_1513_1523_1508_1584_1514_1522_1515_1520_1518_1517_1519_1516_1524_1541_1525_1504_1542_1438_1531_1530_1529_1526_1527_1544_1503_1528_1502_1545_1501_1436_1500_1535_1498_1546_1533_1550_1549_1435_1547_1534_1434_1548_1433_1419_1333_1321_1053_1114_1113_1092_1051_1084_1112_1050_1109_1085_1108_1107_1093_1098_789_787_788_786_1100_1094_1086_1101_1643_329_241_240_242_330_239_243_238_724_735_513_502_744_524_745_742_747_491_748_535_746_743_749_680_757_750_669_546_824_835_657_768_751_780_761_791_558_802_813_624_752_741_846_339_868_569_340_758_869_613_602_759_753_343_756_857_867_755_344_754_771_864_888_1536_999_0_1537_1_1540_1538_1539_1414_1255_839_840_1296_1297_1303_1302_1301_1298_1484_1478_1485_1479_1480_1481_1151_1482_1152_1483_1153_1154_882_883_760_881_870_884_871_553_733_880_872_885_879_552_873_878_874_551_770_580_876_865_875_769_550_591_886_767_549_544_543_545_887_547_542_766_548_541_540_355_531_734_539_732_765_890_538_702_371_532_537_736_354_356_370_731_764_891_359_368_534_533_357_360_730_763_361_114_1277_1266_1244_1288_1233_1299_1222_1110_1210_1199_102_391_91_402_80_762_313_69_47_358_725_726_723_727_722_721_728_720_729_894_719_463_893_895_464_462_892_896_461_465_526_716_897_460_455_466_456_525_459_715_898_457_467_714_523_899_507_468_737_454_712_903_522_738_506_901_904_536_905_902_453_739_711_906_521_718_470_489_740_452_717_488_471_907_490_520_472_527_487_561_474_562_908_25_486_36_477_1310_911_900_1188_922_889_1344_933_1177_1355_877_1366_866_944_1221_1377_1000_1010_779_1332_1388_955_1009_668_1443_1011_1024_1023_1025_827_1021_1020_1399_1019_828_557_1022_1008_1018_1554_1033_1014_2_58_413_369_367_366_362_365_363_372_364_568_378_408_554_373_353_374_555_350_375_384_556_407_376_377_570_379_559_595_352_567_349_406_594_593_560_383_381_351_571_348_405_592_400_563_346_382_404_401_449_1688_1677_772_1666_773_1654_1699_776_775_774_918_1710_919_917_1039_1040_1632_916_920_790_1038_915_1721_1621_921_1037_792_914_1732_1610_923_913_1036_793_1743_924_324_1599_336_912_794_1035_1754_1049_1048_347_1047_925_424_1588_1765_1034_926_1032_822_1041_1577_3_927_821_910_1042_14_1566_909_820_929_198_197_199_654_200_653_201_204_203_175_652_205_140_139_174_206_141_138_124_127_651_207_128_655_137_142_126_219_173_129_208_121_130_218_143_123_122_209_172_656_133_131_599_171_145_598_132_605_612_134_146_144_611_606_581_135_148_597_579_610_578_582_170_583_658_649_609_1013_1012_1421_1410_1002_1432_1015_1444_1001_1119_1493_1016_998_1118_1003_1017_807_826_1455_808_809_1004_1007_825_806_997_823_1117_1005_1006_966_1466_805_977_996_1477_988_1116_993_804_1488_992_801_803_995_1095_1096_950_991_800_799_1499_798_994_812_810_797_1097_1510_940_939_941_796_814_938_949_795_811_953_943_1102_1103_1104_1105_1106_1555_1543_1532_473_475_476_478_479_481_485_482_484_492_508_509_497_577_584_576_585_149_574_600_164_586_150_573_601_590_650_589_157_154_151_588_603_168_167_604_166_152_159_165_160_156_155_161_596_162_153_587_163_575_607_572_345_440_439_441_438_385_948_951_946_947_952_945_962_961_942_956_957_954_960_958_959_1030_1026_1031_989_963_1027_964_990_1028_968_969_967_965_1029_1144_1133_981_1122_937_980_970_1155_1111_979_982_936_971_1166_1099_983_935_987_1088_978_974_986_985_984_972_1077_1066_973_1055_1044_975_446_976_335_659_660_661_608_614_616_615_642_617_641_618_640_619_639_620_638_621_224_113_1665_510_483_511_512_514_515_496_498_516_495_499_493_517_494_518_500_501_504_519_503_505_530_529_422_528_421_928_1043_930_819_1045_931_818_1046_932_817_816_934_1521_815_1300_1304_1315_1311_1312_1313_1322_1314_1316_1305_1317_1306_1323_1318_1307_1324_1319_1325_1308_1334_1326_1320_1335_1594_1331_1595_1329_1590_1336_403_397_409_399_398_410_396_411_395_412_565_414_394_393_392_444_415_390_566_450_423_448_445_389_416_425_443_564_451_426_388_427_442_387_428_430_429_431_386_432_433_434_436_437_420_1407_1406_417_418_419_27_28_48_49_46_29_1330_1327_1356_1328_1354_1341_1337_1357_1338_1353_1358_1309_1339_1589_1591_1352_1592_1593_1340_1587_1362_1361_1342_1586_1585_1391_1393_1392_1394_1400_1395_1386_1387_1397_1398_1385_1389_1596_1401_1396_1390_1597_1384_1598_1420_1418_1383_1404_1372_1417_1382_1403_1409_1360_1416_1371_1422_1381_1402_1411_1415_1359_1423_1370_1380_1373_1412_1343_1363_1424_1364_1379_1374_1413_1425_1375_1378_1376_1365_1408_863_1367_862_1405_861_1368_860_1369_859_858_1345_30_31_32_39_33_34_40_41_50_51_42_52_43_53_45_54_44_678_676_55_677_1351_1350_1349_1348_1347_1346_647_645_644_632_631_622_623_630_625_637_626_627_629_633_628_643_636_1430_1431_634_,0_1_2_3_4_5_6_7_8_9_10_11_12_13_14_15_16_17_18_19_20_21_22_23_24_25_26_27_28_29_30_31_32_33_34_35_36_37_38_39_40_41_42_43_44_45_46_47_48_49_50_51_52_53_54_55_56_57_58_59_60_61_62_63_64_65_66_67_68_69_70_71_72_73_74_75_76_77_78_79_80_81_82_83_84_85_86_87_88_89_90_91_92_93_94_95_96_97_98_99_100_101_102_103_104_105_106_107_108_109_110_111_112_113_114_115_116_117_118_119_120_121_122_123_124_125_126_127_128_129_130_131_132_133_134_135_136_137_138_139_140_141_142_143_144_145_146_147_148_149_150_151_152_153_154_155_156_157_158_159_160_161_162_163_164_165_166_167_168_169_170_171_172_173_174_175_176_177_178_179_180_181_182_183_184_185_186_187_188_189_190_191_192_193_194_195_196_197_198_199_200_201_202_203_204_205_206_207_208_209_210_211_212_213_214_215_216_217_218_219_220_221_222_223_224_225_226_227_228_229_230_231_232_233_234_235_236_237_238_239_240_241_242_243_244_245_246_247_248_249_250_251_252_253_254_255_256_257_258_259_260_261_262_263_264_265_266_267_268_269_270_271_272_273_274_275_276_277_278_279_280_281_282_283_284_285_286_287_288_289_290_291_292_293_294_295_296_297_298_299_300_301_302_303_304_305_306_307_308_309_310_311_312_313_314_315_316_317_318_319_320_321_322_323_324_325_326_327_328_329_330_331_332_333_334_335_336_337_338_339_340_341_342_343_344_345_346_347_348_349_350_351_352_353_354_355_356_357_358_359_360_361_362_363_364_365_366_367_368_369_370_371_372_373_374_375_376_377_378_379_380_381_382_383_384_385_386_387_388_389_390_391_392_393_394_395_396_397_398_399_400_401_402_403_404_405_406_407_408_409_410_411_412_413_414_415_416_417_418_419_420_421_422_423_424_425_426_427_428_429_430_431_432_433_434_435_436_437_438_439_440_441_442_443_444_445_446_447_448_449_450_451_452_453_454_455_456_457_458_459_460_461_462_463_464_465_466_467_468_469_470_471_472_473_474_475_476_477_478_479_480_481_482_483_484_485_486_487_488_489_490_491_492_493_494_495_496_497_498_499_500_501_502_503_504_505_506_507_508_509_510_511_512_513_514_515_516_517_518_519_520_521_522_523_524_525_526_527_528_529_530_531_532_533_534_535_536_537_538_539_540_541_542_543_544_545_546_547_548_549_550_551_552_553_554_555_556_557_558_559_560_561_562_563_564_565_566_567_568_569_570_571_572_573_574_575_576_577_578_579_580_581_582_583_584_585_586_587_588_589_590_591_592_593_594_595_596_597_598_599_600_601_602_603_604_605_606_607_608_609_610_611_612_613_614_615_616_617_618_619_620_621_622_623_624_625_626_627_628_629_630_631_632_633_634_635_636_637_638_639_640_641_642_643_644_645_646_647_648_649_650_651_652_653_654_655_656_657_658_659_660_661_662_663_664_665_666_667_668_669_670_671_672_673_674_675_676_677_678_679_680_681_682_683_684_685_686_687_688_689_690_691_692_693_694_695_696_697_698_699_700_701_702_703_704_705_706_707_708_709_710_711_712_713_714_715_716_717_718_719_720_721_722_723_724_725_726_727_728_729_730_731_732_733_734_735_736_737_738_739_740_741_742_743_744_745_746_747_748_749_750_751_752_753_754_755_756_757_758_759_760_761_762_763_764_765_766_767_768_769_770_771_772_773_774_775_776_777_778_779_780_781_782_783_784_785_786_787_788_789_790_791_792_793_794_795_796_797_798_799_800_801_802_803_804_805_806_807_808_809_810_811_812_813_814_815_816_817_818_819_820_821_822_823_824_825_826_827_828_829_830_831_832_833_834_835_836_837_838_839_840_841_842_843_844_845_846_847_848_849_850_851_852_853_854_855_856_857_858_859_860_861_862_863_864_865_866_867_868_869_870_871_872_873_874_875_876_877_878_879_880_881_882_883_884_885_886_887_888_889_890_891_892_893_894_895_896_897_898_899_900_901_902_903_904_905_906_907_908_909_910_911_912_913_914_915_916_917_918_919_920_921_922_923_924_925_926_927_928_929_930_931_932_933_934_935_936_937_938_939_940_941_942_943_944_945_946_947_948_949_950_951_952_953_954_955_956_957_958_959_960_961_962_963_964_965_966_967_968_969_970_971_972_973_974_975_976_977_978_979_980_981_982_983_984_985_986_987_988_989_990_991_992_993_994_995_996_997_998_999_1000_1001_1002_1003_1004_1005_1006_1007_1008_1009_1010_1011_1012_1013_1014_1015_1016_1017_1018_1019_1020_1021_1022_1023_1024_1025_1026_1027_1028_1029_1030_1031_1032_1033_1034_1035_1036_1037_1038_1039_1040_1041_1042_1043_1044_1045_1046_1047_1048_1049_1050_1051_1052_1053_1054_1055_1056_1057_1058_1059_1060_1061_1062_1063_1064_1065_1066_1067_1068_1069_1070_1071_1072_1073_1074_1075_1076_1077_1078_1079_1080_1081_1082_1083_1084_1085_1086_1087_1088_1089_1090_1091_1092_1093_1094_1095_1096_1097_1098_1099_1100_1101_1102_1103_1104_1105_1106_1107_1108_1109_1110_1111_1112_1113_1114_1115_1116_1117_1118_1119_1120_1121_1122_1123_1124_1125_1126_1127_1128_1129_1130_1131_1132_1133_1134_1135_1136_1137_1138_1139_1140_1141_1142_1143_1144_1145_1146_1147_1148_1149_1150_1151_1152_1153_1154_1155_1156_1157_1158_1159_1160_1161_1162_1163_1164_1165_1166_1167_1168_1169_1170_1171_1172_1173_1174_1175_1176_1177_1178_1179_1180_1181_1182_1183_1184_1185_1186_1187_1188_1189_1190_1191_1192_1193_1194_1195_1196_1197_1198_1199_1200_1201_1202_1203_1204_1205_1206_1207_1208_1209_1210_1211_1212_1213_1214_1215_1216_1217_1218_1219_1220_1221_1222_1223_1224_1225_1226_1227_1228_1229_1230_1231_1232_1233_1234_1235_1236_1237_1238_1239_1240_1241_1242_1243_1244_1245_1246_1247_1248_1249_1250_1251_1252_1253_1254_1255_1256_1257_1258_1259_1260_1261_1262_1263_1264_1265_1266_1267_1268_1269_1270_1271_1272_1273_1274_1275_1276_1277_1278_1279_1280_1281_1282_1283_1284_1285_1286_1287_1288_1289_1290_1291_1292_1293_1294_1295_1296_1297_1298_1299_1300_1301_1302_1303_1304_1305_1306_1307_1308_1309_1310_1311_1312_1313_1314_1315_1316_1317_1318_1319_1320_1321_1322_1323_1324_1325_1326_1327_1328_1329_1330_1331_1332_1333_1334_1335_1336_1337_1338_1339_1340_1341_1342_1343_1344_1345_1346_1347_1348_1349_1350_1351_1352_1353_1354_1355_1356_1357_1358_1359_1360_1361_1362_1363_1364_1365_1366_1367_1368_1369_1370_1371_1372_1373_1374_1375_1376_1377_1378_1379_1380_1381_1382_1383_1384_1385_1386_1387_1388_1389_1390_1391_1392_1393_1394_1395_1396_1397_1398_1399_1400_1401_1402_1403_1404_1405_1406_1407_1408_1409_1410_1411_1412_1413_1414_1415_1416_1417_1418_1419_1420_1421_1422_1423_1424_1425_1426_1427_1428_1429_1430_1431_1432_1433_1434_1435_1436_1437_1438_1439_1440_1441_1442_1443_1444_1445_1446_1447_1448_1449_1450_1451_1452_1453_1454_1455_1456_1457_1458_1459_1460_1461_1462_1463_1464_1465_1466_1467_1468_1469_1470_1471_1472_1473_1474_1475_1476_1477_1478_1479_1480_1481_1482_1483_1484_1485_1486_1487_1488_1489_1490_1491_1492_1493_1494_1495_1496_1497_1498_1499_1500_1501_1502_1503_1504_1505_1506_1507_1508_1509_1510_1511_1512_1513_1514_1515_1516_1517_1518_1519_1520_1521_1522_1523_1524_1525_1526_1527_1528_1529_1530_1531_1532_1533_1534_1535_1536_1537_1538_1539_1540_1541_1542_1543_1544_1545_1546_1547_1548_1549_1550_1551_1552_1553_1554_1555_1556_1557_1558_1559_1560_1561_1562_1563_1564_1565_1566_1567_1568_1569_1570_1571_1572_1573_1574_1575_1576_1577_1578_1579_1580_1581_1582_1583_1584_1585_1586_1587_1588_1589_1590_1591_1592_1593_1594_1595_1596_1597_1598_1599_1600_1601_1602_1603_1604_1605_1606_1607_1608_1609_1610_1611_1612_1613_1614_1615_1616_1617_1618_1619_1620_1621_1622_1623_1624_1625_1626_1627_1628_1629_1630_1631_1632_1633_1634_1635_1636_1637_1638_1639_1640_1641_1642_1643_1644_1645_1646_1647_1648_1649_1650_1651_1652_1653_1654_1655_1656_1657_1658_1659_1660_1661_1662_1663_1664_1665_1666_1667_1668_1669_1670_1671_1672_1673_1674_1675_1676_1677_1678_1679_1680_1681_1682_1683_1684_1685_1686_1687_1688_1689_1690_1691_1692_1693_1694_1695_1696_1697_1698_1699_1700_1701_1702_1703_1704_1705_1706_1707_1708_1709_1710_1711_1712_1713_1714_1715_1716_1717_1718_1719_1720_1721_1722_1723_1724_1725_1726_1727_1728_1729_1730_1731_1732_1733_1734_1735_1736_1737_1738_1739_1740_1741_1742_1743_1744_1745_1746_1747_1748_1749_1750_1751_1752_1753_1754_1755_1756_1757_1758_1759_1760_1761_1762_1763_1764_1765_1766_1767_1768_1769_1770_1771_1772_1773_1774_1775_,24:{30;31;32;39;33;34;40;41;50;51;42;52;43;53;45;54;44;678;676;55;677;}91:{58;413;369;}188:{178;177;212;211;214;210;215;119;176;196;}193:{96;97;98;190;99;92;189;188;88;666;665;667;100;187;664;90;670;89;671;663;186;673;101;662;185;674;184;61;103;117;107;108;183;60;106;109;63;675;105;110;59;104;111;182;38;112;116;672;115;57;181;37;118;179;56;648;35;120;}211:{198;197;199;654;200;653;201;204;203;175;652;205;140;139;174;206;141;138;124;127;651;207;128;655;137;142;126;219;173;129;208;121;130;218;143;123;122;209;172;656;133;131;599;171;145;598;132;605;612;134;146;144;611;606;581;135;148;597;579;610;578;582;170;583;658;649;609;}305:{1184;213;845;841;1182;844;842;843;225;1078;1076;1079;236;1075;1080;180;191;435;169;1062;202;1070;1071;1069;1068;1072;322;783;1067;447;1063;1065;1073;247;1064;246;782;710;458;1074;258;1081;158;1057;295;245;709;291;781;269;469;280;147;1056;1082;706;713;707;302;234;235;244;708;136;778;646;1089;380;635;1083;1054;237;125;480;1115;1090;777;691;784;785;1052;}333:{329;241;240;242;330;239;243;238;724;735;513;502;744;524;745;742;747;491;748;535;746;743;749;680;757;750;669;546;824;835;657;768;751;780;761;791;558;802;813;624;752;741;846;339;868;569;340;758;869;613;602;759;753;343;756;857;867;755;344;754;771;864;}404:{403;397;409;399;398;410;396;411;395;412;565;414;394;393;392;444;415;390;566;450;423;448;445;389;416;425;443;564;451;426;388;427;442;387;428;430;429;431;386;432;433;434;436;437;}414:{417;418;419;}464:{473;475;476;478;479;481;485;482;484;492;508;509;497;}509:{510;483;511;512;514;515;496;498;516;495;499;493;517;494;518;500;501;504;519;503;505;530;529;422;528;421;}510:{420;}555:{449;}557:{224;113;1665;}598:{577;584;576;585;149;574;600;164;586;150;573;601;590;650;589;157;154;151;588;603;168;167;604;166;152;159;165;160;156;155;161;596;162;153;587;163;575;607;572;345;440;439;441;438;385;}635:{102;391;91;402;80;762;313;69;47;358;}644:{634;}648:{647;645;644;632;631;622;623;630;625;637;626;627;629;633;628;643;636;}658:{659;660;661;608;614;616;615;642;617;641;618;640;619;639;620;638;621;}700:{314;312;319;311;321;1191;1195;309;1190;1460;308;1189;1461;1187;294;293;1186;}730:{725;726;723;727;722;721;728;720;729;894;719;463;893;895;464;462;892;896;461;465;526;716;897;460;455;466;456;525;459;715;898;457;467;714;523;899;507;468;737;454;712;903;522;738;506;901;904;536;905;902;453;739;711;906;521;718;470;489;740;452;717;488;471;907;490;520;472;527;487;561;474;562;908;25;486;36;477;}755:{882;883;760;881;870;884;871;553;733;880;872;885;879;552;873;878;874;551;770;580;876;865;875;769;550;591;886;767;549;544;543;545;887;547;542;766;548;541;540;355;531;734;539;732;765;890;538;702;371;532;537;736;354;356;370;731;764;891;359;368;534;533;357;360;730;763;361;114;}787:{1688;1677;772;1666;773;1654;1699;776;775;774;918;1710;919;917;1039;1040;1632;916;920;790;1038;915;1721;1621;921;1037;792;914;1732;1610;923;913;1036;793;1743;924;324;1599;336;912;794;1035;1754;1049;1048;347;1047;925;424;1588;1765;1034;926;1032;822;1041;1577;3;927;821;910;1042;14;1566;909;820;929;}836:{839;840;1296;1297;1303;1302;1301;1298;}853:{849;848;279;281;282;272;271;278;273;270;277;274;260;259;268;276;288;261;289;275;257;262;265;290;264;263;266;267;228;227;256;223;226;254;229;253;292;222;252;255;230;251;221;325;220;250;342;331;334;231;323;326;216;232;249;341;332;337;233;217;248;327;338;333;328;}854:{1644;838;}872:{367;366;362;365;363;372;364;568;378;408;554;373;353;374;555;350;375;384;556;407;376;377;570;379;559;595;352;567;349;406;594;593;560;383;381;351;571;348;405;592;400;563;346;382;404;401;}923:{928;1043;930;819;1045;931;818;1046;932;817;816;934;1521;815;}994:{948;951;946;947;952;945;962;961;942;956;957;954;960;958;959;1030;1026;1031;989;963;1027;964;990;1028;968;969;967;965;1029;1144;1133;981;1122;937;980;970;1155;1111;979;982;936;971;1166;1099;983;935;987;1088;978;974;}1018:{1013;1012;1421;1410;1002;1432;1015;1444;1001;1119;1493;1016;998;1118;1003;1017;807;826;1455;808;809;1004;1007;825;806;997;823;1117;1005;1006;966;1466;805;977;996;1477;988;1116;993;804;1488;992;801;803;995;1095;1096;950;991;800;799;1499;798;994;812;810;797;1097;1510;940;939;941;796;814;938;949;795;811;953;943;}1089:{1102;1103;1104;1105;1106;1555;1543;1532;}1166:{986;985;984;972;1077;1066;973;1055;1044;975;446;976;335;}1183:{1053;1114;1113;1092;1051;1084;1112;1050;1109;1085;1108;1107;1093;1098;789;787;788;786;1100;1094;1086;1101;1643;}1192:{1194;1167;1169;1168;1185;1165;1170;1164;1140;1134;1141;1163;1135;1132;1142;1131;705;1143;1174;1136;1128;1129;1130;1145;1127;1492;1137;1146;300;1175;1491;1126;1138;299;1156;1147;301;1490;1125;1176;1139;298;1157;306;1124;1148;1123;303;1161;1489;1178;297;1160;1158;307;1159;304;1149;1179;1121;1486;1059;1183;1162;296;1058;1487;1060;1180;1181;1150;1120;305;1087;1061;1091;}1219:{1220;1198;699;697;1197;698;1196;317;318;316;315;320;}1238:{1205;1204;1574;1573;1572;1575;1223;1571;1203;1570;1576;1569;1202;1568;1578;1201;1567;1449;1579;1565;1200;1450;1448;1564;1447;1426;1451;1580;1428;1427;701;}1255:{1310;911;900;1188;922;889;1344;933;1177;1355;877;1366;866;944;1221;1377;1000;1010;779;1332;1388;955;1009;668;1443;1011;1024;1023;1025;827;1021;1020;1399;1019;828;557;1022;1008;1018;1554;1033;1014;2;}1256:{1251;1287;1212;693;694;1228;1229;1227;695;1289;1211;1213;1226;1241;696;1230;1225;1242;1209;1290;1224;1214;1248;1243;1249;1247;1250;1216;1231;1292;1608;1245;1208;1215;1291;1235;1234;1236;1232;1217;1246;1237;1611;1238;1295;1207;1240;1294;1239;1293;1612;1218;1429;1600;1206;1219;1755;1759;}1298:{1300;1304;1315;1311;1312;1313;1322;1314;1316;1305;1317;1306;1323;1318;1307;1324;1319;1325;1308;1334;1326;1320;1335;1594;1331;1595;1329;1590;1336;}1316:{1330;1327;1356;1328;1354;1341;1337;1357;1338;1353;1358;1309;1339;1589;1591;1352;1592;1593;1340;1587;1362;1361;1342;}1319:{1351;1350;1349;1348;1347;1346;}1373:{1375;1378;1376;1365;1408;863;1367;862;1405;861;1368;860;1369;859;858;1345;}1451:{1452;1453;1454;1456;1446;1457;1581;1560;1467;1561;1582;1459;1445;1562;1458;1465;1464;1468;1463;1563;1462;1469;1442;1473;1441;1556;1470;1474;1494;1553;1471;1495;1557;1552;1496;1472;1551;1558;1497;1506;1475;1172;1507;1440;1193;1171;1173;1559;1583;1439;1505;1192;1476;1437;}1474:{1484;1478;1485;1479;1480;1481;1151;1482;1152;1483;1153;1154;}1518:{888;1536;999;0;1537;1;1540;1538;1539;1414;1255;}1528:{1277;1266;1244;1288;1233;1299;1222;1110;1210;1199;}1538:{1407;1406;}1558:{1512;1511;1509;1513;1523;1508;1584;1514;1522;1515;1520;1518;1517;1519;1516;1524;1541;1525;1504;1542;1438;1531;1530;1529;1526;1527;1544;1503;1528;1502;1545;1501;1436;1500;1535;1498;1546;1533;1550;1549;1435;1547;1534;1434;1548;1433;1419;1333;1321;}1579:{1430;1431;}1587:{1586;1585;1391;1393;1392;1394;1400;1395;1386;1387;1397;1398;1385;1389;1596;1401;1396;1390;1597;1384;1598;1420;1418;1383;1404;1372;1417;1382;1403;1409;1360;1416;1371;1422;1381;1402;1411;1415;1359;1423;1370;1380;1373;1412;1343;1363;1424;1364;1379;1374;1413;1425;}1624:{1761;1720;1729;1709;1760;1711;1752;1730;1712;1749;}1628:{1286;1265;1773;1284;1267;1268;1264;1772;1613;1283;1269;1771;1270;1263;1282;1614;1618;1271;1766;1770;1272;1262;1281;1615;1617;1273;1764;1769;1261;1274;1280;1616;1606;1257;1258;1768;1275;1259;1260;1724;1763;1279;1725;690;1607;1256;1276;1767;1723;1254;1278;1762;1726;692;1253;1722;1252;1727;1609;1728;}1644:{1642;1645;1641;1646;1640;1650;1649;1651;1652;1653;1639;1648;1655;856;1647;1638;855;1637;1672;854;1673;1674;1636;1658;1657;1675;1676;1656;1659;1635;1660;1678;1671;829;830;1685;831;1679;1634;1661;832;1684;1680;689;688;833;1670;687;1633;1681;1683;834;1662;1700;1682;1669;1631;836;1698;837;}1658:{1663;1668;1667;1664;1694;1697;1696;1695;1701;1702;1703;1686;1704;1687;}1663:{682;23;679;24;26;21;}1679:{1630;1689;1629;1690;1691;1628;1692;1693;1623;1624;1625;1622;1626;1705;1706;1627;1620;1602;1707;1603;1604;1708;1601;1619;1605;1285;681;}1701:{27;28;48;49;46;29;}1711:{17;15;18;13;12;19;83;11;20;683;10;73;74;82;684;72;9;22;81;685;71;8;79;1774;77;76;78;1737;75;85;1775;4;5;84;65;66;195;86;67;70;1738;6;68;194;64;1739;7;94;193;95;93;87;62;192;}1724:{1719;1731;1748;1745;1718;1746;1747;1733;1750;1744;1751;1717;1716;1753;686;1713;1714;1715;1742;1734;1756;1741;1735;1757;1736;1740;16;}1735:{847;}1747:{287;1758;286;851;285;703;852;704;284;700;310;853;850;283;},101_105_106_181_182_183_285_286_287_308_309_310_311_312_314_315_316_317_318_319_630_631_632_671_851_852_1343_1346_1347_1363_1371_1372_1383_1384_1390_1403_1404_1414_1415_1416_1417_1418_1438_1439_1447_1448_1449_1450_1564_1565_,1644-1642*0_1644-1645*0_1644-1641*0_1644-1646*0_1644-1640*0_1644-1650*0_1644-1649*0_1644-1651*0_1644-1652*0_1644-1653*0_1644-1639*0_1644-1648*0_1644-1655*0_1644-856*0_1644-1647*0_1644-1638*0_1644-855*0_1644-1637*0_1644-1672*0_1644-854*0_1644-1673*0_1644-1674*0_1644-1636*0_1644-1658*0_1644-1657*0_1644-1675*0_1644-1676*0_1644-1656*0_1644-1659*0_1644-1635*0_1644-1660*0_1644-1678*0_1644-1671*0_1644-829*0_1644-830*0_1644-1685*0_1644-831*0_1644-1679*0_1644-1634*0_1644-1661*0_1644-832*0_1644-1684*0_1644-1680*0_1644-689*0_1644-688*0_1644-833*0_1644-1670*0_1644-687*0_1644-1633*0_1644-1681*0_1644-1683*0_1644-834*0_1644-1662*0_1644-1700*0_1644-1682*0_1644-1669*0_1644-1631*0_1644-836*0_1644-1698*0_1644-837*0_854-1644*1_854-838*1_1658-1663*1_1658-1668*1_1658-1667*1_1658-1664*1_1658-1694*1_1658-1697*1_1658-1696*1_1658-1695*1_1658-1701*1_1658-1702*1_1658-1703*1_1658-1686*1_1658-1704*1_1658-1687*1_1679-1630*1_1679-1689*1_1679-1629*1_1679-1690*1_1679-1691*1_1679-1628*1_1679-1692*1_1679-1693*1_1679-1623*1_1679-1624*1_1679-1625*1_1679-1622*1_1679-1626*1_1679-1705*1_1679-1706*1_1679-1627*1_1679-1620*1_1679-1602*1_1679-1707*1_1679-1603*1_1679-1604*1_1679-1708*1_1679-1601*1_1679-1619*1_1679-1605*1_1679-1285*1_1679-681*1_1628-1286*2_1628-1265*2_1628-1773*2_1628-1284*2_1628-1267*2_1628-1268*2_1628-1264*2_1628-1772*2_1628-1613*2_1628-1283*2_1628-1269*2_1628-1771*2_1628-1270*2_1628-1263*2_1628-1282*2_1628-1614*2_1628-1618*2_1628-1271*2_1628-1766*2_1628-1770*2_1628-1272*2_1628-1262*2_1628-1281*2_1628-1615*2_1628-1617*2_1628-1273*2_1628-1764*2_1628-1769*2_1628-1261*2_1628-1274*2_1628-1280*2_1628-1616*2_1628-1606*2_1628-1257*2_1628-1258*2_1628-1768*2_1628-1275*2_1628-1259*2_1628-1260*2_1628-1724*2_1628-1763*2_1628-1279*2_1628-1725*2_1628-690*2_1628-1607*2_1628-1256*2_1628-1276*2_1628-1767*2_1628-1723*2_1628-1254*2_1628-1278*2_1628-1762*2_1628-1726*2_1628-692*2_1628-1253*2_1628-1722*2_1628-1252*2_1628-1727*2_1628-1609*2_1628-1728*2_1624-1761*2_1624-1720*2_1624-1729*2_1624-1709*2_1624-1760*2_1624-1711*2_1624-1752*2_1624-1730*2_1624-1712*2_1624-1749*2_1663-682*2_1663-23*2_1663-679*2_1663-24*2_1663-26*2_1663-21*2_1256-1251*3_1256-1287*3_1256-1212*3_1256-693*3_1256-694*3_1256-1228*3_1256-1229*3_1256-1227*3_1256-695*3_1256-1289*3_1256-1211*3_1256-1213*3_1256-1226*3_1256-1241*3_1256-696*3_1256-1230*3_1256-1225*3_1256-1242*3_1256-1209*3_1256-1290*3_1256-1224*3_1256-1214*3_1256-1248*3_1256-1243*3_1256-1249*3_1256-1247*3_1256-1250*3_1256-1216*3_1256-1231*3_1256-1292*3_1256-1608*3_1256-1245*3_1256-1208*3_1256-1215*3_1256-1291*3_1256-1235*3_1256-1234*3_1256-1236*3_1256-1232*3_1256-1217*3_1256-1246*3_1256-1237*3_1256-1611*3_1256-1238*3_1256-1295*3_1256-1207*3_1256-1240*3_1256-1294*3_1256-1239*3_1256-1293*3_1256-1612*3_1256-1218*3_1256-1429*3_1256-1600*3_1256-1206*3_1256-1219*3_1256-1755*3_1256-1759*3_1724-1719*3_1724-1731*3_1724-1748*3_1724-1745*3_1724-1718*3_1724-1746*3_1724-1747*3_1724-1733*3_1724-1750*3_1724-1744*3_1724-1751*3_1724-1717*3_1724-1716*3_1724-1753*3_1724-686*3_1724-1713*3_1724-1714*3_1724-1715*3_1724-1742*3_1724-1734*3_1724-1756*3_1724-1741*3_1724-1735*3_1724-1757*3_1724-1736*3_1724-1740*3_1724-16*3_1711-17*3_1711-15*3_1711-18*3_1711-13*3_1711-12*3_1711-19*3_1711-83*3_1711-11*3_1711-20*3_1711-683*3_1711-10*3_1711-73*3_1711-74*3_1711-82*3_1711-684*3_1711-72*3_1711-9*3_1711-22*3_1711-81*3_1711-685*3_1711-71*3_1711-8*3_1711-79*3_1711-1774*3_1711-77*3_1711-76*3_1711-78*3_1711-1737*3_1711-75*3_1711-85*3_1711-1775*3_1711-4*3_1711-5*3_1711-84*3_1711-65*3_1711-66*3_1711-195*3_1711-86*3_1711-67*3_1711-70*3_1711-1738*3_1711-6*3_1711-68*3_1711-194*3_1711-64*3_1711-1739*3_1711-7*3_1711-94*3_1711-193*3_1711-95*3_1711-93*3_1711-87*3_1711-62*3_1711-192*3_1238-1205*4_1238-1204*4_1238-1574*4_1238-1573*4_1238-1572*4_1238-1575*4_1238-1223*4_1238-1571*4_1238-1203*4_1238-1570*4_1238-1576*4_1238-1569*4_1238-1202*4_1238-1568*4_1238-1578*4_1238-1201*4_1238-1567*4_1238-1449*4_1238-1579*4_1238-1565*4_1238-1200*4_1238-1450*4_1238-1448*4_1238-1564*4_1238-1447*4_1238-1426*4_1238-1451*4_1238-1580*4_1238-1428*4_1238-1427*4_1238-701*4_1747-287*4_1747-1758*4_1747-286*4_1747-851*4_1747-285*4_1747-703*4_1747-852*4_1747-704*4_1747-284*4_1747-700*4_1747-310*4_1747-853*4_1747-850*4_1747-283*4_1219-1220*4_1219-1198*4_1219-699*4_1219-697*4_1219-1197*4_1219-698*4_1219-1196*4_1219-317*4_1219-318*4_1219-316*4_1219-315*4_1219-320*4_193-96*4_193-97*4_193-98*4_193-190*4_193-99*4_193-92*4_193-189*4_193-188*4_193-88*4_193-666*4_193-665*4_193-667*4_193-100*4_193-187*4_193-664*4_193-90*4_193-670*4_193-89*4_193-671*4_193-663*4_193-186*4_193-673*4_193-101*4_193-662*4_193-185*4_193-674*4_193-184*4_193-61*4_193-103*4_193-117*4_193-107*4_193-108*4_193-183*4_193-60*4_193-106*4_193-109*4_193-63*4_193-675*4_193-105*4_193-110*4_193-59*4_193-104*4_193-111*4_193-182*4_193-38*4_193-112*4_193-116*4_193-672*4_193-115*4_193-57*4_193-181*4_193-37*4_193-118*4_193-179*4_193-56*4_193-648*4_193-35*4_193-120*4_700-314*5_700-312*5_700-319*5_700-311*5_700-321*5_700-1191*5_700-1195*5_700-309*5_700-1190*5_700-1460*5_700-308*5_700-1189*5_700-1461*5_700-1187*5_700-294*5_700-293*5_700-1186*5_1451-1452*5_1451-1453*5_1451-1454*5_1451-1456*5_1451-1446*5_1451-1457*5_1451-1581*5_1451-1560*5_1451-1467*5_1451-1561*5_1451-1582*5_1451-1459*5_1451-1445*5_1451-1562*5_1451-1458*5_1451-1465*5_1451-1464*5_1451-1468*5_1451-1463*5_1451-1563*5_1451-1462*5_1451-1469*5_1451-1442*5_1451-1473*5_1451-1441*5_1451-1556*5_1451-1470*5_1451-1474*5_1451-1494*5_1451-1553*5_1451-1471*5_1451-1495*5_1451-1557*5_1451-1552*5_1451-1496*5_1451-1472*5_1451-1551*5_1451-1558*5_1451-1497*5_1451-1506*5_1451-1475*5_1451-1172*5_1451-1507*5_1451-1440*5_1451-1193*5_1451-1171*5_1451-1173*5_1451-1559*5_1451-1583*5_1451-1439*5_1451-1505*5_1451-1192*5_1451-1476*5_1451-1437*5_1192-1194*6_1192-1167*6_1192-1169*6_1192-1168*6_1192-1185*6_1192-1165*6_1192-1170*6_1192-1164*6_1192-1140*6_1192-1134*6_1192-1141*6_1192-1163*6_1192-1135*6_1192-1132*6_1192-1142*6_1192-1131*6_1192-705*6_1192-1143*6_1192-1174*6_1192-1136*6_1192-1128*6_1192-1129*6_1192-1130*6_1192-1145*6_1192-1127*6_1192-1492*6_1192-1137*6_1192-1146*6_1192-300*6_1192-1175*6_1192-1491*6_1192-1126*6_1192-1138*6_1192-299*6_1192-1156*6_1192-1147*6_1192-301*6_1192-1490*6_1192-1125*6_1192-1176*6_1192-1139*6_1192-298*6_1192-1157*6_1192-306*6_1192-1124*6_1192-1148*6_1192-1123*6_1192-303*6_1192-1161*6_1192-1489*6_1192-1178*6_1192-297*6_1192-1160*6_1192-1158*6_1192-307*6_1192-1159*6_1192-304*6_1192-1149*6_1192-1179*6_1192-1121*6_1192-1486*6_1192-1059*6_1192-1183*6_1192-1162*6_1192-296*6_1192-1058*6_1192-1487*6_1192-1060*6_1192-1180*6_1192-1181*6_1192-1150*6_1192-1120*6_1192-305*6_1192-1087*6_1192-1061*6_1192-1091*6_1735-847*4_853-849*5_853-848*5_853-279*5_853-281*5_853-282*5_853-272*5_853-271*5_853-278*5_853-273*5_853-270*5_853-277*5_853-274*5_853-260*5_853-259*5_853-268*5_853-276*5_853-288*5_853-261*5_853-289*5_853-275*5_853-257*5_853-262*5_853-265*5_853-290*5_853-264*5_853-263*5_853-266*5_853-267*5_853-228*5_853-227*5_853-256*5_853-223*5_853-226*5_853-254*5_853-229*5_853-253*5_853-292*5_853-222*5_853-252*5_853-255*5_853-230*5_853-251*5_853-221*5_853-325*5_853-220*5_853-250*5_853-342*5_853-331*5_853-334*5_853-231*5_853-323*5_853-326*5_853-216*5_853-232*5_853-249*5_853-341*5_853-332*5_853-337*5_853-233*5_853-217*5_853-248*5_853-327*5_853-338*5_853-333*5_853-328*5_188-178*5_188-177*5_188-212*5_188-211*5_188-214*5_188-210*5_188-215*5_188-119*5_188-176*5_188-196*5_305-1184*7_305-213*7_305-845*7_305-841*7_305-1182*7_305-844*7_305-842*7_305-843*7_305-225*7_305-1078*7_305-1076*7_305-1079*7_305-236*7_305-1075*7_305-1080*7_305-180*7_305-191*7_305-435*7_305-169*7_305-1062*7_305-202*7_305-1070*7_305-1071*7_305-1069*7_305-1068*7_305-1072*7_305-322*7_305-783*7_305-1067*7_305-447*7_305-1063*7_305-1065*7_305-1073*7_305-247*7_305-1064*7_305-246*7_305-782*7_305-710*7_305-458*7_305-1074*7_305-258*7_305-1081*7_305-158*7_305-1057*7_305-295*7_305-245*7_305-709*7_305-291*7_305-781*7_305-269*7_305-469*7_305-280*7_305-147*7_305-1056*7_305-1082*7_305-706*7_305-713*7_305-707*7_305-302*7_305-234*7_305-235*7_305-244*7_305-708*7_305-136*7_305-778*7_305-646*7_305-1089*7_305-380*7_305-635*7_305-1083*7_305-1054*7_305-237*7_305-125*7_305-480*7_305-1115*7_305-1090*7_305-777*7_305-691*7_305-784*7_305-785*7_305-1052*7_1558-1512*6_1558-1511*6_1558-1509*6_1558-1513*6_1558-1523*6_1558-1508*6_1558-1584*6_1558-1514*6_1558-1522*6_1558-1515*6_1558-1520*6_1558-1518*6_1558-1517*6_1558-1519*6_1558-1516*6_1558-1524*6_1558-1541*6_1558-1525*6_1558-1504*6_1558-1542*6_1558-1438*6_1558-1531*6_1558-1530*6_1558-1529*6_1558-1526*6_1558-1527*6_1558-1544*6_1558-1503*6_1558-1528*6_1558-1502*6_1558-1545*6_1558-1501*6_1558-1436*6_1558-1500*6_1558-1535*6_1558-1498*6_1558-1546*6_1558-1533*6_1558-1550*6_1558-1549*6_1558-1435*6_1558-1547*6_1558-1534*6_1558-1434*6_1558-1548*6_1558-1433*6_1558-1419*6_1558-1333*6_1558-1321*6_1183-1053*7_1183-1114*7_1183-1113*7_1183-1092*7_1183-1051*7_1183-1084*7_1183-1112*7_1183-1050*7_1183-1109*7_1183-1085*7_1183-1108*7_1183-1107*7_1183-1093*7_1183-1098*7_1183-789*7_1183-787*7_1183-788*7_1183-786*7_1183-1100*7_1183-1094*7_1183-1086*7_1183-1101*7_1183-1643*7_333-329*6_333-241*6_333-240*6_333-242*6_333-330*6_333-239*6_333-243*6_333-238*6_333-724*6_333-735*6_333-513*6_333-502*6_333-744*6_333-524*6_333-745*6_333-742*6_333-747*6_333-491*6_333-748*6_333-535*6_333-746*6_333-743*6_333-749*6_333-680*6_333-757*6_333-750*6_333-669*6_333-546*6_333-824*6_333-835*6_333-657*6_333-768*6_333-751*6_333-780*6_333-761*6_333-791*6_333-558*6_333-802*6_333-813*6_333-624*6_333-752*6_333-741*6_333-846*6_333-339*6_333-868*6_333-569*6_333-340*6_333-758*6_333-869*6_333-613*6_333-602*6_333-759*6_333-753*6_333-343*6_333-756*6_333-857*6_333-867*6_333-755*6_333-344*6_333-754*6_333-771*6_333-864*6_1518-888*7_1518-1536*7_1518-999*7_1518-0*7_1518-1537*7_1518-1*7_1518-1540*7_1518-1538*7_1518-1539*7_1518-1414*7_1518-1255*7_836-839*2_836-840*2_836-1296*2_836-1297*2_836-1303*2_836-1302*2_836-1301*2_836-1298*2_1474-1484*6_1474-1478*6_1474-1485*6_1474-1479*6_1474-1480*6_1474-1481*6_1474-1151*6_1474-1482*6_1474-1152*6_1474-1483*6_1474-1153*6_1474-1154*6_755-882*7_755-883*7_755-760*7_755-881*7_755-870*7_755-884*7_755-871*7_755-553*7_755-733*7_755-880*7_755-872*7_755-885*7_755-879*7_755-552*7_755-873*7_755-878*7_755-874*7_755-551*7_755-770*7_755-580*7_755-876*7_755-865*7_755-875*7_755-769*7_755-550*7_755-591*7_755-886*7_755-767*7_755-549*7_755-544*7_755-543*7_755-545*7_755-887*7_755-547*7_755-542*7_755-766*7_755-548*7_755-541*7_755-540*7_755-355*7_755-531*7_755-734*7_755-539*7_755-732*7_755-765*7_755-890*7_755-538*7_755-702*7_755-371*7_755-532*7_755-537*7_755-736*7_755-354*7_755-356*7_755-370*7_755-731*7_755-764*7_755-891*7_755-359*7_755-368*7_755-534*7_755-533*7_755-357*7_755-360*7_755-730*7_755-763*7_755-361*7_755-114*7_1528-1277*7_1528-1266*7_1528-1244*7_1528-1288*7_1528-1233*7_1528-1299*7_1528-1222*7_1528-1110*7_1528-1210*7_1528-1199*7_635-102*8_635-391*8_635-91*8_635-402*8_635-80*8_635-762*8_635-313*8_635-69*8_635-47*8_635-358*8_730-725*8_730-726*8_730-723*8_730-727*8_730-722*8_730-721*8_730-728*8_730-720*8_730-729*8_730-894*8_730-719*8_730-463*8_730-893*8_730-895*8_730-464*8_730-462*8_730-892*8_730-896*8_730-461*8_730-465*8_730-526*8_730-716*8_730-897*8_730-460*8_730-455*8_730-466*8_730-456*8_730-525*8_730-459*8_730-715*8_730-898*8_730-457*8_730-467*8_730-714*8_730-523*8_730-899*8_730-507*8_730-468*8_730-737*8_730-454*8_730-712*8_730-903*8_730-522*8_730-738*8_730-506*8_730-901*8_730-904*8_730-536*8_730-905*8_730-902*8_730-453*8_730-739*8_730-711*8_730-906*8_730-521*8_730-718*8_730-470*8_730-489*8_730-740*8_730-452*8_730-717*8_730-488*8_730-471*8_730-907*8_730-490*8_730-520*8_730-472*8_730-527*8_730-487*8_730-561*8_730-474*8_730-562*8_730-908*8_730-25*8_730-486*8_730-36*8_730-477*8_1255-1310*8_1255-911*8_1255-900*8_1255-1188*8_1255-922*8_1255-889*8_1255-1344*8_1255-933*8_1255-1177*8_1255-1355*8_1255-877*8_1255-1366*8_1255-866*8_1255-944*8_1255-1221*8_1255-1377*8_1255-1000*8_1255-1010*8_1255-779*8_1255-1332*8_1255-1388*8_1255-955*8_1255-1009*8_1255-668*8_1255-1443*8_1255-1011*8_1255-1024*8_1255-1023*8_1255-1025*8_1255-827*8_1255-1021*8_1255-1020*8_1255-1399*8_1255-1019*8_1255-828*8_1255-557*8_1255-1022*8_1255-1008*8_1255-1018*8_1255-1554*8_1255-1033*8_1255-1014*8_1255-2*8_91-58*9_91-413*9_91-369*9_872-367*8_872-366*8_872-362*8_872-365*8_872-363*8_872-372*8_872-364*8_872-568*8_872-378*8_872-408*8_872-554*8_872-373*8_872-353*8_872-374*8_872-555*8_872-350*8_872-375*8_872-384*8_872-556*8_872-407*8_872-376*8_872-377*8_872-570*8_872-379*8_872-559*8_872-595*8_872-352*8_872-567*8_872-349*8_872-406*8_872-594*8_872-593*8_872-560*8_872-383*8_872-381*8_872-351*8_872-571*8_872-348*8_872-405*8_872-592*8_872-400*8_872-563*8_872-346*8_872-382*8_872-404*8_872-401*8_555-449*9_787-1688*8_787-1677*8_787-772*8_787-1666*8_787-773*8_787-1654*8_787-1699*8_787-776*8_787-775*8_787-774*8_787-918*8_787-1710*8_787-919*8_787-917*8_787-1039*8_787-1040*8_787-1632*8_787-916*8_787-920*8_787-790*8_787-1038*8_787-915*8_787-1721*8_787-1621*8_787-921*8_787-1037*8_787-792*8_787-914*8_787-1732*8_787-1610*8_787-923*8_787-913*8_787-1036*8_787-793*8_787-1743*8_787-924*8_787-324*8_787-1599*8_787-336*8_787-912*8_787-794*8_787-1035*8_787-1754*8_787-1049*8_787-1048*8_787-347*8_787-1047*8_787-925*8_787-424*8_787-1588*8_787-1765*8_787-1034*8_787-926*8_787-1032*8_787-822*8_787-1041*8_787-1577*8_787-3*8_787-927*8_787-821*8_787-910*8_787-1042*8_787-14*8_787-1566*8_787-909*8_787-820*8_787-929*8_211-198*6_211-197*6_211-199*6_211-654*6_211-200*6_211-653*6_211-201*6_211-204*6_211-203*6_211-175*6_211-652*6_211-205*6_211-140*6_211-139*6_211-174*6_211-206*6_211-141*6_211-138*6_211-124*6_211-127*6_211-651*6_211-207*6_211-128*6_211-655*6_211-137*6_211-142*6_211-126*6_211-219*6_211-173*6_211-129*6_211-208*6_211-121*6_211-130*6_211-218*6_211-143*6_211-123*6_211-122*6_211-209*6_211-172*6_211-656*6_211-133*6_211-131*6_211-599*6_211-171*6_211-145*6_211-598*6_211-132*6_211-605*6_211-612*6_211-134*6_211-146*6_211-144*6_211-611*6_211-606*6_211-581*6_211-135*6_211-148*6_211-597*6_211-579*6_211-610*6_211-578*6_211-582*6_211-170*6_211-583*6_211-658*6_211-649*6_211-609*6_1018-1013*9_1018-1012*9_1018-1421*9_1018-1410*9_1018-1002*9_1018-1432*9_1018-1015*9_1018-1444*9_1018-1001*9_1018-1119*9_1018-1493*9_1018-1016*9_1018-998*9_1018-1118*9_1018-1003*9_1018-1017*9_1018-807*9_1018-826*9_1018-1455*9_1018-808*9_1018-809*9_1018-1004*9_1018-1007*9_1018-825*9_1018-806*9_1018-997*9_1018-823*9_1018-1117*9_1018-1005*9_1018-1006*9_1018-966*9_1018-1466*9_1018-805*9_1018-977*9_1018-996*9_1018-1477*9_1018-988*9_1018-1116*9_1018-993*9_1018-804*9_1018-1488*9_1018-992*9_1018-801*9_1018-803*9_1018-995*9_1018-1095*9_1018-1096*9_1018-950*9_1018-991*9_1018-800*9_1018-799*9_1018-1499*9_1018-798*9_1018-994*9_1018-812*9_1018-810*9_1018-797*9_1018-1097*9_1018-1510*9_1018-940*9_1018-939*9_1018-941*9_1018-796*9_1018-814*9_1018-938*9_1018-949*9_1018-795*9_1018-811*9_1018-953*9_1018-943*9_1089-1102*8_1089-1103*8_1089-1104*8_1089-1105*8_1089-1106*8_1089-1555*8_1089-1543*8_1089-1532*8_464-473*9_464-475*9_464-476*9_464-478*9_464-479*9_464-481*9_464-485*9_464-482*9_464-484*9_464-492*9_464-508*9_464-509*9_464-497*9_598-577*7_598-584*7_598-576*7_598-585*7_598-149*7_598-574*7_598-600*7_598-164*7_598-586*7_598-150*7_598-573*7_598-601*7_598-590*7_598-650*7_598-589*7_598-157*7_598-154*7_598-151*7_598-588*7_598-603*7_598-168*7_598-167*7_598-604*7_598-166*7_598-152*7_598-159*7_598-165*7_598-160*7_598-156*7_598-155*7_598-161*7_598-596*7_598-162*7_598-153*7_598-587*7_598-163*7_598-575*7_598-607*7_598-572*7_598-345*7_598-440*7_598-439*7_598-441*7_598-438*7_598-385*7_994-948*10_994-951*10_994-946*10_994-947*10_994-952*10_994-945*10_994-962*10_994-961*10_994-942*10_994-956*10_994-957*10_994-954*10_994-960*10_994-958*10_994-959*10_994-1030*10_994-1026*10_994-1031*10_994-989*10_994-963*10_994-1027*10_994-964*10_994-990*10_994-1028*10_994-968*10_994-969*10_994-967*10_994-965*10_994-1029*10_994-1144*10_994-1133*10_994-981*10_994-1122*10_994-937*10_994-980*10_994-970*10_994-1155*10_994-1111*10_994-979*10_994-982*10_994-936*10_994-971*10_994-1166*10_994-1099*10_994-983*10_994-935*10_994-987*10_994-1088*10_994-978*10_994-974*10_1166-986*11_1166-985*11_1166-984*11_1166-972*11_1166-1077*11_1166-1066*11_1166-973*11_1166-1055*11_1166-1044*11_1166-975*11_1166-446*11_1166-976*11_1166-335*11_658-659*7_658-660*7_658-661*7_658-608*7_658-614*7_658-616*7_658-615*7_658-642*7_658-617*7_658-641*7_658-618*7_658-640*7_658-619*7_658-639*7_658-620*7_658-638*7_658-621*7_557-224*9_557-113*9_557-1665*9_509-510*10_509-483*10_509-511*10_509-512*10_509-514*10_509-515*10_509-496*10_509-498*10_509-516*10_509-495*10_509-499*10_509-493*10_509-517*10_509-494*10_509-518*10_509-500*10_509-501*10_509-504*10_509-519*10_509-503*10_509-505*10_509-530*10_509-529*10_509-422*10_509-528*10_509-421*10_923-928*9_923-1043*9_923-930*9_923-819*9_923-1045*9_923-931*9_923-818*9_923-1046*9_923-932*9_923-817*9_923-816*9_923-934*9_923-1521*9_923-815*9_1298-1300*3_1298-1304*3_1298-1315*3_1298-1311*3_1298-1312*3_1298-1313*3_1298-1322*3_1298-1314*3_1298-1316*3_1298-1305*3_1298-1317*3_1298-1306*3_1298-1323*3_1298-1318*3_1298-1307*3_1298-1324*3_1298-1319*3_1298-1325*3_1298-1308*3_1298-1334*3_1298-1326*3_1298-1320*3_1298-1335*3_1298-1594*3_1298-1331*3_1298-1595*3_1298-1329*3_1298-1590*3_1298-1336*3_404-403*9_404-397*9_404-409*9_404-399*9_404-398*9_404-410*9_404-396*9_404-411*9_404-395*9_404-412*9_404-565*9_404-414*9_404-394*9_404-393*9_404-392*9_404-444*9_404-415*9_404-390*9_404-566*9_404-450*9_404-423*9_404-448*9_404-445*9_404-389*9_404-416*9_404-425*9_404-443*9_404-564*9_404-451*9_404-426*9_404-388*9_404-427*9_404-442*9_404-387*9_404-428*9_404-430*9_404-429*9_404-431*9_404-386*9_404-432*9_404-433*9_404-434*9_404-436*9_404-437*9_510-420*11_1538-1407*8_1538-1406*8_414-417*12_414-418*12_414-419*12_1701-27*2_1701-28*2_1701-48*2_1701-49*2_1701-46*2_1701-29*2_1316-1330*4_1316-1327*4_1316-1356*4_1316-1328*4_1316-1354*4_1316-1341*4_1316-1337*4_1316-1357*4_1316-1338*4_1316-1353*4_1316-1358*4_1316-1309*4_1316-1339*4_1316-1589*4_1316-1591*4_1316-1352*4_1316-1592*4_1316-1593*4_1316-1340*4_1316-1587*4_1316-1362*4_1316-1361*4_1316-1342*4_1587-1586*5_1587-1585*5_1587-1391*5_1587-1393*5_1587-1392*5_1587-1394*5_1587-1400*5_1587-1395*5_1587-1386*5_1587-1387*5_1587-1397*5_1587-1398*5_1587-1385*5_1587-1389*5_1587-1596*5_1587-1401*5_1587-1396*5_1587-1390*5_1587-1597*5_1587-1384*5_1587-1598*5_1587-1420*5_1587-1418*5_1587-1383*5_1587-1404*5_1587-1372*5_1587-1417*5_1587-1382*5_1587-1403*5_1587-1409*5_1587-1360*5_1587-1416*5_1587-1371*5_1587-1422*5_1587-1381*5_1587-1402*5_1587-1411*5_1587-1415*5_1587-1359*5_1587-1423*5_1587-1370*5_1587-1380*5_1587-1373*5_1587-1412*5_1587-1343*5_1587-1363*5_1587-1424*5_1587-1364*5_1587-1379*5_1587-1374*5_1587-1413*5_1587-1425*5_1373-1375*6_1373-1378*6_1373-1376*6_1373-1365*6_1373-1408*6_1373-863*6_1373-1367*6_1373-862*6_1373-1405*6_1373-861*6_1373-1368*6_1373-860*6_1373-1369*6_1373-859*6_1373-858*6_1373-1345*6_24-30*3_24-31*3_24-32*3_24-39*3_24-33*3_24-34*3_24-40*3_24-41*3_24-50*3_24-51*3_24-42*3_24-52*3_24-43*3_24-53*3_24-45*3_24-54*3_24-44*3_24-678*3_24-676*3_24-55*3_24-677*3_1319-1351*4_1319-1350*4_1319-1349*4_1319-1348*4_1319-1347*4_1319-1346*4_648-647*5_648-645*5_648-644*5_648-632*5_648-631*5_648-622*5_648-623*5_648-630*5_648-625*5_648-637*5_648-626*5_648-627*5_648-629*5_648-633*5_648-628*5_648-643*5_648-636*5_1579-1430*5_1579-1431*5_644-634*6_
