"id","Scenario","Actual Range","Protocol","Buildings","Total nodes","Nodes on circ","Total coverage","Coverage on circ","Alert received mean time","Hops","Slots","Messages sent","Messages received", "Starting x", "Starting y","Starting node", "Vehicle distance", "Received node ids", "Node ids", "Transmission map", "Received on circ nodes", "Transmission vector"
0,1,100,0,1,2496,42,2366,42,147774,13.5,147.619,494,2366,200,100,1252,25,1251_1253_1250_1254_1249_1255_0_96_1248_1256_1_2_3_4_1252_5_6_7_8_1344_97_1257_98_1258_99_1259_100_1260_9_1345_10_1346_11_1347_12_1348_101_102_103_104_1352_1261_1262_1263_192_1264_193_1265_194_1266_195_1267_196_1268_105_1351_1353_106_1350_1354_107_1349_1355_108_1356_13_197_14_198_15_199_16_1440_200_1360_1359_1361_1358_1362_201_1357_1363_202_109_110_17_1441_18_1442_19_1443_20_1444_203_204_205_206_111_112_1448_1447_1449_1446_1450_113_1445_1451_114_207_208_1456_1455_1457_1454_1458_209_1453_1459_210_1364_1269_1270_1271_288_1272_211_212_213_214_289_1273_290_1274_291_1275_292_1276_293_294_295_21_22_23_24_1536_296_1368_1367_1369_1366_1370_297_115_116_117_118_1365_25_1537_26_1538_27_1539_28_1540_215_216_1552_1551_1553_1550_1554_217_1549_1555_218_119_120_1544_1543_1545_1542_1546_121_1541_1547_122_298_299_300_1371_301_1277_1278_1279_384_1280_302_303_304_1464_219_220_221_222_223_224_1648_123_124_125_126_385_1281_386_1282_387_1283_388_1284_305_1463_1465_306_1462_1466_307_1461_1467_308_1460_1468_1469_1470_1471_400_1472_29_30_31_399_401_1473_398_402_1474_397_403_1475_396_404_1476_32_1632_1633_1634_33_1635_34_127_128_1640_1639_1641_1638_1642_129_1637_1643_130_225_1647_1649_226_1646_1650_227_1645_1651_228_1644_1652_309_310_311_312_1560_1477_1478_1479_496_1480_1285_1286_1287_480_1288_313_1559_1561_314_1558_1562_315_1557_1563_316_1556_1564_495_497_1481_494_498_1482_493_499_1483_492_500_1484_481_1289_482_1290_483_1291_484_1292_317_318_319_320_1656_389_390_391_392_1376_501_502_503_504_1576_35_36_1293_37_1294_38_1295_576_1296_505_1575_1577_506_1574_1578_507_1573_1579_508_1572_1580_1653_1654_1655_577_1297_578_1298_579_1299_580_1300_39_40_1728_1729_1730_41_485_486_487_488_1384_405_406_407_408_1568_489_1383_1385_490_1382_1386_491_1381_1387_1380_1388_1485_1486_1487_592_1488_591_593_1489_590_594_1490_589_595_1491_588_596_1492_131_132_133_134_509_1493_510_1494_1495_688_1496_1565_1566_1567_321_1657_322_1658_323_1659_324_1660_393_1375_1377_394_1374_1378_395_1373_1379_1372_581_582_583_584_1392_229_230_231_232_1744_325_1661_1662_326_327_1663_416_1664_409_1569_410_1570_411_1571_412_233_1743_1745_234_1742_1746_235_1741_1747_236_1740_1748_1301_1302_1303_672_1304_687_689_1497_686_690_1498_685_691_1499_684_692_1500_1389_1390_1391_1501_1502_1503_784_1504_1731_42_1732_43_1733_693_694_695_696_1592_135_136_1736_1735_1737_1734_1738_137_1739_138_597_598_599_600_1584_139_140_141_142_585_1393_586_1394_587_1395_1396_1591_1593_1590_1594_697_44_45_46_1581_1582_1583_328_1752_1751_1753_329_1750_1754_330_1749_1755_331_237_238_239_240_1840_47_48_1824_1825_1826_49_1827_50_511_512_1672_1671_1673_1670_1674_513_1669_1675_514_413_414_415_241_1839_1841_242_1838_1842_243_1837_1843_244_1836_1844_673_1305_674_1306_675_1307_676_1308_677_678_679_680_1400_51_52_53_54_417_1665_418_1666_419_1667_420_1668_601_1585_602_1586_603_1587_604_1588_143_144_1832_1831_1833_1830_1834_145_1829_1835_146_1452_332_333_334_335_245_246_247_248_1936_336_1848_1847_1849_337_1846_1850_338_1845_1851_339_55_56_1920_1921_1922_57_1923_58_1589_1397_1398_1399_698_699_1595_700_1596_783_785_1505_782_786_1506_781_787_1507_780_788_1508_1828_681_682_1401_340_1852_701_249_1935_1937_250_1934_1938_251_1933_1939_252_1932_1940_1509_1510_1511_880_1512_683_1402_1403_515_516_517_518_341_342_343_344_1944_789_790_791_1404_421_1405_422_1406_423_424_1760_1597_1598_1599_792_1600_345_1943_1945_346_1942_1946_347_1941_1947_348_1948_425_1759_1761_426_1758_1762_427_1757_1763_428_1756_1764_253_254_255_256_2032_879_881_1513_878_882_1514_877_883_1515_876_884_1516_519_520_1768_1767_1769_1766_1770_521_1765_1771_522_605_606_607_608_1680_349_350_351_352_2040_1309_1310_1311_768_1312_702_703_704_1688_1687_1689_1686_1690_705_353_2039_2041_354_2038_2042_355_2037_2043_356_2036_2044_769_1313_770_1314_771_1315_772_1316_2045_2046_2047_448_2048_793_1601_794_1602_795_1603_796_1604_59_60_61_62_773_774_775_776_1408_1691_1692_706_1693_707_1694_797_798_799_800_1696_429_430_431_432_1856_777_1407_1409_778_1410_779_1411_1412_433_1855_1857_434_1854_1858_435_1853_1859_436_1860_357_358_359_360_2136_609_1679_1681_610_1678_1682_611_1677_1683_612_1676_1684_1685_1317_1318_1319_864_1320_1949_1950_1951_440_1952_523_524_525_526_2031_2033_257_2030_2034_258_2029_2035_259_437_438_439_527_528_1864_1863_1865_1862_1866_529_1861_1867_530_1605_1606_1607_888_1608_1517_1518_1519_976_1520_2028_260_2027_261_2026_262_263_975_977_1521_974_978_1522_973_979_1523_972_980_1524_441_1953_442_1954_443_1955_444_1956_885_886_887_63_64_2016_2017_2018_65_2019_66_613_889_1609_890_1610_891_1611_892_1612_801_1695_1697_802_1698_803_1699_804_1700_67_68_69_1868_1869_1870_1871_1957_361_2135_2137_362_2134_2138_363_2133_2139_364_2132_2140_893_894_895_896_1704_865_1321_866_1322_867_1323_868_1324_624_1872_623_625_1873_622_626_1874_621_627_1875_981_982_983_984_1616_447_449_2049_446_450_2050_445_451_2051_452_2052_1325_1326_1327_960_1328_70_71_72_2112_2113_2114_73_531_1413_1414_1415_872_1416_2141_2142_2143_456_2144_2053_2054_2055_544_2056_455_457_2145_454_458_2146_453_459_2147_460_2148_1613_1614_1615_805_806_807_808_1792_628_629_630_631_985_1617_986_1618_987_1619_988_1620_1525_1526_1527_1072_1528_1791_1793_1790_1794_809_869_870_871_74_75_76_2115_77_873_1417_874_1418_875_1419_1420_264_2128_2127_2129_265_2126_2130_266_2125_2131_267_1876_1877_1878_1701_1879_1702_1703_632_1968_1967_1969_633_1966_1970_634_1965_1971_635_961_1329_962_1330_963_1331_964_1332_1080_1624_461_462_463_464_2240_897_898_1705_899_1706_614_615_616_1776_1775_1777_1774_1778_617_2149_2150_2151_552_2152_708_1421_1422_1333_1334_1335_1056_1336_1079_1081_1623_1625_1078_1082_1622_1626_1077_1083_1621_1627_1076_1084_1628_989_990_991_992_1712_1958_1959_536_1960_535_537_534_538_1961_365_366_367_368_2232_1629_1630_1631_1176_709_710_711_712_1784_965_618_619_620_1773_1779_636_1964_1972_78_79_80_2208_2209_2210_81_551_553_2153_550_554_2154_549_555_2155_548_556_2156_1085_1086_1087_1088_1720_1057_1337_1058_1338_1059_1339_557_558_559_560_2248_1340_1341_1342_1343_1071_1073_1529_1070_1074_1530_1069_1075_1531_1068_1532_465_2239_2241_466_2238_2242_467_2237_2243_468_2236_2244_720_1880_719_721_1881_718_722_1882_717_723_1883_1707_1708_1709_1710_2245_2246_2247_469_470_471_472_2336_1423_968_1424_967_969_966_970_1425_971_1426_1089_1719_1721_1090_1718_1722_1091_1717_1723_1092_1716_1724_1783_1785_713_1782_1786_714_1781_1787_715_716_369_2231_2233_370_2230_2234_810_811_371_2229_2235_372_2228_812_1789_1795_813_1711_993_994_1713_995_1714_1715_996_1884_1885_1886_1887_2157_2158_2159_648_2160_561_2249_647_649_2161_562_2250_646_650_2162_563_2251_645_651_2163_564_2252_644_652_2164_1962_1963_533_539_1175_1177_1174_1178_1173_1179_1172_1180_997_998_1093_1094_1095_1096_1816_2253_2254_2255_656_2256_999_1000_1808_1807_1809_1806_1810_1001_1805_1811_1002_1725_1726_1727_1184_82_83_84_2211_85_565_566_567_568_2344_637_638_639_640_2064_1427_2165_2166_2167_744_2168_814_815_816_1888_1889_1890_817_473_2335_2337_1003_474_2334_2338_1004_475_2333_2339_1005_476_2332_2340_1006_655_657_2257_654_658_2258_653_659_2259_660_2260_1973_1974_1975_728_1976_1533_1534_1535_1168_569_2343_2345_570_2342_2346_571_2341_2347_572_2348_1428_1429_1430_1431_373_374_375_1152_1153_1154_1155_641_2063_2065_642_2062_2066_643_2061_2067_2060_2068_1064_1432_1063_1065_1433_1062_1066_1434_1061_1067_1435_743_745_2169_742_746_2170_741_747_2171_1891_1892_818_1893_819_1894_477_478_479_2432_543_545_2057_542_546_2058_541_547_2059_661_662_663_664_2352_1181_1182_1183_1788_665_2351_2353_666_2350_2354_667_2349_2355_668_2356_2069_2070_2071_736_2072_1060_573_574_575_2440_1007_1008_1904_1903_1905_1902_1906_1009_1901_1907_1010_669_670_671_2448_2261_2262_2263_752_2264_2431_2433_2430_2434_2429_2435_2428_2436_727_729_1977_726_730_1978_725_731_1979_724_732_1980_1185_1186_1187_1188_2437_2438_2439_2447_2449_2446_2450_2445_2451_751_753_2265_750_754_2266_749_755_2267_748_756_2268_86_87_88_2304_2305_2306_89_735_737_2073_734_738_2074_733_739_2075_740_2076_2172_2173_2174_2175_376_2328_2327_2329_377_2326_2330_378_2325_2331_379_820_821_822_823_2269_2270_2271_848_2272_757_758_1436_1437_1438_1439_1895_912_1896_911_913_910_914_1897_909_915_1898_1167_1169_1166_1170_1165_1171_1164_1908_1909_1910_1911_847_849_2273_846_850_2274_845_851_2275_844_852_2276_759_760_2360_2359_2361_2358_2362_761_2357_2363_762_1189_1190_1191_1192_90_91_92_2307_93_853_854_855_856_2368_1899_1900_2277_2278_2279_944_2280_1160_1159_1161_1158_1162_1157_1163_380_381_382_383_943_945_2281_942_946_2282_941_947_2283_940_948_2284_2441_2442_840_2176_839_841_2177_838_842_2178_837_843_2179_1193_1823_1194_1822_1195_1821_1196_1820_763_764_765_766_1104_1912_1103_1105_1913_1102_1106_1914_1101_1107_1915_1981_1982_1983_824_1984_94_95_2400_2401_2402_2443_2444_767_2456_2455_2457_2454_2458_2453_2459_1985_825_1986_826_1987_827_2180_2181_2182_2183_2424_2423_2425_2422_2426_2421_2427_1108_1109_1110_2077_2078_2079_832_2080_828_829_830_831_2285_2286_2287_1040_2288_1111_1112_2008_857_2367_2369_858_2366_2370_859_2365_2371_860_2364_2372_936_2184_935_937_2185_934_938_2186_933_939_2187_2373_2374_2375_952_2376_833_2081_834_2082_835_2083_836_2084_949_950_951_1197_1198_1199_1200_2452_532_2188_2189_2190_2191_1039_1041_2289_1038_1042_2290_1037_1043_2291_1036_1044_2292_1045_1046_1047_2085_2086_2087_1113_2007_2009_1114_2006_2010_1115_2005_2011_1116_2004_2012_2124_2123_2122_2121_953_2377_954_2378_955_2379_956_2380_1201_1919_1202_1918_1203_1917_1204_1916_861_862_863_2464_1156_1815_1817_1814_1818_1097_1813_1819_1098_1032_2192_1031_1033_1030_1034_2193_2463_2465_2462_2466_2461_2467_2460_2468_1205_1206_1207_1208_540_1048_2384_2383_2385_1049_2382_2386_1050_2381_2387_1051_1780_1099_1100_1035_2194_2195_1029_1117_1118_1119_1120_2104_2293_2294_2295_1136_2296_1132_1140_2300_2013_2014_2015_928_2088_927_929_2089_926_930_2090_925_931_2091_957_958_959_2472_1052_1053_1054_1055_2471_2473_2470_2474_2469_2475_2476_2092_2093_2094_2095_1024_2096_1023_1025_2097_1022_1026_2098_1021_1027_2099_1209_1210_1121_2103_2105_1122_2102_2106_1123_2101_2107_1124_2100_2108_1211_2403_2404_1212_1213_1214_2420_2419_2418_2417_2480_2479_2481_2478_2482_2477_2483_1139_1141_2299_2301_1138_1142_2298_2302_1137_1143_2297_2303_1144_2392_1232_1125_1126_1127_1128_2200_1135_1134_1133_1129_2199_2201_1130_2198_2202_1131_2197_2203_2196_2204_1215_1216_2111_2110_1217_2109_1218_1796_1797_1798_1799_1145_2391_2393_1146_2390_2394_1147_2389_2395_1148_2388_2396_1231_1233_1230_1234_1229_1235_1219_1220_1221_1222_2205_2206_2207_1224_1223_1225_1226_1227_1228_2397_2398_2399_1240_904_1800_903_905_902_906_1801_901_907_1802_1028_1149_1150_1151_2488_2484_2485_2486_2487_2489_2490_908_1803_2324_2323_2322_2321_1011_1239_1241_1238_1242_1237_1243_1236_1244_1245_1246_1247_2491_2492_2493_1988_1989_1990_1991_2494_2495_920_1992_919_921_1993_918_922_1994_917_923_1995_1996_1997_1998_1999_1804_1016_2000_1015_1017_2001_1014_1018_2002_1013_1019_2003_900_932_1012_924_1020_,0_1_2_3_4_5_6_7_8_9_10_11_12_13_14_15_16_17_18_19_20_21_22_23_24_25_26_27_28_29_30_31_32_33_34_35_36_37_38_39_40_41_42_43_44_45_46_47_48_49_50_51_52_53_54_55_56_57_58_59_60_61_62_63_64_65_66_67_68_69_70_71_72_73_74_75_76_77_78_79_80_81_82_83_84_85_86_87_88_89_90_91_92_93_94_95_96_97_98_99_100_101_102_103_104_105_106_107_108_109_110_111_112_113_114_115_116_117_118_119_120_121_122_123_124_125_126_127_128_129_130_131_132_133_134_135_136_137_138_139_140_141_142_143_144_145_146_147_148_149_150_151_152_153_154_155_156_157_158_159_160_161_162_163_164_165_166_167_168_169_170_171_172_173_174_175_176_177_178_179_180_181_182_183_184_185_186_187_188_189_190_191_192_193_194_195_196_197_198_199_200_201_202_203_204_205_206_207_208_209_210_211_212_213_214_215_216_217_218_219_220_221_222_223_224_225_226_227_228_229_230_231_232_233_234_235_236_237_238_239_240_241_242_243_244_245_246_247_248_249_250_251_252_253_254_255_256_257_258_259_260_261_262_263_264_265_266_267_268_269_270_271_272_273_274_275_276_277_278_279_280_281_282_283_284_285_286_287_288_289_290_291_292_293_294_295_296_297_298_299_300_301_302_303_304_305_306_307_308_309_310_311_312_313_314_315_316_317_318_319_320_321_322_323_324_325_326_327_328_329_330_331_332_333_334_335_336_337_338_339_340_341_342_343_344_345_346_347_348_349_350_351_352_353_354_355_356_357_358_359_360_361_362_363_364_365_366_367_368_369_370_371_372_373_374_375_376_377_378_379_380_381_382_383_384_385_386_387_388_389_390_391_392_393_394_395_396_397_398_399_400_401_402_403_404_405_406_407_408_409_410_411_412_413_414_415_416_417_418_419_420_421_422_423_424_425_426_427_428_429_430_431_432_433_434_435_436_437_438_439_440_441_442_443_444_445_446_447_448_449_450_451_452_453_454_455_456_457_458_459_460_461_462_463_464_465_466_467_468_469_470_471_472_473_474_475_476_477_478_479_480_481_482_483_484_485_486_487_488_489_490_491_492_493_494_495_496_497_498_499_500_501_502_503_504_505_506_507_508_509_510_511_512_513_514_515_516_517_518_519_520_521_522_523_524_525_526_527_528_529_530_531_532_533_534_535_536_537_538_539_540_541_542_543_544_545_546_547_548_549_550_551_552_553_554_555_556_557_558_559_560_561_562_563_564_565_566_567_568_569_570_571_572_573_574_575_576_577_578_579_580_581_582_583_584_585_586_587_588_589_590_591_592_593_594_595_596_597_598_599_600_601_602_603_604_605_606_607_608_609_610_611_612_613_614_615_616_617_618_619_620_621_622_623_624_625_626_627_628_629_630_631_632_633_634_635_636_637_638_639_640_641_642_643_644_645_646_647_648_649_650_651_652_653_654_655_656_657_658_659_660_661_662_663_664_665_666_667_668_669_670_671_672_673_674_675_676_677_678_679_680_681_682_683_684_685_686_687_688_689_690_691_692_693_694_695_696_697_698_699_700_701_702_703_704_705_706_707_708_709_710_711_712_713_714_715_716_717_718_719_720_721_722_723_724_725_726_727_728_729_730_731_732_733_734_735_736_737_738_739_740_741_742_743_744_745_746_747_748_749_750_751_752_753_754_755_756_757_758_759_760_761_762_763_764_765_766_767_768_769_770_771_772_773_774_775_776_777_778_779_780_781_782_783_784_785_786_787_788_789_790_791_792_793_794_795_796_797_798_799_800_801_802_803_804_805_806_807_808_809_810_811_812_813_814_815_816_817_818_819_820_821_822_823_824_825_826_827_828_829_830_831_832_833_834_835_836_837_838_839_840_841_842_843_844_845_846_847_848_849_850_851_852_853_854_855_856_857_858_859_860_861_862_863_864_865_866_867_868_869_870_871_872_873_874_875_876_877_878_879_880_881_882_883_884_885_886_887_888_889_890_891_892_893_894_895_896_897_898_899_900_901_902_903_904_905_906_907_908_909_910_911_912_913_914_915_916_917_918_919_920_921_922_923_924_925_926_927_928_929_930_931_932_933_934_935_936_937_938_939_940_941_942_943_944_945_946_947_948_949_950_951_952_953_954_955_956_957_958_959_960_961_962_963_964_965_966_967_968_969_970_971_972_973_974_975_976_977_978_979_980_981_982_983_984_985_986_987_988_989_990_991_992_993_994_995_996_997_998_999_1000_1001_1002_1003_1004_1005_1006_1007_1008_1009_1010_1011_1012_1013_1014_1015_1016_1017_1018_1019_1020_1021_1022_1023_1024_1025_1026_1027_1028_1029_1030_1031_1032_1033_1034_1035_1036_1037_1038_1039_1040_1041_1042_1043_1044_1045_1046_1047_1048_1049_1050_1051_1052_1053_1054_1055_1056_1057_1058_1059_1060_1061_1062_1063_1064_1065_1066_1067_1068_1069_1070_1071_1072_1073_1074_1075_1076_1077_1078_1079_1080_1081_1082_1083_1084_1085_1086_1087_1088_1089_1090_1091_1092_1093_1094_1095_1096_1097_1098_1099_1100_1101_1102_1103_1104_1105_1106_1107_1108_1109_1110_1111_1112_1113_1114_1115_1116_1117_1118_1119_1120_1121_1122_1123_1124_1125_1126_1127_1128_1129_1130_1131_1132_1133_1134_1135_1136_1137_1138_1139_1140_1141_1142_1143_1144_1145_1146_1147_1148_1149_1150_1151_1152_1153_1154_1155_1156_1157_1158_1159_1160_1161_1162_1163_1164_1165_1166_1167_1168_1169_1170_1171_1172_1173_1174_1175_1176_1177_1178_1179_1180_1181_1182_1183_1184_1185_1186_1187_1188_1189_1190_1191_1192_1193_1194_1195_1196_1197_1198_1199_1200_1201_1202_1203_1204_1205_1206_1207_1208_1209_1210_1211_1212_1213_1214_1215_1216_1217_1218_1219_1220_1221_1222_1223_1224_1225_1226_1227_1228_1229_1230_1231_1232_1233_1234_1235_1236_1237_1238_1239_1240_1241_1242_1243_1244_1245_1246_1247_1248_1249_1250_1251_1252_1253_1254_1255_1256_1257_1258_1259_1260_1261_1262_1263_1264_1265_1266_1267_1268_1269_1270_1271_1272_1273_1274_1275_1276_1277_1278_1279_1280_1281_1282_1283_1284_1285_1286_1287_1288_1289_1290_1291_1292_1293_1294_1295_1296_1297_1298_1299_1300_1301_1302_1303_1304_1305_1306_1307_1308_1309_1310_1311_1312_1313_1314_1315_1316_1317_1318_1319_1320_1321_1322_1323_1324_1325_1326_1327_1328_1329_1330_1331_1332_1333_1334_1335_1336_1337_1338_1339_1340_1341_1342_1343_1344_1345_1346_1347_1348_1349_1350_1351_1352_1353_1354_1355_1356_1357_1358_1359_1360_1361_1362_1363_1364_1365_1366_1367_1368_1369_1370_1371_1372_1373_1374_1375_1376_1377_1378_1379_1380_1381_1382_1383_1384_1385_1386_1387_1388_1389_1390_1391_1392_1393_1394_1395_1396_1397_1398_1399_1400_1401_1402_1403_1404_1405_1406_1407_1408_1409_1410_1411_1412_1413_1414_1415_1416_1417_1418_1419_1420_1421_1422_1423_1424_1425_1426_1427_1428_1429_1430_1431_1432_1433_1434_1435_1436_1437_1438_1439_1440_1441_1442_1443_1444_1445_1446_1447_1448_1449_1450_1451_1452_1453_1454_1455_1456_1457_1458_1459_1460_1461_1462_1463_1464_1465_1466_1467_1468_1469_1470_1471_1472_1473_1474_1475_1476_1477_1478_1479_1480_1481_1482_1483_1484_1485_1486_1487_1488_1489_1490_1491_1492_1493_1494_1495_1496_1497_1498_1499_1500_1501_1502_1503_1504_1505_1506_1507_1508_1509_1510_1511_1512_1513_1514_1515_1516_1517_1518_1519_1520_1521_1522_1523_1524_1525_1526_1527_1528_1529_1530_1531_1532_1533_1534_1535_1536_1537_1538_1539_1540_1541_1542_1543_1544_1545_1546_1547_1548_1549_1550_1551_1552_1553_1554_1555_1556_1557_1558_1559_1560_1561_1562_1563_1564_1565_1566_1567_1568_1569_1570_1571_1572_1573_1574_1575_1576_1577_1578_1579_1580_1581_1582_1583_1584_1585_1586_1587_1588_1589_1590_1591_1592_1593_1594_1595_1596_1597_1598_1599_1600_1601_1602_1603_1604_1605_1606_1607_1608_1609_1610_1611_1612_1613_1614_1615_1616_1617_1618_1619_1620_1621_1622_1623_1624_1625_1626_1627_1628_1629_1630_1631_1632_1633_1634_1635_1636_1637_1638_1639_1640_1641_1642_1643_1644_1645_1646_1647_1648_1649_1650_1651_1652_1653_1654_1655_1656_1657_1658_1659_1660_1661_1662_1663_1664_1665_1666_1667_1668_1669_1670_1671_1672_1673_1674_1675_1676_1677_1678_1679_1680_1681_1682_1683_1684_1685_1686_1687_1688_1689_1690_1691_1692_1693_1694_1695_1696_1697_1698_1699_1700_1701_1702_1703_1704_1705_1706_1707_1708_1709_1710_1711_1712_1713_1714_1715_1716_1717_1718_1719_1720_1721_1722_1723_1724_1725_1726_1727_1728_1729_1730_1731_1732_1733_1734_1735_1736_1737_1738_1739_1740_1741_1742_1743_1744_1745_1746_1747_1748_1749_1750_1751_1752_1753_1754_1755_1756_1757_1758_1759_1760_1761_1762_1763_1764_1765_1766_1767_1768_1769_1770_1771_1772_1773_1774_1775_1776_1777_1778_1779_1780_1781_1782_1783_1784_1785_1786_1787_1788_1789_1790_1791_1792_1793_1794_1795_1796_1797_1798_1799_1800_1801_1802_1803_1804_1805_1806_1807_1808_1809_1810_1811_1812_1813_1814_1815_1816_1817_1818_1819_1820_1821_1822_1823_1824_1825_1826_1827_1828_1829_1830_1831_1832_1833_1834_1835_1836_1837_1838_1839_1840_1841_1842_1843_1844_1845_1846_1847_1848_1849_1850_1851_1852_1853_1854_1855_1856_1857_1858_1859_1860_1861_1862_1863_1864_1865_1866_1867_1868_1869_1870_1871_1872_1873_1874_1875_1876_1877_1878_1879_1880_1881_1882_1883_1884_1885_1886_1887_1888_1889_1890_1891_1892_1893_1894_1895_1896_1897_1898_1899_1900_1901_1902_1903_1904_1905_1906_1907_1908_1909_1910_1911_1912_1913_1914_1915_1916_1917_1918_1919_1920_1921_1922_1923_1924_1925_1926_1927_1928_1929_1930_1931_1932_1933_1934_1935_1936_1937_1938_1939_1940_1941_1942_1943_1944_1945_1946_1947_1948_1949_1950_1951_1952_1953_1954_1955_1956_1957_1958_1959_1960_1961_1962_1963_1964_1965_1966_1967_1968_1969_1970_1971_1972_1973_1974_1975_1976_1977_1978_1979_1980_1981_1982_1983_1984_1985_1986_1987_1988_1989_1990_1991_1992_1993_1994_1995_1996_1997_1998_1999_2000_2001_2002_2003_2004_2005_2006_2007_2008_2009_2010_2011_2012_2013_2014_2015_2016_2017_2018_2019_2020_2021_2022_2023_2024_2025_2026_2027_2028_2029_2030_2031_2032_2033_2034_2035_2036_2037_2038_2039_2040_2041_2042_2043_2044_2045_2046_2047_2048_2049_2050_2051_2052_2053_2054_2055_2056_2057_2058_2059_2060_2061_2062_2063_2064_2065_2066_2067_2068_2069_2070_2071_2072_2073_2074_2075_2076_2077_2078_2079_2080_2081_2082_2083_2084_2085_2086_2087_2088_2089_2090_2091_2092_2093_2094_2095_2096_2097_2098_2099_2100_2101_2102_2103_2104_2105_2106_2107_2108_2109_2110_2111_2112_2113_2114_2115_2116_2117_2118_2119_2120_2121_2122_2123_2124_2125_2126_2127_2128_2129_2130_2131_2132_2133_2134_2135_2136_2137_2138_2139_2140_2141_2142_2143_2144_2145_2146_2147_2148_2149_2150_2151_2152_2153_2154_2155_2156_2157_2158_2159_2160_2161_2162_2163_2164_2165_2166_2167_2168_2169_2170_2171_2172_2173_2174_2175_2176_2177_2178_2179_2180_2181_2182_2183_2184_2185_2186_2187_2188_2189_2190_2191_2192_2193_2194_2195_2196_2197_2198_2199_2200_2201_2202_2203_2204_2205_2206_2207_2208_2209_2210_2211_2212_2213_2214_2215_2216_2217_2218_2219_2220_2221_2222_2223_2224_2225_2226_2227_2228_2229_2230_2231_2232_2233_2234_2235_2236_2237_2238_2239_2240_2241_2242_2243_2244_2245_2246_2247_2248_2249_2250_2251_2252_2253_2254_2255_2256_2257_2258_2259_2260_2261_2262_2263_2264_2265_2266_2267_2268_2269_2270_2271_2272_2273_2274_2275_2276_2277_2278_2279_2280_2281_2282_2283_2284_2285_2286_2287_2288_2289_2290_2291_2292_2293_2294_2295_2296_2297_2298_2299_2300_2301_2302_2303_2304_2305_2306_2307_2308_2309_2310_2311_2312_2313_2314_2315_2316_2317_2318_2319_2320_2321_2322_2323_2324_2325_2326_2327_2328_2329_2330_2331_2332_2333_2334_2335_2336_2337_2338_2339_2340_2341_2342_2343_2344_2345_2346_2347_2348_2349_2350_2351_2352_2353_2354_2355_2356_2357_2358_2359_2360_2361_2362_2363_2364_2365_2366_2367_2368_2369_2370_2371_2372_2373_2374_2375_2376_2377_2378_2379_2380_2381_2382_2383_2384_2385_2386_2387_2388_2389_2390_2391_2392_2393_2394_2395_2396_2397_2398_2399_2400_2401_2402_2403_2404_2405_2406_2407_2408_2409_2410_2411_2412_2413_2414_2415_2416_2417_2418_2419_2420_2421_2422_2423_2424_2425_2426_2427_2428_2429_2430_2431_2432_2433_2434_2435_2436_2437_2438_2439_2440_2441_2442_2443_2444_2445_2446_2447_2448_2449_2450_2451_2452_2453_2454_2455_2456_2457_2458_2459_2460_2461_2462_2463_2464_2465_2466_2467_2468_2469_2470_2471_2472_2473_2474_2475_2476_2477_2478_2479_2480_2481_2482_2483_2484_2485_2486_2487_2488_2489_2490_2491_2492_2493_2494_2495_,4:{5;6;7;8;1344;}8:{9;1345;10;1346;11;1347;12;1348;}12:{13;14;15;16;1440;}20:{21;22;23;24;1536;}24:{25;1537;26;1538;27;1539;28;1540;}27:{29;30;31;}30:{32;1632;1633;1634;33;1635;34;}34:{35;36;37;38;}37:{39;40;1728;1729;1730;41;}42:{44;45;46;}46:{47;48;1824;1825;1826;49;1827;50;}50:{51;52;53;54;}54:{55;56;1920;1921;1922;57;1923;58;}58:{59;60;61;62;}62:{63;64;2016;2017;2018;65;2019;66;}65:{67;68;69;}69:{70;71;72;2112;2113;2114;73;}73:{74;75;76;2115;77;}77:{78;79;80;2208;2209;2210;81;}81:{82;83;84;2211;85;}85:{86;87;88;2304;2305;2306;89;}89:{90;91;92;2307;93;}93:{94;95;2400;2401;2402;}100:{101;102;103;104;1352;}104:{105;1351;1353;106;1350;1354;107;1349;1355;108;1356;}106:{109;110;}110:{111;112;1448;1447;1449;1446;1450;113;1445;1451;114;}114:{115;116;117;118;}118:{119;120;1544;1543;1545;1542;1546;121;1541;1547;122;}122:{123;124;125;126;}126:{127;128;1640;1639;1641;1638;1642;129;1637;1643;130;}130:{131;132;133;134;}134:{135;136;1736;1735;1737;1734;1738;137;1739;138;}138:{139;140;141;142;}142:{143;144;1832;1831;1833;1830;1834;145;1829;1835;146;}196:{197;198;199;200;1360;}198:{1359;1361;1358;1362;201;1357;1363;202;}200:{1364;}202:{203;204;205;206;}206:{207;208;1456;1455;1457;1454;1458;209;1453;1459;210;}210:{211;212;213;214;}214:{215;216;1552;1551;1553;1550;1554;217;1549;1555;218;}218:{219;220;221;222;}220:{223;224;1648;}228:{229;230;231;232;1744;}236:{237;238;239;240;1840;}240:{241;1839;1841;242;1838;1842;243;1837;1843;244;1836;1844;}244:{245;246;247;248;1936;}248:{249;1935;1937;250;1934;1938;251;1933;1939;252;1932;1940;}252:{253;254;255;256;2032;}255:{2031;2033;257;2030;2034;258;2029;2035;259;}259:{260;261;262;263;}263:{264;2128;2127;2129;265;2126;2130;266;2125;2131;267;}288:{289;1273;290;1274;291;1275;292;1276;}291:{293;294;295;}293:{296;1368;1367;1369;1366;1370;297;}297:{298;299;300;1371;301;}300:{302;303;304;1464;}308:{309;310;311;312;1560;}312:{313;1559;1561;314;1558;1562;315;1557;1563;316;1556;1564;}316:{317;318;319;320;1656;}320:{321;1657;322;1658;323;1659;324;1660;}323:{325;326;327;}327:{328;1752;1751;1753;329;1750;1754;330;1749;1755;331;}331:{332;333;334;335;}335:{336;1848;1847;1849;337;1846;1850;338;1845;1851;339;}340:{341;342;343;344;1944;}348:{349;350;351;352;2040;}352:{353;2039;2041;354;2038;2042;355;2037;2043;356;2036;2044;}356:{357;358;359;360;2136;}364:{365;366;367;368;2232;}371:{373;374;375;}375:{376;2328;2327;2329;377;2326;2330;378;2325;2331;379;}379:{380;381;382;383;}383:{2424;2423;2425;2422;2426;2421;2427;}384:{385;1281;386;1282;387;1283;388;1284;}388:{389;390;391;392;1376;}392:{393;1375;1377;394;1374;1378;395;1373;1379;1372;}400:{399;401;1473;398;402;1474;397;403;1475;396;404;1476;}404:{405;406;407;408;1568;}412:{413;414;415;}420:{421;422;423;424;1760;}428:{429;430;431;432;1856;}432:{433;1855;1857;434;1854;1858;435;1853;1859;436;1860;}436:{437;438;439;}460:{461;462;463;464;2240;}468:{469;470;471;472;2336;}472:{473;2335;2337;474;2334;2338;475;2333;2339;476;2332;2340;}476:{477;478;479;2432;}480:{481;1289;482;1290;483;1291;484;1292;}484:{485;486;487;488;1384;}488:{489;1383;1385;490;1382;1386;491;1381;1387;1380;1388;}500:{501;502;503;504;1576;}506:{509;510;}510:{511;512;1672;1671;1673;1670;1674;513;1669;1675;514;}514:{515;516;517;518;}518:{519;520;1768;1767;1769;1766;1770;521;1765;1771;522;}522:{523;524;525;526;}526:{527;528;1864;1863;1865;1862;1866;529;1861;1867;530;}531:{532;}539:{540;}552:{551;553;2153;550;554;2154;549;555;2155;548;556;2156;}556:{557;558;559;560;2248;}564:{565;566;567;568;2344;}568:{569;2343;2345;570;2342;2346;571;2341;2347;572;2348;}572:{573;574;575;2440;}573:{2441;2442;}576:{577;1297;578;1298;579;1299;580;1300;}580:{581;582;583;584;1392;}592:{591;593;1489;590;594;1490;589;595;1491;588;596;1492;}596:{597;598;599;600;1584;}604:{605;606;607;608;1680;}609:{613;}613:{614;615;616;1776;1775;1777;1774;1778;617;}617:{618;619;620;1773;1779;}627:{628;629;630;631;}631:{632;1968;1967;1969;633;1966;1970;634;1965;1971;635;}632:{636;1964;1972;}636:{637;638;639;640;2064;}656:{655;657;2257;654;658;2258;653;659;2259;660;2260;}660:{661;662;663;664;2352;}664:{665;2351;2353;666;2350;2354;667;2349;2355;668;2356;}668:{669;670;671;2448;}671:{2447;2449;2446;2450;2445;2451;}672:{673;1305;674;1306;675;1307;676;1308;}676:{677;678;679;680;1400;}681:{683;1402;1403;}688:{687;689;1497;686;690;1498;685;691;1499;684;692;1500;}692:{693;694;695;696;1592;}693:{1591;1593;1590;1594;697;}697:{701;}701:{702;703;704;1688;1687;1689;1686;1690;705;}704:{708;}708:{709;710;711;712;1784;}711:{1783;1785;713;1782;1786;714;1781;1787;715;}715:{716;}728:{727;729;1977;726;730;1978;725;731;1979;724;732;1980;}736:{735;737;2073;734;738;2074;733;739;2075;740;2076;}754:{757;758;}758:{759;760;2360;2359;2361;2358;2362;761;2357;2363;762;}762:{763;764;765;766;}766:{767;2456;2455;2457;2454;2458;2453;2459;}772:{773;774;775;776;1408;}784:{783;785;1505;782;786;1506;781;787;1507;780;788;1508;}787:{789;790;791;}796:{797;798;799;800;1696;}800:{801;1695;1697;802;1698;803;1699;804;1700;}804:{805;806;807;808;1792;}805:{1791;1793;1790;1794;809;}809:{810;811;812;1789;1795;813;}813:{814;815;816;1888;1889;1890;817;}819:{820;821;822;823;}823:{1985;825;1986;826;1987;827;}827:{828;829;830;831;}848:{847;849;2273;846;850;2274;845;851;2275;844;852;2276;}852:{853;854;855;856;2368;}856:{857;2367;2369;858;2366;2370;859;2365;2371;860;2364;2372;}860:{861;862;863;2464;}867:{869;870;871;}880:{879;881;1513;878;882;1514;877;883;1515;876;884;1516;}884:{885;886;887;}888:{889;1609;890;1610;891;1611;892;1612;}892:{893;894;895;896;1704;}901:{900;}906:{908;1803;}923:{924;}931:{932;}944:{943;945;2281;942;946;2282;941;947;2283;940;948;2284;}948:{949;950;951;}956:{957;958;959;2472;}961:{965;}966:{1427;}976:{975;977;1521;974;978;1522;973;979;1523;972;980;1524;}980:{981;982;983;984;1616;}984:{985;1617;986;1618;987;1619;988;1620;}988:{989;990;991;992;1712;}992:{1715;996;}994:{997;998;}998:{999;1000;1808;1807;1809;1806;1810;1001;1805;1811;1002;}1002:{1003;1004;1005;1006;}1006:{1007;1008;1904;1903;1905;1902;1906;1009;1901;1907;1010;}1011:{1012;}1019:{1020;}1027:{1028;}1033:{1035;2194;2195;1029;}1040:{1039;1041;2289;1038;1042;2290;1037;1043;2291;1036;1044;2292;}1043:{1045;1046;1047;}1047:{1048;2384;2383;2385;1049;2382;2386;1050;2381;2387;1051;}1051:{1052;1053;1054;1055;}1055:{2480;2479;2481;2478;2482;2477;2483;}1059:{1060;}1080:{1079;1081;1623;1625;1078;1082;1622;1626;1077;1083;1621;1627;1076;1084;1628;}1084:{1085;1086;1087;1088;1720;}1092:{1093;1094;1095;1096;1816;}1094:{1815;1817;1814;1818;1097;1813;1819;1098;}1098:{1099;1100;}1106:{1108;1109;1110;}1108:{1111;1112;2008;}1112:{1113;2007;2009;1114;2006;2010;1115;2005;2011;1116;2004;2012;}1116:{1117;1118;1119;1120;2104;}1124:{1125;1126;1127;1128;2200;}1128:{1129;2199;2201;1130;2198;2202;1131;2197;2203;2196;2204;}1136:{1132;1140;2300;}1140:{1139;1141;1138;1142;1137;1143;1144;2392;}1148:{1149;1150;1151;2488;}1154:{1156;}1168:{1167;1169;1166;1170;1165;1171;1164;}1176:{1175;1177;1174;1178;1173;1179;1172;1180;}1180:{1181;1182;1183;}1184:{1185;1186;1187;1188;}1188:{1189;1190;1191;1192;}1192:{1193;1823;1194;1822;1195;1821;1196;1820;}1196:{1197;1198;1199;1200;}1200:{1201;1919;1202;1918;1203;1917;1204;1916;}1204:{1205;1206;1207;1208;}1206:{1209;1210;}1207:{1211;}1210:{1212;1213;1214;}1214:{1215;1216;2111;2110;1217;2109;1218;}1218:{1219;1220;1221;1222;}1224:{1223;1225;1226;1227;1228;}1240:{1239;1241;1238;1242;1237;1243;1236;1244;}1244:{1245;1246;1247;}1248:{1;2;3;4;1252;}1252:{1251;1253;1250;1254;1249;1255;0;96;1248;1256;}1256:{97;1257;98;1258;99;1259;100;1260;}1260:{1261;1262;1263;192;1264;}1264:{193;1265;194;1266;195;1267;196;1268;}1268:{1269;1270;1271;288;1272;}1276:{1277;1278;1279;384;1280;}1284:{1285;1286;1287;480;1288;}1292:{1293;1294;1295;576;1296;}1300:{1301;1302;1303;672;1304;}1308:{1309;1310;1311;768;1312;}1312:{769;1313;770;1314;771;1315;772;1316;}1316:{1317;1318;1319;864;1320;}1320:{865;1321;866;1322;867;1323;868;1324;}1324:{1325;1326;1327;960;1328;}1328:{961;1329;962;1330;963;1331;964;1332;}1332:{1333;1334;1335;1056;1336;}1335:{1057;1337;1058;1338;1059;1339;}1339:{1340;1341;1342;1343;}1343:{1152;1153;1154;1155;}1364:{1365;}1388:{1389;1390;1391;}1392:{585;1393;586;1394;587;1395;1396;}1396:{1397;1398;1399;}1397:{681;682;1401;}1402:{1404;1405;1406;}1408:{777;1407;1409;778;1410;779;1411;1412;}1412:{1413;1414;1415;872;1416;}1416:{873;1417;874;1418;875;1419;1420;}1418:{1421;1422;}1422:{1423;968;1424;967;969;966;970;1425;971;1426;}1427:{1428;1429;1430;1431;}1431:{1064;1432;1063;1065;1433;1062;1066;1434;1061;1067;1435;}1435:{1436;1437;1438;1439;}1439:{1160;1159;1161;1158;1162;1157;1163;}1440:{17;1441;18;1442;19;1443;20;1444;}1456:{1452;}1464:{305;1463;1465;306;1462;1466;307;1461;1467;308;1460;1468;}1468:{1469;1470;1471;400;1472;}1476:{1477;1478;1479;496;1480;}1480:{495;497;1481;494;498;1482;493;499;1483;492;500;1484;}1484:{1485;1486;1487;592;1488;}1492:{1493;1494;1495;688;1496;}1500:{1501;1502;1503;784;1504;}1508:{1509;1510;1511;880;1512;}1516:{1517;1518;1519;976;1520;}1524:{1525;1526;1527;1072;1528;}1528:{1071;1073;1529;1070;1074;1530;1069;1075;1531;1068;1532;}1532:{1533;1534;1535;1168;}1564:{1565;1566;1567;}1568:{409;1569;410;1570;411;1571;412;}1576:{505;1575;1577;506;1574;1578;507;1573;1579;508;1572;1580;}1580:{1581;1582;1583;}1584:{601;1585;602;1586;603;1587;604;1588;}1588:{1589;}1592:{698;699;1595;700;1596;}1596:{1597;1598;1599;792;1600;}1600:{793;1601;794;1602;795;1603;796;1604;}1604:{1605;1606;1607;888;1608;}1612:{1613;1614;1615;}1620:{1080;1624;}1628:{1629;1630;1631;1176;}1648:{225;1647;1649;226;1646;1650;227;1645;1651;228;1644;1652;}1652:{1653;1654;1655;}1660:{1661;1662;1663;416;1664;}1664:{417;1665;418;1666;419;1667;420;1668;}1680:{609;1679;1681;610;1678;1682;611;1677;1683;612;1676;1684;}1684:{1685;}1690:{1691;1692;706;1693;707;1694;}1700:{1701;1702;1703;}1702:{897;898;1705;899;1706;}1706:{1707;1708;1709;1710;}1710:{1711;993;994;1713;995;1714;}1720:{1089;1719;1721;1090;1718;1722;1091;1717;1723;1092;1716;1724;}1724:{1725;1726;1727;1184;}1729:{1731;42;1732;43;1733;}1744:{233;1743;1745;234;1742;1746;235;1741;1747;236;1740;1748;}1760:{425;1759;1761;426;1758;1762;427;1757;1763;428;1756;1764;}1779:{1780;}1787:{1788;}1795:{1796;1797;1798;1799;}1798:{904;1800;903;905;902;906;1801;901;907;1802;}1803:{1804;}1829:{1828;}1848:{340;1852;}1862:{531;}1867:{1868;1869;1870;1871;}1871:{624;1872;623;625;1873;622;626;1874;621;627;1875;}1875:{1876;1877;1878;1879;}1879:{720;1880;719;721;1881;718;722;1882;717;723;1883;}1883:{1884;1885;1886;1887;}1890:{1891;1892;818;1893;819;1894;}1894:{1895;912;1896;911;913;910;914;1897;909;915;1898;}1898:{1899;1900;}1903:{1011;}1907:{1908;1909;1910;1911;}1911:{1104;1912;1103;1105;1913;1102;1106;1914;1101;1107;1915;}1944:{345;1943;1945;346;1942;1946;347;1941;1947;348;1948;}1948:{1949;1950;1951;440;1952;}1952:{441;1953;442;1954;443;1955;444;1956;}1953:{1957;}1957:{1958;1959;536;1960;535;537;534;538;1961;}1961:{1962;1963;533;539;}1972:{1973;1974;1975;728;1976;}1980:{1981;1982;1983;824;1984;}1987:{1988;1989;1990;1991;}1991:{920;1992;919;921;1993;918;922;1994;917;923;1995;}1995:{1996;1997;1998;1999;}1999:{1016;2000;1015;1017;2001;1014;1018;2002;1013;1019;2003;}2012:{2013;2014;2015;}2030:{2028;2027;2026;}2044:{2045;2046;2047;448;2048;}2048:{447;449;2049;446;450;2050;445;451;2051;452;2052;}2052:{2053;2054;2055;544;2056;}2055:{543;545;2057;542;546;2058;541;547;2059;}2064:{641;2063;2065;642;2062;2066;643;2061;2067;2060;2068;}2068:{2069;2070;2071;736;2072;}2076:{2077;2078;2079;832;2080;}2080:{833;2081;834;2082;835;2083;836;2084;}2083:{2085;2086;2087;}2087:{928;2088;927;929;2089;926;930;2090;925;931;2091;}2091:{2092;2093;2094;2095;}2095:{1024;2096;1023;1025;2097;1022;1026;2098;1021;1027;2099;}2104:{1121;2103;2105;1122;2102;2106;1123;2101;2107;1124;2100;2108;}2125:{2124;2123;2122;2121;}2136:{361;2135;2137;362;2134;2138;363;2133;2139;364;2132;2140;}2140:{2141;2142;2143;456;2144;}2144:{455;457;2145;454;458;2146;453;459;2147;460;2148;}2148:{2149;2150;2151;552;2152;}2156:{2157;2158;2159;648;2160;}2160:{647;649;2161;646;650;2162;645;651;2163;644;652;2164;}2164:{2165;2166;2167;744;2168;}2167:{743;745;2169;742;746;2170;741;747;2171;}2171:{2172;2173;2174;2175;}2175:{840;2176;839;841;2177;838;842;2178;837;843;2179;}2179:{2180;2181;2182;2183;}2183:{936;2184;935;937;2185;934;938;2186;933;939;2187;}2187:{2188;2189;2190;2191;}2189:{1032;2192;1031;1033;1030;1034;2193;}2204:{2205;2206;2207;1224;}2232:{369;2231;2233;370;2230;2234;371;2229;2235;372;2228;}2240:{465;2239;2241;466;2238;2242;467;2237;2243;468;2236;2244;}2244:{2245;2246;2247;}2248:{561;2249;562;2250;563;2251;564;2252;}2252:{2253;2254;2255;656;2256;}2260:{2261;2262;2263;752;2264;}2264:{751;753;2265;750;754;2266;749;755;2267;748;756;2268;}2268:{2269;2270;2271;848;2272;}2276:{2277;2278;2279;944;2280;}2284:{2285;2286;2287;1040;2288;}2292:{2293;2294;2295;1136;2296;}2296:{1135;1134;1133;}2300:{2299;2301;2298;2302;2297;2303;1232;}2303:{1231;1233;1230;1234;1229;1235;}2325:{2324;2323;2322;2321;}2372:{2373;2374;2375;952;2376;}2376:{953;2377;954;2378;955;2379;956;2380;}2392:{1145;2391;2393;1146;2390;2394;1147;2389;2395;1148;2388;2396;}2396:{2397;2398;2399;1240;}2400:{2403;2404;}2421:{2420;2419;2418;2417;}2432:{2431;2433;2430;2434;2429;2435;2428;2436;}2436:{2437;2438;2439;}2441:{2443;2444;}2453:{2452;}2464:{2463;2465;2462;2466;2461;2467;2460;2468;}2472:{2471;2473;2470;2474;2469;2475;2476;}2482:{2484;2485;2486;}2486:{2487;2489;2490;}2489:{2491;2492;2493;}2493:{2494;2495;},39_40_135_136_230_231_322_323_412_413_495_496_497_498_499_1291_1292_1293_1387_1388_1480_1481_1571_1572_1573_1659_1660_1661_1728_1729_1730_1731_1732_1733_1734_1735_1736_1737_1738_1739_1740_1741_,1252-1251*0_1252-1253*0_1252-1250*0_1252-1254*0_1252-1249*0_1252-1255*0_1252-0*0_1252-96*0_1252-1248*0_1252-1256*0_1248-1*1_1248-2*1_1248-3*1_1248-4*1_1248-1252*1_4-5*2_4-6*2_4-7*2_4-8*2_4-1344*2_1256-97*1_1256-1257*1_1256-98*1_1256-1258*1_1256-99*1_1256-1259*1_1256-100*1_1256-1260*1_8-9*3_8-1345*3_8-10*3_8-1346*3_8-11*3_8-1347*3_8-12*3_8-1348*3_100-101*2_100-102*2_100-103*2_100-104*2_100-1352*2_1260-1261*2_1260-1262*2_1260-1263*2_1260-192*2_1260-1264*2_1264-193*3_1264-1265*3_1264-194*3_1264-1266*3_1264-195*3_1264-1267*3_1264-196*3_1264-1268*3_104-105*3_104-1351*3_104-1353*3_104-106*3_104-1350*3_104-1354*3_104-107*3_104-1349*3_104-1355*3_104-108*3_104-1356*3_12-13*4_196-197*4_12-14*4_196-198*4_12-15*4_196-199*4_12-16*4_12-1440*4_196-200*4_196-1360*4_198-1359*5_198-1361*5_198-1358*5_198-1362*5_198-201*5_198-1357*5_198-1363*5_198-202*5_106-109*4_106-110*4_1440-17*5_1440-1441*5_1440-18*5_1440-1442*5_1440-19*5_1440-1443*5_1440-20*5_1440-1444*5_202-203*6_202-204*6_202-205*6_202-206*6_110-111*5_110-112*5_110-1448*5_110-1447*5_110-1449*5_110-1446*5_110-1450*5_110-113*5_110-1445*5_110-1451*5_110-114*5_206-207*7_206-208*7_206-1456*7_206-1455*7_206-1457*7_206-1454*7_206-1458*7_206-209*7_206-1453*7_206-1459*7_206-210*7_200-1364*5_1268-1269*4_1268-1270*4_1268-1271*4_1268-288*4_1268-1272*4_210-211*8_210-212*8_210-213*8_210-214*8_288-289*5_288-1273*5_288-290*5_288-1274*5_288-291*5_288-1275*5_288-292*5_288-1276*5_291-293*6_291-294*6_291-295*6_20-21*6_20-22*6_20-23*6_20-24*6_20-1536*6_293-296*7_293-1368*7_293-1367*7_293-1369*7_293-1366*7_293-1370*7_293-297*7_114-115*6_114-116*6_114-117*6_114-118*6_1364-1365*6_24-25*7_24-1537*7_24-26*7_24-1538*7_24-27*7_24-1539*7_24-28*7_24-1540*7_214-215*9_214-216*9_214-1552*9_214-1551*9_214-1553*9_214-1550*9_214-1554*9_214-217*9_214-1549*9_214-1555*9_214-218*9_118-119*7_118-120*7_118-1544*7_118-1543*7_118-1545*7_118-1542*7_118-1546*7_118-121*7_118-1541*7_118-1547*7_118-122*7_297-298*8_297-299*8_297-300*8_297-1371*8_297-301*8_1276-1277*6_1276-1278*6_1276-1279*6_1276-384*6_1276-1280*6_300-302*9_300-303*9_300-304*9_300-1464*9_218-219*10_218-220*10_218-221*10_218-222*10_220-223*11_220-224*11_220-1648*11_122-123*8_122-124*8_122-125*8_122-126*8_384-385*7_384-1281*7_384-386*7_384-1282*7_384-387*7_384-1283*7_384-388*7_384-1284*7_1464-305*10_1464-1463*10_1464-1465*10_1464-306*10_1464-1462*10_1464-1466*10_1464-307*10_1464-1461*10_1464-1467*10_1464-308*10_1464-1460*10_1464-1468*10_1468-1469*11_1468-1470*11_1468-1471*11_1468-400*11_1468-1472*11_27-29*8_27-30*8_27-31*8_400-399*12_400-401*12_400-1473*12_400-398*12_400-402*12_400-1474*12_400-397*12_400-403*12_400-1475*12_400-396*12_400-404*12_400-1476*12_30-32*9_30-1632*9_30-1633*9_30-1634*9_30-33*9_30-1635*9_30-34*9_126-127*9_126-128*9_126-1640*9_126-1639*9_126-1641*9_126-1638*9_126-1642*9_126-129*9_126-1637*9_126-1643*9_126-130*9_1648-225*12_1648-1647*12_1648-1649*12_1648-226*12_1648-1646*12_1648-1650*12_1648-227*12_1648-1645*12_1648-1651*12_1648-228*12_1648-1644*12_1648-1652*12_308-309*11_308-310*11_308-311*11_308-312*11_308-1560*11_1476-1477*13_1476-1478*13_1476-1479*13_1476-496*13_1476-1480*13_1284-1285*8_1284-1286*8_1284-1287*8_1284-480*8_1284-1288*8_312-313*12_312-1559*12_312-1561*12_312-314*12_312-1558*12_312-1562*12_312-315*12_312-1557*12_312-1563*12_312-316*12_312-1556*12_312-1564*12_1480-495*14_1480-497*14_1480-1481*14_1480-494*14_1480-498*14_1480-1482*14_1480-493*14_1480-499*14_1480-1483*14_1480-492*14_1480-500*14_1480-1484*14_480-481*9_480-1289*9_480-482*9_480-1290*9_480-483*9_480-1291*9_480-484*9_480-1292*9_316-317*13_316-318*13_316-319*13_316-320*13_316-1656*13_388-389*8_388-390*8_388-391*8_388-392*8_388-1376*8_500-501*15_500-502*15_500-503*15_500-504*15_500-1576*15_34-35*10_34-36*10_1292-1293*10_34-37*10_1292-1294*10_34-38*10_1292-1295*10_1292-576*10_1292-1296*10_1576-505*16_1576-1575*16_1576-1577*16_1576-506*16_1576-1574*16_1576-1578*16_1576-507*16_1576-1573*16_1576-1579*16_1576-508*16_1576-1572*16_1576-1580*16_1652-1653*13_1652-1654*13_1652-1655*13_576-577*11_576-1297*11_576-578*11_576-1298*11_576-579*11_576-1299*11_576-580*11_576-1300*11_37-39*11_37-40*11_37-1728*11_37-1729*11_37-1730*11_37-41*11_484-485*10_484-486*10_484-487*10_484-488*10_484-1384*10_404-405*13_404-406*13_404-407*13_404-408*13_404-1568*13_488-489*11_488-1383*11_488-1385*11_488-490*11_488-1382*11_488-1386*11_488-491*11_488-1381*11_488-1387*11_488-1380*11_488-1388*11_1484-1485*15_1484-1486*15_1484-1487*15_1484-592*15_1484-1488*15_592-591*16_592-593*16_592-1489*16_592-590*16_592-594*16_592-1490*16_592-589*16_592-595*16_592-1491*16_592-588*16_592-596*16_592-1492*16_130-131*10_130-132*10_130-133*10_130-134*10_506-509*17_1492-1493*17_506-510*17_1492-1494*17_1492-1495*17_1492-688*17_1492-1496*17_1564-1565*13_1564-1566*13_1564-1567*13_320-321*14_320-1657*14_320-322*14_320-1658*14_320-323*14_320-1659*14_320-324*14_320-1660*14_392-393*9_392-1375*9_392-1377*9_392-394*9_392-1374*9_392-1378*9_392-395*9_392-1373*9_392-1379*9_392-1372*9_580-581*12_580-582*12_580-583*12_580-584*12_580-1392*12_228-229*13_228-230*13_228-231*13_228-232*13_228-1744*13_323-325*15_1660-1661*15_1660-1662*15_323-326*15_323-327*15_1660-1663*15_1660-416*15_1660-1664*15_1568-409*14_1568-1569*14_1568-410*14_1568-1570*14_1568-411*14_1568-1571*14_1568-412*14_1744-233*14_1744-1743*14_1744-1745*14_1744-234*14_1744-1742*14_1744-1746*14_1744-235*14_1744-1741*14_1744-1747*14_1744-236*14_1744-1740*14_1744-1748*14_1300-1301*12_1300-1302*12_1300-1303*12_1300-672*12_1300-1304*12_688-687*18_688-689*18_688-1497*18_688-686*18_688-690*18_688-1498*18_688-685*18_688-691*18_688-1499*18_688-684*18_688-692*18_688-1500*18_1388-1389*12_1388-1390*12_1388-1391*12_1500-1501*19_1500-1502*19_1500-1503*19_1500-784*19_1500-1504*19_1729-1731*12_1729-42*12_1729-1732*12_1729-43*12_1729-1733*12_692-693*19_692-694*19_692-695*19_692-696*19_692-1592*19_134-135*11_134-136*11_134-1736*11_134-1735*11_134-1737*11_134-1734*11_134-1738*11_134-137*11_134-1739*11_134-138*11_596-597*17_596-598*17_596-599*17_596-600*17_596-1584*17_138-139*12_138-140*12_138-141*12_138-142*12_1392-585*13_1392-1393*13_1392-586*13_1392-1394*13_1392-587*13_1392-1395*13_1392-1396*13_693-1591*20_693-1593*20_693-1590*20_693-1594*20_693-697*20_42-44*13_42-45*13_42-46*13_1580-1581*17_1580-1582*17_1580-1583*17_327-328*16_327-1752*16_327-1751*16_327-1753*16_327-329*16_327-1750*16_327-1754*16_327-330*16_327-1749*16_327-1755*16_327-331*16_236-237*15_236-238*15_236-239*15_236-240*15_236-1840*15_46-47*14_46-48*14_46-1824*14_46-1825*14_46-1826*14_46-49*14_46-1827*14_46-50*14_510-511*18_510-512*18_510-1672*18_510-1671*18_510-1673*18_510-1670*18_510-1674*18_510-513*18_510-1669*18_510-1675*18_510-514*18_412-413*15_412-414*15_412-415*15_240-241*16_240-1839*16_240-1841*16_240-242*16_240-1838*16_240-1842*16_240-243*16_240-1837*16_240-1843*16_240-244*16_240-1836*16_240-1844*16_672-673*13_672-1305*13_672-674*13_672-1306*13_672-675*13_672-1307*13_672-676*13_672-1308*13_676-677*14_676-678*14_676-679*14_676-680*14_676-1400*14_50-51*15_50-52*15_50-53*15_50-54*15_1664-417*16_1664-1665*16_1664-418*16_1664-1666*16_1664-419*16_1664-1667*16_1664-420*16_1664-1668*16_1584-601*18_1584-1585*18_1584-602*18_1584-1586*18_1584-603*18_1584-1587*18_1584-604*18_1584-1588*18_142-143*13_142-144*13_142-1832*13_142-1831*13_142-1833*13_142-1830*13_142-1834*13_142-145*13_142-1829*13_142-1835*13_142-146*13_1456-1452*8_331-332*17_331-333*17_331-334*17_331-335*17_244-245*17_244-246*17_244-247*17_244-248*17_244-1936*17_335-336*18_335-1848*18_335-1847*18_335-1849*18_335-337*18_335-1846*18_335-1850*18_335-338*18_335-1845*18_335-1851*18_335-339*18_54-55*16_54-56*16_54-1920*16_54-1921*16_54-1922*16_54-57*16_54-1923*16_54-58*16_1588-1589*19_1396-1397*14_1396-1398*14_1396-1399*14_1592-698*20_1592-699*20_1592-1595*20_1592-700*20_1592-1596*20_784-783*20_784-785*20_784-1505*20_784-782*20_784-786*20_784-1506*20_784-781*20_784-787*20_784-1507*20_784-780*20_784-788*20_784-1508*20_1829-1828*14_1397-681*15_1397-682*15_1397-1401*15_1848-340*19_1848-1852*19_697-701*21_248-249*18_248-1935*18_248-1937*18_248-250*18_248-1934*18_248-1938*18_248-251*18_248-1933*18_248-1939*18_248-252*18_248-1932*18_248-1940*18_1508-1509*21_1508-1510*21_1508-1511*21_1508-880*21_1508-1512*21_681-683*16_681-1402*16_681-1403*16_514-515*19_514-516*19_514-517*19_514-518*19_340-341*20_340-342*20_340-343*20_340-344*20_340-1944*20_787-789*21_787-790*21_787-791*21_1402-1404*17_420-421*17_1402-1405*17_420-422*17_1402-1406*17_420-423*17_420-424*17_420-1760*17_1596-1597*21_1596-1598*21_1596-1599*21_1596-792*21_1596-1600*21_1944-345*21_1944-1943*21_1944-1945*21_1944-346*21_1944-1942*21_1944-1946*21_1944-347*21_1944-1941*21_1944-1947*21_1944-348*21_1944-1948*21_1760-425*18_1760-1759*18_1760-1761*18_1760-426*18_1760-1758*18_1760-1762*18_1760-427*18_1760-1757*18_1760-1763*18_1760-428*18_1760-1756*18_1760-1764*18_252-253*19_252-254*19_252-255*19_252-256*19_252-2032*19_880-879*22_880-881*22_880-1513*22_880-878*22_880-882*22_880-1514*22_880-877*22_880-883*22_880-1515*22_880-876*22_880-884*22_880-1516*22_518-519*20_518-520*20_518-1768*20_518-1767*20_518-1769*20_518-1766*20_518-1770*20_518-521*20_518-1765*20_518-1771*20_518-522*20_604-605*19_604-606*19_604-607*19_604-608*19_604-1680*19_348-349*22_348-350*22_348-351*22_348-352*22_348-2040*22_1308-1309*14_1308-1310*14_1308-1311*14_1308-768*14_1308-1312*14_701-702*22_701-703*22_701-704*22_701-1688*22_701-1687*22_701-1689*22_701-1686*22_701-1690*22_701-705*22_352-353*23_352-2039*23_352-2041*23_352-354*23_352-2038*23_352-2042*23_352-355*23_352-2037*23_352-2043*23_352-356*23_352-2036*23_352-2044*23_1312-769*15_1312-1313*15_1312-770*15_1312-1314*15_1312-771*15_1312-1315*15_1312-772*15_1312-1316*15_2044-2045*24_2044-2046*24_2044-2047*24_2044-448*24_2044-2048*24_1600-793*22_1600-1601*22_1600-794*22_1600-1602*22_1600-795*22_1600-1603*22_1600-796*22_1600-1604*22_58-59*17_58-60*17_58-61*17_58-62*17_772-773*16_772-774*16_772-775*16_772-776*16_772-1408*16_1690-1691*23_1690-1692*23_1690-706*23_1690-1693*23_1690-707*23_1690-1694*23_796-797*23_796-798*23_796-799*23_796-800*23_796-1696*23_428-429*19_428-430*19_428-431*19_428-432*19_428-1856*19_1408-777*17_1408-1407*17_1408-1409*17_1408-778*17_1408-1410*17_1408-779*17_1408-1411*17_1408-1412*17_432-433*20_432-1855*20_432-1857*20_432-434*20_432-1854*20_432-1858*20_432-435*20_432-1853*20_432-1859*20_432-436*20_432-1860*20_356-357*24_356-358*24_356-359*24_356-360*24_356-2136*24_1680-609*20_1680-1679*20_1680-1681*20_1680-610*20_1680-1678*20_1680-1682*20_1680-611*20_1680-1677*20_1680-1683*20_1680-612*20_1680-1676*20_1680-1684*20_1684-1685*21_1316-1317*16_1316-1318*16_1316-1319*16_1316-864*16_1316-1320*16_1948-1949*22_1948-1950*22_1948-1951*22_1948-440*22_1948-1952*22_522-523*21_522-524*21_522-525*21_522-526*21_255-2031*20_255-2033*20_255-257*20_255-2030*20_255-2034*20_255-258*20_255-2029*20_255-2035*20_255-259*20_436-437*21_436-438*21_436-439*21_526-527*22_526-528*22_526-1864*22_526-1863*22_526-1865*22_526-1862*22_526-1866*22_526-529*22_526-1861*22_526-1867*22_526-530*22_1604-1605*23_1604-1606*23_1604-1607*23_1604-888*23_1604-1608*23_1516-1517*23_1516-1518*23_1516-1519*23_1516-976*23_1516-1520*23_2030-2028*21_259-260*21_2030-2027*21_259-261*21_2030-2026*21_259-262*21_259-263*21_976-975*24_976-977*24_976-1521*24_976-974*24_976-978*24_976-1522*24_976-973*24_976-979*24_976-1523*24_976-972*24_976-980*24_976-1524*24_1952-441*23_1952-1953*23_1952-442*23_1952-1954*23_1952-443*23_1952-1955*23_1952-444*23_1952-1956*23_884-885*23_884-886*23_884-887*23_62-63*18_62-64*18_62-2016*18_62-2017*18_62-2018*18_62-65*18_62-2019*18_62-66*18_609-613*21_888-889*24_888-1609*24_888-890*24_888-1610*24_888-891*24_888-1611*24_888-892*24_888-1612*24_800-801*24_800-1695*24_800-1697*24_800-802*24_800-1698*24_800-803*24_800-1699*24_800-804*24_800-1700*24_65-67*19_65-68*19_65-69*19_1867-1868*23_1867-1869*23_1867-1870*23_1867-1871*23_1953-1957*24_2136-361*25_2136-2135*25_2136-2137*25_2136-362*25_2136-2134*25_2136-2138*25_2136-363*25_2136-2133*25_2136-2139*25_2136-364*25_2136-2132*25_2136-2140*25_892-893*25_892-894*25_892-895*25_892-896*25_892-1704*25_1320-865*17_1320-1321*17_1320-866*17_1320-1322*17_1320-867*17_1320-1323*17_1320-868*17_1320-1324*17_1871-624*24_1871-1872*24_1871-623*24_1871-625*24_1871-1873*24_1871-622*24_1871-626*24_1871-1874*24_1871-621*24_1871-627*24_1871-1875*24_980-981*25_980-982*25_980-983*25_980-984*25_980-1616*25_2048-447*25_2048-449*25_2048-2049*25_2048-446*25_2048-450*25_2048-2050*25_2048-445*25_2048-451*25_2048-2051*25_2048-452*25_2048-2052*25_1324-1325*18_1324-1326*18_1324-1327*18_1324-960*18_1324-1328*18_69-70*20_69-71*20_69-72*20_69-2112*20_69-2113*20_69-2114*20_69-73*20_1862-531*23_1412-1413*18_1412-1414*18_1412-1415*18_1412-872*18_1412-1416*18_2140-2141*26_2140-2142*26_2140-2143*26_2140-456*26_2140-2144*26_2052-2053*26_2052-2054*26_2052-2055*26_2052-544*26_2052-2056*26_2144-455*27_2144-457*27_2144-2145*27_2144-454*27_2144-458*27_2144-2146*27_2144-453*27_2144-459*27_2144-2147*27_2144-460*27_2144-2148*27_1612-1613*25_1612-1614*25_1612-1615*25_804-805*25_804-806*25_804-807*25_804-808*25_804-1792*25_627-628*25_627-629*25_627-630*25_627-631*25_984-985*26_984-1617*26_984-986*26_984-1618*26_984-987*26_984-1619*26_984-988*26_984-1620*26_1524-1525*25_1524-1526*25_1524-1527*25_1524-1072*25_1524-1528*25_805-1791*26_805-1793*26_805-1790*26_805-1794*26_805-809*26_867-869*18_867-870*18_867-871*18_73-74*21_73-75*21_73-76*21_73-2115*21_73-77*21_1416-873*19_1416-1417*19_1416-874*19_1416-1418*19_1416-875*19_1416-1419*19_1416-1420*19_263-264*22_263-2128*22_263-2127*22_263-2129*22_263-265*22_263-2126*22_263-2130*22_263-266*22_263-2125*22_263-2131*22_263-267*22_1875-1876*25_1875-1877*25_1875-1878*25_1700-1701*25_1875-1879*25_1700-1702*25_1700-1703*25_631-632*26_631-1968*26_631-1967*26_631-1969*26_631-633*26_631-1966*26_631-1970*26_631-634*26_631-1965*26_631-1971*26_631-635*26_1328-961*19_1328-1329*19_1328-962*19_1328-1330*19_1328-963*19_1328-1331*19_1328-964*19_1328-1332*19_1620-1080*27_1620-1624*27_460-461*28_460-462*28_460-463*28_460-464*28_460-2240*28_1702-897*26_1702-898*26_1702-1705*26_1702-899*26_1702-1706*26_613-614*22_613-615*22_613-616*22_613-1776*22_613-1775*22_613-1777*22_613-1774*22_613-1778*22_613-617*22_2148-2149*28_2148-2150*28_2148-2151*28_2148-552*28_2148-2152*28_704-708*23_1418-1421*20_1418-1422*20_1332-1333*20_1332-1334*20_1332-1335*20_1332-1056*20_1332-1336*20_1080-1079*28_1080-1081*28_1080-1623*28_1080-1625*28_1080-1078*28_1080-1082*28_1080-1622*28_1080-1626*28_1080-1077*28_1080-1083*28_1080-1621*28_1080-1627*28_1080-1076*28_1080-1084*28_1080-1628*28_988-989*27_988-990*27_988-991*27_988-992*27_988-1712*27_1957-1958*25_1957-1959*25_1957-536*25_1957-1960*25_1957-535*25_1957-537*25_1957-534*25_1957-538*25_1957-1961*25_364-365*26_364-366*26_364-367*26_364-368*26_364-2232*26_1628-1629*29_1628-1630*29_1628-1631*29_1628-1176*29_708-709*24_708-710*24_708-711*24_708-712*24_708-1784*24_961-965*20_617-618*23_617-619*23_617-620*23_617-1773*23_617-1779*23_632-636*27_632-1964*27_632-1972*27_77-78*22_77-79*22_77-80*22_77-2208*22_77-2209*22_77-2210*22_77-81*22_552-551*29_552-553*29_552-2153*29_552-550*29_552-554*29_552-2154*29_552-549*29_552-555*29_552-2155*29_552-548*29_552-556*29_552-2156*29_1084-1085*29_1084-1086*29_1084-1087*29_1084-1088*29_1084-1720*29_1335-1057*21_1335-1337*21_1335-1058*21_1335-1338*21_1335-1059*21_1335-1339*21_556-557*30_556-558*30_556-559*30_556-560*30_556-2248*30_1339-1340*22_1339-1341*22_1339-1342*22_1339-1343*22_1528-1071*26_1528-1073*26_1528-1529*26_1528-1070*26_1528-1074*26_1528-1530*26_1528-1069*26_1528-1075*26_1528-1531*26_1528-1068*26_1528-1532*26_2240-465*29_2240-2239*29_2240-2241*29_2240-466*29_2240-2238*29_2240-2242*29_2240-467*29_2240-2237*29_2240-2243*29_2240-468*29_2240-2236*29_2240-2244*29_1879-720*26_1879-1880*26_1879-719*26_1879-721*26_1879-1881*26_1879-718*26_1879-722*26_1879-1882*26_1879-717*26_1879-723*26_1879-1883*26_1706-1707*27_1706-1708*27_1706-1709*27_1706-1710*27_2244-2245*30_2244-2246*30_2244-2247*30_468-469*30_468-470*30_468-471*30_468-472*30_468-2336*30_1422-1423*21_1422-968*21_1422-1424*21_1422-967*21_1422-969*21_1422-966*21_1422-970*21_1422-1425*21_1422-971*21_1422-1426*21_1720-1089*30_1720-1719*30_1720-1721*30_1720-1090*30_1720-1718*30_1720-1722*30_1720-1091*30_1720-1717*30_1720-1723*30_1720-1092*30_1720-1716*30_1720-1724*30_711-1783*25_711-1785*25_711-713*25_711-1782*25_711-1786*25_711-714*25_711-1781*25_711-1787*25_711-715*25_715-716*26_2232-369*27_2232-2231*27_2232-2233*27_2232-370*27_2232-2230*27_2232-2234*27_809-810*27_809-811*27_2232-371*27_2232-2229*27_2232-2235*27_2232-372*27_2232-2228*27_809-812*27_809-1789*27_809-1795*27_809-813*27_1710-1711*28_1710-993*28_1710-994*28_1710-1713*28_1710-995*28_1710-1714*28_992-1715*28_992-996*28_1883-1884*27_1883-1885*27_1883-1886*27_1883-1887*27_2156-2157*30_2156-2158*30_2156-2159*30_2156-648*30_2156-2160*30_2248-561*31_2248-2249*31_2160-647*31_2160-649*31_2160-2161*31_2248-562*31_2248-2250*31_2160-646*31_2160-650*31_2160-2162*31_2248-563*31_2248-2251*31_2160-645*31_2160-651*31_2160-2163*31_2248-564*31_2248-2252*31_2160-644*31_2160-652*31_2160-2164*31_1961-1962*26_1961-1963*26_1961-533*26_1961-539*26_1176-1175*30_1176-1177*30_1176-1174*30_1176-1178*30_1176-1173*30_1176-1179*30_1176-1172*30_1176-1180*30_994-997*29_994-998*29_1092-1093*31_1092-1094*31_1092-1095*31_1092-1096*31_1092-1816*31_2252-2253*32_2252-2254*32_2252-2255*32_2252-656*32_2252-2256*32_998-999*30_998-1000*30_998-1808*30_998-1807*30_998-1809*30_998-1806*30_998-1810*30_998-1001*30_998-1805*30_998-1811*30_998-1002*30_1724-1725*31_1724-1726*31_1724-1727*31_1724-1184*31_81-82*23_81-83*23_81-84*23_81-2211*23_81-85*23_564-565*32_564-566*32_564-567*32_564-568*32_564-2344*32_636-637*28_636-638*28_636-639*28_636-640*28_636-2064*28_966-1427*22_2164-2165*32_2164-2166*32_2164-2167*32_2164-744*32_2164-2168*32_813-814*28_813-815*28_813-816*28_813-1888*28_813-1889*28_813-1890*28_813-817*28_472-473*31_472-2335*31_472-2337*31_1002-1003*31_472-474*31_472-2334*31_472-2338*31_1002-1004*31_472-475*31_472-2333*31_472-2339*31_1002-1005*31_472-476*31_472-2332*31_472-2340*31_1002-1006*31_656-655*33_656-657*33_656-2257*33_656-654*33_656-658*33_656-2258*33_656-653*33_656-659*33_656-2259*33_656-660*33_656-2260*33_1972-1973*28_1972-1974*28_1972-1975*28_1972-728*28_1972-1976*28_1532-1533*27_1532-1534*27_1532-1535*27_1532-1168*27_568-569*33_568-2343*33_568-2345*33_568-570*33_568-2342*33_568-2346*33_568-571*33_568-2341*33_568-2347*33_568-572*33_568-2348*33_1427-1428*23_1427-1429*23_1427-1430*23_1427-1431*23_371-373*28_371-374*28_371-375*28_1343-1152*23_1343-1153*23_1343-1154*23_1343-1155*23_2064-641*29_2064-2063*29_2064-2065*29_2064-642*29_2064-2062*29_2064-2066*29_2064-643*29_2064-2061*29_2064-2067*29_2064-2060*29_2064-2068*29_1431-1064*24_1431-1432*24_1431-1063*24_1431-1065*24_1431-1433*24_1431-1062*24_1431-1066*24_1431-1434*24_1431-1061*24_1431-1067*24_1431-1435*24_2167-743*33_2167-745*33_2167-2169*33_2167-742*33_2167-746*33_2167-2170*33_2167-741*33_2167-747*33_2167-2171*33_1890-1891*29_1890-1892*29_1890-818*29_1890-1893*29_1890-819*29_1890-1894*29_476-477*32_476-478*32_476-479*32_476-2432*32_2055-543*27_2055-545*27_2055-2057*27_2055-542*27_2055-546*27_2055-2058*27_2055-541*27_2055-547*27_2055-2059*27_660-661*34_660-662*34_660-663*34_660-664*34_660-2352*34_1180-1181*31_1180-1182*31_1180-1183*31_1787-1788*26_664-665*35_664-2351*35_664-2353*35_664-666*35_664-2350*35_664-2354*35_664-667*35_664-2349*35_664-2355*35_664-668*35_664-2356*35_2068-2069*30_2068-2070*30_2068-2071*30_2068-736*30_2068-2072*30_1059-1060*22_572-573*34_572-574*34_572-575*34_572-2440*34_1006-1007*32_1006-1008*32_1006-1904*32_1006-1903*32_1006-1905*32_1006-1902*32_1006-1906*32_1006-1009*32_1006-1901*32_1006-1907*32_1006-1010*32_668-669*36_668-670*36_668-671*36_668-2448*36_2260-2261*34_2260-2262*34_2260-2263*34_2260-752*34_2260-2264*34_2432-2431*33_2432-2433*33_2432-2430*33_2432-2434*33_2432-2429*33_2432-2435*33_2432-2428*33_2432-2436*33_728-727*29_728-729*29_728-1977*29_728-726*29_728-730*29_728-1978*29_728-725*29_728-731*29_728-1979*29_728-724*29_728-732*29_728-1980*29_1184-1185*32_1184-1186*32_1184-1187*32_1184-1188*32_2436-2437*34_2436-2438*34_2436-2439*34_671-2447*37_671-2449*37_671-2446*37_671-2450*37_671-2445*37_671-2451*37_2264-751*35_2264-753*35_2264-2265*35_2264-750*35_2264-754*35_2264-2266*35_2264-749*35_2264-755*35_2264-2267*35_2264-748*35_2264-756*35_2264-2268*35_85-86*24_85-87*24_85-88*24_85-2304*24_85-2305*24_85-2306*24_85-89*24_736-735*31_736-737*31_736-2073*31_736-734*31_736-738*31_736-2074*31_736-733*31_736-739*31_736-2075*31_736-740*31_736-2076*31_2171-2172*34_2171-2173*34_2171-2174*34_2171-2175*34_375-376*29_375-2328*29_375-2327*29_375-2329*29_375-377*29_375-2326*29_375-2330*29_375-378*29_375-2325*29_375-2331*29_375-379*29_819-820*30_819-821*30_819-822*30_819-823*30_2268-2269*36_2268-2270*36_2268-2271*36_2268-848*36_2268-2272*36_754-757*36_754-758*36_1435-1436*25_1435-1437*25_1435-1438*25_1435-1439*25_1894-1895*30_1894-912*30_1894-1896*30_1894-911*30_1894-913*30_1894-910*30_1894-914*30_1894-1897*30_1894-909*30_1894-915*30_1894-1898*30_1168-1167*28_1168-1169*28_1168-1166*28_1168-1170*28_1168-1165*28_1168-1171*28_1168-1164*28_1907-1908*33_1907-1909*33_1907-1910*33_1907-1911*33_848-847*37_848-849*37_848-2273*37_848-846*37_848-850*37_848-2274*37_848-845*37_848-851*37_848-2275*37_848-844*37_848-852*37_848-2276*37_758-759*37_758-760*37_758-2360*37_758-2359*37_758-2361*37_758-2358*37_758-2362*37_758-761*37_758-2357*37_758-2363*37_758-762*37_1188-1189*33_1188-1190*33_1188-1191*33_1188-1192*33_89-90*25_89-91*25_89-92*25_89-2307*25_89-93*25_852-853*38_852-854*38_852-855*38_852-856*38_852-2368*38_1898-1899*31_1898-1900*31_2276-2277*38_2276-2278*38_2276-2279*38_2276-944*38_2276-2280*38_1439-1160*26_1439-1159*26_1439-1161*26_1439-1158*26_1439-1162*26_1439-1157*26_1439-1163*26_379-380*30_379-381*30_379-382*30_379-383*30_944-943*39_944-945*39_944-2281*39_944-942*39_944-946*39_944-2282*39_944-941*39_944-947*39_944-2283*39_944-940*39_944-948*39_944-2284*39_573-2441*35_573-2442*35_2175-840*35_2175-2176*35_2175-839*35_2175-841*35_2175-2177*35_2175-838*35_2175-842*35_2175-2178*35_2175-837*35_2175-843*35_2175-2179*35_1192-1193*34_1192-1823*34_1192-1194*34_1192-1822*34_1192-1195*34_1192-1821*34_1192-1196*34_1192-1820*34_762-763*38_762-764*38_762-765*38_762-766*38_1911-1104*34_1911-1912*34_1911-1103*34_1911-1105*34_1911-1913*34_1911-1102*34_1911-1106*34_1911-1914*34_1911-1101*34_1911-1107*34_1911-1915*34_1980-1981*30_1980-1982*30_1980-1983*30_1980-824*30_1980-1984*30_93-94*26_93-95*26_93-2400*26_93-2401*26_93-2402*26_2441-2443*36_2441-2444*36_766-767*39_766-2456*39_766-2455*39_766-2457*39_766-2454*39_766-2458*39_766-2453*39_766-2459*39_823-1985*31_823-825*31_823-1986*31_823-826*31_823-1987*31_823-827*31_2179-2180*36_2179-2181*36_2179-2182*36_2179-2183*36_383-2424*31_383-2423*31_383-2425*31_383-2422*31_383-2426*31_383-2421*31_383-2427*31_1106-1108*35_1106-1109*35_1106-1110*35_2076-2077*32_2076-2078*32_2076-2079*32_2076-832*32_2076-2080*32_827-828*32_827-829*32_827-830*32_827-831*32_2284-2285*40_2284-2286*40_2284-2287*40_2284-1040*40_2284-2288*40_1108-1111*36_1108-1112*36_1108-2008*36_856-857*39_856-2367*39_856-2369*39_856-858*39_856-2366*39_856-2370*39_856-859*39_856-2365*39_856-2371*39_856-860*39_856-2364*39_856-2372*39_2183-936*37_2183-2184*37_2183-935*37_2183-937*37_2183-2185*37_2183-934*37_2183-938*37_2183-2186*37_2183-933*37_2183-939*37_2183-2187*37_2372-2373*40_2372-2374*40_2372-2375*40_2372-952*40_2372-2376*40_2080-833*33_2080-2081*33_2080-834*33_2080-2082*33_2080-835*33_2080-2083*33_2080-836*33_2080-2084*33_948-949*40_948-950*40_948-951*40_1196-1197*35_1196-1198*35_1196-1199*35_1196-1200*35_2453-2452*40_531-532*24_2187-2188*38_2187-2189*38_2187-2190*38_2187-2191*38_1040-1039*41_1040-1041*41_1040-2289*41_1040-1038*41_1040-1042*41_1040-2290*41_1040-1037*41_1040-1043*41_1040-2291*41_1040-1036*41_1040-1044*41_1040-2292*41_1043-1045*42_1043-1046*42_1043-1047*42_2083-2085*34_2083-2086*34_2083-2087*34_1112-1113*37_1112-2007*37_1112-2009*37_1112-1114*37_1112-2006*37_1112-2010*37_1112-1115*37_1112-2005*37_1112-2011*37_1112-1116*37_1112-2004*37_1112-2012*37_2125-2124*23_2125-2123*23_2125-2122*23_2125-2121*23_2376-953*41_2376-2377*41_2376-954*41_2376-2378*41_2376-955*41_2376-2379*41_2376-956*41_2376-2380*41_1200-1201*36_1200-1919*36_1200-1202*36_1200-1918*36_1200-1203*36_1200-1917*36_1200-1204*36_1200-1916*36_860-861*40_860-862*40_860-863*40_860-2464*40_1154-1156*24_1094-1815*32_1094-1817*32_1094-1814*32_1094-1818*32_1094-1097*32_1094-1813*32_1094-1819*32_1094-1098*32_2189-1032*39_2189-2192*39_2189-1031*39_2189-1033*39_2189-1030*39_2189-1034*39_2189-2193*39_2464-2463*41_2464-2465*41_2464-2462*41_2464-2466*41_2464-2461*41_2464-2467*41_2464-2460*41_2464-2468*41_1204-1205*37_1204-1206*37_1204-1207*37_1204-1208*37_539-540*27_1047-1048*43_1047-2384*43_1047-2383*43_1047-2385*43_1047-1049*43_1047-2382*43_1047-2386*43_1047-1050*43_1047-2381*43_1047-2387*43_1047-1051*43_1779-1780*24_1098-1099*33_1098-1100*33_1033-1035*40_1033-2194*40_1033-2195*40_1033-1029*40_1116-1117*38_1116-1118*38_1116-1119*38_1116-1120*38_1116-2104*38_2292-2293*42_2292-2294*42_2292-2295*42_2292-1136*42_2292-2296*42_1136-1132*43_1136-1140*43_1136-2300*43_2012-2013*38_2012-2014*38_2012-2015*38_2087-928*35_2087-2088*35_2087-927*35_2087-929*35_2087-2089*35_2087-926*35_2087-930*35_2087-2090*35_2087-925*35_2087-931*35_2087-2091*35_956-957*42_956-958*42_956-959*42_956-2472*42_1051-1052*44_1051-1053*44_1051-1054*44_1051-1055*44_2472-2471*43_2472-2473*43_2472-2470*43_2472-2474*43_2472-2469*43_2472-2475*43_2472-2476*43_2091-2092*36_2091-2093*36_2091-2094*36_2091-2095*36_2095-1024*37_2095-2096*37_2095-1023*37_2095-1025*37_2095-2097*37_2095-1022*37_2095-1026*37_2095-2098*37_2095-1021*37_2095-1027*37_2095-2099*37_1206-1209*38_1206-1210*38_2104-1121*39_2104-2103*39_2104-2105*39_2104-1122*39_2104-2102*39_2104-2106*39_2104-1123*39_2104-2101*39_2104-2107*39_2104-1124*39_2104-2100*39_2104-2108*39_1207-1211*38_2400-2403*27_2400-2404*27_1210-1212*39_1210-1213*39_1210-1214*39_2421-2420*32_2421-2419*32_2421-2418*32_2421-2417*32_1055-2480*45_1055-2479*45_1055-2481*45_1055-2478*45_1055-2482*45_1055-2477*45_1055-2483*45_1140-1139*44_1140-1141*44_2300-2299*44_2300-2301*44_1140-1138*44_1140-1142*44_2300-2298*44_2300-2302*44_1140-1137*44_1140-1143*44_2300-2297*44_2300-2303*44_1140-1144*44_1140-2392*44_2300-1232*44_1124-1125*40_1124-1126*40_1124-1127*40_1124-1128*40_1124-2200*40_2296-1135*43_2296-1134*43_2296-1133*43_1128-1129*41_1128-2199*41_1128-2201*41_1128-1130*41_1128-2198*41_1128-2202*41_1128-1131*41_1128-2197*41_1128-2203*41_1128-2196*41_1128-2204*41_1214-1215*40_1214-1216*40_1214-2111*40_1214-2110*40_1214-1217*40_1214-2109*40_1214-1218*40_1795-1796*28_1795-1797*28_1795-1798*28_1795-1799*28_2392-1145*45_2392-2391*45_2392-2393*45_2392-1146*45_2392-2390*45_2392-2394*45_2392-1147*45_2392-2389*45_2392-2395*45_2392-1148*45_2392-2388*45_2392-2396*45_2303-1231*45_2303-1233*45_2303-1230*45_2303-1234*45_2303-1229*45_2303-1235*45_1218-1219*41_1218-1220*41_1218-1221*41_1218-1222*41_2204-2205*42_2204-2206*42_2204-2207*42_2204-1224*42_1224-1223*43_1224-1225*43_1224-1226*43_1224-1227*43_1224-1228*43_2396-2397*46_2396-2398*46_2396-2399*46_2396-1240*46_1798-904*29_1798-1800*29_1798-903*29_1798-905*29_1798-902*29_1798-906*29_1798-1801*29_1798-901*29_1798-907*29_1798-1802*29_1027-1028*38_1148-1149*46_1148-1150*46_1148-1151*46_1148-2488*46_2482-2484*46_2482-2485*46_2482-2486*46_2486-2487*47_2486-2489*47_2486-2490*47_906-908*30_906-1803*30_2325-2324*30_2325-2323*30_2325-2322*30_2325-2321*30_1903-1011*33_1240-1239*47_1240-1241*47_1240-1238*47_1240-1242*47_1240-1237*47_1240-1243*47_1240-1236*47_1240-1244*47_1244-1245*48_1244-1246*48_1244-1247*48_2489-2491*48_2489-2492*48_2489-2493*48_1987-1988*32_1987-1989*32_1987-1990*32_1987-1991*32_2493-2494*49_2493-2495*49_1991-920*33_1991-1992*33_1991-919*33_1991-921*33_1991-1993*33_1991-918*33_1991-922*33_1991-1994*33_1991-917*33_1991-923*33_1991-1995*33_1995-1996*34_1995-1997*34_1995-1998*34_1995-1999*34_1803-1804*31_1999-1016*35_1999-2000*35_1999-1015*35_1999-1017*35_1999-2001*35_1999-1014*35_1999-1018*35_1999-2002*35_1999-1013*35_1999-1019*35_1999-2003*35_901-900*30_931-932*36_1011-1012*34_923-924*34_1019-1020*36_
