"id","Scenario","Actual Range","Protocol","Buildings","Total nodes","Nodes on circ","Total coverage","Coverage on circ","Alert received mean time","Hops","Slots","Messages sent","Messages received", "Starting x", "Starting y","Starting node", "Vehicle distance", "Received node ids", "Node ids", "Transmission map", "Received on circ nodes", "Transmission vector"
0,1,300,500,1,1776,80,717,33,1.23721e+06,10.4545,1111.76,315,717,1153.84,1884.7,310,25,309_311_308_312_314_274_315_273_316_272_279_310_317_318_319_320_321_1195_1460_1461_1462_1463_1464_1459_1458_1473_1474_1471_1470_1494_1495_1472_1563_271_281_848_849_270_278_850_282_259_268_277_257_276_263_288_256_275_289_294_290_331_292_332_216_217_218_283_847_853_284_852_851_260_261_262_229_285_286_219_175_176_173_177_181_178_179_174_215_214_203_220_221_222_338_223_339_226_340_227_343_204_205_140_139_206_138_141_142_208_337_341_751_207_137_143_334_342_750_749_228_209_748_145_605_134_144_606_135_607_212_211_210_182_183_124_184_126_185_123_122_656_186_189_99_190_612_192_188_98_100_97_187_671_96_193_95_194_101_7_94_195_6_70_86_117_5_103_68_75_1775_4_67_76_112_66_77_1737_65_1738_85_78_1739_64_133_84_104_661_608_611_610_121_120_658_609_655_119_659_118_660_115_116_614_616_105_615_106_642_617_107_641_618_333_264_735_79_62_61_63_38_37_17_35_54_53_1709_52_649_34_33_51_50_40_41_42_43_55_45_56_44_57_678_672_111_39_344_345_346_351_348_593_594_381_1475_1399_1496_1497_1469_1498_1500_1468_640_619_639_620_638_621_637_622_623_625_626_632_627_631_630_643_644_628_629_633_636_634_172_201_266_265_827_1388_828_1014_1013_1012_1002_1001_998_997_676_677_645_647_670_667_666_665_664_673_674_352_230_267_747_675_81_82_83_18_19_60_20_59_23_1711_648_1712_108_109_110_127_128_32_31_30_29_28_171_170_168_27_26_24_682_681_679_1705_1707_383_567_382_379_384_385_441_571_440_156_865_155_596_575_152_386_154_151_255_231_232_233_245_49_46_950_945_439_160_159_589_590_157_164_150_582_350_353_372_360_361_586_153_161_588_162_163_587_432_572_592_431_430_570_429_996_650_603_604_196_585_595_167_943_946_942_948_949_941_947_940_962_1026_961_1027_951_960_1028_952_810_1029_963_131_130_129_146_148_149_953_48_1706_964_959_981_980_970_979_971_978_349_362_368_363_364_357_433_566_442_443_434_444_428_565_436_427_437_426_398_425_438_423_414_415_416_994_387_394_395_409_410_412_411_417_418_419_445_448_958_974_568_359_378_371_373_420_421_422_1377_1344_370_200_199_198_197_579_724_742_743_835_1501_982_956_954_976_975_965_967_1502_1503_1528_989_991_990_992_1144_993_988_1155_977_1166_966_987_955_944_983_973_972_984_985_986_166_165_584_505_519_518_517_354_355_367_356_366_365_408_407_406_995_504_503_501_530_654_1188_1177_1010_933_1355_1009_1025_1366_1008_1007_1006_1005_1004_1199_1210_516_515_939_560_405_864_857_867_741_868_813_922_900_1011_1022_1033_1044_1527_559_556_404_555_403_554_397_534_396_1504_1526_1505_1531_1525_1530_1551_1524_1529_573_574_957_1000_374_375_376_393_392_390_389_824_744_745_846_870_871_872_873_874_875_377_578_599_581_583_600_1774_8_531_532_533_561_562_563_564_576_653_652_651_9_10_74_11_12_13_15_16_528_529_1024_911_683_73_21_1736_22_1735_1708_1741_1740_1055_132_1704_1703_1702_1701_1713_1695_1714_1694_1664_1667_1668_388_93_71_87_685_92_72_88_684_90_89_869_889_1310_877_866_779_668_557_1690_597_663_601_1017_938_1066_1077_446_1088_335_1099_224_1111_113_1122_2_1133_1665_577_969_968_662_,0_1_2_3_4_5_6_7_8_9_10_11_12_13_14_15_16_17_18_19_20_21_22_23_24_25_26_27_28_29_30_31_32_33_34_35_36_37_38_39_40_41_42_43_44_45_46_47_48_49_50_51_52_53_54_55_56_57_58_59_60_61_62_63_64_65_66_67_68_69_70_71_72_73_74_75_76_77_78_79_80_81_82_83_84_85_86_87_88_89_90_91_92_93_94_95_96_97_98_99_100_101_102_103_104_105_106_107_108_109_110_111_112_113_114_115_116_117_118_119_120_121_122_123_124_125_126_127_128_129_130_131_132_133_134_135_136_137_138_139_140_141_142_143_144_145_146_147_148_149_150_151_152_153_154_155_156_157_158_159_160_161_162_163_164_165_166_167_168_169_170_171_172_173_174_175_176_177_178_179_180_181_182_183_184_185_186_187_188_189_190_191_192_193_194_195_196_197_198_199_200_201_202_203_204_205_206_207_208_209_210_211_212_213_214_215_216_217_218_219_220_221_222_223_224_225_226_227_228_229_230_231_232_233_234_235_236_237_238_239_240_241_242_243_244_245_246_247_248_249_250_251_252_253_254_255_256_257_258_259_260_261_262_263_264_265_266_267_268_269_270_271_272_273_274_275_276_277_278_279_280_281_282_283_284_285_286_287_288_289_290_291_292_293_294_295_296_297_298_299_300_301_302_303_304_305_306_307_308_309_310_311_312_313_314_315_316_317_318_319_320_321_322_323_324_325_326_327_328_329_330_331_332_333_334_335_336_337_338_339_340_341_342_343_344_345_346_347_348_349_350_351_352_353_354_355_356_357_358_359_360_361_362_363_364_365_366_367_368_369_370_371_372_373_374_375_376_377_378_379_380_381_382_383_384_385_386_387_388_389_390_391_392_393_394_395_396_397_398_399_400_401_402_403_404_405_406_407_408_409_410_411_412_413_414_415_416_417_418_419_420_421_422_423_424_425_426_427_428_429_430_431_432_433_434_435_436_437_438_439_440_441_442_443_444_445_446_447_448_449_450_451_452_453_454_455_456_457_458_459_460_461_462_463_464_465_466_467_468_469_470_471_472_473_474_475_476_477_478_479_480_481_482_483_484_485_486_487_488_489_490_491_492_493_494_495_496_497_498_499_500_501_502_503_504_505_506_507_508_509_510_511_512_513_514_515_516_517_518_519_520_521_522_523_524_525_526_527_528_529_530_531_532_533_534_535_536_537_538_539_540_541_542_543_544_545_546_547_548_549_550_551_552_553_554_555_556_557_558_559_560_561_562_563_564_565_566_567_568_569_570_571_572_573_574_575_576_577_578_579_580_581_582_583_584_585_586_587_588_589_590_591_592_593_594_595_596_597_598_599_600_601_602_603_604_605_606_607_608_609_610_611_612_613_614_615_616_617_618_619_620_621_622_623_624_625_626_627_628_629_630_631_632_633_634_635_636_637_638_639_640_641_642_643_644_645_646_647_648_649_650_651_652_653_654_655_656_657_658_659_660_661_662_663_664_665_666_667_668_669_670_671_672_673_674_675_676_677_678_679_680_681_682_683_684_685_686_687_688_689_690_691_692_693_694_695_696_697_698_699_700_701_702_703_704_705_706_707_708_709_710_711_712_713_714_715_716_717_718_719_720_721_722_723_724_725_726_727_728_729_730_731_732_733_734_735_736_737_738_739_740_741_742_743_744_745_746_747_748_749_750_751_752_753_754_755_756_757_758_759_760_761_762_763_764_765_766_767_768_769_770_771_772_773_774_775_776_777_778_779_780_781_782_783_784_785_786_787_788_789_790_791_792_793_794_795_796_797_798_799_800_801_802_803_804_805_806_807_808_809_810_811_812_813_814_815_816_817_818_819_820_821_822_823_824_825_826_827_828_829_830_831_832_833_834_835_836_837_838_839_840_841_842_843_844_845_846_847_848_849_850_851_852_853_854_855_856_857_858_859_860_861_862_863_864_865_866_867_868_869_870_871_872_873_874_875_876_877_878_879_880_881_882_883_884_885_886_887_888_889_890_891_892_893_894_895_896_897_898_899_900_901_902_903_904_905_906_907_908_909_910_911_912_913_914_915_916_917_918_919_920_921_922_923_924_925_926_927_928_929_930_931_932_933_934_935_936_937_938_939_940_941_942_943_944_945_946_947_948_949_950_951_952_953_954_955_956_957_958_959_960_961_962_963_964_965_966_967_968_969_970_971_972_973_974_975_976_977_978_979_980_981_982_983_984_985_986_987_988_989_990_991_992_993_994_995_996_997_998_999_1000_1001_1002_1003_1004_1005_1006_1007_1008_1009_1010_1011_1012_1013_1014_1015_1016_1017_1018_1019_1020_1021_1022_1023_1024_1025_1026_1027_1028_1029_1030_1031_1032_1033_1034_1035_1036_1037_1038_1039_1040_1041_1042_1043_1044_1045_1046_1047_1048_1049_1050_1051_1052_1053_1054_1055_1056_1057_1058_1059_1060_1061_1062_1063_1064_1065_1066_1067_1068_1069_1070_1071_1072_1073_1074_1075_1076_1077_1078_1079_1080_1081_1082_1083_1084_1085_1086_1087_1088_1089_1090_1091_1092_1093_1094_1095_1096_1097_1098_1099_1100_1101_1102_1103_1104_1105_1106_1107_1108_1109_1110_1111_1112_1113_1114_1115_1116_1117_1118_1119_1120_1121_1122_1123_1124_1125_1126_1127_1128_1129_1130_1131_1132_1133_1134_1135_1136_1137_1138_1139_1140_1141_1142_1143_1144_1145_1146_1147_1148_1149_1150_1151_1152_1153_1154_1155_1156_1157_1158_1159_1160_1161_1162_1163_1164_1165_1166_1167_1168_1169_1170_1171_1172_1173_1174_1175_1176_1177_1178_1179_1180_1181_1182_1183_1184_1185_1186_1187_1188_1189_1190_1191_1192_1193_1194_1195_1196_1197_1198_1199_1200_1201_1202_1203_1204_1205_1206_1207_1208_1209_1210_1211_1212_1213_1214_1215_1216_1217_1218_1219_1220_1221_1222_1223_1224_1225_1226_1227_1228_1229_1230_1231_1232_1233_1234_1235_1236_1237_1238_1239_1240_1241_1242_1243_1244_1245_1246_1247_1248_1249_1250_1251_1252_1253_1254_1255_1256_1257_1258_1259_1260_1261_1262_1263_1264_1265_1266_1267_1268_1269_1270_1271_1272_1273_1274_1275_1276_1277_1278_1279_1280_1281_1282_1283_1284_1285_1286_1287_1288_1289_1290_1291_1292_1293_1294_1295_1296_1297_1298_1299_1300_1301_1302_1303_1304_1305_1306_1307_1308_1309_1310_1311_1312_1313_1314_1315_1316_1317_1318_1319_1320_1321_1322_1323_1324_1325_1326_1327_1328_1329_1330_1331_1332_1333_1334_1335_1336_1337_1338_1339_1340_1341_1342_1343_1344_1345_1346_1347_1348_1349_1350_1351_1352_1353_1354_1355_1356_1357_1358_1359_1360_1361_1362_1363_1364_1365_1366_1367_1368_1369_1370_1371_1372_1373_1374_1375_1376_1377_1378_1379_1380_1381_1382_1383_1384_1385_1386_1387_1388_1389_1390_1391_1392_1393_1394_1395_1396_1397_1398_1399_1400_1401_1402_1403_1404_1405_1406_1407_1408_1409_1410_1411_1412_1413_1414_1415_1416_1417_1418_1419_1420_1421_1422_1423_1424_1425_1426_1427_1428_1429_1430_1431_1432_1433_1434_1435_1436_1437_1438_1439_1440_1441_1442_1443_1444_1445_1446_1447_1448_1449_1450_1451_1452_1453_1454_1455_1456_1457_1458_1459_1460_1461_1462_1463_1464_1465_1466_1467_1468_1469_1470_1471_1472_1473_1474_1475_1476_1477_1478_1479_1480_1481_1482_1483_1484_1485_1486_1487_1488_1489_1490_1491_1492_1493_1494_1495_1496_1497_1498_1499_1500_1501_1502_1503_1504_1505_1506_1507_1508_1509_1510_1511_1512_1513_1514_1515_1516_1517_1518_1519_1520_1521_1522_1523_1524_1525_1526_1527_1528_1529_1530_1531_1532_1533_1534_1535_1536_1537_1538_1539_1540_1541_1542_1543_1544_1545_1546_1547_1548_1549_1550_1551_1552_1553_1554_1555_1556_1557_1558_1559_1560_1561_1562_1563_1564_1565_1566_1567_1568_1569_1570_1571_1572_1573_1574_1575_1576_1577_1578_1579_1580_1581_1582_1583_1584_1585_1586_1587_1588_1589_1590_1591_1592_1593_1594_1595_1596_1597_1598_1599_1600_1601_1602_1603_1604_1605_1606_1607_1608_1609_1610_1611_1612_1613_1614_1615_1616_1617_1618_1619_1620_1621_1622_1623_1624_1625_1626_1627_1628_1629_1630_1631_1632_1633_1634_1635_1636_1637_1638_1639_1640_1641_1642_1643_1644_1645_1646_1647_1648_1649_1650_1651_1652_1653_1654_1655_1656_1657_1658_1659_1660_1661_1662_1663_1664_1665_1666_1667_1668_1669_1670_1671_1672_1673_1674_1675_1676_1677_1678_1679_1680_1681_1682_1683_1684_1685_1686_1687_1688_1689_1690_1691_1692_1693_1694_1695_1696_1697_1698_1699_1700_1701_1702_1703_1704_1705_1706_1707_1708_1709_1710_1711_1712_1713_1714_1715_1716_1717_1718_1719_1720_1721_1722_1723_1724_1725_1726_1727_1728_1729_1730_1731_1732_1733_1734_1735_1736_1737_1738_1739_1740_1741_1742_1743_1744_1745_1746_1747_1748_1749_1750_1751_1752_1753_1754_1755_1756_1757_1758_1759_1760_1761_1762_1763_1764_1765_1766_1767_1768_1769_1770_1771_1772_1773_1774_1775_,8:{9;10;74;11;12;13;15;16;}13:{683;73;21;1736;22;1735;1708;1741;1740;}23:{1690;}29:{27;26;24;682;681;679;1705;1707;}30:{48;1706;}40:{39;}51:{50;40;41;42;43;55;45;56;44;57;678;672;111;}60:{32;31;30;29;28;}65:{34;33;51;}70:{93;71;87;685;92;72;88;684;90;89;}79:{81;82;83;18;19;60;20;59;23;1711;648;1712;}85:{79;62;61;63;38;37;17;35;54;53;1709;52;}90:{663;}100:{104;661;608;}112:{108;109;110;127;128;}131:{132;}133:{131;130;129;146;148;149;}149:{584;}154:{585;595;}156:{576;}167:{573;574;}168:{166;165;}170:{167;}173:{172;201;266;265;}176:{171;170;168;}177:{1774;8;}189:{188;98;100;97;187;671;96;193;95;194;101;7;94;195;6;70;86;117;5;103;68;75;1775;4;67;76;112;66;77;1737;65;1738;85;78;1739;64;}190:{84;}198:{654;}201:{200;199;198;197;579;}206:{145;605;134;144;606;135;607;}209:{133;}214:{212;211;210;182;183;124;184;126;185;123;122;656;186;189;99;190;612;192;}216:{220;221;222;338;223;339;226;340;227;343;204;205;140;139;206;138;141;142;208;}217:{337;341;751;207;137;143;}218:{334;342;750;749;228;209;748;}230:{255;231;232;233;245;}256:{230;267;}259:{260;261;262;229;}274:{272;279;310;}279:{271;281;848;849;270;278;850;282;259;268;277;257;276;263;288;256;275;289;294;290;331;292;332;216;217;218;}289:{219;175;176;173;177;181;178;179;174;215;214;203;}310:{309;311;308;312;314;274;315;273;316;}316:{317;318;319;320;321;1195;1460;1461;1462;1463;1464;}332:{333;264;735;}340:{344;345;346;351;348;593;594;381;}343:{352;}348:{349;}350:{568;359;378;371;373;}351:{350;353;372;360;361;}360:{370;}361:{362;368;363;364;357;}371:{354;355;367;356;366;365;408;407;406;}373:{374;375;376;}376:{377;}378:{864;857;867;741;868;813;}381:{383;567;382;379;384;385;441;571;440;156;865;155;596;575;152;}382:{386;154;151;}386:{387;}387:{388;}406:{560;405;}414:{412;411;417;418;419;}416:{445;448;}417:{420;421;422;}421:{505;519;518;517;}422:{504;503;501;530;}423:{392;390;389;}428:{393;}429:{394;395;409;410;}431:{433;566;442;443;434;444;428;565;436;427;437;426;398;425;438;423;414;415;416;}440:{439;160;159;589;590;157;164;150;582;}517:{516;515;}532:{528;529;}560:{559;556;404;555;403;554;397;534;396;}575:{586;153;161;588;162;163;587;432;572;592;431;430;570;429;}579:{578;599;581;583;600;}581:{577;}583:{597;}600:{601;}606:{649;}609:{196;}612:{611;610;121;120;658;609;655;119;659;118;660;115;116;614;616;105;615;106;642;617;107;641;618;}616:{640;619;639;620;638;621;637;622;623;625;626;632;627;631;630;643;}620:{644;628;629;633;636;634;}627:{645;647;}649:{650;603;604;}654:{653;652;651;}663:{662;}671:{670;667;666;665;664;673;674;}674:{675;}676:{49;46;}678:{676;677;}735:{724;742;743;835;}743:{824;744;745;846;870;871;872;873;874;875;}748:{747;}846:{869;}847:{285;286;}848:{283;847;853;284;852;851;}872:{531;532;533;561;562;}875:{563;564;}900:{889;1310;877;866;779;668;557;}922:{911;}945:{943;946;942;948;949;941;947;940;962;1026;961;1027;951;960;1028;952;810;1029;963;}947:{938;}951:{953;}953:{989;991;990;992;1144;993;988;1155;977;1166;966;987;955;944;}954:{957;1000;}963:{964;959;981;980;970;979;971;978;}974:{972;984;985;986;}978:{976;975;965;967;}982:{983;973;}995:{939;}996:{995;}997:{996;}998:{950;945;}1006:{1005;1004;}1007:{1017;}1010:{1024;}1027:{994;}1028:{958;974;}1029:{982;956;954;}1044:{1055;}1055:{1066;1077;446;1088;335;1099;224;1111;113;1122;2;1133;1665;}1122:{969;968;}1177:{922;900;1011;1022;1033;1044;}1188:{1199;1210;}1344:{1188;1177;1010;933;1355;1009;1025;1366;1008;1007;1006;}1388:{1377;1344;}1399:{827;1388;828;1014;1013;1012;1002;1001;998;997;}1463:{1459;1458;1473;1474;1471;}1471:{1472;1563;}1472:{1475;1399;}1474:{1470;1494;1495;}1495:{1496;1497;1469;1498;1500;1468;}1497:{1501;}1500:{1502;1503;1528;}1501:{1527;}1528:{1504;1526;1505;1531;1525;1530;1551;1524;1529;}1695:{1667;1668;}1708:{1704;1703;1702;1701;1713;1695;1714;1694;1664;},29_30_39_51_52_53_54_392_397_398_403_404_405_432_433_434_562_563_565_566_608_615_616_617_642_645_810_1002_1199_1210_1344_1664_1667_,310-309*0_310-311*0_310-308*0_310-312*0_310-314*0_310-274*0_310-315*0_310-273*0_310-316*0_274-272*1_274-279*1_274-310*1_316-317*2_316-318*2_316-319*2_316-320*2_316-321*2_316-1195*2_316-1460*2_316-1461*2_316-1462*2_316-1463*2_316-1464*2_1463-1459*3_1463-1458*3_1463-1473*3_1463-1474*3_1463-1471*3_1474-1470*4_1474-1494*4_1474-1495*4_1471-1472*4_1471-1563*4_279-271*2_279-281*2_279-848*2_279-849*2_279-270*2_279-278*2_279-850*2_279-282*2_279-259*2_279-268*2_279-277*2_279-257*2_279-276*2_279-263*2_279-288*2_279-256*2_279-275*2_279-289*2_279-294*2_279-290*2_279-331*2_279-292*2_279-332*2_279-216*2_279-217*2_279-218*2_848-283*3_848-847*3_848-853*3_848-284*3_848-852*3_848-851*3_259-260*3_259-261*3_259-262*3_259-229*3_847-285*4_847-286*4_289-219*4_289-175*4_289-176*4_289-173*4_289-177*4_289-181*4_289-178*4_289-179*4_289-174*4_289-215*4_289-214*4_289-203*4_216-220*3_216-221*3_216-222*3_216-338*3_216-223*3_216-339*3_216-226*3_216-340*3_216-227*3_216-343*3_216-204*3_216-205*3_216-140*3_216-139*3_216-206*3_216-138*3_216-141*3_216-142*3_216-208*3_217-337*4_217-341*4_217-751*4_217-207*4_217-137*4_217-143*4_218-334*5_218-342*5_218-750*5_218-749*5_218-228*5_218-209*5_218-748*5_206-145*5_206-605*5_206-134*5_206-144*5_206-606*5_206-135*5_206-607*5_214-212*5_214-211*5_214-210*5_214-182*5_214-183*5_214-124*5_214-184*5_214-126*5_214-185*5_214-123*5_214-122*5_214-656*5_214-186*5_214-189*5_214-99*5_214-190*5_214-612*5_214-192*5_189-188*6_189-98*6_189-100*6_189-97*6_189-187*6_189-671*6_189-96*6_189-193*6_189-95*6_189-194*6_189-101*6_189-7*6_189-94*6_189-195*6_189-6*6_189-70*6_189-86*6_189-117*6_189-5*6_189-103*6_189-68*6_189-75*6_189-1775*6_189-4*6_189-67*6_189-76*6_189-112*6_189-66*6_189-77*6_189-1737*6_189-65*6_189-1738*6_189-85*6_189-78*6_189-1739*6_189-64*6_209-133*6_190-84*7_100-104*7_100-661*7_100-608*7_612-611*6_612-610*6_612-121*6_612-120*6_612-658*6_612-609*6_612-655*6_612-119*6_612-659*6_612-118*6_612-660*6_612-115*6_612-116*6_612-614*6_612-616*6_612-105*6_612-615*6_612-106*6_612-642*6_612-617*6_612-107*6_612-641*6_612-618*6_332-333*3_332-264*3_332-735*3_85-79*9_85-62*9_85-61*9_85-63*9_85-38*9_85-37*9_85-17*9_85-35*9_85-54*9_85-53*9_85-1709*9_85-52*9_606-649*7_65-34*9_65-33*9_65-51*9_51-50*10_51-40*10_51-41*10_51-42*10_51-43*10_51-55*10_51-45*10_51-56*10_51-44*10_51-57*10_51-678*10_51-672*10_51-111*10_40-39*11_340-344*6_340-345*6_340-346*6_340-351*6_340-348*6_340-593*6_340-594*6_340-381*6_1472-1475*6_1472-1399*6_1495-1496*5_1495-1497*5_1495-1469*5_1495-1498*5_1495-1500*5_1495-1468*5_616-640*7_616-619*7_616-639*7_616-620*7_616-638*7_616-621*7_616-637*7_616-622*7_616-623*7_616-625*7_616-626*7_616-632*7_616-627*7_616-631*7_616-630*7_616-643*7_620-644*8_620-628*8_620-629*8_620-633*8_620-636*8_620-634*8_173-172*5_173-201*5_173-266*5_173-265*5_1399-827*7_1399-1388*7_1399-828*7_1399-1014*7_1399-1013*7_1399-1012*7_1399-1002*7_1399-1001*7_1399-998*7_1399-997*7_678-676*12_678-677*12_627-645*9_627-647*9_671-670*7_671-667*7_671-666*7_671-665*7_671-664*7_671-673*7_671-674*7_343-352*6_256-230*5_256-267*5_748-747*6_674-675*8_79-81*10_79-82*10_79-83*10_79-18*10_79-19*10_79-60*10_79-20*10_79-59*10_79-23*10_79-1711*10_79-648*10_79-1712*10_112-108*8_112-109*8_112-110*8_112-127*8_112-128*8_60-32*11_60-31*11_60-30*11_60-29*11_60-28*11_176-171*7_176-170*7_176-168*7_29-27*12_29-26*12_29-24*12_29-682*12_29-681*12_29-679*12_29-1705*12_29-1707*12_381-383*7_381-567*7_381-382*7_381-379*7_381-384*7_381-385*7_381-441*7_381-571*7_381-440*7_381-156*7_381-865*7_381-155*7_381-596*7_381-575*7_381-152*7_382-386*8_382-154*8_382-151*8_230-255*6_230-231*6_230-232*6_230-233*6_230-245*6_676-49*13_676-46*13_998-950*8_998-945*8_440-439*9_440-160*9_440-159*9_440-589*9_440-590*9_440-157*9_440-164*9_440-150*9_440-582*9_351-350*7_351-353*7_351-372*7_351-360*7_351-361*7_575-586*8_575-153*8_575-161*8_575-588*8_575-162*8_575-163*8_575-587*8_575-432*8_575-572*8_575-592*8_575-431*8_575-430*8_575-570*8_575-429*8_997-996*8_649-650*8_649-603*8_649-604*8_609-196*9_154-585*10_154-595*10_170-167*8_945-943*9_945-946*9_945-942*9_945-948*9_945-949*9_945-941*9_945-947*9_945-940*9_945-962*9_945-1026*9_945-961*9_945-1027*9_945-951*9_945-960*9_945-1028*9_945-952*9_945-810*9_945-1029*9_945-963*9_133-131*7_133-130*7_133-129*7_133-146*7_133-148*7_133-149*7_951-953*10_30-48*13_30-1706*13_963-964*10_963-959*10_963-981*10_963-980*10_963-970*10_963-979*10_963-971*10_963-978*10_348-349*8_361-362*8_361-368*8_361-363*8_361-364*8_361-357*8_431-433*9_431-566*9_431-442*9_431-443*9_431-434*9_431-444*9_431-428*9_431-565*9_431-436*9_431-427*9_431-437*9_431-426*9_431-398*9_431-425*9_431-438*9_431-423*9_431-414*9_431-415*9_431-416*9_1027-994*10_386-387*9_429-394*9_429-395*9_429-409*9_429-410*9_414-412*10_414-411*10_414-417*10_414-418*10_414-419*10_416-445*10_416-448*10_1028-958*11_1028-974*11_350-568*10_350-359*10_350-378*10_350-371*10_350-373*10_417-420*11_417-421*11_417-422*11_1388-1377*8_1388-1344*8_360-370*11_201-200*6_201-199*6_201-198*6_201-197*6_201-579*6_735-724*4_735-742*4_735-743*4_735-835*4_1497-1501*6_1029-982*11_1029-956*11_1029-954*11_978-976*11_978-975*11_978-965*11_978-967*11_1500-1502*6_1500-1503*6_1500-1528*6_953-989*12_953-991*12_953-990*12_953-992*12_953-1144*12_953-993*12_953-988*12_953-1155*12_953-977*12_953-1166*12_953-966*12_953-987*12_953-955*12_953-944*12_982-983*12_982-973*12_974-972*12_974-984*12_974-985*12_974-986*12_168-166*8_168-165*8_149-584*8_421-505*12_421-519*12_421-518*12_421-517*12_371-354*11_371-355*11_371-367*11_371-356*11_371-366*11_371-365*11_371-408*11_371-407*11_371-406*11_996-995*9_422-504*12_422-503*12_422-501*12_422-530*12_198-654*7_1344-1188*9_1344-1177*9_1344-1010*9_1344-933*9_1344-1355*9_1344-1009*9_1344-1025*9_1344-1366*9_1344-1008*9_1344-1007*9_1344-1006*9_1006-1005*10_1006-1004*10_1188-1199*10_1188-1210*10_517-516*13_517-515*13_995-939*10_406-560*12_406-405*12_378-864*11_378-857*11_378-867*11_378-741*11_378-868*11_378-813*11_1177-922*10_1177-900*10_1177-1011*10_1177-1022*10_1177-1033*10_1177-1044*10_1501-1527*7_560-559*13_560-556*13_560-404*13_560-555*13_560-403*13_560-554*13_560-397*13_560-534*13_560-396*13_1528-1504*8_1528-1526*8_1528-1505*8_1528-1531*8_1528-1525*8_1528-1530*8_1528-1551*8_1528-1524*8_1528-1529*8_167-573*9_167-574*9_954-957*13_954-1000*13_373-374*12_373-375*12_373-376*12_428-393*15_423-392*16_423-390*16_423-389*16_743-824*5_743-744*5_743-745*5_743-846*5_743-870*5_743-871*5_743-872*5_743-873*5_743-874*5_743-875*5_376-377*13_579-578*7_579-599*7_579-581*7_579-583*7_579-600*7_177-1774*10_177-8*10_872-531*6_872-532*6_872-533*6_872-561*6_872-562*6_875-563*6_875-564*6_156-576*14_654-653*8_654-652*8_654-651*8_8-9*11_8-10*11_8-74*11_8-11*11_8-12*11_8-13*11_8-15*11_8-16*11_532-528*7_532-529*7_1010-1024*10_922-911*11_13-683*12_13-73*12_13-21*12_13-1736*12_13-22*12_13-1735*12_13-1708*12_13-1741*12_13-1740*12_1044-1055*12_131-132*8_1708-1704*13_1708-1703*13_1708-1702*13_1708-1701*13_1708-1713*13_1708-1695*13_1708-1714*13_1708-1694*13_1708-1664*13_1695-1667*14_1695-1668*14_387-388*10_70-93*12_70-71*12_70-87*12_70-685*12_70-92*12_70-72*12_70-88*12_70-684*12_70-90*12_70-89*12_846-869*6_900-889*12_900-1310*12_900-877*12_900-866*12_900-779*12_900-668*12_900-557*12_23-1690*15_583-597*8_90-663*13_600-601*8_1007-1017*11_947-938*12_1055-1066*13_1055-1077*13_1055-446*13_1055-1088*13_1055-335*13_1055-1099*13_1055-224*13_1055-1111*13_1055-113*13_1055-1122*13_1055-2*13_1055-1133*13_1055-1665*13_581-577*9_1122-969*14_1122-968*14_663-662*14_
