"id","Scenario","Actual Range","Protocol","Buildings","Total nodes","Nodes on circ","Total coverage","Coverage on circ","Alert received mean time","Hops","Slots","Messages sent","Messages received", "Starting x", "Starting y","Starting node", "Vehicle distance", "Received node ids", "Node ids", "Transmission map", "Received on circ nodes", "Transmission vector"
0,1,300,0,0,333,5,333,5,47525,13.4,44.4,26,333,0,100,0,25,1_2_3_4_5_6_7_8_9_10_11_12_13_14_15_16_17_18_19_20_21_22_23_25_0_40_41_42_43_24_26_27_28_29_30_31_32_33_34_35_36_37_38_39_44_45_46_47_48_49_50_51_52_53_54_55_56_57_58_59_60_61_62_63_64_67_65_66_68_69_70_71_72_73_74_75_76_77_78_79_80_81_82_83_84_85_86_87_88_89_90_91_92_93_94_95_96_97_98_99_100_101_102_103_104_105_106_107_108_109_110_111_112_113_114_115_116_117_118_119_120_121_122_123_124_125_126_127_128_129_130_131_132_133_134_135_136_137_138_139_140_141_142_143_144_145_146_147_148_149_150_151_152_153_154_155_156_158_157_159_160_161_162_163_164_165_166_167_168_169_170_171_172_173_174_175_176_177_178_179_180_181_182_183_184_185_186_187_188_189_190_191_192_193_194_195_196_197_198_199_200_201_202_203_204_205_206_207_208_209_210_211_212_213_214_215_216_217_218_219_220_221_222_223_224_225_226_227_228_229_230_231_232_233_234_235_236_237_238_239_240_241_242_243_244_245_246_247_248_249_251_250_252_253_254_255_256_257_258_259_260_261_262_263_264_265_266_267_268_269_270_271_272_273_274_275_276_277_278_279_280_281_282_283_284_285_286_287_288_289_290_291_292_293_294_295_296_297_298_299_300_301_302_303_304_305_306_307_308_309_310_311_313_312_314_315_316_317_318_319_320_321_322_323_324_325_326_327_328_329_330_331_332_,0_1_2_3_4_5_6_7_8_9_10_11_12_13_14_15_16_17_18_19_20_21_22_23_24_25_26_27_28_29_30_31_32_33_34_35_36_37_38_39_40_41_42_43_44_45_46_47_48_49_50_51_52_53_54_55_56_57_58_59_60_61_62_63_64_65_66_67_68_69_70_71_72_73_74_75_76_77_78_79_80_81_82_83_84_85_86_87_88_89_90_91_92_93_94_95_96_97_98_99_100_101_102_103_104_105_106_107_108_109_110_111_112_113_114_115_116_117_118_119_120_121_122_123_124_125_126_127_128_129_130_131_132_133_134_135_136_137_138_139_140_141_142_143_144_145_146_147_148_149_150_151_152_153_154_155_156_157_158_159_160_161_162_163_164_165_166_167_168_169_170_171_172_173_174_175_176_177_178_179_180_181_182_183_184_185_186_187_188_189_190_191_192_193_194_195_196_197_198_199_200_201_202_203_204_205_206_207_208_209_210_211_212_213_214_215_216_217_218_219_220_221_222_223_224_225_226_227_228_229_230_231_232_233_234_235_236_237_238_239_240_241_242_243_244_245_246_247_248_249_250_251_252_253_254_255_256_257_258_259_260_261_262_263_264_265_266_267_268_269_270_271_272_273_274_275_276_277_278_279_280_281_282_283_284_285_286_287_288_289_290_291_292_293_294_295_296_297_298_299_300_301_302_303_304_305_306_307_308_309_310_311_312_313_314_315_316_317_318_319_320_321_322_323_324_325_326_327_328_329_330_331_332_,0:{1;2;3;4;5;6;7;8;9;10;11;12;13;14;15;16;17;18;19;20;21;22;23;25;}3:{0;}20:{24;26;27;28;29;30;31;32;33;34;35;36;37;38;39;44;}22:{40;41;42;43;}41:{45;46;47;48;49;50;51;52;53;54;55;56;57;58;59;60;61;62;63;64;67;}59:{65;66;68;69;70;71;72;73;74;75;76;77;78;79;80;81;82;}77:{83;84;85;86;87;88;89;90;91;92;93;94;95;96;97;98;99;}95:{100;101;102;103;104;105;106;107;108;109;110;111;112;113;114;115;116;117;118;}111:{119;120;121;122;123;124;125;126;127;128;129;130;131;132;133;134;135;136;}132:{137;138;139;140;141;142;143;144;145;146;147;148;149;150;151;152;153;154;155;156;158;}148:{157;159;160;161;162;163;164;165;166;167;168;169;170;171;172;}170:{173;174;175;176;177;178;179;180;181;182;183;184;185;186;187;188;189;190;191;192;193;194;}188:{195;196;197;198;199;200;201;202;203;204;205;206;207;208;209;210;211;212;}208:{213;214;215;216;217;218;219;220;221;222;223;224;225;226;227;228;229;230;231;232;}226:{233;234;235;236;237;238;239;240;241;242;243;244;245;246;247;248;249;251;}246:{250;252;253;254;255;256;257;258;259;260;261;262;263;264;265;266;267;268;269;}254:{270;271;272;273;274;275;276;277;278;}270:{279;280;281;282;283;284;285;286;287;288;289;290;291;292;293;294;}288:{295;296;297;298;299;300;301;302;303;304;305;306;307;308;309;310;311;313;}307:{312;314;315;316;317;318;319;320;321;322;323;324;325;326;327;328;329;}329:{330;331;332;},248_249_250_251_252_,0-1*0_0-2*0_0-3*0_0-4*0_0-5*0_0-6*0_0-7*0_0-8*0_0-9*0_0-10*0_0-11*0_0-12*0_0-13*0_0-14*0_0-15*0_0-16*0_0-17*0_0-18*0_0-19*0_0-20*0_0-21*0_0-22*0_0-23*0_0-25*0_3-0*1_22-40*1_22-41*1_22-42*1_22-43*1_20-24*1_20-26*1_20-27*1_20-28*1_20-29*1_20-30*1_20-31*1_20-32*1_20-33*1_20-34*1_20-35*1_20-36*1_20-37*1_20-38*1_20-39*1_20-44*1_41-45*2_41-46*2_41-47*2_41-48*2_41-49*2_41-50*2_41-51*2_41-52*2_41-53*2_41-54*2_41-55*2_41-56*2_41-57*2_41-58*2_41-59*2_41-60*2_41-61*2_41-62*2_41-63*2_41-64*2_41-67*2_59-65*3_59-66*3_59-68*3_59-69*3_59-70*3_59-71*3_59-72*3_59-73*3_59-74*3_59-75*3_59-76*3_59-77*3_59-78*3_59-79*3_59-80*3_59-81*3_59-82*3_77-83*4_77-84*4_77-85*4_77-86*4_77-87*4_77-88*4_77-89*4_77-90*4_77-91*4_77-92*4_77-93*4_77-94*4_77-95*4_77-96*4_77-97*4_77-98*4_77-99*4_95-100*5_95-101*5_95-102*5_95-103*5_95-104*5_95-105*5_95-106*5_95-107*5_95-108*5_95-109*5_95-110*5_95-111*5_95-112*5_95-113*5_95-114*5_95-115*5_95-116*5_95-117*5_95-118*5_111-119*6_111-120*6_111-121*6_111-122*6_111-123*6_111-124*6_111-125*6_111-126*6_111-127*6_111-128*6_111-129*6_111-130*6_111-131*6_111-132*6_111-133*6_111-134*6_111-135*6_111-136*6_132-137*7_132-138*7_132-139*7_132-140*7_132-141*7_132-142*7_132-143*7_132-144*7_132-145*7_132-146*7_132-147*7_132-148*7_132-149*7_132-150*7_132-151*7_132-152*7_132-153*7_132-154*7_132-155*7_132-156*7_132-158*7_148-157*8_148-159*8_148-160*8_148-161*8_148-162*8_148-163*8_148-164*8_148-165*8_148-166*8_148-167*8_148-168*8_148-169*8_148-170*8_148-171*8_148-172*8_170-173*9_170-174*9_170-175*9_170-176*9_170-177*9_170-178*9_170-179*9_170-180*9_170-181*9_170-182*9_170-183*9_170-184*9_170-185*9_170-186*9_170-187*9_170-188*9_170-189*9_170-190*9_170-191*9_170-192*9_170-193*9_170-194*9_188-195*10_188-196*10_188-197*10_188-198*10_188-199*10_188-200*10_188-201*10_188-202*10_188-203*10_188-204*10_188-205*10_188-206*10_188-207*10_188-208*10_188-209*10_188-210*10_188-211*10_188-212*10_208-213*11_208-214*11_208-215*11_208-216*11_208-217*11_208-218*11_208-219*11_208-220*11_208-221*11_208-222*11_208-223*11_208-224*11_208-225*11_208-226*11_208-227*11_208-228*11_208-229*11_208-230*11_208-231*11_208-232*11_226-233*12_226-234*12_226-235*12_226-236*12_226-237*12_226-238*12_226-239*12_226-240*12_226-241*12_226-242*12_226-243*12_226-244*12_226-245*12_226-246*12_226-247*12_226-248*12_226-249*12_226-251*12_246-250*13_246-252*13_246-253*13_246-254*13_246-255*13_246-256*13_246-257*13_246-258*13_246-259*13_246-260*13_246-261*13_246-262*13_246-263*13_246-264*13_246-265*13_246-266*13_246-267*13_246-268*13_246-269*13_254-270*14_254-271*14_254-272*14_254-273*14_254-274*14_254-275*14_254-276*14_254-277*14_254-278*14_270-279*15_270-280*15_270-281*15_270-282*15_270-283*15_270-284*15_270-285*15_270-286*15_270-287*15_270-288*15_270-289*15_270-290*15_270-291*15_270-292*15_270-293*15_270-294*15_288-295*16_288-296*16_288-297*16_288-298*16_288-299*16_288-300*16_288-301*16_288-302*16_288-303*16_288-304*16_288-305*16_288-306*16_288-307*16_288-308*16_288-309*16_288-310*16_288-311*16_288-313*16_307-312*17_307-314*17_307-315*17_307-316*17_307-317*17_307-318*17_307-319*17_307-320*17_307-321*17_307-322*17_307-323*17_307-324*17_307-325*17_307-326*17_307-327*17_307-328*17_307-329*17_329-330*18_329-331*18_329-332*18_
0,1,300,0,0,333,5,333,5,40340.6,14,37,22,333,0,100,0,25,1_2_3_4_5_6_7_8_9_10_11_12_13_14_15_16_17_18_19_20_21_22_23_24_25_26_27_28_29_0_30_31_32_33_34_35_36_37_38_39_40_41_42_43_44_45_46_47_48_49_50_51_52_53_54_55_56_57_58_59_60_61_62_63_64_65_66_67_68_69_70_72_71_73_74_75_76_77_78_79_80_81_82_83_84_85_86_87_88_89_90_91_92_93_94_95_96_97_98_99_100_101_102_103_104_105_106_107_108_109_110_111_113_114_112_115_116_117_118_119_120_121_122_123_124_125_126_127_128_129_130_131_132_133_134_135_136_137_138_139_140_141_142_143_144_146_145_147_148_149_150_151_152_153_154_155_156_157_158_159_160_161_162_163_164_165_166_167_168_169_170_171_172_173_174_175_176_177_178_179_180_181_182_183_184_187_185_186_188_189_190_191_192_193_194_195_196_197_198_199_200_201_202_203_204_205_206_207_208_209_210_211_212_213_214_215_216_217_218_219_220_221_222_223_224_225_226_227_228_229_230_231_232_233_234_235_236_237_238_239_240_241_242_243_244_245_246_247_248_249_250_251_252_253_254_255_256_257_258_259_260_261_262_264_263_265_266_267_268_269_270_271_272_273_274_275_276_277_278_279_280_281_282_283_284_285_286_287_288_289_290_291_292_293_294_295_296_297_298_299_300_301_302_303_304_305_306_307_308_309_310_311_312_313_314_315_316_317_318_319_320_321_322_323_324_325_326_327_328_329_330_331_332_,0_1_2_3_4_5_6_7_8_9_10_11_12_13_14_15_16_17_18_19_20_21_22_23_24_25_26_27_28_29_30_31_32_33_34_35_36_37_38_39_40_41_42_43_44_45_46_47_48_49_50_51_52_53_54_55_56_57_58_59_60_61_62_63_64_65_66_67_68_69_70_71_72_73_74_75_76_77_78_79_80_81_82_83_84_85_86_87_88_89_90_91_92_93_94_95_96_97_98_99_100_101_102_103_104_105_106_107_108_109_110_111_112_113_114_115_116_117_118_119_120_121_122_123_124_125_126_127_128_129_130_131_132_133_134_135_136_137_138_139_140_141_142_143_144_145_146_147_148_149_150_151_152_153_154_155_156_157_158_159_160_161_162_163_164_165_166_167_168_169_170_171_172_173_174_175_176_177_178_179_180_181_182_183_184_185_186_187_188_189_190_191_192_193_194_195_196_197_198_199_200_201_202_203_204_205_206_207_208_209_210_211_212_213_214_215_216_217_218_219_220_221_222_223_224_225_226_227_228_229_230_231_232_233_234_235_236_237_238_239_240_241_242_243_244_245_246_247_248_249_250_251_252_253_254_255_256_257_258_259_260_261_262_263_264_265_266_267_268_269_270_271_272_273_274_275_276_277_278_279_280_281_282_283_284_285_286_287_288_289_290_291_292_293_294_295_296_297_298_299_300_301_302_303_304_305_306_307_308_309_310_311_312_313_314_315_316_317_318_319_320_321_322_323_324_325_326_327_328_329_330_331_332_,0:{1;2;3;4;5;6;7;8;9;10;11;12;13;14;15;16;17;18;19;20;21;22;23;}15:{24;25;26;27;28;29;0;30;31;32;33;34;35;36;37;38;39;}33:{40;41;42;43;44;45;46;47;48;49;50;51;52;53;54;55;56;57;}47:{58;59;60;61;62;63;64;65;66;67;68;69;70;72;}70:{71;73;74;75;76;77;78;79;80;81;82;83;84;85;86;87;88;89;90;91;92;93;94;}89:{95;96;97;98;99;100;101;102;103;104;105;106;107;108;109;110;111;113;114;}107:{112;115;116;117;118;119;120;121;122;123;124;125;126;127;128;129;130;131;}121:{132;133;134;135;136;137;138;139;140;141;142;143;144;146;}140:{145;147;148;149;150;151;152;153;154;155;156;157;158;159;160;161;162;163;}161:{164;165;166;167;168;169;170;171;172;173;174;175;176;177;178;179;180;181;182;183;184;187;}181:{185;186;188;189;190;191;192;193;194;195;196;197;198;199;200;201;202;203;204;205;}198:{206;207;208;209;210;211;212;213;214;215;216;217;218;219;220;221;}221:{222;223;224;225;226;227;228;229;230;231;232;233;234;235;236;237;238;239;240;241;242;243;244;245;}238:{246;247;248;249;250;251;252;253;254;255;256;257;258;259;260;261;262;264;}260:{263;265;266;267;268;269;270;271;272;273;274;275;276;277;278;279;280;281;282;283;284;}272:{285;286;287;288;289;290;291;292;293;294;295;296;}289:{297;298;299;300;301;302;303;304;305;306;307;308;309;310;311;312;313;314;}312:{315;316;317;318;319;320;321;322;323;324;325;326;327;328;329;330;331;332;},248_249_250_251_252_,0-1*0_0-2*0_0-3*0_0-4*0_0-5*0_0-6*0_0-7*0_0-8*0_0-9*0_0-10*0_0-11*0_0-12*0_0-13*0_0-14*0_0-15*0_0-16*0_0-17*0_0-18*0_0-19*0_0-20*0_0-21*0_0-22*0_0-23*0_15-24*1_15-25*1_15-26*1_15-27*1_15-28*1_15-29*1_15-0*1_15-30*1_15-31*1_15-32*1_15-33*1_15-34*1_15-35*1_15-36*1_15-37*1_15-38*1_15-39*1_33-40*2_33-41*2_33-42*2_33-43*2_33-44*2_33-45*2_33-46*2_33-47*2_33-48*2_33-49*2_33-50*2_33-51*2_33-52*2_33-53*2_33-54*2_33-55*2_33-56*2_33-57*2_47-58*3_47-59*3_47-60*3_47-61*3_47-62*3_47-63*3_47-64*3_47-65*3_47-66*3_47-67*3_47-68*3_47-69*3_47-70*3_47-72*3_70-71*4_70-73*4_70-74*4_70-75*4_70-76*4_70-77*4_70-78*4_70-79*4_70-80*4_70-81*4_70-82*4_70-83*4_70-84*4_70-85*4_70-86*4_70-87*4_70-88*4_70-89*4_70-90*4_70-91*4_70-92*4_70-93*4_70-94*4_89-95*5_89-96*5_89-97*5_89-98*5_89-99*5_89-100*5_89-101*5_89-102*5_89-103*5_89-104*5_89-105*5_89-106*5_89-107*5_89-108*5_89-109*5_89-110*5_89-111*5_89-113*5_89-114*5_107-112*6_107-115*6_107-116*6_107-117*6_107-118*6_107-119*6_107-120*6_107-121*6_107-122*6_107-123*6_107-124*6_107-125*6_107-126*6_107-127*6_107-128*6_107-129*6_107-130*6_107-131*6_121-132*7_121-133*7_121-134*7_121-135*7_121-136*7_121-137*7_121-138*7_121-139*7_121-140*7_121-141*7_121-142*7_121-143*7_121-144*7_121-146*7_140-145*8_140-147*8_140-148*8_140-149*8_140-150*8_140-151*8_140-152*8_140-153*8_140-154*8_140-155*8_140-156*8_140-157*8_140-158*8_140-159*8_140-160*8_140-161*8_140-162*8_140-163*8_161-164*9_161-165*9_161-166*9_161-167*9_161-168*9_161-169*9_161-170*9_161-171*9_161-172*9_161-173*9_161-174*9_161-175*9_161-176*9_161-177*9_161-178*9_161-179*9_161-180*9_161-181*9_161-182*9_161-183*9_161-184*9_161-187*9_181-185*10_181-186*10_181-188*10_181-189*10_181-190*10_181-191*10_181-192*10_181-193*10_181-194*10_181-195*10_181-196*10_181-197*10_181-198*10_181-199*10_181-200*10_181-201*10_181-202*10_181-203*10_181-204*10_181-205*10_198-206*11_198-207*11_198-208*11_198-209*11_198-210*11_198-211*11_198-212*11_198-213*11_198-214*11_198-215*11_198-216*11_198-217*11_198-218*11_198-219*11_198-220*11_198-221*11_221-222*12_221-223*12_221-224*12_221-225*12_221-226*12_221-227*12_221-228*12_221-229*12_221-230*12_221-231*12_221-232*12_221-233*12_221-234*12_221-235*12_221-236*12_221-237*12_221-238*12_221-239*12_221-240*12_221-241*12_221-242*12_221-243*12_221-244*12_221-245*12_238-246*13_238-247*13_238-248*13_238-249*13_238-250*13_238-251*13_238-252*13_238-253*13_238-254*13_238-255*13_238-256*13_238-257*13_238-258*13_238-259*13_238-260*13_238-261*13_238-262*13_238-264*13_260-263*14_260-265*14_260-266*14_260-267*14_260-268*14_260-269*14_260-270*14_260-271*14_260-272*14_260-273*14_260-274*14_260-275*14_260-276*14_260-277*14_260-278*14_260-279*14_260-280*14_260-281*14_260-282*14_260-283*14_260-284*14_272-285*15_272-286*15_272-287*15_272-288*15_272-289*15_272-290*15_272-291*15_272-292*15_272-293*15_272-294*15_272-295*15_272-296*15_289-297*16_289-298*16_289-299*16_289-300*16_289-301*16_289-302*16_289-303*16_289-304*16_289-305*16_289-306*16_289-307*16_289-308*16_289-309*16_289-310*16_289-311*16_289-312*16_289-313*16_289-314*16_312-315*17_312-316*17_312-317*17_312-318*17_312-319*17_312-320*17_312-321*17_312-322*17_312-323*17_312-324*17_312-325*17_312-326*17_312-327*17_312-328*17_312-329*17_312-330*17_312-331*17_312-332*17_
