"id","Scenario","Actual Range","Protocol","Buildings","Total nodes","Nodes on circ","Total coverage","Coverage on circ","Alert received mean time","Hops","Slots","Messages sent","Messages received", "Starting x", "Starting y","Starting node", "Vehicle distance", "Received node ids", "Node ids", "Transmission map", "Received on circ nodes", "Transmission vector"
0,1,500,300,1,1072,62,317,12,521386,17.8333,534.667,99,317,973.71,933.46,0,45,1_373_406_517_628_0_184_295_490_485_489_483_488_487_340_329_486_318_351_307_362_129_107_96_118_85_850_961_739_2_207_218_229_240_251_262_156_144_143_154_136_142_155_150_135_152_145_149_147_146_141_138_153_139_131_130_128_284_296_140_151_148_384_185_196_273_395_407_167_173_162_168_158_176_157_175_62_177_166_165_172_164_160_170_429_61_174_418_169_231_440_461_230_455_50_228_454_453_452_450_451_60_159_133_161_132_171_462_51_179_127_178_52_216_215_126_125_56_124_123_122_121_57_55_495_506_120_54_59_473_53_484_250_217_249_220_49_214_254_256_255_213_232_252_233_194_46_221_227_195_193_242_45_225_224_48_223_226_219_253_238_197_269_198_199_222_200_201_180_119_518_239_235_243_237_236_241_257_264_260_258_234_276_181_190_117_191_116_186_192_114_595_113_606_112_617_111_629_259_44_640_110_43_851_862_109_651_35_108_115_271_13_662_684_12_182_183_551_562_529_573_584_33_34_41_42_212_202_39_38_1065_203_11_1066_100_30_40_673_895_206_204_208_70_817_205_828_1067_106_99_98_6_965_97_101_4_540_210_211_964_966_963_960_8_967_7_959_5_839_873_958_957_105_104_1068_884_918_949_1069_102_915_916_948_919_920_946_921_922_923_938_940_941_924_925_942_945_947_913_914_1071_103_1070_943_944_889_888_887_936_886_902_885_883_890_891_892_901_893_894_,0_1_2_3_4_5_6_7_8_9_10_11_12_13_14_15_16_17_18_19_20_21_22_23_24_25_26_27_28_29_30_31_32_33_34_35_36_37_38_39_40_41_42_43_44_45_46_47_48_49_50_51_52_53_54_55_56_57_58_59_60_61_62_63_64_65_66_67_68_69_70_71_72_73_74_75_76_77_78_79_80_81_82_83_84_85_86_87_88_89_90_91_92_93_94_95_96_97_98_99_100_101_102_103_104_105_106_107_108_109_110_111_112_113_114_115_116_117_118_119_120_121_122_123_124_125_126_127_128_129_130_131_132_133_134_135_136_137_138_139_140_141_142_143_144_145_146_147_148_149_150_151_152_153_154_155_156_157_158_159_160_161_162_163_164_165_166_167_168_169_170_171_172_173_174_175_176_177_178_179_180_181_182_183_184_185_186_187_188_189_190_191_192_193_194_195_196_197_198_199_200_201_202_203_204_205_206_207_208_209_210_211_212_213_214_215_216_217_218_219_220_221_222_223_224_225_226_227_228_229_230_231_232_233_234_235_236_237_238_239_240_241_242_243_244_245_246_247_248_249_250_251_252_253_254_255_256_257_258_259_260_261_262_263_264_265_266_267_268_269_270_271_272_273_274_275_276_277_278_279_280_281_282_283_284_285_286_287_288_289_290_291_292_293_294_295_296_297_298_299_300_301_302_303_304_305_306_307_308_309_310_311_312_313_314_315_316_317_318_319_320_321_322_323_324_325_326_327_328_329_330_331_332_333_334_335_336_337_338_339_340_341_342_343_344_345_346_347_348_349_350_351_352_353_354_355_356_357_358_359_360_361_362_363_364_365_366_367_368_369_370_371_372_373_374_375_376_377_378_379_380_381_382_383_384_385_386_387_388_389_390_391_392_393_394_395_396_397_398_399_400_401_402_403_404_405_406_407_408_409_410_411_412_413_414_415_416_417_418_419_420_421_422_423_424_425_426_427_428_429_430_431_432_433_434_435_436_437_438_439_440_441_442_443_444_445_446_447_448_449_450_451_452_453_454_455_456_457_458_459_460_461_462_463_464_465_466_467_468_469_470_471_472_473_474_475_476_477_478_479_480_481_482_483_484_485_486_487_488_489_490_491_492_493_494_495_496_497_498_499_500_501_502_503_504_505_506_507_508_509_510_511_512_513_514_515_516_517_518_519_520_521_522_523_524_525_526_527_528_529_530_531_532_533_534_535_536_537_538_539_540_541_542_543_544_545_546_547_548_549_550_551_552_553_554_555_556_557_558_559_560_561_562_563_564_565_566_567_568_569_570_571_572_573_574_575_576_577_578_579_580_581_582_583_584_585_586_587_588_589_590_591_592_593_594_595_596_597_598_599_600_601_602_603_604_605_606_607_608_609_610_611_612_613_614_615_616_617_618_619_620_621_622_623_624_625_626_627_628_629_630_631_632_633_634_635_636_637_638_639_640_641_642_643_644_645_646_647_648_649_650_651_652_653_654_655_656_657_658_659_660_661_662_663_664_665_666_667_668_669_670_671_672_673_674_675_676_677_678_679_680_681_682_683_684_685_686_687_688_689_690_691_692_693_694_695_696_697_698_699_700_701_702_703_704_705_706_707_708_709_710_711_712_713_714_715_716_717_718_719_720_721_722_723_724_725_726_727_728_729_730_731_732_733_734_735_736_737_738_739_740_741_742_743_744_745_746_747_748_749_750_751_752_753_754_755_756_757_758_759_760_761_762_763_764_765_766_767_768_769_770_771_772_773_774_775_776_777_778_779_780_781_782_783_784_785_786_787_788_789_790_791_792_793_794_795_796_797_798_799_800_801_802_803_804_805_806_807_808_809_810_811_812_813_814_815_816_817_818_819_820_821_822_823_824_825_826_827_828_829_830_831_832_833_834_835_836_837_838_839_840_841_842_843_844_845_846_847_848_849_850_851_852_853_854_855_856_857_858_859_860_861_862_863_864_865_866_867_868_869_870_871_872_873_874_875_876_877_878_879_880_881_882_883_884_885_886_887_888_889_890_891_892_893_894_895_896_897_898_899_900_901_902_903_904_905_906_907_908_909_910_911_912_913_914_915_916_917_918_919_920_921_922_923_924_925_926_927_928_929_930_931_932_933_934_935_936_937_938_939_940_941_942_943_944_945_946_947_948_949_950_951_952_953_954_955_956_957_958_959_960_961_962_963_964_965_966_967_968_969_970_971_972_973_974_975_976_977_978_979_980_981_982_983_984_985_986_987_988_989_990_991_992_993_994_995_996_997_998_999_1000_1001_1002_1003_1004_1005_1006_1007_1008_1009_1010_1011_1012_1013_1014_1015_1016_1017_1018_1019_1020_1021_1022_1023_1024_1025_1026_1027_1028_1029_1030_1031_1032_1033_1034_1035_1036_1037_1038_1039_1040_1041_1042_1043_1044_1045_1046_1047_1048_1049_1050_1051_1052_1053_1054_1055_1056_1057_1058_1059_1060_1061_1062_1063_1064_1065_1066_1067_1068_1069_1070_1071_,0:{1;373;406;517;628;}7:{1071;}12:{11;1066;100;30;}33:{34;41;42;212;}34:{40;}50:{46;221;}62:{170;429;61;174;418;169;231;440;461;}85:{850;961;}99:{98;6;965;97;101;4;}101:{1069;102;915;}102:{103;1070;}106:{105;104;1068;884;918;949;}107:{96;118;85;}117:{182;183;551;562;529;573;584;33;}120:{180;119;518;}122:{55;495;506;120;54;59;}126:{124;123;122;121;57;}127:{126;125;56;}129:{284;296;140;151;}132:{179;127;178;}144:{154;136;142;155;150;135;}148:{177;}150:{152;145;149;147;146;141;138;153;139;131;130;128;}151:{167;173;162;168;158;176;157;175;}152:{148;}154:{273;}158:{166;165;172;}160:{159;133;161;132;}165:{164;160;}169:{171;}180:{181;190;117;191;116;186;192;114;595;113;606;112;617;111;629;}181:{540;}194:{227;195;193;242;}195:{197;269;}197:{198;199;}199:{200;201;}201:{202;39;38;1065;203;}203:{206;204;208;70;817;}204:{205;828;}210:{211;}216:{250;217;249;220;49;214;254;}220:{225;224;48;223;}223:{222;}225:{226;219;}230:{52;216;215;}237:{259;}238:{239;235;243;237;236;241;257;264;260;258;234;276;}251:{262;156;144;143;}254:{256;255;213;232;252;233;194;}255:{253;238;}258:{271;}284:{384;185;196;}329:{318;351;307;}351:{362;}362:{129;107;}373:{340;329;}384:{395;407;}395:{62;}429:{230;455;50;228;454;453;452;450;}440:{451;60;}451:{462;51;}462:{473;53;484;}484:{45;}488:{486;}489:{488;487;}540:{210;}628:{0;184;295;490;485;489;483;}629:{44;640;110;43;851;862;109;651;35;108;115;}651:{13;662;684;12;}828:{839;873;}850:{739;2;207;218;229;240;251;}862:{673;895;}886:{902;885;883;890;891;892;901;893;894;}888:{887;936;886;}938:{924;925;942;}942:{943;}943:{944;}944:{889;888;}946:{945;947;913;914;}949:{916;948;919;920;946;921;922;923;938;940;941;}959:{958;957;}963:{8;967;7;959;5;}965:{964;966;963;960;}1066:{1067;106;99;},33_35_38_39_40_41_114_115_203_204_584_595_,0-1*0_0-373*0_0-406*0_0-517*0_0-628*0_628-0*1_628-184*1_628-295*1_628-490*1_628-485*1_628-489*1_628-483*1_489-488*2_489-487*2_373-340*1_373-329*1_488-486*3_329-318*2_329-351*2_329-307*2_351-362*3_362-129*4_362-107*4_107-96*5_107-118*5_107-85*5_85-850*6_85-961*6_850-739*7_850-2*7_850-207*7_850-218*7_850-229*7_850-240*7_850-251*7_251-262*8_251-156*8_251-144*8_251-143*8_144-154*9_144-136*9_144-142*9_144-155*9_144-150*9_144-135*9_150-152*10_150-145*10_150-149*10_150-147*10_150-146*10_150-141*10_150-138*10_150-153*10_150-139*10_150-131*10_150-130*10_150-128*10_129-284*5_129-296*5_129-140*5_129-151*5_152-148*11_284-384*6_284-185*6_284-196*6_154-273*10_384-395*7_384-407*7_151-167*6_151-173*6_151-162*6_151-168*6_151-158*6_151-176*6_151-157*6_151-175*6_395-62*8_148-177*12_158-166*7_158-165*7_158-172*7_165-164*8_165-160*8_62-170*9_62-429*9_62-61*9_62-174*9_62-418*9_62-169*9_62-231*9_62-440*9_62-461*9_429-230*10_429-455*10_429-50*10_429-228*10_429-454*10_429-453*10_429-452*10_429-450*10_440-451*10_440-60*10_160-159*9_160-133*9_160-161*9_160-132*9_169-171*10_451-462*11_451-51*11_132-179*10_132-127*10_132-178*10_230-52*11_230-216*11_230-215*11_127-126*11_127-125*11_127-56*11_126-124*12_126-123*12_126-122*12_126-121*12_126-57*12_122-55*13_122-495*13_122-506*13_122-120*13_122-54*13_122-59*13_462-473*12_462-53*12_462-484*12_216-250*12_216-217*12_216-249*12_216-220*12_216-49*12_216-214*12_216-254*12_254-256*13_254-255*13_254-213*13_254-232*13_254-252*13_254-233*13_254-194*13_50-46*11_50-221*11_194-227*14_194-195*14_194-193*14_194-242*14_484-45*13_220-225*13_220-224*13_220-48*13_220-223*13_225-226*14_225-219*14_255-253*14_255-238*14_195-197*15_195-269*15_197-198*16_197-199*16_223-222*14_199-200*17_199-201*17_120-180*14_120-119*14_120-518*14_238-239*15_238-235*15_238-243*15_238-237*15_238-236*15_238-241*15_238-257*15_238-264*15_238-260*15_238-258*15_238-234*15_238-276*15_180-181*15_180-190*15_180-117*15_180-191*15_180-116*15_180-186*15_180-192*15_180-114*15_180-595*15_180-113*15_180-606*15_180-112*15_180-617*15_180-111*15_180-629*15_237-259*16_629-44*16_629-640*16_629-110*16_629-43*16_629-851*16_629-862*16_629-109*16_629-651*16_629-35*16_629-108*16_629-115*16_258-271*16_651-13*17_651-662*17_651-684*17_651-12*17_117-182*16_117-183*16_117-551*16_117-562*16_117-529*16_117-573*16_117-584*16_117-33*16_33-34*17_33-41*17_33-42*17_33-212*17_201-202*18_201-39*18_201-38*18_201-1065*18_201-203*18_12-11*18_12-1066*18_12-100*18_12-30*18_34-40*18_862-673*17_862-895*17_203-206*19_203-204*19_203-208*19_203-70*19_203-817*19_204-205*20_204-828*20_1066-1067*19_1066-106*19_1066-99*19_99-98*20_99-6*20_99-965*20_99-97*20_99-101*20_99-4*20_181-540*16_540-210*17_210-211*18_965-964*21_965-966*21_965-963*21_965-960*21_963-8*22_963-967*22_963-7*22_963-959*22_963-5*22_828-839*21_828-873*21_959-958*23_959-957*23_106-105*20_106-104*20_106-1068*20_106-884*20_106-918*20_106-949*20_101-1069*21_101-102*21_101-915*21_949-916*21_949-948*21_949-919*21_949-920*21_949-946*21_949-921*21_949-922*21_949-923*21_949-938*21_949-940*21_949-941*21_938-924*22_938-925*22_938-942*22_946-945*22_946-947*22_946-913*22_946-914*22_7-1071*23_102-103*22_102-1070*22_942-943*23_943-944*24_944-889*25_944-888*25_888-887*26_888-936*26_888-886*26_886-902*27_886-885*27_886-883*27_886-890*27_886-891*27_886-892*27_886-901*27_886-893*27_886-894*27_
