"id","Scenario","Actual Range","Protocol","Buildings","Total nodes","Nodes on circ","Total coverage","Coverage on circ","Alert received mean time","Hops","Slots","Messages sent","Messages received", "Starting x", "Starting y","Starting node", "Vehicle distance", "Received node ids", "Node ids", "Transmission map", "Received on circ nodes", "Transmission vector"
0,1,100,500,0,1776,80,1548,69,284550,18.7101,241.029,1118,1548,1153.84,1884.7,310,25,309_311_308_312_294_314_293_275_276_274_277_310_273_272_278_271_286_287_285_850_279_851_284_270_849_852_283_281_315_316_853_848_847_282_259_268_260_261_257_262_263_254_264_253_265_317_698_318_699_1196_700_319_256_229_228_255_230_267_288_320_321_1191_1197_1190_1195_697_1189_331_227_326_266_332_327_328_333_330_252_226_223_222_289_342_290_221_341_220_337_701_1198_1200_292_334_216_217_338_1187_1186_1192_1460_1193_1461_1185_1201_1202_1203_218_231_251_232_325_323_233_339_751_1223_703_704_1204_1220_1205_1759_1462_250_249_1463_219_173_340_343_750_344_749_329_240_241_239_242_238_243_513_502_524_724_491_535_175_174_172_176_171_735_680_480_669_1219_1218_1464_1206_1207_1217_1215_345_170_168_167_1459_1165_1167_746_742_757_761_1758_1757_1216_1214_695_696_1213_1208_694_1212_1240_1209_693_203_1194_1169_1168_1170_1171_1164_1140_177_215_178_214_212_1141_1142_1134_1135_1172_1143_1132_705_1136_1173_1128_574_573_166_346_165_1211_1224_1225_1239_768_758_759_780_756_760_755_791_546_558_733_569_771_754_580_248_244_1457_1456_748_1145_1146_1492_1491_1147_1156_1490_1148_1163_1131_1174_1130_1238_1237_1236_204_201_200_139_1226_1227_1235_1458_1454_1465_1467_205_140_199_206_138_141_770_769_884_591_885_767_602_883_882_1129_1127_1137_1126_1138_1453_1468_1452_753_207_137_142_654_198_1228_1234_1229_747_745_744_1139_1123_1124_1161_1125_1160_1121_1157_766_691_613_211_210_197_196_752_802_813_870_869_868_871_824_872_835_881_351_348_352_349_553_552_551_886_599_1473_1469_1563_1562_1474_1470_1561_1494_1471_657_635_1232_1231_1230_1241_1575_208_143_209_598_653_133_130_1149_1150_1487_1489_1151_1486_1158_1152_1485_1162_652_145_146_651_129_1159_1091_1092_1090_1089_131_605_134_144_132_148_606_135_597_649_128_237_235_1058_1120_1057_1087_1059_1056_295_245_296_246_234_550_549_544_543_545_542_547_732_541_731_600_601_583_584_650_149_581_1060_1061_1183_706_1115_707_1182_692_690_1259_1260_1258_1261_1257_1763_585_582_150_586_1495_1472_1496_1497_1475_1242_1243_1578_743_1114_1113_1054_1112_873_874_875_876_867_879_865_857_1153_1154_887_350_353_570_571_595_357_572_592_593_356_354_568_594_741_846_578_577_579_576_878_880_587_163_588_1108_1093_1107_1109_1098_1097_1100_607_730_725_726_727_723_548_540_603_1262_1766_1245_1246_1429_1428_1247_1427_1248_1053_708_1052_709_1051_710_604_127_322_1574_1576_1249_1250_655_124_123_656_122_126_1101_1096_803_801_800_1095_1102_1094_804_799_379_381_567_378_383_384_382_372_373_162_359_1063_1081_1082_1579_1573_1580_864_1116_1117_539_538_537_1560_589_161_160_164_590_159_157_156_440_441_1175_1176_301_303_355_1178_374_360_361_375_362_370_368_371_376_363_367_377_386_1572_1083_1050_297_307_298_306_299_366_387_1476_202_191_1269_1270_1268_1271_1256_798_797_1103_805_1104_796_1105_826_823_1484_1478_1479_1480_1064_1084_1065_1085_1067_789_788_787_1068_1466_825_1455_1477_1444_1488_1499_1432_806_1510_795_807_728_729_894_893_722_721_895_720_892_719_896_891_385_439_438_437_436_1049_612_121_611_120_1106_1532_1521_155_596_575_154_151_152_897_898_466_899_903_715_814_1764_1263_1762_1264_1267_1451_1450_1449_1448_1447_388_389_390_434_1498_1500_1501_1048_1047_808_809_1564_1086_1643_1654_1666_1677_1632_1039_786_1688_1040_1038_901_467_902_468_718_470_465_471_812_815_810_816_811_936_937_935_934_938_932_1426_1285_1286_1284_1601_1272_1265_1283_531_300_610_119_920_921_919_923_918_1037_924_1621_917_1556_1582_1581_1553_435_236_447_1481_1482_1282_1602_1273_1281_1274_1280_925_1036_1502_1503_1552_458_180_469_169_646_225_1483_532_153_1493_609_658_659_118_660_817_818_931_365_364_408_407_624_433_432_431_566_1118_1119_400_399_464_463_462_526_304_1179_305_1180_1181_1410_1254_1253_1252_1275_1276_1599_1610_527_472_473_474_475_1445_1446_1442_1441_1565_1557_939_940_392_393_565_394_430_444_443_395_429_442_398_396_428_1603_1279_1604_1605_525_247_158_1080_713_258_1079_147_213_1551_1506_1507_1508_1505_1558_1509_1559_1430_1431_1425_1433_1543_1555_1566_819_820_1577_821_734_890_736_765_1421_828_1014_827_1399_1018_1013_1388_1019_1012_523_845_1278_1287_1251_1772_1773_1771_1770_1613_1769_1377_1512_1511_1523_1513_1584_1522_1514_1583_1518_1520_1516_522_521_461_520_476_1568_941_942_943_772_773_1699_916_1710_774_785_775_477_478_479_401_406_403_1424_1423_1422_945_136_702_269_125_1073_280_1074_1519_1517_1524_1515_1541_1525_926_1035_1034_737_716_844_843_841_842_1076_1078_1184_1075_1062_1069_427_930_1504_1527_1526_1528_946_1030_948_1031_949_950_947_1567_1606_1002_1627_1626_714_712_738_739_711_397_404_405_426_425_423_1544_1542_1546_1588_822_536_534_533_1607_1608_1609_661_1032_928_927_1545_561_554_562_1440_1439_115_1628_1531_1530_1529_929_1625_1624_1623_1629_1622_1693_1420_1533_1535_1070_783_1071_1614_1072_1549_1550_1547_380_1534_114_102_391_91_291_302_313_782_781_778_1020_1021_1023_1289_1290_1611_1294_1295_1291_1024_1025_1009_1015_1016_1008_1010_1017_1007_1355_1000_955_1344_1366_1003_1612_840_839_1600_837_324_402_1630_1631_1633_1634_1292_1293_1296_1297_560_559_556_555_777_784_776_336_1548_424_413_347_58_481_482_1438_409_1303_1302_410_915_914_1721_411_483_508_484_485_838_836_563_564_1001_998_997_1004_1301_608_614_962_961_994_960_1026_951_958_996_995_834_833_966_977_944_988_1006_1177_832_831_957_959_963_956_964_954_952_965_967_953_830_829_933_1188_922_1199_1011_358_369_794_1635_1636_1637_1005_992_991_1298_1300_80_762_1434_993_1210_1435_1436_1437_1396_1409_1411_1398_1395_615_989_616_112_642_793_47_69_792_1754_1743_36_763_3_14_1765_764_25_740_854_855_1638_1639_1640_717_907_908_909_1641_1642_1644_412_414_415_1732_790_912_910_913_888_999_1412_1413_1414_1415_1027_1028_1645_1646_1650_1649_1651_1652_1648_1540_1537_906_905_904_452_453_509_510_486_511_1692_1691_1620_1690_1619_1689_900_1222_889_1394_1397_1585_1392_1536_1539_1538_1400_1401_1393_1586_1418_1391_1417_1416_1404_911_1310_877_1233_866_1403_1402_416_445_1386_1587_1385_1387_1687_1384_1383_1299_1288_512_968_970_969_981_971_984_1144_990_985_972_982_1155_973_980_1389_514_515_516_983_986_974_987_617_641_618_640_619_517_518_519_505_1390_1598_1372_1597_1596_1382_1371_1592_1593_1381_975_779_979_1653_1655_639_620_638_621_1029_976_978_856_637_622_623_625_626_1370_1364_1361_1362_1363_1360_1647_1405_1408_863_1380_1686_668_1022_557_1304_1315_1311_1322_1589_1590_1591_1594_1365_862_861_860_1406_859_1033_1044_1055_1312_1313_454_490_506_493_448_449_450_1359_1343_1367_1342_1368_224_113_335_2_446_1665_1066_1316_1314_1317_1595_1309_1308_1369_1682_1681_1680_1341_1336_1683_1679_1676_1700_1678_1675_1684_1674_1698_627_628_631_630_643_629_632_633_1133_1122_1111_1166_460_459_457_456_455_507_489_488_487_492_1335_1334_1337_1307_1338_1306_1325_1326_1673_1672_1685_1077_1088_499_494_498_495_497_496_500_529_1099_1327_1324_1328_1329_1323_1330_1331_1339_858_1318_1319_1320_1697_1661_1660_1662_687_1659_1658_1671_1657_689_636_634_1379_1374_1373_1375_1378_1376_501_503_530_688_1670_1669_1663_1656_1340_1356_1354_1667_1668_1664_1345_1346_528_451_504_1407_422_421_420_419_1694_1353_1357_1352_1358_1695_1347_1348_1349_1350_418_1351_,0_1_2_3_4_5_6_7_8_9_10_11_12_13_14_15_16_17_18_19_20_21_22_23_24_25_26_27_28_29_30_31_32_33_34_35_36_37_38_39_40_41_42_43_44_45_46_47_48_49_50_51_52_53_54_55_56_57_58_59_60_61_62_63_64_65_66_67_68_69_70_71_72_73_74_75_76_77_78_79_80_81_82_83_84_85_86_87_88_89_90_91_92_93_94_95_96_97_98_99_100_101_102_103_104_105_106_107_108_109_110_111_112_113_114_115_116_117_118_119_120_121_122_123_124_125_126_127_128_129_130_131_132_133_134_135_136_137_138_139_140_141_142_143_144_145_146_147_148_149_150_151_152_153_154_155_156_157_158_159_160_161_162_163_164_165_166_167_168_169_170_171_172_173_174_175_176_177_178_179_180_181_182_183_184_185_186_187_188_189_190_191_192_193_194_195_196_197_198_199_200_201_202_203_204_205_206_207_208_209_210_211_212_213_214_215_216_217_218_219_220_221_222_223_224_225_226_227_228_229_230_231_232_233_234_235_236_237_238_239_240_241_242_243_244_245_246_247_248_249_250_251_252_253_254_255_256_257_258_259_260_261_262_263_264_265_266_267_268_269_270_271_272_273_274_275_276_277_278_279_280_281_282_283_284_285_286_287_288_289_290_291_292_293_294_295_296_297_298_299_300_301_302_303_304_305_306_307_308_309_310_311_312_313_314_315_316_317_318_319_320_321_322_323_324_325_326_327_328_329_330_331_332_333_334_335_336_337_338_339_340_341_342_343_344_345_346_347_348_349_350_351_352_353_354_355_356_357_358_359_360_361_362_363_364_365_366_367_368_369_370_371_372_373_374_375_376_377_378_379_380_381_382_383_384_385_386_387_388_389_390_391_392_393_394_395_396_397_398_399_400_401_402_403_404_405_406_407_408_409_410_411_412_413_414_415_416_417_418_419_420_421_422_423_424_425_426_427_428_429_430_431_432_433_434_435_436_437_438_439_440_441_442_443_444_445_446_447_448_449_450_451_452_453_454_455_456_457_458_459_460_461_462_463_464_465_466_467_468_469_470_471_472_473_474_475_476_477_478_479_480_481_482_483_484_485_486_487_488_489_490_491_492_493_494_495_496_497_498_499_500_501_502_503_504_505_506_507_508_509_510_511_512_513_514_515_516_517_518_519_520_521_522_523_524_525_526_527_528_529_530_531_532_533_534_535_536_537_538_539_540_541_542_543_544_545_546_547_548_549_550_551_552_553_554_555_556_557_558_559_560_561_562_563_564_565_566_567_568_569_570_571_572_573_574_575_576_577_578_579_580_581_582_583_584_585_586_587_588_589_590_591_592_593_594_595_596_597_598_599_600_601_602_603_604_605_606_607_608_609_610_611_612_613_614_615_616_617_618_619_620_621_622_623_624_625_626_627_628_629_630_631_632_633_634_635_636_637_638_639_640_641_642_643_644_645_646_647_648_649_650_651_652_653_654_655_656_657_658_659_660_661_662_663_664_665_666_667_668_669_670_671_672_673_674_675_676_677_678_679_680_681_682_683_684_685_686_687_688_689_690_691_692_693_694_695_696_697_698_699_700_701_702_703_704_705_706_707_708_709_710_711_712_713_714_715_716_717_718_719_720_721_722_723_724_725_726_727_728_729_730_731_732_733_734_735_736_737_738_739_740_741_742_743_744_745_746_747_748_749_750_751_752_753_754_755_756_757_758_759_760_761_762_763_764_765_766_767_768_769_770_771_772_773_774_775_776_777_778_779_780_781_782_783_784_785_786_787_788_789_790_791_792_793_794_795_796_797_798_799_800_801_802_803_804_805_806_807_808_809_810_811_812_813_814_815_816_817_818_819_820_821_822_823_824_825_826_827_828_829_830_831_832_833_834_835_836_837_838_839_840_841_842_843_844_845_846_847_848_849_850_851_852_853_854_855_856_857_858_859_860_861_862_863_864_865_866_867_868_869_870_871_872_873_874_875_876_877_878_879_880_881_882_883_884_885_886_887_888_889_890_891_892_893_894_895_896_897_898_899_900_901_902_903_904_905_906_907_908_909_910_911_912_913_914_915_916_917_918_919_920_921_922_923_924_925_926_927_928_929_930_931_932_933_934_935_936_937_938_939_940_941_942_943_944_945_946_947_948_949_950_951_952_953_954_955_956_957_958_959_960_961_962_963_964_965_966_967_968_969_970_971_972_973_974_975_976_977_978_979_980_981_982_983_984_985_986_987_988_989_990_991_992_993_994_995_996_997_998_999_1000_1001_1002_1003_1004_1005_1006_1007_1008_1009_1010_1011_1012_1013_1014_1015_1016_1017_1018_1019_1020_1021_1022_1023_1024_1025_1026_1027_1028_1029_1030_1031_1032_1033_1034_1035_1036_1037_1038_1039_1040_1041_1042_1043_1044_1045_1046_1047_1048_1049_1050_1051_1052_1053_1054_1055_1056_1057_1058_1059_1060_1061_1062_1063_1064_1065_1066_1067_1068_1069_1070_1071_1072_1073_1074_1075_1076_1077_1078_1079_1080_1081_1082_1083_1084_1085_1086_1087_1088_1089_1090_1091_1092_1093_1094_1095_1096_1097_1098_1099_1100_1101_1102_1103_1104_1105_1106_1107_1108_1109_1110_1111_1112_1113_1114_1115_1116_1117_1118_1119_1120_1121_1122_1123_1124_1125_1126_1127_1128_1129_1130_1131_1132_1133_1134_1135_1136_1137_1138_1139_1140_1141_1142_1143_1144_1145_1146_1147_1148_1149_1150_1151_1152_1153_1154_1155_1156_1157_1158_1159_1160_1161_1162_1163_1164_1165_1166_1167_1168_1169_1170_1171_1172_1173_1174_1175_1176_1177_1178_1179_1180_1181_1182_1183_1184_1185_1186_1187_1188_1189_1190_1191_1192_1193_1194_1195_1196_1197_1198_1199_1200_1201_1202_1203_1204_1205_1206_1207_1208_1209_1210_1211_1212_1213_1214_1215_1216_1217_1218_1219_1220_1221_1222_1223_1224_1225_1226_1227_1228_1229_1230_1231_1232_1233_1234_1235_1236_1237_1238_1239_1240_1241_1242_1243_1244_1245_1246_1247_1248_1249_1250_1251_1252_1253_1254_1255_1256_1257_1258_1259_1260_1261_1262_1263_1264_1265_1266_1267_1268_1269_1270_1271_1272_1273_1274_1275_1276_1277_1278_1279_1280_1281_1282_1283_1284_1285_1286_1287_1288_1289_1290_1291_1292_1293_1294_1295_1296_1297_1298_1299_1300_1301_1302_1303_1304_1305_1306_1307_1308_1309_1310_1311_1312_1313_1314_1315_1316_1317_1318_1319_1320_1321_1322_1323_1324_1325_1326_1327_1328_1329_1330_1331_1332_1333_1334_1335_1336_1337_1338_1339_1340_1341_1342_1343_1344_1345_1346_1347_1348_1349_1350_1351_1352_1353_1354_1355_1356_1357_1358_1359_1360_1361_1362_1363_1364_1365_1366_1367_1368_1369_1370_1371_1372_1373_1374_1375_1376_1377_1378_1379_1380_1381_1382_1383_1384_1385_1386_1387_1388_1389_1390_1391_1392_1393_1394_1395_1396_1397_1398_1399_1400_1401_1402_1403_1404_1405_1406_1407_1408_1409_1410_1411_1412_1413_1414_1415_1416_1417_1418_1419_1420_1421_1422_1423_1424_1425_1426_1427_1428_1429_1430_1431_1432_1433_1434_1435_1436_1437_1438_1439_1440_1441_1442_1443_1444_1445_1446_1447_1448_1449_1450_1451_1452_1453_1454_1455_1456_1457_1458_1459_1460_1461_1462_1463_1464_1465_1466_1467_1468_1469_1470_1471_1472_1473_1474_1475_1476_1477_1478_1479_1480_1481_1482_1483_1484_1485_1486_1487_1488_1489_1490_1491_1492_1493_1494_1495_1496_1497_1498_1499_1500_1501_1502_1503_1504_1505_1506_1507_1508_1509_1510_1511_1512_1513_1514_1515_1516_1517_1518_1519_1520_1521_1522_1523_1524_1525_1526_1527_1528_1529_1530_1531_1532_1533_1534_1535_1536_1537_1538_1539_1540_1541_1542_1543_1544_1545_1546_1547_1548_1549_1550_1551_1552_1553_1554_1555_1556_1557_1558_1559_1560_1561_1562_1563_1564_1565_1566_1567_1568_1569_1570_1571_1572_1573_1574_1575_1576_1577_1578_1579_1580_1581_1582_1583_1584_1585_1586_1587_1588_1589_1590_1591_1592_1593_1594_1595_1596_1597_1598_1599_1600_1601_1602_1603_1604_1605_1606_1607_1608_1609_1610_1611_1612_1613_1614_1615_1616_1617_1618_1619_1620_1621_1622_1623_1624_1625_1626_1627_1628_1629_1630_1631_1632_1633_1634_1635_1636_1637_1638_1639_1640_1641_1642_1643_1644_1645_1646_1647_1648_1649_1650_1651_1652_1653_1654_1655_1656_1657_1658_1659_1660_1661_1662_1663_1664_1665_1666_1667_1668_1669_1670_1671_1672_1673_1674_1675_1676_1677_1678_1679_1680_1681_1682_1683_1684_1685_1686_1687_1688_1689_1690_1691_1692_1693_1694_1695_1696_1697_1698_1699_1700_1701_1702_1703_1704_1705_1706_1707_1708_1709_1710_1711_1712_1713_1714_1715_1716_1717_1718_1719_1720_1721_1722_1723_1724_1725_1726_1727_1728_1729_1730_1731_1732_1733_1734_1735_1736_1737_1738_1739_1740_1741_1742_1743_1744_1745_1746_1747_1748_1749_1750_1751_1752_1753_1754_1755_1756_1757_1758_1759_1760_1761_1762_1763_1764_1765_1766_1767_1768_1769_1770_1771_1772_1773_1774_1775_,36:{717;907;908;909;}58:{25;740;}102:{764;}123:{612;121;611;120;}125:{114;102;391;91;291;302;}127:{655;124;123;656;122;126;}131:{607;}133:{128;}141:{208;143;209;598;653;133;130;}146:{600;601;583;584;650;149;581;}148:{585;582;150;586;}156:{155;596;575;154;151;152;}158:{136;702;269;125;1073;280;1074;}165:{587;163;588;}168:{574;573;166;346;165;}169:{247;158;1080;713;258;1079;147;213;}172:{203;}174:{204;201;200;139;}176:{177;215;178;214;212;}197:{127;}201:{207;137;142;654;198;}203:{205;140;199;206;138;141;}204:{599;}207:{652;145;146;651;129;}209:{131;605;134;144;132;148;606;135;597;649;}212:{211;210;197;196;}216:{219;173;}218:{175;174;172;176;171;}220:{218;}230:{327;328;333;330;252;}234:{322;}239:{237;235;}242:{513;502;524;724;491;535;}243:{735;680;480;669;}246:{202;191;}248:{295;245;296;246;234;}250:{248;244;}254:{231;251;232;325;323;233;}260:{256;229;228;255;230;267;}263:{331;227;326;266;332;}265:{226;223;}267:{222;289;342;290;221;341;220;337;}270:{268;260;261;257;262;263;254;264;253;265;}272:{853;848;847;282;259;}277:{278;271;286;287;285;850;279;851;284;270;849;852;283;281;}290:{292;334;216;217;}293:{250;249;}294:{276;274;277;310;273;272;}296:{297;307;298;306;299;}307:{300;}310:{309;311;308;312;294;314;293;275;}312:{315;316;}313:{424;413;347;58;}315:{317;698;318;699;1196;700;319;}319:{320;321;1191;1197;1190;1195;697;1189;}322:{435;236;447;}324:{358;369;794;}328:{329;240;241;239;242;238;243;}336:{793;47;69;792;1754;1743;36;}339:{340;343;750;344;749;}341:{339;751;}342:{338;}343:{345;170;168;167;}345:{351;348;352;349;}349:{350;353;570;571;595;357;572;592;593;356;354;568;594;}366:{365;364;408;407;}373:{374;360;361;375;362;370;368;371;376;363;367;377;386;}374:{366;387;}376:{400;399;}377:{401;406;403;}386:{388;389;390;434;}391:{80;762;}394:{409;}400:{397;404;405;}403:{410;}406:{560;559;556;555;}413:{763;3;14;1765;}414:{416;445;}422:{418;}423:{412;414;415;}425:{411;}428:{426;425;423;}431:{427;}436:{433;432;431;566;}441:{385;439;438;437;436;}445:{448;449;450;}447:{458;180;469;169;646;225;}453:{454;490;506;493;}462:{460;459;457;456;455;}468:{523;}469:{624;}471:{527;472;473;474;475;}476:{477;478;479;}478:{481;482;}481:{483;508;484;485;}483:{509;510;486;511;}493:{499;494;498;495;497;496;500;529;}496:{501;503;530;}504:{422;421;420;419;}506:{507;489;488;487;492;}509:{512;}512:{514;515;516;}516:{517;518;519;505;}525:{522;521;461;520;476;}529:{528;451;504;}535:{657;635;}536:{561;554;562;}537:{536;534;533;}541:{539;538;537;}551:{550;549;544;543;545;542;547;732;541;731;}561:{563;564;}563:{452;453;}566:{392;393;565;394;430;444;443;395;429;442;398;396;428;}588:{589;161;160;164;590;159;157;156;440;441;}593:{379;381;567;378;383;384;382;372;373;162;359;}598:{578;577;579;576;}600:{604;}604:{153;}610:{661;}611:{609;658;659;118;660;}615:{617;641;618;640;619;}626:{627;628;631;630;643;629;632;633;}630:{636;634;}638:{637;622;623;625;626;}642:{639;620;638;621;}649:{603;}656:{610;119;}658:{115;}659:{608;614;}660:{615;}661:{616;112;642;}668:{224;113;335;2;446;1665;}687:{1695;}688:{1667;1668;1664;}692:{1262;1766;}693:{692;690;1259;1260;1258;1261;1257;1763;}699:{701;1198;1200;}706:{1053;708;1052;709;1051;710;}707:{1063;1081;1082;}708:{1083;1050;}712:{906;905;904;}716:{714;712;738;739;711;}722:{464;463;462;526;}724:{746;742;757;761;}727:{728;729;894;893;722;721;895;720;892;719;896;891;}732:{730;725;726;727;723;548;540;}735:{743;}744:{741;846;}748:{747;745;744;}750:{748;}753:{752;802;813;870;869;868;871;824;872;835;881;}758:{753;}761:{768;758;759;780;756;760;755;791;546;558;733;569;771;754;580;}770:{766;691;613;}771:{770;769;884;591;885;767;602;883;882;}778:{777;784;776;336;}789:{1086;1643;1654;1666;1677;1632;1039;786;1688;1040;1038;}794:{1732;790;912;910;913;}798:{1106;1532;1521;}799:{798;797;1103;805;1104;796;1105;826;823;}807:{1118;1119;}812:{939;940;}814:{817;818;931;}816:{930;}822:{929;}823:{1466;825;1455;1477;1444;1488;1499;1432;806;1510;795;807;}826:{1410;}828:{1377;}830:{854;855;}832:{830;829;}836:{832;831;}837:{834;833;}840:{838;836;}844:{1070;783;1071;}845:{844;843;841;842;1076;1078;1184;1075;1062;1069;}846:{355;}847:{288;}859:{858;}863:{862;861;860;1406;859;}869:{864;}872:{873;874;875;876;867;879;865;857;}873:{878;880;}875:{532;}877:{668;1022;557;}879:{531;}882:{553;552;551;}884:{886;}885:{887;}886:{734;890;736;765;}887:{737;716;}888:{1540;1537;}889:{779;}895:{897;898;466;899;903;715;}897:{525;}899:{901;467;902;468;718;470;465;471;}900:{1299;1288;}917:{915;914;1721;}921:{925;1036;}922:{911;1310;877;1233;866;}923:{926;1035;1034;}939:{941;942;943;}940:{945;}944:{933;1188;922;1199;1011;}945:{946;1030;948;1031;949;950;947;}947:{962;961;994;960;1026;951;958;}958:{957;959;963;956;964;954;952;965;967;953;}962:{1027;1028;}965:{979;}967:{968;970;969;981;971;984;1144;990;985;972;982;1155;973;980;}971:{983;986;974;987;}972:{975;}974:{976;978;}977:{993;}989:{1133;1122;1111;1166;}991:{989;}998:{996;995;}999:{1536;1539;1538;}1002:{1001;998;997;1004;}1004:{1005;992;991;}1011:{1033;1044;1055;}1018:{1020;1021;1023;}1022:{1066;}1023:{1024;1025;1009;1015;1016;1008;1010;1017;1007;1355;1000;955;1344;1366;1003;}1024:{966;977;944;988;1006;1177;}1026:{1029;}1035:{927;}1040:{920;921;919;923;918;1037;924;1621;917;}1044:{1077;1088;}1049:{1588;822;}1050:{1599;1610;}1051:{1048;1047;}1052:{1049;}1058:{1060;1061;1183;706;1115;707;1182;}1069:{782;781;778;}1073:{313;}1074:{324;402;}1079:{1072;}1080:{380;}1082:{1064;1084;1065;1085;1067;789;788;787;1068;}1089:{1114;1113;1054;1112;}1091:{1108;1093;1107;1109;1098;1097;1100;}1096:{808;809;}1098:{1101;1096;803;801;800;1095;1102;1094;804;799;}1105:{1543;1555;1566;819;820;1577;821;}1122:{1099;}1123:{1058;1120;1057;1087;1059;1056;}1130:{1178;}1134:{1129;1127;1137;1126;1138;}1137:{1139;1123;1124;1161;1125;1160;1121;1157;}1143:{1145;1146;1492;1491;1147;1156;1490;1148;}1148:{1149;1150;1487;1489;1151;1486;1158;1152;1485;1162;}1150:{1153;1154;}1152:{1116;1117;}1162:{1159;1091;1092;1090;1089;}1165:{1163;1131;1174;1130;}1169:{1141;1142;1134;1135;1172;1143;1132;705;1136;1173;1128;}1174:{1175;1176;301;303;}1176:{304;1179;305;1180;1181;}1177:{900;1222;889;}1178:{845;}1187:{1165;1167;}1189:{1187;1186;1192;1460;1193;1461;1185;}1192:{1194;1169;1168;1170;1171;1164;1140;}1195:{1462;}1198:{1201;1202;1203;}1202:{1223;703;704;1204;1220;1205;1759;}1203:{1219;1218;}1204:{1206;1207;1217;1215;}1214:{1211;1224;1225;1239;}1217:{696;1213;1208;694;1212;1240;1209;693;}1219:{1758;1757;1216;1214;695;}1224:{1226;1227;1235;}1225:{1228;1234;1229;}1231:{1242;1243;1578;}1232:{1574;1576;}1234:{1232;1231;1230;1241;1575;}1240:{1238;1237;1236;}1243:{1245;1246;1429;1428;1247;1427;1248;}1247:{1249;1250;}1250:{1292;}1256:{1254;1253;1252;1275;1276;}1257:{1269;1270;1268;1271;1256;}1260:{1764;1263;1762;1264;1267;}1263:{1772;1773;1771;1770;1613;1769;}1264:{1627;1626;}1269:{1285;1286;1284;1601;1272;1265;1283;}1276:{1278;1287;1251;}1281:{1606;}1282:{1603;1279;1604;1605;}1284:{1282;1602;1273;1281;1274;1280;}1287:{1289;1290;1611;1294;1295;1291;}1291:{1293;1296;1297;}1296:{1303;1302;}1297:{1301;}1298:{1304;1315;1311;1322;}1300:{1312;1313;}1301:{1298;1300;}1312:{1317;}1315:{1316;1314;}1317:{1318;1319;1320;}1326:{1327;1324;1328;1329;1323;1330;1331;1339;}1329:{1356;1354;}1341:{1335;1334;1337;1307;1338;1306;1325;1326;}1342:{1345;1346;}1344:{1210;}1345:{1347;1348;}1346:{1349;}1347:{1350;}1353:{1351;}1356:{1353;1357;1352;1358;}1361:{1340;}1363:{1359;1343;1367;1342;1368;}1367:{1369;}1371:{1365;}1372:{1370;1364;1361;1362;1363;1360;}1380:{1379;1374;1373;1375;1378;1376;}1386:{1389;}1389:{1390;1598;1372;1597;1596;1382;1371;1592;1593;1381;}1393:{1386;1587;1385;1387;}1395:{1391;1417;1416;1404;}1396:{1394;1397;1585;1392;}1398:{1400;1401;1393;1586;1418;}1402:{1405;1408;863;1380;}1404:{1384;1383;}1408:{1407;}1410:{1421;828;1014;827;1399;1018;1013;1388;1019;1012;}1411:{1412;1413;1414;1415;}1416:{1403;1402;}1420:{1396;1409;1411;1398;1395;}1423:{1420;}1425:{1424;1423;1422;}1428:{1426;}1430:{1434;}1432:{1002;}1434:{1435;1436;1437;}1442:{1568;}1448:{1567;}1450:{1564;}1452:{1451;1450;1449;1448;1447;}1457:{1453;1468;1452;}1460:{1463;}1461:{1464;}1462:{1459;}1463:{1457;1456;}1464:{1458;1454;1465;1467;}1466:{814;}1467:{1473;1469;1563;1562;1474;1470;1561;1494;1471;}1471:{1476;}1476:{1484;1478;1479;1480;}1478:{1481;1482;}1480:{1483;}1481:{1493;}1494:{1495;1472;1496;1497;1475;}1497:{1498;1500;1501;}1498:{1502;1503;1552;}1499:{812;815;810;816;811;936;937;935;934;938;932;}1506:{1504;1527;1526;1528;}1511:{1519;1517;1524;1515;1541;1525;}1514:{1440;1439;}1515:{1544;1542;1546;}1516:{1545;}1524:{1533;1535;}1527:{1531;1530;1529;}1534:{888;999;}1535:{1534;}1541:{1549;1550;}1544:{1547;}1550:{1548;}1553:{1551;1506;1507;1508;1505;1558;1509;1559;}1559:{1512;1511;1523;1513;1584;1522;1514;1583;1518;1520;1516;}1560:{1556;1582;1581;1553;}1563:{1560;}1575:{1572;}1576:{1579;1573;1580;}1578:{1430;1431;1425;1433;}1582:{1445;1446;1442;1441;1565;1557;}1584:{1438;}1587:{1589;1590;1591;1594;}1590:{1595;1309;1308;}1592:{1341;1336;}1599:{1032;928;}1601:{1628;}1605:{1607;1608;1609;}1609:{1612;840;839;1600;837;}1626:{1625;1624;1623;1629;1622;1693;}1629:{1630;1631;1633;1634;}1633:{1635;1636;1637;}1636:{1638;1639;1640;}1640:{1641;1642;1644;}1644:{1645;1646;1650;1649;1651;1652;1648;}1645:{1653;1655;}1646:{1647;}1652:{856;}1659:{688;1670;1669;1663;1656;}1668:{1694;}1672:{1658;1671;1657;689;}1675:{1673;1672;1685;}1681:{1683;1679;1676;1700;1678;1675;1684;1674;1698;}1683:{1697;1661;1660;1662;}1684:{687;1659;}1686:{1681;1680;}1687:{1682;}1688:{772;773;1699;916;1710;774;785;775;}1689:{1686;}1691:{1687;}1693:{1692;1691;1620;1690;1619;1689;}1773:{1614;},392_397_398_401_403_404_405_432_433_434_454_455_462_463_464_465_466_467_562_563_565_566_608_615_616_617_642_688_689_810_811_833_834_836_897_898_899_901_935_936_937_1002_1021_1023_1199_1210_1222_1233_1288_1302_1303_1344_1396_1398_1415_1533_1534_1546_1547_1548_1549_1550_1642_1644_1658_1659_1664_1667_1671_,310-309*0_310-311*0_310-308*0_310-312*0_310-294*0_310-314*0_310-293*0_310-275*0_294-276*1_294-274*1_294-277*1_294-310*1_294-273*1_294-272*1_277-278*2_277-271*2_277-286*2_277-287*2_277-285*2_277-850*2_277-279*2_277-851*2_277-284*2_277-270*2_277-849*2_277-852*2_277-283*2_277-281*2_312-315*1_312-316*1_272-853*2_272-848*2_272-847*2_272-282*2_272-259*2_270-268*3_270-260*3_270-261*3_270-257*3_270-262*3_270-263*3_270-254*3_270-264*3_270-253*3_270-265*3_315-317*2_315-698*2_315-318*2_315-699*2_315-1196*2_315-700*2_315-319*2_260-256*4_260-229*4_260-228*4_260-255*4_260-230*4_260-267*4_847-288*5_319-320*3_319-321*3_319-1191*3_319-1197*3_319-1190*3_319-1195*3_319-697*3_319-1189*3_263-331*5_263-227*5_263-326*5_263-266*5_263-332*5_230-327*6_230-328*6_230-333*6_230-330*6_230-252*6_265-226*4_265-223*4_267-222*5_267-289*5_267-342*5_267-290*5_267-221*5_267-341*5_267-220*5_267-337*5_699-701*3_699-1198*3_699-1200*3_290-292*6_290-334*6_290-216*6_290-217*6_342-338*6_1189-1187*4_1189-1186*4_1189-1192*4_1189-1460*4_1189-1193*4_1189-1461*4_1189-1185*4_1198-1201*4_1198-1202*4_1198-1203*4_220-218*6_254-231*4_254-251*4_254-232*4_254-325*4_254-323*4_254-233*4_341-339*6_341-751*6_1202-1223*5_1202-703*5_1202-704*5_1202-1204*5_1202-1220*5_1202-1205*5_1202-1759*5_1195-1462*4_293-250*2_293-249*2_1460-1463*5_216-219*8_216-173*8_339-340*7_339-343*7_339-750*7_339-344*7_339-749*7_328-329*7_328-240*7_328-241*7_328-239*7_328-242*7_328-238*7_328-243*7_242-513*8_242-502*8_242-524*8_242-724*8_242-491*8_242-535*8_218-175*7_218-174*7_218-172*7_218-176*7_218-171*7_243-735*9_243-680*9_243-480*9_243-669*9_1203-1219*5_1203-1218*5_1461-1464*6_1204-1206*6_1204-1207*6_1204-1217*6_1204-1215*6_343-345*8_343-170*8_343-168*8_343-167*8_1462-1459*5_1187-1165*5_1187-1167*5_724-746*9_724-742*9_724-757*9_724-761*9_1219-1758*6_1219-1757*6_1219-1216*6_1219-1214*6_1219-695*6_1217-696*7_1217-1213*7_1217-1208*7_1217-694*7_1217-1212*7_1217-1240*7_1217-1209*7_1217-693*7_172-203*8_1192-1194*5_1192-1169*5_1192-1168*5_1192-1170*5_1192-1171*5_1192-1164*5_1192-1140*5_176-177*8_176-215*8_176-178*8_176-214*8_176-212*8_1169-1141*6_1169-1142*6_1169-1134*6_1169-1135*6_1169-1172*6_1169-1143*6_1169-1132*6_1169-705*6_1169-1136*6_1169-1173*6_1169-1128*6_168-574*9_168-573*9_168-166*9_168-346*9_168-165*9_1214-1211*8_1214-1224*8_1214-1225*8_1214-1239*8_761-768*10_761-758*10_761-759*10_761-780*10_761-756*10_761-760*10_761-755*10_761-791*10_761-546*10_761-558*10_761-733*10_761-569*10_761-771*10_761-754*10_761-580*10_250-248*3_250-244*3_1463-1457*7_1463-1456*7_750-748*9_1143-1145*7_1143-1146*7_1143-1492*7_1143-1491*7_1143-1147*7_1143-1156*7_1143-1490*7_1143-1148*7_1165-1163*6_1165-1131*6_1165-1174*6_1165-1130*6_1240-1238*9_1240-1237*9_1240-1236*9_174-204*9_174-201*9_174-200*9_174-139*9_1224-1226*10_1224-1227*10_1224-1235*10_1464-1458*7_1464-1454*7_1464-1465*7_1464-1467*7_203-205*9_203-140*9_203-199*9_203-206*9_203-138*9_203-141*9_771-770*11_771-769*11_771-884*11_771-591*11_771-885*11_771-767*11_771-602*11_771-883*11_771-882*11_1134-1129*7_1134-1127*7_1134-1137*7_1134-1126*7_1134-1138*7_1457-1453*8_1457-1468*8_1457-1452*8_758-753*11_201-207*10_201-137*10_201-142*10_201-654*10_201-198*10_1225-1228*10_1225-1234*10_1225-1229*10_748-747*10_748-745*10_748-744*10_1137-1139*8_1137-1123*8_1137-1124*8_1137-1161*8_1137-1125*8_1137-1160*8_1137-1121*8_1137-1157*8_770-766*12_770-691*12_770-613*12_212-211*9_212-210*9_212-197*9_212-196*9_753-752*12_753-802*12_753-813*12_753-870*12_753-869*12_753-868*12_753-871*12_753-824*12_753-872*12_753-835*12_753-881*12_345-351*9_345-348*9_345-352*9_345-349*9_882-553*12_882-552*12_882-551*12_884-886*13_204-599*10_1467-1473*9_1467-1469*9_1467-1563*9_1467-1562*9_1467-1474*9_1467-1470*9_1467-1561*9_1467-1494*9_1467-1471*9_535-657*10_535-635*10_1234-1232*11_1234-1231*11_1234-1230*11_1234-1241*11_1234-1575*11_141-208*10_141-143*10_141-209*10_141-598*10_141-653*10_141-133*10_141-130*10_1148-1149*8_1148-1150*8_1148-1487*8_1148-1489*8_1148-1151*8_1148-1486*8_1148-1158*8_1148-1152*8_1148-1485*8_1148-1162*8_207-652*11_207-145*11_207-146*11_207-651*11_207-129*11_1162-1159*9_1162-1091*9_1162-1092*9_1162-1090*9_1162-1089*9_209-131*12_209-605*12_209-134*12_209-144*12_209-132*12_209-148*12_209-606*12_209-135*12_209-597*12_209-649*12_133-128*12_239-237*8_239-235*8_1123-1058*9_1123-1120*9_1123-1057*9_1123-1087*9_1123-1059*9_1123-1056*9_248-295*4_248-245*4_248-296*4_248-246*4_248-234*4_551-550*13_551-549*13_551-544*13_551-543*13_551-545*13_551-542*13_551-547*13_551-732*13_551-541*13_551-731*13_146-600*13_146-601*13_146-583*13_146-584*13_146-650*13_146-149*13_146-581*13_1058-1060*10_1058-1061*10_1058-1183*10_1058-706*10_1058-1115*10_1058-707*10_1058-1182*10_693-692*9_693-690*9_693-1259*9_693-1260*9_693-1258*9_693-1261*9_693-1257*9_693-1763*9_148-585*13_148-582*13_148-150*13_148-586*13_1494-1495*10_1494-1472*10_1494-1496*10_1494-1497*10_1494-1475*10_1231-1242*12_1231-1243*12_1231-1578*12_735-743*10_1089-1114*11_1089-1113*11_1089-1054*11_1089-1112*11_872-873*13_872-874*13_872-875*13_872-876*13_872-867*13_872-879*13_872-865*13_872-857*13_1150-1153*10_1150-1154*10_885-887*14_349-350*10_349-353*10_349-570*10_349-571*10_349-595*10_349-357*10_349-572*10_349-592*10_349-593*10_349-356*10_349-354*10_349-568*10_349-594*10_744-741*11_744-846*11_598-578*12_598-577*12_598-579*12_598-576*12_873-878*14_873-880*14_165-587*10_165-163*10_165-588*10_1091-1108*10_1091-1093*10_1091-1107*10_1091-1109*10_1091-1098*10_1091-1097*10_1091-1100*10_131-607*13_732-730*14_732-725*14_732-726*14_732-727*14_732-723*14_732-548*14_732-540*14_649-603*14_692-1262*10_692-1766*10_1243-1245*15_1243-1246*15_1243-1429*15_1243-1428*15_1243-1247*15_1243-1427*15_1243-1248*15_706-1053*12_706-708*12_706-1052*12_706-709*12_706-1051*12_706-710*12_600-604*14_197-127*10_234-322*5_1232-1574*12_1232-1576*12_1247-1249*16_1247-1250*16_127-655*11_127-124*11_127-123*11_127-656*11_127-122*11_127-126*11_1098-1101*11_1098-1096*11_1098-803*11_1098-801*11_1098-800*11_1098-1095*11_1098-1102*11_1098-1094*11_1098-804*11_1098-799*11_593-379*11_593-381*11_593-567*11_593-378*11_593-383*11_593-384*11_593-382*11_593-372*11_593-373*11_593-162*11_593-359*11_707-1063*11_707-1081*11_707-1082*11_1576-1579*13_1576-1573*13_1576-1580*13_869-864*13_1152-1116*9_1152-1117*9_541-539*15_541-538*15_541-537*15_1563-1560*10_588-589*11_588-161*11_588-160*11_588-164*11_588-590*11_588-159*11_588-157*11_588-156*11_588-440*11_588-441*11_1174-1175*7_1174-1176*7_1174-301*7_1174-303*7_846-355*12_1130-1178*7_373-374*12_373-360*12_373-361*12_373-375*12_373-362*12_373-370*12_373-368*12_373-371*12_373-376*12_373-363*12_373-367*12_373-377*12_373-386*12_1575-1572*13_708-1083*13_708-1050*13_296-297*5_296-307*5_296-298*5_296-306*5_296-299*5_374-366*13_374-387*13_1471-1476*11_246-202*6_246-191*6_1257-1269*11_1257-1270*11_1257-1268*11_1257-1271*11_1257-1256*11_799-798*12_799-797*12_799-1103*12_799-805*12_799-1104*12_799-796*12_799-1105*12_799-826*12_799-823*12_1476-1484*12_1476-1478*12_1476-1479*12_1476-1480*12_1082-1064*12_1082-1084*12_1082-1065*12_1082-1085*12_1082-1067*12_1082-789*12_1082-788*12_1082-787*12_1082-1068*12_823-1466*13_823-825*13_823-1455*13_823-1477*13_823-1444*13_823-1488*13_823-1499*13_823-1432*13_823-806*13_823-1510*13_823-795*13_823-807*13_727-728*15_727-729*15_727-894*15_727-893*15_727-722*15_727-721*15_727-895*15_727-720*15_727-892*15_727-719*15_727-896*15_727-891*15_441-385*12_441-439*12_441-438*12_441-437*12_441-436*12_1052-1049*13_123-612*12_123-121*12_123-611*12_123-120*12_798-1106*13_798-1532*13_798-1521*13_156-155*12_156-596*12_156-575*12_156-154*12_156-151*12_156-152*12_895-897*16_895-898*16_895-466*16_895-899*16_895-903*16_895-715*16_1466-814*14_1260-1764*10_1260-1263*10_1260-1762*10_1260-1264*10_1260-1267*10_1452-1451*9_1452-1450*9_1452-1449*9_1452-1448*9_1452-1447*9_386-388*14_386-389*14_386-390*14_386-434*14_1497-1498*11_1497-1500*11_1497-1501*11_1051-1048*14_1051-1047*14_1096-808*15_1096-809*15_1450-1564*10_789-1086*13_789-1643*13_789-1654*13_789-1666*13_789-1677*13_789-1632*13_789-1039*13_789-786*13_789-1688*13_789-1040*13_789-1038*13_899-901*17_899-467*17_899-902*17_899-468*17_899-718*17_899-470*17_899-465*17_899-471*17_1499-812*15_1499-815*15_1499-810*15_1499-816*15_1499-811*15_1499-936*15_1499-937*15_1499-935*15_1499-934*15_1499-938*15_1499-932*15_1428-1426*16_1269-1285*12_1269-1286*12_1269-1284*12_1269-1601*12_1269-1272*12_1269-1265*12_1269-1283*12_879-531*14_307-300*6_656-610*13_656-119*13_1040-920*14_1040-921*14_1040-919*14_1040-923*14_1040-918*14_1040-1037*14_1040-924*14_1040-1621*14_1040-917*14_1560-1556*11_1560-1582*11_1560-1581*11_1560-1553*11_322-435*6_322-236*6_322-447*6_1478-1481*13_1478-1482*13_1284-1282*13_1284-1602*13_1284-1273*13_1284-1281*13_1284-1274*13_1284-1280*13_921-925*15_921-1036*15_1498-1502*12_1498-1503*12_1498-1552*12_447-458*7_447-180*7_447-469*7_447-169*7_447-646*7_447-225*7_1480-1483*13_875-532*14_604-153*15_1481-1493*14_611-609*14_611-658*14_611-659*14_611-118*14_611-660*14_814-817*16_814-818*16_814-931*16_366-365*14_366-364*14_366-408*14_366-407*14_469-624*8_436-433*14_436-432*14_436-431*14_436-566*14_807-1118*16_807-1119*16_376-400*13_376-399*13_722-464*17_722-463*17_722-462*17_722-526*17_1176-304*8_1176-1179*8_1176-305*8_1176-1180*8_1176-1181*8_826-1410*17_1256-1254*12_1256-1253*12_1256-1252*12_1256-1275*12_1256-1276*12_1050-1599*15_1050-1610*15_471-527*18_471-472*18_471-473*18_471-474*18_471-475*18_1582-1445*12_1582-1446*12_1582-1442*12_1582-1441*12_1582-1565*12_1582-1557*12_812-939*16_812-940*16_566-392*15_566-393*15_566-565*15_566-394*15_566-430*15_566-444*15_566-443*15_566-395*15_566-429*15_566-442*15_566-398*15_566-396*15_566-428*15_1282-1603*14_1282-1279*14_1282-1604*14_1282-1605*14_897-525*18_169-247*8_169-158*8_169-1080*8_169-713*8_169-258*8_169-1079*8_169-147*8_169-213*8_1553-1551*12_1553-1506*12_1553-1507*12_1553-1508*12_1553-1505*12_1553-1558*12_1553-1509*12_1553-1559*12_1578-1430*14_1578-1431*14_1578-1425*14_1578-1433*14_1105-1543*16_1105-1555*16_1105-1566*16_1105-819*16_1105-820*16_1105-1577*16_1105-821*16_886-734*14_886-890*14_886-736*14_886-765*14_1410-1421*18_1410-828*18_1410-1014*18_1410-827*18_1410-1399*18_1410-1018*18_1410-1013*18_1410-1388*18_1410-1019*18_1410-1012*18_468-523*19_1178-845*8_1276-1278*13_1276-1287*13_1276-1251*13_1263-1772*12_1263-1773*12_1263-1771*12_1263-1770*12_1263-1613*12_1263-1769*12_828-1377*19_1559-1512*13_1559-1511*13_1559-1523*13_1559-1513*13_1559-1584*13_1559-1522*13_1559-1514*13_1559-1583*13_1559-1518*13_1559-1520*13_1559-1516*13_525-522*20_525-521*20_525-461*20_525-520*20_525-476*20_1442-1568*13_939-941*18_939-942*18_939-943*18_1688-772*14_1688-773*14_1688-1699*14_1688-916*14_1688-1710*14_1688-774*14_1688-785*14_1688-775*14_476-477*21_476-478*21_476-479*21_377-401*13_377-406*13_377-403*13_1425-1424*15_1425-1423*15_1425-1422*15_940-945*18_158-136*9_158-702*9_158-269*9_158-125*9_158-1073*9_158-280*9_158-1074*9_1511-1519*14_1511-1517*14_1511-1524*14_1511-1515*14_1511-1541*14_1511-1525*14_923-926*15_923-1035*15_923-1034*15_887-737*15_887-716*15_845-844*9_845-843*9_845-841*9_845-842*9_845-1076*9_845-1078*9_845-1184*9_845-1075*9_845-1062*9_845-1069*9_431-427*16_816-930*20_1506-1504*13_1506-1527*13_1506-1526*13_1506-1528*13_945-946*19_945-1030*19_945-948*19_945-1031*19_945-949*19_945-950*19_945-947*19_1448-1567*10_1281-1606*14_1432-1002*17_1264-1627*13_1264-1626*13_716-714*16_716-712*16_716-738*16_716-739*16_716-711*16_400-397*14_400-404*14_400-405*14_428-426*16_428-425*16_428-423*16_1515-1544*15_1515-1542*15_1515-1546*15_1049-1588*15_1049-822*15_537-536*16_537-534*16_537-533*16_1605-1607*15_1605-1608*15_1605-1609*15_610-661*15_1599-1032*16_1599-928*16_1035-927*16_1516-1545*16_536-561*17_536-554*17_536-562*17_1514-1440*15_1514-1439*15_658-115*15_1601-1628*14_1527-1531*14_1527-1530*14_1527-1529*14_822-929*17_1626-1625*14_1626-1624*14_1626-1623*14_1626-1629*14_1626-1622*14_1626-1693*14_1423-1420*16_1524-1533*15_1524-1535*15_844-1070*10_844-783*10_844-1071*10_1773-1614*14_1079-1072*10_1541-1549*16_1541-1550*16_1544-1547*17_1080-380*11_1535-1534*16_125-114*12_125-102*12_125-391*12_125-91*12_125-291*12_125-302*12_1073-313*12_1069-782*10_1069-781*10_1069-778*10_1018-1020*20_1018-1021*20_1018-1023*20_1287-1289*15_1287-1290*15_1287-1611*15_1287-1294*15_1287-1295*15_1287-1291*15_1023-1024*21_1023-1025*21_1023-1009*21_1023-1015*21_1023-1016*21_1023-1008*21_1023-1010*21_1023-1017*21_1023-1007*21_1023-1355*21_1023-1000*21_1023-955*21_1023-1344*21_1023-1366*21_1023-1003*21_1609-1612*17_1609-840*17_1609-839*17_1609-1600*17_1609-837*17_1074-324*10_1074-402*10_1629-1630*15_1629-1631*15_1629-1633*15_1629-1634*15_1250-1292*17_1291-1293*18_1291-1296*18_1291-1297*18_406-560*18_406-559*18_406-556*18_406-555*18_778-777*11_778-784*11_778-776*11_778-336*11_1550-1548*17_313-424*13_313-413*13_313-347*13_313-58*13_478-481*22_478-482*22_1584-1438*14_394-409*17_1296-1303*20_1296-1302*20_403-410*14_917-915*15_917-914*15_917-1721*15_425-411*18_481-483*23_481-508*23_481-484*23_481-485*23_840-838*18_840-836*18_561-563*18_561-564*18_1002-1001*18_1002-998*18_1002-997*18_1002-1004*18_1297-1301*20_659-608*15_659-614*15_947-962*20_947-961*20_947-994*20_947-960*20_947-1026*20_947-951*20_947-958*20_998-996*19_998-995*19_837-834*18_837-833*18_1024-966*22_1024-977*22_1024-944*22_1024-988*22_1024-1006*22_1024-1177*22_836-832*19_836-831*19_958-957*21_958-959*21_958-963*21_958-956*21_958-964*21_958-954*21_958-952*21_958-965*21_958-967*21_958-953*21_832-830*20_832-829*20_944-933*23_944-1188*23_944-922*23_944-1199*23_944-1011*23_324-358*14_324-369*14_324-794*14_1633-1635*17_1633-1636*17_1633-1637*17_1004-1005*19_1004-992*19_1004-991*19_1301-1298*21_1301-1300*21_391-80*13_391-762*13_1430-1434*16_977-993*24_1344-1210*22_1434-1435*17_1434-1436*17_1434-1437*17_1420-1396*17_1420-1409*17_1420-1411*17_1420-1398*17_1420-1395*17_660-615*16_991-989*20_661-616*16_661-112*16_661-642*16_336-793*15_336-47*15_336-69*15_336-792*15_336-1754*15_336-1743*15_336-36*15_413-763*15_413-3*15_413-14*15_413-1765*15_102-764*13_58-25*14_58-740*14_830-854*21_830-855*21_1636-1638*18_1636-1639*18_1636-1640*18_36-717*16_36-907*16_36-908*16_36-909*16_1640-1641*19_1640-1642*19_1640-1644*19_423-412*18_423-414*18_423-415*18_794-1732*16_794-790*16_794-912*16_794-910*16_794-913*16_1534-888*18_1534-999*18_1411-1412*18_1411-1413*18_1411-1414*18_1411-1415*18_962-1027*21_962-1028*21_1644-1645*20_1644-1646*20_1644-1650*20_1644-1649*20_1644-1651*20_1644-1652*20_1644-1648*20_888-1540*19_888-1537*19_712-906*17_712-905*17_712-904*17_563-452*19_563-453*19_483-509*24_483-510*24_483-486*24_483-511*24_1693-1692*15_1693-1691*15_1693-1620*15_1693-1690*15_1693-1619*15_1693-1689*15_1177-900*24_1177-1222*24_1177-889*24_1396-1394*19_1396-1397*19_1396-1585*19_1396-1392*19_999-1536*20_999-1539*20_999-1538*20_1398-1400*18_1398-1401*18_1398-1393*18_1398-1586*18_1398-1418*18_1395-1391*18_1395-1417*18_1395-1416*18_1395-1404*18_922-911*24_922-1310*24_922-877*24_922-1233*24_922-866*24_1416-1403*19_1416-1402*19_414-416*19_414-445*19_1393-1386*19_1393-1587*19_1393-1385*19_1393-1387*19_1691-1687*17_1404-1384*19_1404-1383*19_900-1299*26_900-1288*26_509-512*25_967-968*23_967-970*23_967-969*23_967-981*23_967-971*23_967-984*23_967-1144*23_967-990*23_967-985*23_967-972*23_967-982*23_967-1155*23_967-973*23_967-980*23_1386-1389*20_512-514*26_512-515*26_512-516*26_971-983*24_971-986*24_971-974*24_971-987*24_615-617*17_615-641*17_615-618*17_615-640*17_615-619*17_516-517*27_516-518*27_516-519*27_516-505*27_1389-1390*21_1389-1598*21_1389-1372*21_1389-1597*21_1389-1596*21_1389-1382*21_1389-1371*21_1389-1592*21_1389-1593*21_1389-1381*21_972-975*24_889-779*26_965-979*23_1645-1653*21_1645-1655*21_642-639*17_642-620*17_642-638*17_642-621*17_1026-1029*21_974-976*25_974-978*25_1652-856*22_638-637*18_638-622*18_638-623*18_638-625*18_638-626*18_1372-1370*22_1372-1364*22_1372-1361*22_1372-1362*22_1372-1363*22_1372-1360*22_1646-1647*21_1402-1405*20_1402-1408*20_1402-863*20_1402-1380*20_1689-1686*18_877-668*26_877-1022*26_877-557*26_1298-1304*22_1298-1315*22_1298-1311*22_1298-1322*22_1587-1589*21_1587-1590*21_1587-1591*21_1587-1594*21_1371-1365*23_863-862*21_863-861*21_863-860*21_863-1406*21_863-859*21_1011-1033*24_1011-1044*24_1011-1055*24_1300-1312*22_1300-1313*22_453-454*20_453-490*20_453-506*20_453-493*20_445-448*20_445-449*20_445-450*20_1363-1359*24_1363-1343*24_1363-1367*24_1363-1342*24_1363-1368*24_668-224*27_668-113*27_668-335*27_668-2*27_668-446*27_668-1665*27_1022-1066*27_1315-1316*23_1315-1314*23_1312-1317*23_1590-1595*22_1590-1309*22_1590-1308*22_1367-1369*25_1687-1682*18_1686-1681*19_1686-1680*19_1592-1341*23_1592-1336*23_1681-1683*20_1681-1679*20_1681-1676*20_1681-1700*20_1681-1678*20_1681-1675*20_1681-1684*20_1681-1674*20_1681-1698*20_626-627*19_626-628*19_626-631*19_626-630*19_626-643*19_626-629*19_626-632*19_626-633*19_989-1133*27_989-1122*27_989-1111*27_989-1166*27_462-460*22_462-459*22_462-457*22_462-456*22_462-455*22_506-507*21_506-489*21_506-488*21_506-487*21_506-492*21_1341-1335*24_1341-1334*24_1341-1337*24_1341-1307*24_1341-1338*24_1341-1306*24_1341-1325*24_1341-1326*24_1675-1673*21_1675-1672*21_1675-1685*21_1044-1077*28_1044-1088*28_493-499*21_493-494*21_493-498*21_493-495*21_493-497*21_493-496*21_493-500*21_493-529*21_1122-1099*28_1326-1327*25_1326-1324*25_1326-1328*25_1326-1329*25_1326-1323*25_1326-1330*25_1326-1331*25_1326-1339*25_859-858*22_1317-1318*24_1317-1319*24_1317-1320*24_1683-1697*21_1683-1661*21_1683-1660*21_1683-1662*21_1684-687*22_1684-1659*22_1672-1658*23_1672-1671*23_1672-1657*23_1672-689*23_630-636*20_630-634*20_1380-1379*21_1380-1374*21_1380-1373*21_1380-1375*21_1380-1378*21_1380-1376*21_496-501*23_496-503*23_496-530*23_1659-688*23_1659-1670*23_1659-1669*23_1659-1663*23_1659-1656*23_1361-1340*25_1329-1356*26_1329-1354*26_688-1667*24_688-1668*24_688-1664*24_1342-1345*25_1342-1346*25_529-528*22_529-451*22_529-504*22_1408-1407*21_504-422*23_504-421*23_504-420*23_504-419*23_1668-1694*25_1356-1353*27_1356-1357*27_1356-1352*27_1356-1358*27_687-1695*23_1345-1347*26_1345-1348*26_1346-1349*26_1347-1350*27_422-418*25_1353-1351*28_
