"id","Scenario","Actual Range","Protocol","Buildings","Total nodes","Nodes on circ","Total coverage","Coverage on circ","Alert received mean time","Hops","Slots","Messages sent","Messages received", "Starting x", "Starting y","Starting node", "Vehicle distance", "Received node ids", "Node ids", "Transmission map", "Received on circ nodes", "Transmission vector"
0,1,100,300,0,1072,60,565,28,361182,17.8214,365.143,188,565,751.81,2418.39,84,45,80_83_86_69_87_849_58_16_47_84_22_88_15_848_847_974_991_975_852_845_858_863_990_972_989_864_976_859_865_853_733_23_36_24_25_14_866_900_868_26_27_93_94_9_32_984_31_973_995_95_30_867_869_898_897_899_870_896_3_962_781_950_780_17_89_90_91_894_1006_1050_1039_1061_1028_1017_728_717_795_806_740_817_205_873_706_204_209_828_97_10_939_928_779_208_70_203_206_751_778_832_833_834_836_831_11_29_98_28_12_839_884_895_851_38_673_37_71_72_270_773_819_39_862_44_684_695_662_629_640_43_774_835_789_772_775_788_787_893_971_901_871_777_776_40_35_41_955_92_110_651_109_13_108_790_830_792_796_786_267_818_266_268_782_785_783_34_33_595_42_269_265_816_202_201_829_812_813_762_212_211_573_584_562_210_551_183_114_111_617_186_182_540_115_116_117_606_112_113_791_801_802_797_74_75_793_800_968_967_73_803_76_807_804_798_799_805_811_810_821_892_891_872_956_957_953_966_963_964_8_960_965_99_264_257_237_236_815_820_200_199_1065_890_822_814_198_1064_197_1063_193_227_194_192_7_959_4_238_235_258_259_239_243_234_260_275_276_271_261_954_879_969_970_263_244_245_460_1067_6_100_5_1066_213_195_191_232_233_242_241_958_226_882_883_823_907_951_1071_190_529_518_181_59_180_119_459_246_106_120_121_214_255_254_256_215_878_880_877_855_224_216_250_225_253_219_249_217_220_221_49_48_222_46_50_223_45_101_1070_1069_952_934_904_905_930_931_824_51_52_60_228_230_451_908_874_876_875_881_231_429_440_461_252_247_248_458_909_929_937_105_935_933_932_910_927_911_926_925_914_913_102_947_915_912_457_825_1059_826_924_938_923_940_922_57_62_170_61_418_174_169_407_175_103_946_916_948_104_495_484_55_56_54_473_506_462_122_1060_1058_278_277_279_280_1062_281_1068_918_949_919_123_124_53_456_452_450_453_290_620_282_920_454_455_921_945_283_289_301_288_287_285_300_176_171_384_395_172_167_163_164_165_166_161_936_888_889_944_168_160_158_125_173_140_151_284_162_296_157_291_286_299_943_887_1057_1056_129_126_127_942_941_135_156_136_128_144_251_262_137_143_145_142_150_153_146_141_152_138_147_149_298_292_293_297_118_307_362_107_148_130_133_179_132_240_273_155_229_218_294_302_510_303_96_185_85_159_131_304_207_196_2_511_509_508_961_850_424_423_305_422_139_177_134_512_425_421_426_420_427_419_306_331_178_739_332_334_330_333_335_525_339_628_338_336_,0_1_2_3_4_5_6_7_8_9_10_11_12_13_14_15_16_17_18_19_20_21_22_23_24_25_26_27_28_29_30_31_32_33_34_35_36_37_38_39_40_41_42_43_44_45_46_47_48_49_50_51_52_53_54_55_56_57_58_59_60_61_62_63_64_65_66_67_68_69_70_71_72_73_74_75_76_77_78_79_80_81_82_83_84_85_86_87_88_89_90_91_92_93_94_95_96_97_98_99_100_101_102_103_104_105_106_107_108_109_110_111_112_113_114_115_116_117_118_119_120_121_122_123_124_125_126_127_128_129_130_131_132_133_134_135_136_137_138_139_140_141_142_143_144_145_146_147_148_149_150_151_152_153_154_155_156_157_158_159_160_161_162_163_164_165_166_167_168_169_170_171_172_173_174_175_176_177_178_179_180_181_182_183_184_185_186_187_188_189_190_191_192_193_194_195_196_197_198_199_200_201_202_203_204_205_206_207_208_209_210_211_212_213_214_215_216_217_218_219_220_221_222_223_224_225_226_227_228_229_230_231_232_233_234_235_236_237_238_239_240_241_242_243_244_245_246_247_248_249_250_251_252_253_254_255_256_257_258_259_260_261_262_263_264_265_266_267_268_269_270_271_272_273_274_275_276_277_278_279_280_281_282_283_284_285_286_287_288_289_290_291_292_293_294_295_296_297_298_299_300_301_302_303_304_305_306_307_308_309_310_311_312_313_314_315_316_317_318_319_320_321_322_323_324_325_326_327_328_329_330_331_332_333_334_335_336_337_338_339_340_341_342_343_344_345_346_347_348_349_350_351_352_353_354_355_356_357_358_359_360_361_362_363_364_365_366_367_368_369_370_371_372_373_374_375_376_377_378_379_380_381_382_383_384_385_386_387_388_389_390_391_392_393_394_395_396_397_398_399_400_401_402_403_404_405_406_407_408_409_410_411_412_413_414_415_416_417_418_419_420_421_422_423_424_425_426_427_428_429_430_431_432_433_434_435_436_437_438_439_440_441_442_443_444_445_446_447_448_449_450_451_452_453_454_455_456_457_458_459_460_461_462_463_464_465_466_467_468_469_470_471_472_473_474_475_476_477_478_479_480_481_482_483_484_485_486_487_488_489_490_491_492_493_494_495_496_497_498_499_500_501_502_503_504_505_506_507_508_509_510_511_512_513_514_515_516_517_518_519_520_521_522_523_524_525_526_527_528_529_530_531_532_533_534_535_536_537_538_539_540_541_542_543_544_545_546_547_548_549_550_551_552_553_554_555_556_557_558_559_560_561_562_563_564_565_566_567_568_569_570_571_572_573_574_575_576_577_578_579_580_581_582_583_584_585_586_587_588_589_590_591_592_593_594_595_596_597_598_599_600_601_602_603_604_605_606_607_608_609_610_611_612_613_614_615_616_617_618_619_620_621_622_623_624_625_626_627_628_629_630_631_632_633_634_635_636_637_638_639_640_641_642_643_644_645_646_647_648_649_650_651_652_653_654_655_656_657_658_659_660_661_662_663_664_665_666_667_668_669_670_671_672_673_674_675_676_677_678_679_680_681_682_683_684_685_686_687_688_689_690_691_692_693_694_695_696_697_698_699_700_701_702_703_704_705_706_707_708_709_710_711_712_713_714_715_716_717_718_719_720_721_722_723_724_725_726_727_728_729_730_731_732_733_734_735_736_737_738_739_740_741_742_743_744_745_746_747_748_749_750_751_752_753_754_755_756_757_758_759_760_761_762_763_764_765_766_767_768_769_770_771_772_773_774_775_776_777_778_779_780_781_782_783_784_785_786_787_788_789_790_791_792_793_794_795_796_797_798_799_800_801_802_803_804_805_806_807_808_809_810_811_812_813_814_815_816_817_818_819_820_821_822_823_824_825_826_827_828_829_830_831_832_833_834_835_836_837_838_839_840_841_842_843_844_845_846_847_848_849_850_851_852_853_854_855_856_857_858_859_860_861_862_863_864_865_866_867_868_869_870_871_872_873_874_875_876_877_878_879_880_881_882_883_884_885_886_887_888_889_890_891_892_893_894_895_896_897_898_899_900_901_902_903_904_905_906_907_908_909_910_911_912_913_914_915_916_917_918_919_920_921_922_923_924_925_926_927_928_929_930_931_932_933_934_935_936_937_938_939_940_941_942_943_944_945_946_947_948_949_950_951_952_953_954_955_956_957_958_959_960_961_962_963_964_965_966_967_968_969_970_971_972_973_974_975_976_977_978_979_980_981_982_983_984_985_986_987_988_989_990_991_992_993_994_995_996_997_998_999_1000_1001_1002_1003_1004_1005_1006_1007_1008_1009_1010_1011_1012_1013_1014_1015_1016_1017_1018_1019_1020_1021_1022_1023_1024_1025_1026_1027_1028_1029_1030_1031_1032_1033_1034_1035_1036_1037_1038_1039_1040_1041_1042_1043_1044_1045_1046_1047_1048_1049_1050_1051_1052_1053_1054_1055_1056_1057_1058_1059_1060_1061_1062_1063_1064_1065_1066_1067_1068_1069_1070_1071_,3:{781;950;780;17;}5:{101;1070;1069;}7:{1071;}10:{11;29;98;28;12;}14:{3;962;}22:{23;36;24;25;14;}24:{26;27;93;94;9;32;}32:{984;31;973;995;95;30;}37:{40;35;41;}40:{34;33;595;42;}42:{212;211;573;584;562;210;551;183;114;}43:{606;112;113;}45:{495;484;55;56;54;473;506;462;122;}48:{46;50;223;45;}50:{51;52;60;228;230;451;}51:{231;429;440;461;}53:{125;}55:{123;124;53;}62:{175;}70:{71;72;270;773;819;39;}71:{202;201;}84:{80;83;86;69;87;849;58;16;}86:{47;84;22;88;15;}88:{89;90;91;}90:{955;92;}92:{968;967;}95:{97;10;}99:{1067;6;100;5;1066;}106:{105;}107:{96;185;85;}110:{111;617;}119:{120;121;}120:{57;}125:{126;127;}126:{128;}128:{130;133;179;132;}129:{118;307;362;107;}131:{139;177;134;}133:{159;131;}143:{145;142;150;153;146;141;152;138;147;}149:{148;}150:{149;}156:{144;251;262;137;143;}157:{135;156;136;}158:{157;}164:{160;158;}168:{173;140;151;284;162;296;}171:{164;165;166;161;}173:{129;}175:{176;171;384;395;172;167;163;}177:{178;}191:{190;529;518;181;59;}192:{191;}194:{213;195;232;}199:{198;1064;197;}201:{200;199;1065;}207:{961;}209:{208;70;203;206;751;}212:{186;182;540;115;116;117;}213:{214;255;254;256;215;}215:{224;216;250;225;253;219;249;217;220;}218:{207;196;2;}220:{221;49;48;222;}234:{233;242;241;}237:{238;235;258;259;239;243;234;}240:{218;}246:{252;247;248;458;}247:{457;}251:{240;273;155;229;}259:{260;275;276;271;261;}261:{263;244;245;460;}263:{459;246;}265:{264;257;237;236;815;820;}267:{269;265;816;}279:{280;1062;281;}280:{290;620;282;}282:{283;289;301;288;287;285;300;}286:{1057;1056;}294:{304;}297:{294;302;510;303;}299:{298;292;293;297;}301:{291;286;299;}304:{424;423;305;422;}305:{306;}306:{331;}331:{332;334;330;333;335;}335:{525;339;}339:{338;336;}384:{168;}425:{426;420;427;419;}429:{62;170;61;418;174;169;407;}453:{454;455;}457:{456;452;450;453;}510:{511;509;508;}511:{512;425;421;}529:{180;119;}640:{110;651;109;13;108;}739:{628;}778:{777;776;}779:{778;832;833;834;836;831;}783:{829;812;813;762;}788:{790;830;792;796;786;}796:{791;801;802;797;74;75;793;800;}800:{798;799;805;811;810;821;}802:{73;803;76;807;804;}806:{817;205;873;706;204;209;828;}813:{814;}819:{267;818;266;268;}821:{822;}822:{823;}823:{824;}824:{825;1059;826;}828:{839;884;895;851;38;673;37;}830:{782;785;783;}831:{774;835;789;772;775;788;787;}849:{848;847;974;991;975;852;845;858;863;}850:{739;}864:{866;900;868;}868:{867;869;898;897;899;870;896;}877:{874;876;875;881;}889:{943;887;}890:{882;883;}891:{890;}894:{893;971;901;871;}895:{862;44;684;695;662;629;640;43;}897:{894;}901:{892;891;872;}907:{908;}908:{909;929;937;}914:{103;946;916;948;104;}916:{1068;918;949;919;}918:{920;}922:{921;945;}925:{924;938;923;940;922;}934:{935;933;932;}935:{936;888;}936:{889;944;}937:{910;927;911;926;925;}943:{942;941;}950:{939;928;779;}951:{952;934;904;905;930;931;}953:{954;879;969;970;}954:{878;880;877;855;}955:{956;957;953;}957:{958;}961:{850;}963:{7;959;4;}965:{99;}967:{966;963;964;8;960;965;}970:{907;951;}974:{990;972;989;864;976;859;865;853;733;}984:{1006;1050;1039;}1050:{1061;1028;1017;728;717;795;}1059:{1060;1058;278;277;279;}1061:{806;740;}1063:{226;}1064:{1063;193;227;194;192;}1067:{106;}1070:{914;913;102;947;915;912;},59_119_120_180_181_190_215_216_219_220_221_222_224_225_245_246_247_252_263_280_281_289_290_459_460_518_529_620_,84-80*0_84-83*0_84-86*0_84-69*0_84-87*0_84-849*0_84-58*0_84-16*0_86-47*1_86-84*1_86-22*1_86-88*1_86-15*1_849-848*1_849-847*1_849-974*1_849-991*1_849-975*1_849-852*1_849-845*1_849-858*1_849-863*1_974-990*2_974-972*2_974-989*2_974-864*2_974-976*2_974-859*2_974-865*2_974-853*2_974-733*2_22-23*2_22-36*2_22-24*2_22-25*2_22-14*2_864-866*3_864-900*3_864-868*3_24-26*3_24-27*3_24-93*3_24-94*3_24-9*3_24-32*3_32-984*4_32-31*4_32-973*4_32-995*4_32-95*4_32-30*4_868-867*4_868-869*4_868-898*4_868-897*4_868-899*4_868-870*4_868-896*4_14-3*3_14-962*3_3-781*4_3-950*4_3-780*4_3-17*4_88-89*2_88-90*2_88-91*2_897-894*5_984-1006*5_984-1050*5_984-1039*5_1050-1061*6_1050-1028*6_1050-1017*6_1050-728*6_1050-717*6_1050-795*6_1061-806*7_1061-740*7_806-817*8_806-205*8_806-873*8_806-706*8_806-204*8_806-209*8_806-828*8_95-97*5_95-10*5_950-939*5_950-928*5_950-779*5_209-208*9_209-70*9_209-203*9_209-206*9_209-751*9_779-778*6_779-832*6_779-833*6_779-834*6_779-836*6_779-831*6_10-11*6_10-29*6_10-98*6_10-28*6_10-12*6_828-839*9_828-884*9_828-895*9_828-851*9_828-38*9_828-673*9_828-37*9_70-71*10_70-72*10_70-270*10_70-773*10_70-819*10_70-39*10_895-862*10_895-44*10_895-684*10_895-695*10_895-662*10_895-629*10_895-640*10_895-43*10_831-774*7_831-835*7_831-789*7_831-772*7_831-775*7_831-788*7_831-787*7_894-893*6_894-971*6_894-901*6_894-871*6_778-777*7_778-776*7_37-40*10_37-35*10_37-41*10_90-955*3_90-92*3_640-110*11_640-651*11_640-109*11_640-13*11_640-108*11_788-790*8_788-830*8_788-792*8_788-796*8_788-786*8_819-267*11_819-818*11_819-266*11_819-268*11_830-782*9_830-785*9_830-783*9_40-34*11_40-33*11_40-595*11_40-42*11_267-269*12_267-265*12_267-816*12_71-202*11_71-201*11_783-829*10_783-812*10_783-813*10_783-762*10_42-212*12_42-211*12_42-573*12_42-584*12_42-562*12_42-210*12_42-551*12_42-183*12_42-114*12_110-111*12_110-617*12_212-186*13_212-182*13_212-540*13_212-115*13_212-116*13_212-117*13_43-606*11_43-112*11_43-113*11_796-791*9_796-801*9_796-802*9_796-797*9_796-74*9_796-75*9_796-793*9_796-800*9_92-968*4_92-967*4_802-73*10_802-803*10_802-76*10_802-807*10_802-804*10_800-798*10_800-799*10_800-805*10_800-811*10_800-810*10_800-821*10_901-892*7_901-891*7_901-872*7_955-956*4_955-957*4_955-953*4_967-966*5_967-963*5_967-964*5_967-8*5_967-960*5_967-965*5_965-99*6_265-264*13_265-257*13_265-237*13_265-236*13_265-815*13_265-820*13_201-200*12_201-199*12_201-1065*12_891-890*8_821-822*11_813-814*11_199-198*13_199-1064*13_199-197*13_1064-1063*14_1064-193*14_1064-227*14_1064-194*14_1064-192*14_963-7*6_963-959*6_963-4*6_237-238*14_237-235*14_237-258*14_237-259*14_237-239*14_237-243*14_237-234*14_259-260*15_259-275*15_259-276*15_259-271*15_259-261*15_953-954*5_953-879*5_953-969*5_953-970*5_261-263*16_261-244*16_261-245*16_261-460*16_99-1067*7_99-6*7_99-100*7_99-5*7_99-1066*7_194-213*15_194-195*15_192-191*15_194-232*15_234-233*15_234-242*15_234-241*15_957-958*5_1063-226*15_890-882*9_890-883*9_822-823*12_970-907*6_970-951*6_7-1071*7_191-190*16_191-529*16_191-518*16_191-181*16_191-59*16_529-180*17_529-119*17_263-459*17_263-246*17_1067-106*8_119-120*18_119-121*18_213-214*16_213-255*16_213-254*16_213-256*16_213-215*16_954-878*6_954-880*6_954-877*6_954-855*6_215-224*17_215-216*17_215-250*17_215-225*17_215-253*17_215-219*17_215-249*17_215-217*17_215-220*17_220-221*18_220-49*18_220-48*18_220-222*18_48-46*19_48-50*19_48-223*19_48-45*19_5-101*8_5-1070*8_5-1069*8_951-952*7_951-934*7_951-904*7_951-905*7_951-930*7_951-931*7_823-824*13_50-51*20_50-52*20_50-60*20_50-228*20_50-230*20_50-451*20_907-908*7_877-874*7_877-876*7_877-875*7_877-881*7_51-231*21_51-429*21_51-440*21_51-461*21_246-252*18_246-247*18_246-248*18_246-458*18_908-909*8_908-929*8_908-937*8_106-105*9_934-935*8_934-933*8_934-932*8_937-910*9_937-927*9_937-911*9_937-926*9_937-925*9_1070-914*9_1070-913*9_1070-102*9_1070-947*9_1070-915*9_1070-912*9_247-457*19_824-825*14_824-1059*14_824-826*14_925-924*10_925-938*10_925-923*10_925-940*10_925-922*10_120-57*19_429-62*22_429-170*22_429-61*22_429-418*22_429-174*22_429-169*22_429-407*22_62-175*23_914-103*10_914-946*10_914-916*10_914-948*10_914-104*10_45-495*20_45-484*20_45-55*20_45-56*20_45-54*20_45-473*20_45-506*20_45-462*20_45-122*20_1059-1060*15_1059-1058*15_1059-278*15_1059-277*15_1059-279*15_279-280*16_279-1062*16_279-281*16_916-1068*11_916-918*11_916-949*11_916-919*11_55-123*21_55-124*21_55-53*21_457-456*20_457-452*20_457-450*20_457-453*20_280-290*17_280-620*17_280-282*17_918-920*12_453-454*21_453-455*21_922-921*11_922-945*11_282-283*18_282-289*18_282-301*18_282-288*18_282-287*18_282-285*18_282-300*18_175-176*24_175-171*24_175-384*24_175-395*24_175-172*24_175-167*24_175-163*24_171-164*25_171-165*25_171-166*25_171-161*25_935-936*9_935-888*9_936-889*10_936-944*10_384-168*25_164-160*26_164-158*26_53-125*22_168-173*26_168-140*26_168-151*26_168-284*26_168-162*26_168-296*26_158-157*27_301-291*19_301-286*19_301-299*19_889-943*11_889-887*11_286-1057*20_286-1056*20_173-129*27_125-126*23_125-127*23_943-942*12_943-941*12_157-135*28_157-156*28_157-136*28_126-128*24_156-144*29_156-251*29_156-262*29_156-137*29_156-143*29_143-145*30_143-142*30_143-150*30_143-153*30_143-146*30_143-141*30_143-152*30_143-138*30_143-147*30_150-149*31_299-298*20_299-292*20_299-293*20_299-297*20_129-118*28_129-307*28_129-362*28_129-107*28_149-148*32_128-130*25_128-133*25_128-179*25_128-132*25_251-240*30_251-273*30_251-155*30_251-229*30_240-218*31_297-294*21_297-302*21_297-510*21_297-303*21_107-96*29_107-185*29_107-85*29_133-159*26_133-131*26_294-304*22_218-207*32_218-196*32_218-2*32_510-511*22_510-509*22_510-508*22_207-961*33_961-850*34_304-424*23_304-423*23_304-305*23_304-422*23_131-139*27_131-177*27_131-134*27_511-512*23_511-425*23_511-421*23_425-426*24_425-420*24_425-427*24_425-419*24_305-306*24_306-331*25_177-178*28_850-739*35_331-332*26_331-334*26_331-330*26_331-333*26_331-335*26_335-525*27_335-339*27_739-628*36_339-338*28_339-336*28_
