"id","Scenario","Actual Range","Protocol","Buildings","Total nodes","Nodes on circ","Total coverage","Coverage on circ","Alert received mean time","Hops","Slots","Messages sent","Messages received", "Starting x", "Starting y","Starting node", "Vehicle distance", "Received node ids", "Node ids", "Transmission map", "Received on circ nodes", "Transmission vector"
0,1,100,0,0,600,3,165,0,-nan,-nan,-nan,55,165,0,100,0,25,1_2_3_4_5_6_7_0_8_9_10_11_12_13_14_15_16_17_18_19_20_21_22_23_24_25_26_27_28_29_30_31_32_33_34_35_36_37_38_39_40_41_42_43_44_45_46_47_48_49_50_51_52_53_54_55_56_57_58_59_60_61_62_63_64_65_66_67_68_69_70_71_72_73_74_75_76_77_78_79_80_81_82_83_84_85_86_87_88_89_90_91_92_93_94_95_96_97_98_99_100_101_102_103_104_105_106_107_108_109_110_111_112_113_114_115_116_117_118_119_120_121_122_123_124_125_126_127_128_129_130_131_132_133_134_135_136_137_138_139_140_141_142_143_144_145_146_147_148_149_150_151_152_153_154_155_156_157_158_159_160_161_162_163_164_,0_1_2_3_4_5_6_7_8_9_10_11_12_13_14_15_16_17_18_19_20_21_22_23_24_25_26_27_28_29_30_31_32_33_34_35_36_37_38_39_40_41_42_43_44_45_46_47_48_49_50_51_52_53_54_55_56_57_58_59_60_61_62_63_64_65_66_67_68_69_70_71_72_73_74_75_76_77_78_79_80_81_82_83_84_85_86_87_88_89_90_91_92_93_94_95_96_97_98_99_100_101_102_103_104_105_106_107_108_109_110_111_112_113_114_115_116_117_118_119_120_121_122_123_124_125_126_127_128_129_130_131_132_133_134_135_136_137_138_139_140_141_142_143_144_145_146_147_148_149_150_151_152_153_154_155_156_157_158_159_160_161_162_163_164_165_166_167_168_169_170_171_172_173_174_175_176_177_178_179_180_181_182_183_184_185_186_187_188_189_190_191_192_193_194_195_196_197_198_199_200_201_202_203_204_205_206_207_208_209_210_211_212_213_214_215_216_217_218_219_220_221_222_223_224_225_226_227_228_229_230_231_232_233_234_235_236_237_238_239_240_241_242_243_244_245_246_247_248_249_250_251_252_253_254_255_256_257_258_259_260_261_262_263_264_265_266_267_268_269_270_271_272_273_274_275_276_277_278_279_280_281_282_283_284_285_286_287_288_289_290_291_292_293_294_295_296_297_298_299_300_301_302_303_304_305_306_307_308_309_310_311_312_313_314_315_316_317_318_319_320_321_322_323_324_325_326_327_328_329_330_331_332_333_334_335_336_337_338_339_340_341_342_343_344_345_346_347_348_349_350_351_352_353_354_355_356_357_358_359_360_361_362_363_364_365_366_367_368_369_370_371_372_373_374_375_376_377_378_379_380_381_382_383_384_385_386_387_388_389_390_391_392_393_394_395_396_397_398_399_400_401_402_403_404_405_406_407_408_409_410_411_412_413_414_415_416_417_418_419_420_421_422_423_424_425_426_427_428_429_430_431_432_433_434_435_436_437_438_439_440_441_442_443_444_445_446_447_448_449_450_451_452_453_454_455_456_457_458_459_460_461_462_463_464_465_466_467_468_469_470_471_472_473_474_475_476_477_478_479_480_481_482_483_484_485_486_487_488_489_490_491_492_493_494_495_496_497_498_499_500_501_502_503_504_505_506_507_508_509_510_511_512_513_514_515_516_517_518_519_520_521_522_523_524_525_526_527_528_529_530_531_532_533_534_535_536_537_538_539_540_541_542_543_544_545_546_547_548_549_550_551_552_553_554_555_556_557_558_559_560_561_562_563_564_565_566_567_568_569_570_571_572_573_574_575_576_577_578_579_580_581_582_583_584_585_586_587_588_589_590_591_592_593_594_595_596_597_598_599_,0:{1;2;3;4;}4:{5;6;7;0;8;}8:{9;10;11;12;}12:{13;14;15;16;}16:{17;18;19;20;}20:{21;22;23;24;}24:{25;26;27;28;}28:{29;30;31;}31:{32;33;34;35;}35:{36;37;38;39;}39:{40;41;42;}40:{43;}43:{44;45;46;}46:{47;48;49;50;}48:{51;52;}50:{53;54;}52:{55;56;}55:{57;58;}57:{59;60;}59:{61;62;}62:{63;64;65;}65:{66;67;68;}68:{69;70;71;72;}72:{73;74;75;}75:{76;77;78;79;}79:{80;81;82;}82:{83;84;85;}85:{86;87;88;}88:{89;90;91;}90:{92;93;}92:{94;95;96;}96:{97;98;99;}97:{100;}100:{101;102;103;104;}104:{105;106;107;108;}108:{109;110;111;112;}112:{113;114;115;116;}116:{117;118;119;}118:{120;121;122;}122:{123;124;125;}125:{126;127;128;}126:{129;}128:{130;131;}130:{132;133;}133:{134;135;136;137;}136:{138;139;}138:{140;141;142;}142:{143;144;145;}145:{146;147;148;}148:{149;150;151;}151:{152;153;154;}153:{155;156;157;}157:{158;159;160;}160:{161;162;163;164;},,0-1*0_0-2*0_0-3*0_0-4*0_4-5*1_4-6*1_4-7*1_4-0*1_4-8*1_8-9*2_8-10*2_8-11*2_8-12*2_12-13*3_12-14*3_12-15*3_12-16*3_16-17*4_16-18*4_16-19*4_16-20*4_20-21*5_20-22*5_20-23*5_20-24*5_24-25*6_24-26*6_24-27*6_24-28*6_28-29*7_28-30*7_28-31*7_31-32*8_31-33*8_31-34*8_31-35*8_35-36*9_35-37*9_35-38*9_35-39*9_39-40*10_39-41*10_39-42*10_40-43*11_43-44*12_43-45*12_43-46*12_46-47*13_46-48*13_46-49*13_46-50*13_48-51*14_48-52*14_50-53*14_50-54*14_52-55*15_52-56*15_55-57*16_55-58*16_57-59*17_57-60*17_59-61*18_59-62*18_62-63*19_62-64*19_62-65*19_65-66*20_65-67*20_65-68*20_68-69*21_68-70*21_68-71*21_68-72*21_72-73*22_72-74*22_72-75*22_75-76*23_75-77*23_75-78*23_75-79*23_79-80*24_79-81*24_79-82*24_82-83*25_82-84*25_82-85*25_85-86*26_85-87*26_85-88*26_88-89*27_88-90*27_88-91*27_90-92*28_90-93*28_92-94*29_92-95*29_92-96*29_96-97*30_96-98*30_96-99*30_97-100*31_100-101*32_100-102*32_100-103*32_100-104*32_104-105*33_104-106*33_104-107*33_104-108*33_108-109*34_108-110*34_108-111*34_108-112*34_112-113*35_112-114*35_112-115*35_112-116*35_116-117*36_116-118*36_116-119*36_118-120*37_118-121*37_118-122*37_122-123*38_122-124*38_122-125*38_125-126*39_125-127*39_125-128*39_126-129*40_128-130*40_128-131*40_130-132*41_130-133*41_133-134*42_133-135*42_133-136*42_133-137*42_136-138*43_136-139*43_138-140*44_138-141*44_138-142*44_142-143*45_142-144*45_142-145*45_145-146*46_145-147*46_145-148*46_148-149*47_148-150*47_148-151*47_151-152*48_151-153*48_151-154*48_153-155*49_153-156*49_153-157*49_157-158*50_157-159*50_157-160*50_160-161*51_160-162*51_160-163*51_160-164*51_
