"id","Scenario","Actual Range","Protocol","Buildings","Total nodes","Nodes on circ","Total coverage","Coverage on circ","Alert received mean time","Hops","Slots","Messages sent","Messages received", "Starting x", "Starting y","Starting node", "Vehicle distance", "Received node ids", "Node ids", "Transmission map", "Received on circ nodes", "Transmission vector"
0,0,300,0,0,1776,80,1776,80,1.00138e+07,5.15,10.2375,382,1775,1153.84,1884.7,310,25,309_311_308_312_294_314_293_275_274_315_276_287_273_277_316_286_272_699_249_285_317_278_851_250_698_700_248_284_318_850_852_251_325_697_701_271_1196_252_849_279_283_323_1197_853_296_295_319_297_270_244_253_1198_298_847_848_281_233_268_1200_245_320_259_299_254_260_232_703_231_1201_282_307_306_300_261_321_257_234_1202_704_1189_1191_1747_1750_1186_230_256_1748_301_303_1175_1176_304_246_322_1178_1174_202_1130_1163_305_1179_191_1164_213_1184_225_1131_1185_236_1129_1180_1165_435_235_1132_1167_1181_1128_447_180_705_1182_1127_1134_237_1168_845_1126_1187_841_458_1125_169_1192_1183_1135_1079_1078_1140_842_1169_238_469_1136_844_843_1193_1061_1060_1137_1080_1076_1124_330_1194_1190_1141_646_1059_1138_1170_480_239_1075_158_240_1071_1171_1172_1142_1143_1173_1145_1492_1146_1491_1463_1464_1462_1156_1147_1461_1490_1459_1460_1157_1148_1195_1458_1489_1139_1457_1158_1149_1161_1160_1123_1159_1486_1456_1465_1485_1487_1150_1121_1162_1467_1473_1454_1151_1468_1474_1090_1091_1120_1453_1058_1089_1484_1475_1057_1087_1092_1152_1469_1476_1472_1470_1471_1452_1093_1153_1563_1478_1056_1494_1108_1107_262_263_264_229_265_228_255_227_266_331_267_226_326_288_332_223_289_327_222_328_333_290_221_292_329_342_220_334_241_341_337_338_242_216_751_750_749_339_243_217_748_340_218_502_1203_1223_1220_1204_1205_1219_1759_1758_1206_1218_1757_1217_1207_1756_1216_1240_1755_1215_1208_1214_1239_696_1753_1213_695_1751_1209_1238_1224_1752_694_1211_1212_1760_693_1237_1225_1761_1749_1450_1451_692_1449_513_524_724_491_535_735_680_669_546_746_657_757_635_742_558_768_761_624_744_569_780_602_613_743_691_745_791_759_580_591_758_702_771_747_824_756_802_752_760_770_733_713_755_835_813_753_754_884_769_868_883_869_147_741_846_885_767_882_247_870_136_867_857_766_258_125_871_865_114_872_690_1259_1260_1258_1261_1257_1262_1763_1762_1764_1766_1263_1268_1269_1264_1267_1270_1265_1256_1226_1271_1773_1772_1771_1254_1227_1601_1770_1272_1286_1285_1769_1228_1284_1253_1236_1273_1613_1768_1283_1627_1614_1229_1235_1767_1282_1252_1615_1274_1725_1234_1281_1626_1616_1230_1275_1251_1241_1724_1231_1280_1232_1625_1602_1727_1619_1603_343_344_345_346_351_168_170_352_348_167_349_171_350_166_172_356_864_353_357_355_165_354_570_573_574_173_571_219_595_572_592_568_593_174_579_587_359_175_594_371_578_203_163_599_378_372_360_164_1495_1496_1497_1479_1562_1498_1480_1561_1500_1481_1560_1501_1482_1502_1551_1552_1483_1505_1553_1506_1556_1504_1503_1507_1528_1493_1582_1527_1581_1508_1388_1399_1117_1118_1116_1154_1377_1526_1446_1557_1448_809_827_1564_1266_1321_881_873_880_553_879_874_878_552_876_875_551_550_886_549_370_887_544_543_545_531_547_542_368_548_541_540_765_734_539_361_538_732_362_537_736_1242_1574_1575_1573_1243_1572_1571_1576_1570_1245_1578_1569_1246_1568_1579_1567_1429_1247_1428_1427_1426_1248_1062_1063_710_1065_1064_1067_706_709_1068_1081_707_1069_708_1054_1070_783_1115_1082_1053_782_1114_1072_1083_1052_781_1113_1073_1084_1051_1112_778_1074_291_1085_1050_1109_777_786_785_787_280_788_789_1098_1049_1621_1100_1086_784_1097_1632_1643_269_1654_1565_1447_1580_1430_1094_1101_1048_1102_1096_1095_1047_1723_1726_1617_1722_1618_1728_1729_1720_1620_1730_1719_1622_1731_1745_1718_1624_1746_1623_1693_1733_1744_1692_1717_1691_1712_1716_686_1713_1711_1714_1715_1709_1690_1742_1628_1734_1689_1741_1629_1735_1687_1708_1736_1740_302_313_380_324_391_776_402_336_775_424_102_413_347_790_91_774_773_58_772_792_1688_80_1699_793_794_358_1710_1677_1721_369_1732_1666_47_763_1039_918_536_534_532_533_455_454_561_731_453_562_730_554_456_452_725_563_723_555_457_726_564_722_459_460_507_556_727_461_506_462_721_490_559_463_489_728_492_720_891_488_464_560_526_493_407_528_406_408_719_499_365_525_487_494_896_405_529_367_498_466_495_500_363_451_497_1630_1686_1631_1707_1633_1706_1679_1680_1634_1681_1705_1678_19_1635_1704_18_21_1683_1040_919_1038_920_917_916_1037_921_1610_915_923_1036_1599_924_914_1035_925_913_1588_1034_926_912_1032_822_1577_1041_927_821_1566_1042_928_820_1555_929_1043_819_1105_1103_1532_1743_1754_1765_3_14_910_69_36_909_25_762_908_176_177_178_215_181_179_214_204_1425_1424_1423_1431_1422_1433_1249_1434_1420_1250_1435_1396_1292_1436_1409_1412_1411_1291_1413_1437_1398_1395_1394_1438_1290_1293_1289_1287_1400_764_737_738_739_740_717_711_712_890_906_716_598_581_582_577_139_138_140_205_141_206_137_207_142_597_583_201_576_208_143_200_584_148_209_146_585_199_149_586_133_150_145_600_654_653_589_198_605_588_590_130_652_144_134_131_157_601_651_129_154_197_606_160_159_161_151_135_650_132_162_649_603_156_212_604_152_196_128_211_155_210_596_127_575_153_607_440_439_655_124_1119_808_807_1410_806_826_805_1421_803_828_804_801_1432_1444_1014_825_800_1018_1455_1013_799_823_1019_1012_798_1466_1020_1366_797_1477_1002_796_1021_1355_1488_795_1001_1023_1499_1510_1015_998_1024_812_1106_814_1543_815_1344_1003_1188_715_892_714_893_907_729_894_905_904_895_1276_1278_1279_1295_1294_1605_1604_1606_1608_1609_1607_1611_1600_1612_1296_840_1297_839_838_1303_837_1302_1104_818_817_1521_816_930_931_932_934_935_936_810_811_937_938_939_940_941_182_183_184_185_126_186_188_187_189_121_7_123_122_6_120_99_656_5_119_190_1636_1637_836_1638_465_897_898_467_523_899_468_522_901_902_521_470_718_903_471_520_472_527_473_474_475_476_366_364_404_403_377_450_401_400_376_375_399_374_398_410_396_1445_1442_1441_1439_1440_1583_1558_1584_1559_1513_1512_1514_1511_1509_1523_1515_1522_496_501_530_486_503_485_504_484_511_512_510_505_514_509_515_483_508_516_517_518_519_422_482_421_481_420_479_449_419_478_448_418_477_417_445_1676_1682_1675_1674_1684_1700_1685_1673_1698_1672_1697_1661_1660_1696_1639_687_1662_1659_1640_1701_1702_1703_1695_688_1663_1658_1694_1641_1671_689_1642_1664_1657_1670_1667_1644_1669_1668_1656_1645_1647_1648_681_1649_1646_1650_22_1045_1046_1414_1397_1415_1004_1016_1005_1017_997_1006_1007_996_1008_995_988_992_993_1025_991_977_1009_994_966_950_951_952_953_1010_949_955_1000_954_948_956_944_989_946_942_957_943_947_1177_945_990_958_933_962_961_1133_1122_960_959_1111_1199_969_1144_922_1099_1011_1030_968_963_1088_1210_1155_967_1022_964_1077_1031_965_1026_900_1066_1166_1055_679_682_1520_1524_1525_1531_1519_1530_1518_1529_1517_1541_1542_1516_1535_1533_1544_1534_1545_1550_1333_1549_0_1546_1547_1277_1548_1_888_1255_999_379_384_567_373_381_383_382_385_441_386_387_388_438_389_437_436_390_434_1244_1288_1233_1299_1222_1110_1651_1652_1653_856_1655_855_833_834_832_831_854_830_829_20_1585_1393_1392_1586_1401_1391_1386_1418_1417_1416_1404_1385_1587_1384_1403_1589_1387_1590_1383_1402_1591_1389_1382_1592_1594_1390_1381_1593_1419_1595_1405_1596_1309_1597_1380_1598_1408_1308_1372_1406_1379_1307_1362_1341_863_1373_1407_1306_1374_1371_1378_1336_1361_1375_1305_862_1376_1360_433_392_432_565_1027_1028_1029_981_980_979_970_982_971_978_983_976_973_972_974_986_566_431_393_430_394_429_444_443_395_442_397_428_409_975_984_985_1310_911_889_877_866_779_668_1221_1033_557_1332_1044_1443_335_224_446_113_2_1665_1554_23_24_26_27_28_83_29_82_81_30_79_31_46_32_84_17_33_48_39_34_64_78_49_35_16_85_37_62_40_41_50_51_65_42_38_52_77_43_15_61_53_54_45_678_44_67_411_412_425_426_423_427_414_415_416_13_12_683_76_66_73_684_11_72_685_75_71_68_74_10_86_63_70_195_87_60_93_612_611_610_609_658_118_1301_1298_1300_1304_1315_1311_1312_1313_1314_1322_1316_987_1536_1539_659_115_116_660_117_661_112_103_104_101_671_608_105_614_670_100_616_106_667_615_107_617_1537_1538_1540_1359_1338_1337_1339_1343_1342_1340_1363_1335_1370_1364_1334_1345_1365_1327_1326_1367_1346_1325_1328_1368_1329_1324_1347_1369_1330_1348_1323_1349_1331_1350_1319_1318_1320_1356_1317_1354_1353_108_662_109_663_110_664_665_673_111_666_674_90_89_675_672_92_88_648_618_642_59_57_647_641_619_640_96_95_97_645_94_620_98_639_56_193_194_644_192_621_638_55_622_637_623_632_625_631_626_676_677_630_1352_1357_1351_1358_627_628_643_861_860_859_858_629_633_636_634_9_8_1775_4_1737_1738_1774_1739_,0_1_2_3_4_5_6_7_8_9_10_11_12_13_14_15_16_17_18_19_20_21_22_23_24_25_26_27_28_29_30_31_32_33_34_35_36_37_38_39_40_41_42_43_44_45_46_47_48_49_50_51_52_53_54_55_56_57_58_59_60_61_62_63_64_65_66_67_68_69_70_71_72_73_74_75_76_77_78_79_80_81_82_83_84_85_86_87_88_89_90_91_92_93_94_95_96_97_98_99_100_101_102_103_104_105_106_107_108_109_110_111_112_113_114_115_116_117_118_119_120_121_122_123_124_125_126_127_128_129_130_131_132_133_134_135_136_137_138_139_140_141_142_143_144_145_146_147_148_149_150_151_152_153_154_155_156_157_158_159_160_161_162_163_164_165_166_167_168_169_170_171_172_173_174_175_176_177_178_179_180_181_182_183_184_185_186_187_188_189_190_191_192_193_194_195_196_197_198_199_200_201_202_203_204_205_206_207_208_209_210_211_212_213_214_215_216_217_218_219_220_221_222_223_224_225_226_227_228_229_230_231_232_233_234_235_236_237_238_239_240_241_242_243_244_245_246_247_248_249_250_251_252_253_254_255_256_257_258_259_260_261_262_263_264_265_266_267_268_269_270_271_272_273_274_275_276_277_278_279_280_281_282_283_284_285_286_287_288_289_290_291_292_293_294_295_296_297_298_299_300_301_302_303_304_305_306_307_308_309_310_311_312_313_314_315_316_317_318_319_320_321_322_323_324_325_326_327_328_329_330_331_332_333_334_335_336_337_338_339_340_341_342_343_344_345_346_347_348_349_350_351_352_353_354_355_356_357_358_359_360_361_362_363_364_365_366_367_368_369_370_371_372_373_374_375_376_377_378_379_380_381_382_383_384_385_386_387_388_389_390_391_392_393_394_395_396_397_398_399_400_401_402_403_404_405_406_407_408_409_410_411_412_413_414_415_416_417_418_419_420_421_422_423_424_425_426_427_428_429_430_431_432_433_434_435_436_437_438_439_440_441_442_443_444_445_446_447_448_449_450_451_452_453_454_455_456_457_458_459_460_461_462_463_464_465_466_467_468_469_470_471_472_473_474_475_476_477_478_479_480_481_482_483_484_485_486_487_488_489_490_491_492_493_494_495_496_497_498_499_500_501_502_503_504_505_506_507_508_509_510_511_512_513_514_515_516_517_518_519_520_521_522_523_524_525_526_527_528_529_530_531_532_533_534_535_536_537_538_539_540_541_542_543_544_545_546_547_548_549_550_551_552_553_554_555_556_557_558_559_560_561_562_563_564_565_566_567_568_569_570_571_572_573_574_575_576_577_578_579_580_581_582_583_584_585_586_587_588_589_590_591_592_593_594_595_596_597_598_599_600_601_602_603_604_605_606_607_608_609_610_611_612_613_614_615_616_617_618_619_620_621_622_623_624_625_626_627_628_629_630_631_632_633_634_635_636_637_638_639_640_641_642_643_644_645_646_647_648_649_650_651_652_653_654_655_656_657_658_659_660_661_662_663_664_665_666_667_668_669_670_671_672_673_674_675_676_677_678_679_680_681_682_683_684_685_686_687_688_689_690_691_692_693_694_695_696_697_698_699_700_701_702_703_704_705_706_707_708_709_710_711_712_713_714_715_716_717_718_719_720_721_722_723_724_725_726_727_728_729_730_731_732_733_734_735_736_737_738_739_740_741_742_743_744_745_746_747_748_749_750_751_752_753_754_755_756_757_758_759_760_761_762_763_764_765_766_767_768_769_770_771_772_773_774_775_776_777_778_779_780_781_782_783_784_785_786_787_788_789_790_791_792_793_794_795_796_797_798_799_800_801_802_803_804_805_806_807_808_809_810_811_812_813_814_815_816_817_818_819_820_821_822_823_824_825_826_827_828_829_830_831_832_833_834_835_836_837_838_839_840_841_842_843_844_845_846_847_848_849_850_851_852_853_854_855_856_857_858_859_860_861_862_863_864_865_866_867_868_869_870_871_872_873_874_875_876_877_878_879_880_881_882_883_884_885_886_887_888_889_890_891_892_893_894_895_896_897_898_899_900_901_902_903_904_905_906_907_908_909_910_911_912_913_914_915_916_917_918_919_920_921_922_923_924_925_926_927_928_929_930_931_932_933_934_935_936_937_938_939_940_941_942_943_944_945_946_947_948_949_950_951_952_953_954_955_956_957_958_959_960_961_962_963_964_965_966_967_968_969_970_971_972_973_974_975_976_977_978_979_980_981_982_983_984_985_986_987_988_989_990_991_992_993_994_995_996_997_998_999_1000_1001_1002_1003_1004_1005_1006_1007_1008_1009_1010_1011_1012_1013_1014_1015_1016_1017_1018_1019_1020_1021_1022_1023_1024_1025_1026_1027_1028_1029_1030_1031_1032_1033_1034_1035_1036_1037_1038_1039_1040_1041_1042_1043_1044_1045_1046_1047_1048_1049_1050_1051_1052_1053_1054_1055_1056_1057_1058_1059_1060_1061_1062_1063_1064_1065_1066_1067_1068_1069_1070_1071_1072_1073_1074_1075_1076_1077_1078_1079_1080_1081_1082_1083_1084_1085_1086_1087_1088_1089_1090_1091_1092_1093_1094_1095_1096_1097_1098_1099_1100_1101_1102_1103_1104_1105_1106_1107_1108_1109_1110_1111_1112_1113_1114_1115_1116_1117_1118_1119_1120_1121_1122_1123_1124_1125_1126_1127_1128_1129_1130_1131_1132_1133_1134_1135_1136_1137_1138_1139_1140_1141_1142_1143_1144_1145_1146_1147_1148_1149_1150_1151_1152_1153_1154_1155_1156_1157_1158_1159_1160_1161_1162_1163_1164_1165_1166_1167_1168_1169_1170_1171_1172_1173_1174_1175_1176_1177_1178_1179_1180_1181_1182_1183_1184_1185_1186_1187_1188_1189_1190_1191_1192_1193_1194_1195_1196_1197_1198_1199_1200_1201_1202_1203_1204_1205_1206_1207_1208_1209_1210_1211_1212_1213_1214_1215_1216_1217_1218_1219_1220_1221_1222_1223_1224_1225_1226_1227_1228_1229_1230_1231_1232_1233_1234_1235_1236_1237_1238_1239_1240_1241_1242_1243_1244_1245_1246_1247_1248_1249_1250_1251_1252_1253_1254_1255_1256_1257_1258_1259_1260_1261_1262_1263_1264_1265_1266_1267_1268_1269_1270_1271_1272_1273_1274_1275_1276_1277_1278_1279_1280_1281_1282_1283_1284_1285_1286_1287_1288_1289_1290_1291_1292_1293_1294_1295_1296_1297_1298_1299_1300_1301_1302_1303_1304_1305_1306_1307_1308_1309_1310_1311_1312_1313_1314_1315_1316_1317_1318_1319_1320_1321_1322_1323_1324_1325_1326_1327_1328_1329_1330_1331_1332_1333_1334_1335_1336_1337_1338_1339_1340_1341_1342_1343_1344_1345_1346_1347_1348_1349_1350_1351_1352_1353_1354_1355_1356_1357_1358_1359_1360_1361_1362_1363_1364_1365_1366_1367_1368_1369_1370_1371_1372_1373_1374_1375_1376_1377_1378_1379_1380_1381_1382_1383_1384_1385_1386_1387_1388_1389_1390_1391_1392_1393_1394_1395_1396_1397_1398_1399_1400_1401_1402_1403_1404_1405_1406_1407_1408_1409_1410_1411_1412_1413_1414_1415_1416_1417_1418_1419_1420_1421_1422_1423_1424_1425_1426_1427_1428_1429_1430_1431_1432_1433_1434_1435_1436_1437_1438_1439_1440_1441_1442_1443_1444_1445_1446_1447_1448_1449_1450_1451_1452_1453_1454_1455_1456_1457_1458_1459_1460_1461_1462_1463_1464_1465_1466_1467_1468_1469_1470_1471_1472_1473_1474_1475_1476_1477_1478_1479_1480_1481_1482_1483_1484_1485_1486_1487_1488_1489_1490_1491_1492_1493_1494_1495_1496_1497_1498_1499_1500_1501_1502_1503_1504_1505_1506_1507_1508_1509_1510_1511_1512_1513_1514_1515_1516_1517_1518_1519_1520_1521_1522_1523_1524_1525_1526_1527_1528_1529_1530_1531_1532_1533_1534_1535_1536_1537_1538_1539_1540_1541_1542_1543_1544_1545_1546_1547_1548_1549_1550_1551_1552_1553_1554_1555_1556_1557_1558_1559_1560_1561_1562_1563_1564_1565_1566_1567_1568_1569_1570_1571_1572_1573_1574_1575_1576_1577_1578_1579_1580_1581_1582_1583_1584_1585_1586_1587_1588_1589_1590_1591_1592_1593_1594_1595_1596_1597_1598_1599_1600_1601_1602_1603_1604_1605_1606_1607_1608_1609_1610_1611_1612_1613_1614_1615_1616_1617_1618_1619_1620_1621_1622_1623_1624_1625_1626_1627_1628_1629_1630_1631_1632_1633_1634_1635_1636_1637_1638_1639_1640_1641_1642_1643_1644_1645_1646_1647_1648_1649_1650_1651_1652_1653_1654_1655_1656_1657_1658_1659_1660_1661_1662_1663_1664_1665_1666_1667_1668_1669_1670_1671_1672_1673_1674_1675_1676_1677_1678_1679_1680_1681_1682_1683_1684_1685_1686_1687_1688_1689_1690_1691_1692_1693_1694_1695_1696_1697_1698_1699_1700_1701_1702_1703_1704_1705_1706_1707_1708_1709_1710_1711_1712_1713_1714_1715_1716_1717_1718_1719_1720_1721_1722_1723_1724_1725_1726_1727_1728_1729_1730_1731_1732_1733_1734_1735_1736_1737_1738_1739_1740_1741_1742_1743_1744_1745_1746_1747_1748_1749_1750_1751_1752_1753_1754_1755_1756_1757_1758_1759_1760_1761_1762_1763_1764_1765_1766_1767_1768_1769_1770_1771_1772_1773_1774_1775_,20:{13;12;683;76;66;73;684;11;72;685;75;71;68;74;10;86;63;70;195;87;60;93;}53:{676;677;630;}93:{9;8;1775;4;1737;}107:{108;662;109;663;110;664;665;673;111;666;674;90;89;675;672;92;88;648;618;642;59;57;647;641;619;640;96;95;97;645;94;620;98;639;56;193;194;644;192;621;638;55;622;637;623;632;625;631;626;}122:{659;115;116;660;117;661;112;103;104;101;671;608;105;614;670;100;616;106;667;615;107;617;}131:{612;611;610;609;658;118;}179:{1738;1774;1739;}215:{182;183;184;185;126;186;188;187;189;121;7;123;122;6;120;99;656;5;119;190;}223:{176;177;178;215;181;179;214;204;}243:{513;524;724;491;535;735;680;669;546;746;657;757;635;742;558;768;761;624;744;569;780;602;613;743;691;745;791;759;580;591;758;702;771;747;824;756;802;752;760;770;733;713;755;835;813;753;754;884;769;868;883;869;147;741;846;885;767;882;247;870;136;867;857;766;258;125;871;865;114;872;}258:{764;737;738;739;740;717;711;712;890;906;716;}259:{262;263;264;229;265;228;255;227;266;331;267;226;326;288;332;223;289;327;222;328;333;290;221;292;329;342;220;334;241;341;337;338;242;216;751;750;749;339;243;217;748;340;218;502;}306:{301;303;1175;1176;304;246;322;1178;1174;202;1130;1163;305;1179;191;1164;213;1184;225;1131;1185;236;1129;1180;1165;435;235;1132;1167;1181;1128;447;180;705;1182;1127;1134;237;1168;845;1126;1187;841;458;1125;169;1192;1183;1135;1079;1078;1140;842;1169;238;469;1136;844;843;1193;1061;1060;1137;1080;1076;1124;330;1194;1190;1141;646;1059;1138;1170;480;239;1075;158;240;1071;}310:{309;311;308;312;294;314;293;275;274;315;276;287;273;277;316;286;272;699;249;285;317;278;851;250;698;700;248;284;318;850;852;251;325;697;701;271;1196;252;849;279;283;323;1197;853;296;295;319;297;270;244;253;1198;298;847;848;281;233;268;1200;245;320;259;299;254;260;232;703;231;1201;282;307;306;300;261;321;257;234;1202;704;1189;1191;1747;1750;1186;230;256;1748;}357:{379;384;567;373;381;383;382;385;441;386;387;388;438;389;437;436;390;434;}396:{411;412;425;426;423;427;414;415;416;}440:{566;431;393;430;394;429;444;443;395;442;397;428;409;}498:{496;501;530;486;503;485;504;484;511;512;510;505;514;509;515;483;508;516;517;518;519;422;482;421;481;420;479;449;419;478;448;418;477;417;445;}533:{366;364;404;403;377;450;401;400;376;375;399;374;398;410;396;}539:{536;534;532;533;455;454;561;731;453;562;730;554;456;452;725;563;723;555;457;726;564;722;459;460;507;556;727;461;506;462;721;490;559;463;489;728;492;720;891;488;464;560;526;493;407;528;406;408;719;499;365;525;487;494;896;405;529;367;498;466;495;500;363;451;497;}572:{433;392;432;565;}599:{598;581;582;577;139;138;140;205;141;206;137;207;142;597;583;201;576;208;143;200;584;148;209;146;585;199;149;586;133;150;145;600;654;653;589;198;605;588;590;130;652;144;134;131;157;601;651;129;154;197;606;160;159;161;151;135;650;132;162;649;603;156;212;604;152;196;128;211;155;210;596;127;575;153;607;440;439;655;124;}615:{627;628;643;}625:{629;633;636;634;}682:{23;24;26;27;28;83;29;82;81;30;79;31;46;32;84;17;33;48;39;34;64;78;49;35;16;85;37;62;40;41;50;51;65;42;38;52;77;43;15;61;53;54;45;678;44;67;}693:{690;1259;1260;1258;1261;1257;1262;1763;1762;1764;1766;1263;1268;1269;1264;1267;1270;1265;1256;1226;1271;1773;1772;1771;1254;1227;1601;1770;1272;1286;1285;1769;1228;1284;1253;1236;1273;1613;1768;1283;1627;1614;1229;1235;1767;1282;1252;1615;1274;1725;1234;1281;1626;1616;1230;1275;1251;1241;1724;1231;1280;1232;1625;1602;1727;1619;1603;}722:{465;897;898;467;523;899;468;522;901;902;521;470;718;903;471;520;472;527;473;474;475;476;}749:{343;344;345;346;351;168;170;352;348;167;349;171;350;166;172;356;864;353;357;355;165;354;570;573;574;173;571;219;595;572;592;568;593;174;579;587;359;175;594;371;578;203;163;599;378;372;360;164;}767:{715;892;714;893;907;729;894;905;904;895;}785:{1743;1754;1765;3;14;910;69;36;909;25;762;908;}788:{1040;919;1038;920;917;916;1037;921;1610;915;923;1036;1599;924;914;1035;925;913;1588;1034;926;912;1032;822;1577;1041;927;821;1566;1042;928;820;1555;929;1043;819;1105;1103;1532;}791:{881;873;880;553;879;874;878;552;876;875;551;550;886;549;370;887;544;543;545;531;547;542;368;548;541;540;765;734;539;361;538;732;362;537;736;}926:{1045;1046;}948:{1027;1028;1029;981;980;979;970;982;971;978;983;976;973;972;974;986;}1003:{1004;1016;1005;1017;997;1006;1007;996;1008;995;988;992;993;1025;991;977;1009;994;966;950;951;952;953;1010;949;955;1000;954;948;956;944;989;946;942;957;943;947;1177;945;990;958;933;962;961;1133;1122;960;959;1111;1199;969;1144;922;1099;1011;1030;968;963;1088;1210;1155;967;1022;964;1077;1031;965;1026;900;1066;1166;1055;}1004:{987;}1026:{975;984;985;}1060:{1094;1101;1048;1102;1096;1095;1047;}1061:{1100;1086;784;1097;1632;1643;269;1654;}1076:{302;313;380;324;391;776;402;336;775;424;102;413;347;790;91;774;773;58;772;792;1688;80;1699;793;794;358;1710;1677;1721;369;1732;1666;47;763;1039;918;}1105:{818;817;1521;816;930;931;932;934;935;936;810;811;937;938;939;940;941;}1118:{1119;808;807;1410;806;826;805;1421;803;828;804;801;1432;1444;1014;825;800;1018;1455;1013;799;823;1019;1012;798;1466;1020;1366;797;1477;1002;796;1021;1355;1488;795;1001;1023;1499;1510;1015;998;1024;812;1106;814;1543;815;1344;1003;1188;}1152:{1104;}1170:{1171;1172;1142;1143;1173;1145;1492;1146;1491;1463;1464;1462;1156;1147;1461;1490;1459;1460;1157;1148;1195;1458;1489;1139;1457;1158;1149;1161;1160;1123;1159;1486;1456;1465;1485;1487;1150;1121;1162;1467;1473;1454;1151;1468;1474;1090;1091;1120;1453;1058;1089;1484;1475;1057;1087;1092;1152;1469;1476;1472;1470;1471;1452;1093;1153;1563;1478;1056;1494;1108;1107;}1182:{1062;1063;710;1065;1064;1067;706;709;1068;1081;707;1069;708;1054;1070;783;1115;1082;1053;782;1114;1072;1083;1052;781;1113;1073;1084;1051;1112;778;1074;291;1085;1050;1109;777;786;785;787;280;788;789;1098;1049;1621;}1200:{1203;1223;1220;1204;1205;1219;1759;1758;1206;1218;1757;1217;1207;1756;1216;1240;1755;1215;1208;1214;1239;696;1753;1213;695;1751;1209;1238;1224;1752;694;1211;1212;1760;693;1237;1225;1761;1749;1450;1451;692;1449;}1222:{1310;911;889;877;866;779;668;1221;1033;557;1332;1044;1443;335;224;446;113;2;1665;1554;}1224:{1242;1574;1575;1573;1243;1572;1571;1576;1570;1245;1578;1569;1246;1568;1579;1567;1429;1247;1428;1427;1426;1248;}1238:{1565;1447;1580;1430;}1251:{1276;1278;1279;1295;1294;1605;1604;1606;1608;1609;1607;1611;1600;1612;1296;840;1297;839;838;1303;837;1302;}1274:{1636;1637;836;1638;}1297:{1301;1298;1300;1304;1315;1311;1312;1313;1314;1322;1316;}1353:{1352;1357;1351;1358;}1361:{1359;1338;1337;1339;1343;1342;1340;1363;1335;1370;1364;1334;1345;1365;1327;1326;1367;1346;1325;1328;1368;1329;1324;1347;1369;1330;1348;1323;1349;1331;1350;1319;1318;1320;1356;1317;1354;1353;}1395:{1585;1393;1392;1586;1401;1391;1386;1418;1417;1416;1404;1385;1587;1384;1403;1589;1387;1590;1383;1402;1591;1389;1382;1592;1594;1390;1381;1593;1419;1595;1405;1596;1309;1597;1380;1598;1408;1308;1372;1406;1379;1307;1362;1341;863;1373;1407;1306;1374;1371;1378;1336;1361;1375;1305;862;1376;1360;}1407:{861;860;859;858;}1426:{1414;1397;1415;}1427:{1425;1424;1423;1431;1422;1433;1249;1434;1420;1250;1435;1396;1292;1436;1409;1412;1411;1291;1413;1437;1398;1395;1394;1438;1290;1293;1289;1287;1400;}1472:{1495;1496;1497;1479;1562;1498;1480;1561;1500;1481;1560;1501;1482;1502;1551;1552;1483;1505;1553;1506;1556;1504;1503;1507;1528;1493;1582;1527;1581;1508;1388;1399;1117;1118;1116;1154;1377;1526;1446;1557;1448;809;827;1564;1266;1321;}1508:{1520;1524;1525;1531;1519;1530;1518;1529;1517;1541;1542;1516;1535;1533;1544;1534;1545;1550;1333;1549;0;1546;1547;1277;1548;1;888;1255;999;}1515:{1536;1539;}1527:{1244;1288;1233;1299;1222;1110;}1547:{1537;1538;1540;}1567:{1445;1442;1441;1439;1440;1583;1558;1584;1559;1513;1512;1514;1511;1509;1523;1515;1522;}1619:{1630;1686;1631;1707;1633;1706;1679;1680;1634;1681;1705;1678;19;1635;1704;18;21;1683;}1620:{20;}1637:{1651;1652;1653;856;1655;855;833;834;832;831;854;830;829;}1680:{1676;1682;1675;1674;1684;1700;1685;1673;1698;1672;1697;1661;1660;1696;1639;687;1662;1659;1640;1701;1702;1703;1695;688;1663;1658;1694;1641;1671;689;1642;1664;1657;1670;1667;1644;1669;1668;1656;1645;1647;1648;681;1649;1646;1650;22;}1681:{679;682;}1724:{1723;1726;1617;1722;1618;1728;1729;1720;1620;1730;1719;1622;1731;1745;1718;1624;1746;1623;1693;1733;1744;1692;1717;1691;1712;1716;686;1713;1711;1714;1715;1709;1690;1742;1628;1734;1689;1741;1629;1735;1687;1708;1736;1740;},1_29_30_39_51_52_53_54_392_397_398_401_403_404_405_432_433_434_454_455_462_463_464_465_466_467_562_563_565_566_608_615_616_617_642_645_688_689_810_811_833_834_836_897_898_899_901_935_936_937_1002_1021_1023_1041_1042_1199_1210_1222_1233_1288_1302_1303_1344_1396_1398_1415_1533_1534_1546_1547_1548_1549_1550_1642_1644_1658_1659_1664_1667_1671_,310-309*0_310-311*0_310-308*0_310-312*0_310-294*0_310-314*0_310-293*0_310-275*0_310-274*0_310-315*0_310-276*0_310-287*0_310-273*0_310-277*0_310-316*0_310-286*0_310-272*0_310-699*0_310-249*0_310-285*0_310-317*0_310-278*0_310-851*0_310-250*0_310-698*0_310-700*0_310-248*0_310-284*0_310-318*0_310-850*0_310-852*0_310-251*0_310-325*0_310-697*0_310-701*0_310-271*0_310-1196*0_310-252*0_310-849*0_310-279*0_310-283*0_310-323*0_310-1197*0_310-853*0_310-296*0_310-295*0_310-319*0_310-297*0_310-270*0_310-244*0_310-253*0_310-1198*0_310-298*0_310-847*0_310-848*0_310-281*0_310-233*0_310-268*0_310-1200*0_310-245*0_310-320*0_310-259*0_310-299*0_310-254*0_310-260*0_310-232*0_310-703*0_310-231*0_310-1201*0_310-282*0_310-307*0_310-306*0_310-300*0_310-261*0_310-321*0_310-257*0_310-234*0_310-1202*0_310-704*0_310-1189*0_310-1191*0_310-1747*0_310-1750*0_310-1186*0_310-230*0_310-256*0_310-1748*0_306-301*1_306-303*1_306-1175*1_306-1176*1_306-304*1_306-246*1_306-322*1_306-1178*1_306-1174*1_306-202*1_306-1130*1_306-1163*1_306-305*1_306-1179*1_306-191*1_306-1164*1_306-213*1_306-1184*1_306-225*1_306-1131*1_306-1185*1_306-236*1_306-1129*1_306-1180*1_306-1165*1_306-435*1_306-235*1_306-1132*1_306-1167*1_306-1181*1_306-1128*1_306-447*1_306-180*1_306-705*1_306-1182*1_306-1127*1_306-1134*1_306-237*1_306-1168*1_306-845*1_306-1126*1_306-1187*1_306-841*1_306-458*1_306-1125*1_306-169*1_306-1192*1_306-1183*1_306-1135*1_306-1079*1_306-1078*1_306-1140*1_306-842*1_306-1169*1_306-238*1_306-469*1_306-1136*1_306-844*1_306-843*1_306-1193*1_306-1061*1_306-1060*1_306-1137*1_306-1080*1_306-1076*1_306-1124*1_306-330*1_306-1194*1_306-1190*1_306-1141*1_306-646*1_306-1059*1_306-1138*1_306-1170*1_306-480*1_306-239*1_306-1075*1_306-158*1_306-240*1_306-1071*1_1170-1171*2_1170-1172*2_1170-1142*2_1170-1143*2_1170-1173*2_1170-1145*2_1170-1492*2_1170-1146*2_1170-1491*2_1170-1463*2_1170-1464*2_1170-1462*2_1170-1156*2_1170-1147*2_1170-1461*2_1170-1490*2_1170-1459*2_1170-1460*2_1170-1157*2_1170-1148*2_1170-1195*2_1170-1458*2_1170-1489*2_1170-1139*2_1170-1457*2_1170-1158*2_1170-1149*2_1170-1161*2_1170-1160*2_1170-1123*2_1170-1159*2_1170-1486*2_1170-1456*2_1170-1465*2_1170-1485*2_1170-1487*2_1170-1150*2_1170-1121*2_1170-1162*2_1170-1467*2_1170-1473*2_1170-1454*2_1170-1151*2_1170-1468*2_1170-1474*2_1170-1090*2_1170-1091*2_1170-1120*2_1170-1453*2_1170-1058*2_1170-1089*2_1170-1484*2_1170-1475*2_1170-1057*2_1170-1087*2_1170-1092*2_1170-1152*2_1170-1469*2_1170-1476*2_1170-1472*2_1170-1470*2_1170-1471*2_1170-1452*2_1170-1093*2_1170-1153*2_1170-1563*2_1170-1478*2_1170-1056*2_1170-1494*2_1170-1108*2_1170-1107*2_259-262*1_259-263*1_259-264*1_259-229*1_259-265*1_259-228*1_259-255*1_259-227*1_259-266*1_259-331*1_259-267*1_259-226*1_259-326*1_259-288*1_259-332*1_259-223*1_259-289*1_259-327*1_259-222*1_259-328*1_259-333*1_259-290*1_259-221*1_259-292*1_259-329*1_259-342*1_259-220*1_259-334*1_259-241*1_259-341*1_259-337*1_259-338*1_259-242*1_259-216*1_259-751*1_259-750*1_259-749*1_259-339*1_259-243*1_259-217*1_259-748*1_259-340*1_259-218*1_259-502*1_1200-1203*1_1200-1223*1_1200-1220*1_1200-1204*1_1200-1205*1_1200-1219*1_1200-1759*1_1200-1758*1_1200-1206*1_1200-1218*1_1200-1757*1_1200-1217*1_1200-1207*1_1200-1756*1_1200-1216*1_1200-1240*1_1200-1755*1_1200-1215*1_1200-1208*1_1200-1214*1_1200-1239*1_1200-696*1_1200-1753*1_1200-1213*1_1200-695*1_1200-1751*1_1200-1209*1_1200-1238*1_1200-1224*1_1200-1752*1_1200-694*1_1200-1211*1_1200-1212*1_1200-1760*1_1200-693*1_1200-1237*1_1200-1225*1_1200-1761*1_1200-1749*1_1200-1450*1_1200-1451*1_1200-692*1_1200-1449*1_243-513*2_243-524*2_243-724*2_243-491*2_243-535*2_243-735*2_243-680*2_243-669*2_243-546*2_243-746*2_243-657*2_243-757*2_243-635*2_243-742*2_243-558*2_243-768*2_243-761*2_243-624*2_243-744*2_243-569*2_243-780*2_243-602*2_243-613*2_243-743*2_243-691*2_243-745*2_243-791*2_243-759*2_243-580*2_243-591*2_243-758*2_243-702*2_243-771*2_243-747*2_243-824*2_243-756*2_243-802*2_243-752*2_243-760*2_243-770*2_243-733*2_243-713*2_243-755*2_243-835*2_243-813*2_243-753*2_243-754*2_243-884*2_243-769*2_243-868*2_243-883*2_243-869*2_243-147*2_243-741*2_243-846*2_243-885*2_243-767*2_243-882*2_243-247*2_243-870*2_243-136*2_243-867*2_243-857*2_243-766*2_243-258*2_243-125*2_243-871*2_243-865*2_243-114*2_243-872*2_693-690*2_693-1259*2_693-1260*2_693-1258*2_693-1261*2_693-1257*2_693-1262*2_693-1763*2_693-1762*2_693-1764*2_693-1766*2_693-1263*2_693-1268*2_693-1269*2_693-1264*2_693-1267*2_693-1270*2_693-1265*2_693-1256*2_693-1226*2_693-1271*2_693-1773*2_693-1772*2_693-1771*2_693-1254*2_693-1227*2_693-1601*2_693-1770*2_693-1272*2_693-1286*2_693-1285*2_693-1769*2_693-1228*2_693-1284*2_693-1253*2_693-1236*2_693-1273*2_693-1613*2_693-1768*2_693-1283*2_693-1627*2_693-1614*2_693-1229*2_693-1235*2_693-1767*2_693-1282*2_693-1252*2_693-1615*2_693-1274*2_693-1725*2_693-1234*2_693-1281*2_693-1626*2_693-1616*2_693-1230*2_693-1275*2_693-1251*2_693-1241*2_693-1724*2_693-1231*2_693-1280*2_693-1232*2_693-1625*2_693-1602*2_693-1727*2_693-1619*2_693-1603*2_749-343*2_749-344*2_749-345*2_749-346*2_749-351*2_749-168*2_749-170*2_749-352*2_749-348*2_749-167*2_749-349*2_749-171*2_749-350*2_749-166*2_749-172*2_749-356*2_749-864*2_749-353*2_749-357*2_749-355*2_749-165*2_749-354*2_749-570*2_749-573*2_749-574*2_749-173*2_749-571*2_749-219*2_749-595*2_749-572*2_749-592*2_749-568*2_749-593*2_749-174*2_749-579*2_749-587*2_749-359*2_749-175*2_749-594*2_749-371*2_749-578*2_749-203*2_749-163*2_749-599*2_749-378*2_749-372*2_749-360*2_749-164*2_1472-1495*3_1472-1496*3_1472-1497*3_1472-1479*3_1472-1562*3_1472-1498*3_1472-1480*3_1472-1561*3_1472-1500*3_1472-1481*3_1472-1560*3_1472-1501*3_1472-1482*3_1472-1502*3_1472-1551*3_1472-1552*3_1472-1483*3_1472-1505*3_1472-1553*3_1472-1506*3_1472-1556*3_1472-1504*3_1472-1503*3_1472-1507*3_1472-1528*3_1472-1493*3_1472-1582*3_1472-1527*3_1472-1581*3_1472-1508*3_1472-1388*3_1472-1399*3_1472-1117*3_1472-1118*3_1472-1116*3_1472-1154*3_1472-1377*3_1472-1526*3_1472-1446*3_1472-1557*3_1472-1448*3_1472-809*3_1472-827*3_1472-1564*3_1472-1266*3_1472-1321*3_791-881*3_791-873*3_791-880*3_791-553*3_791-879*3_791-874*3_791-878*3_791-552*3_791-876*3_791-875*3_791-551*3_791-550*3_791-886*3_791-549*3_791-370*3_791-887*3_791-544*3_791-543*3_791-545*3_791-531*3_791-547*3_791-542*3_791-368*3_791-548*3_791-541*3_791-540*3_791-765*3_791-734*3_791-539*3_791-361*3_791-538*3_791-732*3_791-362*3_791-537*3_791-736*3_1224-1242*2_1224-1574*2_1224-1575*2_1224-1573*2_1224-1243*2_1224-1572*2_1224-1571*2_1224-1576*2_1224-1570*2_1224-1245*2_1224-1578*2_1224-1569*2_1224-1246*2_1224-1568*2_1224-1579*2_1224-1567*2_1224-1429*2_1224-1247*2_1224-1428*2_1224-1427*2_1224-1426*2_1224-1248*2_1182-1062*3_1182-1063*3_1182-710*3_1182-1065*3_1182-1064*3_1182-1067*3_1182-706*3_1182-709*3_1182-1068*3_1182-1081*3_1182-707*3_1182-1069*3_1182-708*3_1182-1054*3_1182-1070*3_1182-783*3_1182-1115*3_1182-1082*3_1182-1053*3_1182-782*3_1182-1114*3_1182-1072*3_1182-1083*3_1182-1052*3_1182-781*3_1182-1113*3_1182-1073*3_1182-1084*3_1182-1051*3_1182-1112*3_1182-778*3_1182-1074*3_1182-291*3_1182-1085*3_1182-1050*3_1182-1109*3_1182-777*3_1182-786*3_1182-785*3_1182-787*3_1182-280*3_1182-788*3_1182-789*3_1182-1098*3_1182-1049*3_1182-1621*3_1061-1100*3_1061-1086*3_1061-784*3_1061-1097*3_1061-1632*3_1061-1643*3_1061-269*3_1061-1654*3_1238-1565*2_1238-1447*2_1238-1580*2_1238-1430*2_1060-1094*2_1060-1101*2_1060-1048*2_1060-1102*2_1060-1096*2_1060-1095*2_1060-1047*2_1724-1723*3_1724-1726*3_1724-1617*3_1724-1722*3_1724-1618*3_1724-1728*3_1724-1729*3_1724-1720*3_1724-1620*3_1724-1730*3_1724-1719*3_1724-1622*3_1724-1731*3_1724-1745*3_1724-1718*3_1724-1624*3_1724-1746*3_1724-1623*3_1724-1693*3_1724-1733*3_1724-1744*3_1724-1692*3_1724-1717*3_1724-1691*3_1724-1712*3_1724-1716*3_1724-686*3_1724-1713*3_1724-1711*3_1724-1714*3_1724-1715*3_1724-1709*3_1724-1690*3_1724-1742*3_1724-1628*3_1724-1734*3_1724-1689*3_1724-1741*3_1724-1629*3_1724-1735*3_1724-1687*3_1724-1708*3_1724-1736*3_1724-1740*3_1076-302*2_1076-313*2_1076-380*2_1076-324*2_1076-391*2_1076-776*2_1076-402*2_1076-336*2_1076-775*2_1076-424*2_1076-102*2_1076-413*2_1076-347*2_1076-790*2_1076-91*2_1076-774*2_1076-773*2_1076-58*2_1076-772*2_1076-792*2_1076-1688*2_1076-80*2_1076-1699*2_1076-793*2_1076-794*2_1076-358*2_1076-1710*2_1076-1677*2_1076-1721*2_1076-369*2_1076-1732*2_1076-1666*2_1076-47*2_1076-763*2_1076-1039*2_1076-918*2_539-536*4_539-534*4_539-532*4_539-533*4_539-455*4_539-454*4_539-561*4_539-731*4_539-453*4_539-562*4_539-730*4_539-554*4_539-456*4_539-452*4_539-725*4_539-563*4_539-723*4_539-555*4_539-457*4_539-726*4_539-564*4_539-722*4_539-459*4_539-460*4_539-507*4_539-556*4_539-727*4_539-461*4_539-506*4_539-462*4_539-721*4_539-490*4_539-559*4_539-463*4_539-489*4_539-728*4_539-492*4_539-720*4_539-891*4_539-488*4_539-464*4_539-560*4_539-526*4_539-493*4_539-407*4_539-528*4_539-406*4_539-408*4_539-719*4_539-499*4_539-365*4_539-525*4_539-487*4_539-494*4_539-896*4_539-405*4_539-529*4_539-367*4_539-498*4_539-466*4_539-495*4_539-500*4_539-363*4_539-451*4_539-497*4_1619-1630*3_1619-1686*3_1619-1631*3_1619-1707*3_1619-1633*3_1619-1706*3_1619-1679*3_1619-1680*3_1619-1634*3_1619-1681*3_1619-1705*3_1619-1678*3_1619-19*3_1619-1635*3_1619-1704*3_1619-18*3_1619-21*3_1619-1683*3_788-1040*4_788-919*4_788-1038*4_788-920*4_788-917*4_788-916*4_788-1037*4_788-921*4_788-1610*4_788-915*4_788-923*4_788-1036*4_788-1599*4_788-924*4_788-914*4_788-1035*4_788-925*4_788-913*4_788-1588*4_788-1034*4_788-926*4_788-912*4_788-1032*4_788-822*4_788-1577*4_788-1041*4_788-927*4_788-821*4_788-1566*4_788-1042*4_788-928*4_788-820*4_788-1555*4_788-929*4_788-1043*4_788-819*4_788-1105*4_788-1103*4_788-1532*4_785-1743*3_785-1754*3_785-1765*3_785-3*3_785-14*3_785-910*3_785-69*3_785-36*3_785-909*3_785-25*3_785-762*3_785-908*3_223-176*3_223-177*3_223-178*3_223-215*3_223-181*3_223-179*3_223-214*3_223-204*3_1427-1425*3_1427-1424*3_1427-1423*3_1427-1431*3_1427-1422*3_1427-1433*3_1427-1249*3_1427-1434*3_1427-1420*3_1427-1250*3_1427-1435*3_1427-1396*3_1427-1292*3_1427-1436*3_1427-1409*3_1427-1412*3_1427-1411*3_1427-1291*3_1427-1413*3_1427-1437*3_1427-1398*3_1427-1395*3_1427-1394*3_1427-1438*3_1427-1290*3_1427-1293*3_1427-1289*3_1427-1287*3_1427-1400*3_258-764*3_258-737*3_258-738*3_258-739*3_258-740*3_258-717*3_258-711*3_258-712*3_258-890*3_258-906*3_258-716*3_599-598*3_599-581*3_599-582*3_599-577*3_599-139*3_599-138*3_599-140*3_599-205*3_599-141*3_599-206*3_599-137*3_599-207*3_599-142*3_599-597*3_599-583*3_599-201*3_599-576*3_599-208*3_599-143*3_599-200*3_599-584*3_599-148*3_599-209*3_599-146*3_599-585*3_599-199*3_599-149*3_599-586*3_599-133*3_599-150*3_599-145*3_599-600*3_599-654*3_599-653*3_599-589*3_599-198*3_599-605*3_599-588*3_599-590*3_599-130*3_599-652*3_599-144*3_599-134*3_599-131*3_599-157*3_599-601*3_599-651*3_599-129*3_599-154*3_599-197*3_599-606*3_599-160*3_599-159*3_599-161*3_599-151*3_599-135*3_599-650*3_599-132*3_599-162*3_599-649*3_599-603*3_599-156*3_599-212*3_599-604*3_599-152*3_599-196*3_599-128*3_599-211*3_599-155*3_599-210*3_599-596*3_599-127*3_599-575*3_599-153*3_599-607*3_599-440*3_599-439*3_599-655*3_599-124*3_1118-1119*4_1118-808*4_1118-807*4_1118-1410*4_1118-806*4_1118-826*4_1118-805*4_1118-1421*4_1118-803*4_1118-828*4_1118-804*4_1118-801*4_1118-1432*4_1118-1444*4_1118-1014*4_1118-825*4_1118-800*4_1118-1018*4_1118-1455*4_1118-1013*4_1118-799*4_1118-823*4_1118-1019*4_1118-1012*4_1118-798*4_1118-1466*4_1118-1020*4_1118-1366*4_1118-797*4_1118-1477*4_1118-1002*4_1118-796*4_1118-1021*4_1118-1355*4_1118-1488*4_1118-795*4_1118-1001*4_1118-1023*4_1118-1499*4_1118-1510*4_1118-1015*4_1118-998*4_1118-1024*4_1118-812*4_1118-1106*4_1118-814*4_1118-1543*4_1118-815*4_1118-1344*4_1118-1003*4_1118-1188*4_767-715*3_767-892*3_767-714*3_767-893*3_767-907*3_767-729*3_767-894*3_767-905*3_767-904*3_767-895*3_1251-1276*3_1251-1278*3_1251-1279*3_1251-1295*3_1251-1294*3_1251-1605*3_1251-1604*3_1251-1606*3_1251-1608*3_1251-1609*3_1251-1607*3_1251-1611*3_1251-1600*3_1251-1612*3_1251-1296*3_1251-840*3_1251-1297*3_1251-839*3_1251-838*3_1251-1303*3_1251-837*3_1251-1302*3_1152-1104*3_1105-818*5_1105-817*5_1105-1521*5_1105-816*5_1105-930*5_1105-931*5_1105-932*5_1105-934*5_1105-935*5_1105-936*5_1105-810*5_1105-811*5_1105-937*5_1105-938*5_1105-939*5_1105-940*5_1105-941*5_215-182*4_215-183*4_215-184*4_215-185*4_215-126*4_215-186*4_215-188*4_215-187*4_215-189*4_215-121*4_215-7*4_215-123*4_215-122*4_215-6*4_215-120*4_215-99*4_215-656*4_215-5*4_215-119*4_215-190*4_1274-1636*3_1274-1637*3_1274-836*3_1274-1638*3_722-465*4_722-897*4_722-898*4_722-467*4_722-523*4_722-899*4_722-468*4_722-522*4_722-901*4_722-902*4_722-521*4_722-470*4_722-718*4_722-903*4_722-471*4_722-520*4_722-472*4_722-527*4_722-473*4_722-474*4_722-475*4_722-476*4_533-366*4_533-364*4_533-404*4_533-403*4_533-377*4_533-450*4_533-401*4_533-400*4_533-376*4_533-375*4_533-399*4_533-374*4_533-398*4_533-410*4_533-396*4_1567-1445*3_1567-1442*3_1567-1441*3_1567-1439*3_1567-1440*3_1567-1583*3_1567-1558*3_1567-1584*3_1567-1559*3_1567-1513*3_1567-1512*3_1567-1514*3_1567-1511*3_1567-1509*3_1567-1523*3_1567-1515*3_1567-1522*3_498-496*5_498-501*5_498-530*5_498-486*5_498-503*5_498-485*5_498-504*5_498-484*5_498-511*5_498-512*5_498-510*5_498-505*5_498-514*5_498-509*5_498-515*5_498-483*5_498-508*5_498-516*5_498-517*5_498-518*5_498-519*5_498-422*5_498-482*5_498-421*5_498-481*5_498-420*5_498-479*5_498-449*5_498-419*5_498-478*5_498-448*5_498-418*5_498-477*5_498-417*5_498-445*5_1680-1676*4_1680-1682*4_1680-1675*4_1680-1674*4_1680-1684*4_1680-1700*4_1680-1685*4_1680-1673*4_1680-1698*4_1680-1672*4_1680-1697*4_1680-1661*4_1680-1660*4_1680-1696*4_1680-1639*4_1680-687*4_1680-1662*4_1680-1659*4_1680-1640*4_1680-1701*4_1680-1702*4_1680-1703*4_1680-1695*4_1680-688*4_1680-1663*4_1680-1658*4_1680-1694*4_1680-1641*4_1680-1671*4_1680-689*4_1680-1642*4_1680-1664*4_1680-1657*4_1680-1670*4_1680-1667*4_1680-1644*4_1680-1669*4_1680-1668*4_1680-1656*4_1680-1645*4_1680-1647*4_1680-1648*4_1680-681*4_1680-1649*4_1680-1646*4_1680-1650*4_1680-22*4_926-1045*4_926-1046*4_1426-1414*3_1426-1397*3_1426-1415*3_1003-1004*5_1003-1016*5_1003-1005*5_1003-1017*5_1003-997*5_1003-1006*5_1003-1007*5_1003-996*5_1003-1008*5_1003-995*5_1003-988*5_1003-992*5_1003-993*5_1003-1025*5_1003-991*5_1003-977*5_1003-1009*5_1003-994*5_1003-966*5_1003-950*5_1003-951*5_1003-952*5_1003-953*5_1003-1010*5_1003-949*5_1003-955*5_1003-1000*5_1003-954*5_1003-948*5_1003-956*5_1003-944*5_1003-989*5_1003-946*5_1003-942*5_1003-957*5_1003-943*5_1003-947*5_1003-1177*5_1003-945*5_1003-990*5_1003-958*5_1003-933*5_1003-962*5_1003-961*5_1003-1133*5_1003-1122*5_1003-960*5_1003-959*5_1003-1111*5_1003-1199*5_1003-969*5_1003-1144*5_1003-922*5_1003-1099*5_1003-1011*5_1003-1030*5_1003-968*5_1003-963*5_1003-1088*5_1003-1210*5_1003-1155*5_1003-967*5_1003-1022*5_1003-964*5_1003-1077*5_1003-1031*5_1003-965*5_1003-1026*5_1003-900*5_1003-1066*5_1003-1166*5_1003-1055*5_1681-679*4_1681-682*4_1508-1520*4_1508-1524*4_1508-1525*4_1508-1531*4_1508-1519*4_1508-1530*4_1508-1518*4_1508-1529*4_1508-1517*4_1508-1541*4_1508-1542*4_1508-1516*4_1508-1535*4_1508-1533*4_1508-1544*4_1508-1534*4_1508-1545*4_1508-1550*4_1508-1333*4_1508-1549*4_1508-0*4_1508-1546*4_1508-1547*4_1508-1277*4_1508-1548*4_1508-1*4_1508-888*4_1508-1255*4_1508-999*4_357-379*4_357-384*4_357-567*4_357-373*4_357-381*4_357-383*4_357-382*4_357-385*4_357-441*4_357-386*4_357-387*4_357-388*4_357-438*4_357-389*4_357-437*4_357-436*4_357-390*4_357-434*4_1527-1244*4_1527-1288*4_1527-1233*4_1527-1299*4_1527-1222*4_1527-1110*4_1637-1651*4_1637-1652*4_1637-1653*4_1637-856*4_1637-1655*4_1637-855*4_1637-833*4_1637-834*4_1637-832*4_1637-831*4_1637-854*4_1637-830*4_1637-829*4_1620-20*5_1395-1585*4_1395-1393*4_1395-1392*4_1395-1586*4_1395-1401*4_1395-1391*4_1395-1386*4_1395-1418*4_1395-1417*4_1395-1416*4_1395-1404*4_1395-1385*4_1395-1587*4_1395-1384*4_1395-1403*4_1395-1589*4_1395-1387*4_1395-1590*4_1395-1383*4_1395-1402*4_1395-1591*4_1395-1389*4_1395-1382*4_1395-1592*4_1395-1594*4_1395-1390*4_1395-1381*4_1395-1593*4_1395-1419*4_1395-1595*4_1395-1405*4_1395-1596*4_1395-1309*4_1395-1597*4_1395-1380*4_1395-1598*4_1395-1408*4_1395-1308*4_1395-1372*4_1395-1406*4_1395-1379*4_1395-1307*4_1395-1362*4_1395-1341*4_1395-863*4_1395-1373*4_1395-1407*4_1395-1306*4_1395-1374*4_1395-1371*4_1395-1378*4_1395-1336*4_1395-1361*4_1395-1375*4_1395-1305*4_1395-862*4_1395-1376*4_1395-1360*4_572-433*3_572-392*3_572-432*3_572-565*3_948-1027*5_948-1028*5_948-1029*5_948-981*5_948-980*5_948-979*5_948-970*5_948-982*5_948-971*5_948-978*5_948-983*5_948-976*5_948-973*5_948-972*5_948-974*5_948-986*5_440-566*4_440-431*4_440-393*4_440-430*4_440-394*4_440-429*4_440-444*4_440-443*4_440-395*4_440-442*4_440-397*4_440-428*4_440-409*4_1026-975*6_1026-984*6_1026-985*6_1222-1310*5_1222-911*5_1222-889*5_1222-877*5_1222-866*5_1222-779*5_1222-668*5_1222-1221*5_1222-1033*5_1222-557*5_1222-1332*5_1222-1044*5_1222-1443*5_1222-335*5_1222-224*5_1222-446*5_1222-113*5_1222-2*5_1222-1665*5_1222-1554*5_682-23*5_682-24*5_682-26*5_682-27*5_682-28*5_682-83*5_682-29*5_682-82*5_682-81*5_682-30*5_682-79*5_682-31*5_682-46*5_682-32*5_682-84*5_682-17*5_682-33*5_682-48*5_682-39*5_682-34*5_682-64*5_682-78*5_682-49*5_682-35*5_682-16*5_682-85*5_682-37*5_682-62*5_682-40*5_682-41*5_682-50*5_682-51*5_682-65*5_682-42*5_682-38*5_682-52*5_682-77*5_682-43*5_682-15*5_682-61*5_682-53*5_682-54*5_682-45*5_682-678*5_682-44*5_682-67*5_396-411*5_396-412*5_396-425*5_396-426*5_396-423*5_396-427*5_396-414*5_396-415*5_396-416*5_20-13*6_20-12*6_20-683*6_20-76*6_20-66*6_20-73*6_20-684*6_20-11*6_20-72*6_20-685*6_20-75*6_20-71*6_20-68*6_20-74*6_20-10*6_20-86*6_20-63*6_20-70*6_20-195*6_20-87*6_20-60*6_20-93*6_131-612*5_131-611*5_131-610*5_131-609*5_131-658*5_131-118*5_1297-1301*4_1297-1298*4_1297-1300*4_1297-1304*4_1297-1315*4_1297-1311*4_1297-1312*4_1297-1313*4_1297-1314*4_1297-1322*4_1297-1316*4_1004-987*6_1515-1536*4_1515-1539*4_122-659*5_122-115*5_122-116*5_122-660*5_122-117*5_122-661*5_122-112*5_122-103*5_122-104*5_122-101*5_122-671*5_122-608*5_122-105*5_122-614*5_122-670*5_122-100*5_122-616*5_122-106*5_122-667*5_122-615*5_122-107*5_122-617*5_1547-1537*5_1547-1538*5_1547-1540*5_1361-1359*5_1361-1338*5_1361-1337*5_1361-1339*5_1361-1343*5_1361-1342*5_1361-1340*5_1361-1363*5_1361-1335*5_1361-1370*5_1361-1364*5_1361-1334*5_1361-1345*5_1361-1365*5_1361-1327*5_1361-1326*5_1361-1367*5_1361-1346*5_1361-1325*5_1361-1328*5_1361-1368*5_1361-1329*5_1361-1324*5_1361-1347*5_1361-1369*5_1361-1330*5_1361-1348*5_1361-1323*5_1361-1349*5_1361-1331*5_1361-1350*5_1361-1319*5_1361-1318*5_1361-1320*5_1361-1356*5_1361-1317*5_1361-1354*5_1361-1353*5_107-108*6_107-662*6_107-109*6_107-663*6_107-110*6_107-664*6_107-665*6_107-673*6_107-111*6_107-666*6_107-674*6_107-90*6_107-89*6_107-675*6_107-672*6_107-92*6_107-88*6_107-648*6_107-618*6_107-642*6_107-59*6_107-57*6_107-647*6_107-641*6_107-619*6_107-640*6_107-96*6_107-95*6_107-97*6_107-645*6_107-94*6_107-620*6_107-98*6_107-639*6_107-56*6_107-193*6_107-194*6_107-644*6_107-192*6_107-621*6_107-638*6_107-55*6_107-622*6_107-637*6_107-623*6_107-632*6_107-625*6_107-631*6_107-626*6_53-676*6_53-677*6_53-630*6_1353-1352*6_1353-1357*6_1353-1351*6_1353-1358*6_615-627*6_615-628*6_615-643*6_1407-861*5_1407-860*5_1407-859*5_1407-858*5_625-629*7_625-633*7_625-636*7_625-634*7_93-9*7_93-8*7_93-1775*7_93-4*7_93-1737*7_179-1738*6_179-1774*6_179-1739*6_
