"id","Scenario","Actual Range","Protocol","Buildings","Total nodes","Nodes on circ","Total coverage","Coverage on circ","Alert received mean time","Hops","Slots","Messages sent","Messages received", "Starting x", "Starting y","Starting node", "Vehicle distance", "Received node ids", "Node ids", "Transmission map", "Received on circ nodes", "Version"
0,1,300,500,0,1775,80,1715,78,1.78709e+09,5.64103,102.077,76,6682,1153.84,1884.7,310,25,309_311_308_312_294_314_293_275_274_315_276_287_273_277_316_286_272_699_249_285_317_278_851_250_698_700_248_284_318_850_852_251_325_697_701_271_1196_252_849_279_283_323_1197_853_296_295_319_297_270_244_253_1198_298_847_848_281_233_268_1200_245_320_259_299_254_260_232_703_231_1201_282_307_306_300_261_257_234_1202_1189_1191_1747_255_1187_263_1750_1186_230_1203_1746_1748_1745_1749_1730_1729_1731_1744_1728_1733_1727_1751_1719_1720_1726_1742_1718_1722_1767_1752_1760_1717_1725_686_1734_1741_1723_1768_1753_1761_1724_1740_1716_1735_1616_1762_1755_1769_1715_1615_1756_1736_1763_1617_1739_1770_1614_1757_1738_1764_1618_1714_1771_1737_1774_1613_1713_1758_1766_1772_1619_1263_1712_1759_1260_1711_1264_1220_1620_693_235_237_330_246_238_327_239_326_322_328_240_202_329_256_331_241_332_191_333_242_229_262_469_480_458_491_447_502_243_435_646_264_513_228_236_635_265_225_180_524_227_657_669_266_169_213_724_680_535_301_624_303_226_735_1184_304_613_713_305_1176_321_1195_1190_704_1460_1223_1204_1461_1205_1219_1462_1206_1218_1463_1192_1207_1217_1464_1193_1185_1240_1216_1215_1165_1214_1459_1452_1453_1167_1454_696_546_558_746_757_761_768_569_602_742_780_580_759_591_691_758_771_791_760_770_702_756_733_744_743_755_752_802_884_769_824_753_745_754_883_813_885_158_767_835_147_882_747_868_136_869_766_741_247_846_870_125_748_258_765_867_871_114_857_269_886_553_881_764_865_872_1080_734_102_864_380_880_280_763_1079_1773_1622_1625_1624_1626_1623_1627_1265_1262_1693_1692_1601_1267_1691_1628_1268_1690_1286_1259_1629_1269_1285_1258_1709_1689_1630_1270_1257_1284_1687_1271_1631_1283_1686_1602_695_1208_1213_694_1239_1209_1211_1212_1224_692_1238_1225_690_1237_1226_1261_1236_1227_1235_1457_1456_1458_1465_1467_1172_1468_1173_1473_1451_1469_1492_1474_1450_1491_1563_1143_1562_1142_1145_1470_1490_1561_1141_1449_1471_1489_1494_1560_1146_1448_1472_1475_1485_1147_1447_1486_1476_1495_1148_1156_1484_1136_1564_1149_1487_1581_1446_1496_1582_1137_1478_1157_1565_1150_1445_1479_1556_1158_1139_841_1078_1180_842_1179_845_843_1076_844_1181_1072_1075_1071_1073_1070_1182_1069_1074_1183_783_1068_1061_291_1067_782_1062_1060_302_1065_1125_1063_781_1059_1126_391_1064_1127_313_1124_710_778_1081_1058_705_402_324_709_1082_1123_777_1138_91_784_1083_736_737_887_890_738_891_548_739_716_715_892_547_714_740_712_69_893_545_36_711_47_717_729_25_907_544_906_728_369_550_549_894_551_727_905_908_732_14_552_358_726_731_904_543_895_909_3_347_725_730_903_910_542_896_1765_794_723_719_720_722_721_541_1754_793_897_1743_792_898_879_465_464_539_1272_1273_1282_1256_1274_1281_1254_1280_1253_1275_1603_1279_1252_1276_1604_1278_1251_1605_1606_1287_1607_1633_1289_1608_1634_1290_1609_1635_1229_1611_1241_1230_1636_1242_1292_1250_1291_1248_17_16_18_15_19_13_83_20_1708_12_21_11_1707_683_82_22_73_74_1706_684_72_81_679_79_685_78_71_1705_77_681_76_85_84_75_65_66_1704_67_86_195_64_682_68_70_194_94_1703_62_193_95_87_23_785_708_786_1084_707_706_776_787_1057_336_788_1085_1056_1120_1087_1121_1054_789_775_424_1053_413_1115_1052_1086_1089_790_774_1161_773_772_58_1051_1688_1699_1114_1677_80_1643_1721_1666_1160_1654_1632_1497_1498_1500_1480_1501_1552_1551_1553_1481_1502_1506_1505_1504_1482_1503_1507_1151_1528_1483_1508_1527_1152_1557_1509_1526_1558_1153_1493_1531_1559_1523_1399_1525_1116_1154_873_874_875_878_876_355_371_354_356_370_359_368_360_357_367_361_531_372_353_362_568_350_366_378_363_532_570_365_373_349_384_595_374_379_364_375_533_593_408_538_540_537_536_571_594_567_534_376_377_554_383_555_381_592_556_572_561_559_382_1612_1294_1295_1249_1600_1293_1247_840_839_1243_1245_838_1637_1246_93_96_192_97_92_88_190_98_61_99_89_90_189_63_664_665_38_60_673_666_674_100_667_663_37_59_670_35_671_662_267_223_222_288_289_290_342_221_341_334_220_292_337_338_751_750_749_339_216_340_217_343_218_344_219_345_172_171_173_170_175_176_168_174_1090_1091_1159_1113_1162_1092_1112_1109_1108_1107_1093_1098_1100_1097_1094_1050_1101_1096_1102_1095_1049_803_1103_801_800_1048_1104_804_799_1105_798_1047_805_1117_1610_1599_1621_1588_1577_809_1106_808_796_1118_821_826_1732_912_913_914_1710_915_916_917_899_1522_1520_1519_1524_1518_1517_1529_1530_1541_1516_1514_1542_1515_1544_1535_1533_1545_1550_1549_1534_1546_1547_1548_1333_0_888_1321_1_1277_1419_1537_455_456_454_462_461_460_463_457_453_459_452_526_562_507_506_563_466_525_564_489_490_523_467_488_492_522_468_901_521_675_110_109_111_108_672_107_57_106_56_105_648_103_55_104_117_647_112_34_116_645_115_33_54_644_118_53_32_119_587_163_162_441_385_161_440_386_588_387_160_439_589_438_388_159_164_437_590_576_389_157_156_436_577_390_434_155_596_399_154_575_582_586_392_433_581_400_150_398_585_565_566_151_149_432_583_407_401_584_393_597_152_406_404_397_396_167_203_177_346_215_574_204_351_178_573_166_348_201_214_579_352_599_140_205_139_200_179_165_181_212_578_199_206_138_141_598_142_1296_1297_837_1303_918_836_1302_919_834_1301_920_833_1040_832_1039_1298_921_831_1038_1041_1300_923_1042_1037_830_924_1043_1315_1313_806_807_825_797_823_1455_1466_1444_1119_795_1432_1477_1410_1421_1521_1532_1510_1543_1488_1499_1555_816_815_817_814_818_828_1566_812_819_1014_827_810_1013_820_1018_1012_1388_934_932_935_931_811_936_1002_822_930_937_1019_1377_929_938_1034_928_1001_939_1020_1035_1032_998_940_1036_1015_487_486_485_493_498_497_499_484_496_495_494_483_508_482_509_481_510_500_479_511_478_501_529_512_530_477_514_503_476_520_515_504_516_505_475_517_518_451_474_519_422_473_449_1234_1228_1232_1231_1574_1575_1573_1572_1576_1571_1570_1578_1569_1579_1568_1567_1426_1428_1429_1427_1580_1430_1431_1433_1425_999_1536_1266_1540_1255_1538_829_854_855_856_1655_1653_1652_1651_927_926_925_941_211_210_198_197_196_654_653_652_207_137_651_124_127_128_208_655_129_126_143_130_209_121_123_122_133_120_656_131_145_605_132_146_134_144_612_101_148_606_135_611_52_51_31_632_50_631_30_621_622_620_623_619_630_39_638_625_637_618_639_29_40_640_626_617_28_641_615_629_27_642_41_614_643_608_604_153_600_603_601_431_650_1021_1366_1023_1355_1024_1016_1025_1003_1017_1009_1010_1008_1344_1004_1007_1000_997_955_1005_1006_1188_966_944_1177_977_1199_996_988_993_933_1210_992_1222_922_995_950_1233_991_994_1244_900_1310_949_942_951_952_1299_1288_911_889_1110_877_1221_866_1332_779_1443_668_1554_557_649_607_1702_1701_1696_1697_1695_1698_1694_1700_1683_1663_1684_1664_1662_1685_24_687_1661_1667_26_688_1660_1668_1674_1673_1675_689_1659_1669_1676_1672_1670_1671_1658_1657_46_49_953_954_948_956_989_946_957_943_947_945_990_958_962_961_1133_1122_960_959_1111_969_1144_1099_1011_1030_968_963_1088_1155_967_1022_964_1077_1026_1033_1066_1166_1539_627_628_633_636_634_1304_1311_1312_1322_1314_1316_1305_1317_1306_1323_1318_1307_1324_1319_1325_1308_1334_1326_1320_1335_1594_1331_1595_1330_1341_1589_1327_1329_1587_1328_1336_1424_1434_1423_1435_1422_1420_1412_1411_1413_1409_1396_1414_1398_1395_1415_1583_1394_1397_1416_1584_1417_1401_1418_1656_1647_1648_1649_1641_1642_1644_1645_1650_1646_42_43_48_45_44_676_677_678_448_445_416_415_417_418_419_420_421_423_224_1044_113_2_335_1665_446_1055_987_986_985_984_965_971_970_972_981_973_983_1027_1028_1029_980_979_982_978_976_974_975_1045_1046_658_610_609_659_660_661_616_1590_1591_1592_1593_1309_1387_1386_1596_1389_1362_1597_1385_1390_1598_1337_1361_1384_1372_1338_1383_1360_1371_1382_1339_1359_1381_1370_1340_1402_1343_1342_1363_1380_1373_1364_1374_1379_1345_1346_1347_1348_1349_1350_1365_1367_1368_1351_1354_1356_1369_1353_1352_1357_1358_470_718_471_527_472_1407_1406_1404_1403_1405_1400_1408_863_862_1392_1585_1393_861_1391_1586_859_430_429_442_443_394_444_428_427_395_426_425_409_410_411_412_414_1375_1376_858_,0_1_2_3_4_5_6_7_8_9_10_11_12_13_14_15_16_17_18_19_20_21_22_23_24_25_26_27_28_29_30_31_32_33_34_35_36_37_38_39_40_41_42_43_44_45_46_47_48_49_50_51_52_53_54_55_56_57_58_59_60_61_62_63_64_65_66_67_68_69_70_71_72_73_74_75_76_77_78_79_80_81_82_83_84_85_86_87_88_89_90_91_92_93_94_95_96_97_98_99_100_101_102_103_104_105_106_107_108_109_110_111_112_113_114_115_116_117_118_119_120_121_122_123_124_125_126_127_128_129_130_131_132_133_134_135_136_137_138_139_140_141_142_143_144_145_146_147_148_149_150_151_152_153_154_155_156_157_158_159_160_161_162_163_164_165_166_167_168_169_170_171_172_173_174_175_176_177_178_179_180_181_182_183_184_185_186_187_188_189_190_191_192_193_194_195_196_197_198_199_200_201_202_203_204_205_206_207_208_209_210_211_212_213_214_215_216_217_218_219_220_221_222_223_224_225_226_227_228_229_230_231_232_233_234_235_236_237_238_239_240_241_242_243_244_245_246_247_248_249_250_251_252_253_254_255_256_257_258_259_260_261_262_263_264_265_266_267_268_269_270_271_272_273_274_275_276_277_278_279_280_281_282_283_284_285_286_287_288_289_290_291_292_293_294_295_296_297_298_299_300_301_302_303_304_305_306_307_308_309_310_311_312_313_314_315_316_317_318_319_320_321_322_323_324_325_326_327_328_329_330_331_332_333_334_335_336_337_338_339_340_341_342_343_344_345_346_347_348_349_350_351_352_353_354_355_356_357_358_359_360_361_362_363_364_365_366_367_368_369_370_371_372_373_374_375_376_377_378_379_380_381_382_383_384_385_386_387_388_389_390_391_392_393_394_395_396_397_398_399_400_401_402_403_404_405_406_407_408_409_410_411_412_413_414_415_416_417_418_419_420_421_422_423_424_425_426_427_428_429_430_431_432_433_434_435_436_437_438_439_440_441_442_443_444_445_446_447_448_449_450_451_452_453_454_455_456_457_458_459_460_461_462_463_464_465_466_467_468_469_470_471_472_473_474_475_476_477_478_479_480_481_482_483_484_485_486_487_488_489_490_491_492_493_494_495_496_497_498_499_500_501_502_503_504_505_506_507_508_509_510_511_512_513_514_515_516_517_518_519_520_521_522_523_524_525_526_527_528_529_530_531_532_533_534_535_536_537_538_539_540_541_542_543_544_545_546_547_548_549_550_551_552_553_554_555_556_557_558_559_560_561_562_563_564_565_566_567_568_569_570_571_572_573_574_575_576_577_578_579_580_581_582_583_584_585_586_587_588_589_590_591_592_593_594_595_596_597_598_599_600_601_602_603_604_605_606_607_608_609_610_611_612_613_614_615_616_617_618_619_620_621_622_623_624_625_626_627_628_629_630_631_632_633_634_635_636_637_638_639_640_641_642_643_644_645_646_647_648_649_650_651_652_653_654_655_656_657_658_659_660_661_662_663_664_665_666_667_668_669_670_671_672_673_674_675_676_677_678_679_680_681_682_683_684_685_686_687_688_689_690_691_692_693_694_695_696_697_698_699_700_701_702_703_704_705_706_707_708_709_710_711_712_713_714_715_716_717_718_719_720_721_722_723_724_725_726_727_728_729_730_731_732_733_734_735_736_737_738_739_740_741_742_743_744_745_746_747_748_749_750_751_752_753_754_755_756_757_758_759_760_761_762_763_764_765_766_767_768_769_770_771_772_773_774_775_776_777_778_779_780_781_782_783_784_785_786_787_788_789_790_791_792_793_794_795_796_797_798_799_800_801_802_803_804_805_806_807_808_809_810_811_812_813_814_815_816_817_818_819_820_821_822_823_824_825_826_827_828_829_830_831_832_833_834_835_836_837_838_839_840_841_842_843_844_845_846_847_848_849_850_851_852_853_854_855_856_857_858_859_860_861_862_863_864_865_866_867_868_869_870_871_872_873_874_875_876_877_878_879_880_881_882_883_884_885_886_887_888_889_890_891_892_893_894_895_896_897_898_899_900_901_902_903_904_905_906_907_908_909_910_911_912_913_914_915_916_917_918_919_920_921_922_923_924_925_926_927_928_929_930_931_932_933_934_935_936_937_938_939_940_941_942_943_944_945_946_947_948_949_950_951_952_953_954_955_956_957_958_959_960_961_962_963_964_965_966_967_968_969_970_971_972_973_974_975_976_977_978_979_980_981_982_983_984_985_986_987_988_989_990_991_992_993_994_995_996_997_998_999_1000_1001_1002_1003_1004_1005_1006_1007_1008_1009_1010_1011_1012_1013_1014_1015_1016_1017_1018_1019_1020_1021_1022_1023_1024_1025_1026_1027_1028_1029_1030_1031_1032_1033_1034_1035_1036_1037_1038_1039_1040_1041_1042_1043_1044_1045_1046_1047_1048_1049_1050_1051_1052_1053_1054_1055_1056_1057_1058_1059_1060_1061_1062_1063_1064_1065_1066_1067_1068_1069_1070_1071_1072_1073_1074_1075_1076_1077_1078_1079_1080_1081_1082_1083_1084_1085_1086_1087_1088_1089_1090_1091_1092_1093_1094_1095_1096_1097_1098_1099_1100_1101_1102_1103_1104_1105_1106_1107_1108_1109_1110_1111_1112_1113_1114_1115_1116_1117_1118_1119_1120_1121_1122_1123_1124_1125_1126_1127_1128_1129_1130_1131_1132_1133_1134_1135_1136_1137_1138_1139_1140_1141_1142_1143_1144_1145_1146_1147_1148_1149_1150_1151_1152_1153_1154_1155_1156_1157_1158_1159_1160_1161_1162_1163_1164_1165_1166_1167_1168_1169_1170_1171_1172_1173_1174_1175_1176_1177_1178_1179_1180_1181_1182_1183_1184_1185_1186_1187_1188_1189_1190_1191_1192_1193_1194_1195_1196_1197_1198_1199_1200_1201_1202_1203_1204_1205_1206_1207_1208_1209_1210_1211_1212_1213_1214_1215_1216_1217_1218_1219_1220_1221_1222_1223_1224_1225_1226_1227_1228_1229_1230_1231_1232_1233_1234_1235_1236_1237_1238_1239_1240_1241_1242_1243_1244_1245_1246_1247_1248_1249_1250_1251_1252_1253_1254_1255_1256_1257_1258_1259_1260_1261_1262_1263_1264_1265_1266_1267_1268_1269_1270_1271_1272_1273_1274_1275_1276_1277_1278_1279_1280_1281_1282_1283_1284_1285_1286_1287_1288_1289_1290_1291_1292_1293_1294_1295_1296_1297_1298_1299_1300_1301_1302_1303_1304_1305_1306_1307_1308_1309_1310_1311_1312_1313_1314_1315_1316_1317_1318_1319_1320_1321_1322_1323_1324_1325_1326_1327_1328_1329_1330_1331_1332_1333_1334_1335_1336_1337_1338_1339_1340_1341_1342_1343_1344_1345_1346_1347_1348_1349_1350_1351_1352_1353_1354_1355_1356_1357_1358_1359_1360_1361_1362_1363_1364_1365_1366_1367_1368_1369_1370_1371_1372_1373_1374_1375_1376_1377_1378_1379_1380_1381_1382_1383_1384_1385_1386_1387_1388_1389_1390_1391_1392_1393_1394_1395_1396_1397_1398_1399_1400_1401_1402_1403_1404_1405_1406_1407_1408_1409_1410_1411_1412_1413_1414_1415_1416_1417_1418_1419_1420_1421_1422_1423_1424_1425_1426_1427_1428_1429_1430_1431_1432_1433_1434_1435_1436_1437_1438_1439_1440_1441_1442_1443_1444_1445_1446_1447_1448_1449_1450_1451_1452_1453_1454_1455_1456_1457_1458_1459_1460_1461_1462_1463_1464_1465_1466_1467_1468_1469_1470_1471_1472_1473_1474_1475_1476_1477_1478_1479_1480_1481_1482_1483_1484_1485_1486_1487_1488_1489_1490_1491_1492_1493_1494_1495_1496_1497_1498_1499_1500_1501_1502_1503_1504_1505_1506_1507_1508_1509_1510_1511_1512_1513_1514_1515_1516_1517_1518_1519_1520_1521_1522_1523_1524_1525_1526_1527_1528_1529_1530_1531_1532_1533_1534_1535_1536_1537_1538_1539_1540_1541_1542_1543_1544_1545_1546_1547_1548_1549_1550_1551_1552_1553_1554_1555_1556_1557_1558_1559_1560_1561_1562_1563_1564_1565_1566_1567_1568_1569_1570_1571_1572_1573_1574_1575_1576_1577_1578_1579_1580_1581_1582_1583_1584_1585_1586_1587_1588_1589_1590_1591_1592_1593_1594_1595_1596_1597_1598_1599_1600_1601_1602_1603_1604_1605_1606_1607_1608_1609_1610_1611_1612_1613_1614_1615_1616_1617_1618_1619_1620_1621_1622_1623_1624_1625_1626_1627_1628_1629_1630_1631_1632_1633_1634_1635_1636_1637_1638_1639_1640_1641_1642_1643_1644_1645_1646_1647_1648_1649_1650_1651_1652_1653_1654_1655_1656_1657_1658_1659_1660_1661_1662_1663_1664_1665_1666_1667_1668_1669_1670_1671_1672_1673_1674_1675_1676_1677_1678_1679_1680_1681_1682_1683_1684_1685_1686_1687_1688_1689_1690_1691_1692_1693_1694_1695_1696_1697_1698_1699_1700_1701_1702_1703_1704_1705_1706_1707_1708_1709_1710_1711_1712_1713_1714_1715_1716_1717_1718_1719_1720_1721_1722_1723_1724_1725_1726_1727_1728_1729_1730_1731_1732_1733_1734_1735_1736_1737_1738_1739_1740_1741_1742_1743_1744_1745_1746_1747_1748_1749_1750_1751_1752_1753_1754_1755_1756_1757_1758_1759_1760_1761_1762_1763_1764_1765_1766_1767_1768_1769_1770_1771_1772_1773_1774_,13:{93;96;192;97;92;88;190;98;61;99;89;90;189;63;664;665;38;60;673;666;674;100;667;663;37;59;670;35;671;662;}50:{42;43;48;45;44;676;677;678;}57:{52;51;31;632;50;631;30;621;622;620;623;619;630;39;638;625;637;618;639;29;40;640;626;617;28;641;615;629;27;642;41;614;643;608;}69:{1732;912;913;914;1710;915;916;917;899;}88:{675;110;109;111;108;672;107;57;106;56;105;648;103;55;104;117;647;112;34;116;645;115;33;54;644;118;53;32;119;}119:{658;610;609;659;660;661;616;}162:{604;153;600;603;601;431;650;}212:{211;210;198;197;196;654;653;652;207;137;651;124;127;128;208;655;129;126;143;130;209;121;123;122;133;120;656;131;145;605;132;146;134;144;612;101;148;606;135;611;}213:{841;1078;1180;842;1179;845;843;1076;844;1181;1072;1075;1071;1073;1070;1182;1069;1074;1183;783;1068;1061;291;1067;782;1062;1060;302;1065;1125;1063;781;1059;1126;391;1064;1127;313;1124;710;778;1081;1058;705;402;324;709;1082;1123;777;1138;91;784;1083;}233:{235;237;330;246;238;327;239;326;322;328;240;202;329;256;331;241;332;191;333;242;229;262;469;480;458;491;447;502;243;435;646;264;513;228;236;635;265;225;180;524;227;657;669;266;169;213;724;680;535;301;624;303;226;735;1184;304;613;713;305;1176;}265:{267;223;222;288;289;290;342;221;341;334;220;292;337;338;751;750;749;339;216;340;217;343;218;344;219;345;172;171;173;170;175;176;168;174;}310:{309;311;308;312;294;314;293;275;274;315;276;287;273;277;316;286;272;699;249;285;317;278;851;250;698;700;248;284;318;850;852;251;325;697;701;271;1196;252;849;279;283;323;1197;853;296;295;319;297;270;244;253;1198;298;847;848;281;233;268;1200;245;320;259;299;254;260;232;703;231;1201;282;307;306;300;261;257;234;1202;1189;1191;1747;255;1187;263;1750;1186;230;1203;}337:{167;203;177;346;215;574;204;351;178;573;166;348;201;214;579;352;599;140;205;139;200;179;165;181;212;578;199;206;138;141;598;142;}431:{430;429;442;443;394;444;428;427;395;426;425;409;410;411;412;414;}449:{448;445;416;415;417;418;419;420;421;423;}468:{470;718;471;527;472;}488:{487;486;485;493;498;497;499;484;496;495;494;483;508;482;509;481;510;500;479;511;478;501;529;512;530;477;514;503;476;520;515;504;516;505;475;517;518;451;474;519;422;473;449;}524:{546;558;746;757;761;768;569;602;742;780;580;759;591;691;758;771;791;760;770;702;756;733;744;743;755;752;802;884;769;824;753;745;754;883;813;885;158;767;835;147;882;747;868;136;869;766;741;247;846;870;125;748;258;765;867;871;114;857;269;886;553;881;764;865;872;1080;734;102;864;380;880;280;763;1079;}542:{455;456;454;462;461;460;463;457;453;459;452;526;562;507;506;563;466;525;564;489;490;523;467;488;492;522;468;901;521;}593:{587;163;162;441;385;161;440;386;588;387;160;439;589;438;388;159;164;437;590;576;389;157;156;436;577;390;434;155;596;399;154;575;582;586;392;433;581;400;150;398;585;565;566;151;149;432;583;407;401;584;393;597;152;406;404;397;396;}606:{649;607;}622:{627;628;633;636;634;}734:{736;737;887;890;738;891;548;739;716;715;892;547;714;740;712;69;893;545;36;711;47;717;729;25;907;544;906;728;369;550;549;894;551;727;905;908;732;14;552;358;726;731;904;543;895;909;3;347;725;730;903;910;542;896;1765;794;723;719;720;722;721;541;1754;793;897;1743;792;898;879;465;464;539;}804:{806;807;825;797;823;1455;1466;1444;1119;795;1432;1477;1410;1421;1521;1532;1510;1543;1488;1499;1555;816;815;817;814;818;828;1566;812;819;1014;827;810;1013;820;1018;1012;1388;934;932;935;931;811;936;1002;822;930;937;1019;1377;929;938;1034;928;1001;939;1020;1035;1032;998;940;1036;1015;}820:{927;926;925;941;}830:{829;854;855;856;1655;1653;1652;1651;}843:{785;708;786;1084;707;706;776;787;1057;336;788;1085;1056;1120;1087;1121;1054;789;775;424;1053;413;1115;1052;1086;1089;790;774;1161;773;772;58;1051;1688;1699;1114;1677;80;1643;1721;1666;1160;1654;1632;}870:{873;874;875;878;876;355;371;354;356;370;359;368;360;357;367;361;531;372;353;362;568;350;366;378;363;532;570;365;373;349;384;595;374;379;364;375;533;593;408;538;540;537;536;571;594;567;534;376;377;554;383;555;381;592;556;572;561;559;382;}960:{1027;1028;1029;980;979;982;978;976;974;975;}1003:{953;954;948;956;989;946;957;943;947;945;990;958;962;961;1133;1122;960;959;1111;969;1144;1099;1011;1030;968;963;1088;1155;967;1022;964;1077;1026;1033;1066;1166;}1018:{1021;1366;1023;1355;1024;1016;1025;1003;1017;1009;1010;1008;1344;1004;1007;1000;997;955;1005;1006;1188;966;944;1177;977;1199;996;988;993;933;1210;992;1222;922;995;950;1233;991;994;1244;900;1310;949;942;951;952;1299;}1043:{1045;1046;}1057:{1090;1091;1159;1113;1162;1092;1112;1109;1108;1107;1093;1098;1100;1097;1094;1050;1101;1096;1102;1095;1049;803;1103;801;800;1048;1104;804;799;1105;798;1047;805;1117;1610;1599;1621;1588;1577;809;1106;808;796;1118;821;826;}1088:{987;986;985;984;965;971;970;972;981;973;983;}1197:{321;1195;1190;704;1460;1223;1204;1461;1205;1219;1462;1206;1218;1463;1192;1207;1217;1464;1193;1185;1240;1216;1215;1165;1214;1459;1452;1453;1167;1454;696;}1220:{695;1208;1213;694;1239;1209;1211;1212;1224;692;1238;1225;690;1237;1226;1261;1236;1227;1235;}1236:{1234;1228;1232;1231;1574;1575;1573;1572;1576;1571;1570;1578;1569;1579;1568;1567;1426;1428;1429;1427;1580;1430;1431;1433;1425;}1266:{1288;911;889;1110;877;1221;866;1332;779;1443;668;1554;557;}1270:{1272;1273;1282;1256;1274;1281;1254;1280;1253;1275;1603;1279;1252;1276;1604;1278;1251;1605;1606;1287;1607;1633;1289;1608;1634;1290;1609;1635;1229;1611;1241;1230;1636;1242;1292;1250;1291;1248;}1273:{1612;1294;1295;1249;1600;1293;1247;840;839;1243;1245;838;1637;1246;}1298:{1304;1311;1312;1322;1314;1316;1305;1317;1306;1323;1318;1307;1324;1319;1325;1308;1334;1326;1320;1335;1594;1331;1595;1330;1341;1589;1327;1329;1587;1328;1336;}1310:{224;1044;113;2;335;1665;446;1055;}1340:{1346;1347;1348;1349;1350;1365;1367;1368;1351;1354;1356;1369;1353;1352;1357;1358;}1374:{1375;1376;858;}1419:{1407;1406;1404;1403;1405;1400;1408;863;862;1392;1585;1393;861;1391;1586;859;}1430:{1424;1434;1423;1435;1422;1420;1412;1411;1413;1409;1396;1414;1398;1395;1415;1583;1394;1397;1416;1584;1417;1401;1418;}1464:{1457;1456;1458;1465;1467;1172;1468;1173;1473;1451;1469;1492;1474;1450;1491;1563;1143;1562;1142;1145;1470;1490;1561;1141;1449;1471;1489;1494;1560;1146;1448;1472;1475;1485;1147;1447;1486;1476;1495;1148;1156;1484;1136;1564;1149;1487;1581;1446;1496;1582;1137;1478;1157;1565;1150;1445;1479;1556;1158;1139;}1471:{1497;1498;1500;1480;1501;1552;1551;1553;1481;1502;1506;1505;1504;1482;1503;1507;1151;1528;1483;1508;1527;1152;1557;1509;1526;1558;1153;1493;1531;1559;1523;1399;1525;1116;1154;}1520:{999;1536;1266;1540;1255;1538;}1523:{1522;1520;1519;1524;1518;1517;1529;1530;1541;1516;1514;1542;1515;1544;1535;1533;1545;1550;1549;1534;1546;1547;1548;1333;0;888;1321;1;1277;1419;1537;}1538:{1539;}1589:{1590;1591;1592;1593;1309;1387;1386;1596;1389;1362;1597;1385;1390;1598;1337;1361;1384;1372;1338;1383;1360;1371;1382;1339;1359;1381;1370;1340;1402;1343;1342;1363;1380;1373;1364;1374;1379;1345;}1600:{1296;1297;837;1303;836;1302;834;1301;833;832;1298;831;1300;830;1315;1313;}1615:{1773;1622;1625;1624;1626;1623;1627;1265;1262;1693;1692;1601;1267;1691;1628;1268;1690;1286;1259;1629;1269;1285;1258;1709;1689;1630;1270;1257;1284;1687;1271;1631;1283;1686;1602;}1662:{1656;1647;1648;1649;1641;1642;1644;1645;1650;1646;}1703:{1702;1701;1696;1697;1695;1698;1694;1700;1683;1663;1684;1664;1662;1685;24;687;1661;1667;26;688;1660;1668;1674;1673;1675;689;1659;1669;1676;1672;1670;1671;1658;1657;46;49;}1709:{17;16;18;15;19;13;83;20;1708;12;21;11;1707;683;82;22;73;74;1706;684;72;81;679;79;685;78;71;1705;77;681;76;85;84;75;65;66;1704;67;86;195;64;682;68;70;194;94;1703;62;193;95;87;23;}1732:{918;919;920;1040;1039;921;1038;1041;923;1042;1037;924;1043;}1747:{1746;1748;1745;1749;1730;1729;1731;1744;1728;1733;1727;1751;1719;1720;1726;1742;1718;1722;1767;1752;1760;1717;1725;686;1734;1741;1723;1768;1753;1761;1724;1740;1716;1735;1616;1762;1755;1769;1715;1615;1756;1736;1763;1617;1739;1770;1614;1757;1738;1764;1618;1714;1771;1737;1774;1613;1713;1758;1766;1772;1619;1263;1712;1759;1260;1711;1264;1220;1620;693;},1_29_30_39_51_52_53_54_392_397_398_401_404_432_433_434_454_455_462_463_464_465_466_467_562_563_565_566_608_615_616_617_642_645_688_689_810_811_833_834_836_897_898_899_901_935_936_937_1002_1021_1023_1041_1042_1199_1210_1222_1233_1288_1302_1303_1344_1396_1398_1415_1533_1534_1546_1547_1548_1549_1550_1642_1644_1658_1659_1664_1667_1671_,1
