"id","Scenario","Actual Range","Protocol","Buildings","Total nodes","Nodes on circ","Total coverage","Coverage on circ","Alert received mean time","Hops","Slots","Messages sent","Messages received", "Starting x", "Starting y","Starting node", "Vehicle distance", "Received node ids", "Node ids", "Transmission map", "Received on circ nodes", "Transmission vector"
0,1,300,300,0,2496,60,2496,60,17957.4,4.78333,17.95,129,2496,2100,1775,1027,25,1026_1028_1025_1029_1024_1030_2096_2095_2097_2094_2098_1023_1031_2093_2099_1022_1032_2092_2100_2192_2191_2193_2190_2194_2091_2101_2189_2195_1021_1033_2188_2196_2090_2102_1020_1034_2187_2197_2089_2103_2186_2198_931_1019_1035_1123_930_932_1122_1124_929_933_1121_1125_928_934_1120_1126_2088_2104_2185_2199_927_935_1119_1127_1018_1036_926_936_1118_1128_2184_2200_2087_2105_925_937_1017_1037_1117_1129_2183_2201_2086_2106_924_938_1116_1130_1016_1038_2000_1999_2001_1998_2002_2182_2202_923_939_1115_1131_1997_2003_2085_2107_1996_2004_1015_1039_1040_2288_2287_2289_2286_2290_1041_2285_2291_1042_2284_2292_1043_2283_2293_1044_2282_2294_1045_2281_2295_942_1046_1134_941_943_1133_1135_940_944_1132_1136_2280_2296_945_1137_946_1138_1047_2279_2297_947_1139_948_1048_1140_2384_2383_2385_2278_2298_2382_2386_2381_2387_949_1141_2380_2388_1027_1049_2277_2299_2379_2389_950_1142_2378_2390_1050_2084_2083_2082_2081_832_2080_831_833_830_834_829_835_2079_828_836_922_2078_827_837_921_826_838_1989_2077_2181_1988_1990_2180_1987_1991_2179_920_1986_1992_2178_825_839_1985_1993_2177_2076_824_840_1984_1994_2176_919_1983_1995_2075_2175_823_841_918_1982_2174_2074_822_842_1981_2173_917_2073_2391_1144_2392_1143_1145_1146_2393_1147_1148_2394_1051_1149_2395_1052_1150_2396_1053_1151_1054_2397_2485_2484_2486_2483_2487_2482_2488_1055_2481_2489_2398_2480_2490_2399_2479_2491_2300_2478_2492_1240_1239_1241_1238_1242_2301_2477_2493_1237_1243_1236_1244_2377_1114_1113_1112_2008_2007_2009_2006_2010_1111_2005_2011_1110_2012_2013_1109_2108_2014_1108_2109_2015_2110_1107_1211_1210_1212_1209_1213_1208_1214_2111_1207_1215_1106_1014_1206_1216_1013_1105_1205_1217_1012_1204_1218_1104_1912_1911_1913_1910_1914_1011_1203_1219_1909_1915_1908_1916_1103_736_2072_735_737_2071_734_738_2070_733_739_2069_732_740_2068_731_741_2067_730_742_2066_729_743_1977_2065_2169_728_744_1976_1978_2168_2170_1975_1979_2167_2171_1974_1980_2166_2172_1973_2165_640_2064_639_641_727_745_638_642_1972_2164_637_643_636_644_1971_2063_2163_726_746_635_645_1970_2162_634_646_2062_725_747_1969_2161_633_647_2061_1245_1246_1235_1247_1234_2495_2494_1233_1232_2303_2302_1231_1230_1229_1900_999_1191_1807_1091_2060_2059_2058_2057_544_2056_543_545_542_546_541_547_2055_540_548_2054_539_549_538_550_1965_2053_2157_1964_1966_2156_2158_1963_1967_2155_2159_632_648_1962_1968_2154_2160_537_551_1961_2153_2052_536_552_1960_2152_631_649_1959_2051_2151_535_553_630_650_1958_2150_2050_534_554_1957_2149_629_651_2049_724_1090_1092_723_1089_1093_722_1088_1094_1720_1719_1721_721_821_1718_1722_628_820_1087_1095_720_1880_1879_1881_1717_1723_1878_1882_627_819_1877_1883_1876_1884_1086_1096_1716_1724_1816_1815_1817_719_1814_1818_1715_1725_1813_1819_1085_1097_1812_1820_1714_1726_1084_1098_1811_1821_1713_1727_1810_1822_995_1083_1099_1187_994_996_1186_1188_993_997_1185_1189_992_998_1184_1190_1712_1809_1823_991_1183_1082_1100_990_1000_1182_1192_1808_1711_989_1001_1081_1101_1181_1193_1710_988_1002_1180_1194_1080_1102_1624_1623_1625_1622_1626_1806_987_1003_1179_1195_1621_1627_1709_1620_1628_1079_1220_916_1221_915_1222_914_1223_913_1224_912_1896_2207_1895_1897_1894_1898_2206_1893_1899_2205_1892_1225_911_2204_1891_1901_818_1010_2203_1890_1902_1226_910_817_1009_1889_1903_1227_909_1228_718_717_716_715_1875_1885_714_1874_1886_713_1873_1887_624_712_816_1784_1872_1888_623_625_815_1783_1785_622_626_814_1782_1786_621_813_1781_1787_620_812_1780_1788_711_1871_1629_619_811_1779_1789_618_710_810_1778_1790_1870_1630_617_809_1777_1791_1078_709_1869_1631_616_808_1776_1792_1077_708_1868_1076_1176_1175_1177_1174_1178_1075_1173_1172_1074_1171_1073_1170_1531_1619_1530_1532_1529_1533_1072_1528_1534_1169_1527_1535_1618_1168_1526_1071_1525_1617_1167_1070_1524_984_1616_983_985_982_986_1166_1523_981_1069_980_1615_1708_1707_1706_1705_896_1704_895_897_894_898_893_899_1703_892_900_891_901_1614_1702_1613_1805_1612_1804_890_902_1611_1803_1610_1802_1701_889_903_1609_1801_888_904_1608_1700_1800_1607_1799_887_905_1699_1606_1798_886_906_1698_951_1907_1917_952_2376_2375_1906_1918_2374_1202_953_1905_1919_1201_2373_1008_1200_1904_954_2372_1007_1199_955_1006_1198_2371_956_2370_957_2276_2369_2275_854_958_853_855_852_856_2368_2274_851_857_850_858_959_2273_2367_849_859_848_860_2272_2472_2471_2473_2366_2470_2474_2469_2475_847_861_2468_2476_2271_2365_2467_846_862_2270_2466_1005_1197_1004_1196_1697_800_1696_799_801_798_802_797_803_1695_796_804_1605_1797_1604_1796_795_805_1603_1795_1694_794_806_1602_1794_793_807_1601_1693_1793_792_1600_1692_885_907_1599_791_1691_2465_2464_863_2463_2462_2461_2460_2459_2458_2457_2364_2456_767_766_2363_765_764_2455_763_2454_762_2362_2453_761_2361_760_2360_2452_2359_759_2451_2358_758_2450_1772_1771_1770_701_1769_700_1676_520_1768_519_521_518_522_1675_1867_517_523_699_516_524_1767_698_697_604_696_1592_695_1591_1593_694_1590_1594_693_1589_1595_692_1588_1596_691_1587_1597_690_702_1586_1598_689_703_1585_600_688_704_1496_1584_1688_599_601_1495_1497_1687_1689_598_602_790_1494_1498_1686_1690_597_603_789_1493_1499_1685_596_788_1492_1500_1684_687_705_1583_595_605_787_1491_1501_1683_594_606_686_706_786_1490_1502_1582_1682_593_607_785_1489_1503_1681_685_707_1581_592_608_784_1488_1504_1680_684_1580_533_532_531_530_1956_529_1866_1865_528_1864_1955_1863_527_1862_1954_1861_526_1953_1860_525_440_1952_1677_1674_1678_1673_1679_512_1672_511_513_609_510_514_610_509_515_611_1671_508_612_1670_507_613_1669_506_614_1668_505_615_1579_1773_1578_1774_1577_1775_504_1576_1667_1575_503_1574_1666_1766_1573_1765_502_1665_1572_1764_501_416_1664_2449_2448_671_670_2447_669_668_2446_667_2445_666_2444_665_2355_2443_2354_2356_2353_2357_664_2352_2351_2442_2350_663_2349_2441_662_2348_2440_575_574_2347_573_661_572_2439_571_2438_570_2346_569_2345_2437_568_2344_2436_2343_567_2435_2148_555_2147_556_2146_557_2145_558_456_2144_455_457_559_454_458_453_459_2143_2247_452_460_560_2246_2248_2245_2249_2244_2250_451_461_2243_2251_2142_561_450_462_2242_2252_652_449_463_2141_2241_2253_562_653_448_464_2048_2240_2254_654_2140_563_2047_2239_2255_447_465_655_2139_683_783_682_782_781_1505_780_681_779_1402_1506_1401_1403_680_1400_1404_778_1399_1405_1398_1406_1507_679_777_1397_1407_776_1396_1408_1508_591_590_678_589_1395_1409_588_775_1487_1509_587_677_1394_1410_586_774_1486_1510_1165_1164_1163_1162_1161_1439_1068_1160_1438_1437_1436_1067_1435_1159_1066_1434_1065_1433_1158_1064_1432_1157_1431_1063_415_417_1663_414_418_1662_413_419_1661_412_420_1660_411_421_1659_410_422_1658_409_423_1657_320_408_424_1568_1656_1760_319_321_1567_1569_1759_1761_318_322_1566_1570_1758_1762_317_323_1565_1571_1757_1763_316_324_1564_1756_407_425_1655_315_325_1563_1755_314_326_406_426_1562_1654_1754_313_327_1561_1753_405_427_1653_312_328_1560_1752_404_428_1652_466_467_2238_468_2237_469_2236_470_2235_471_2234_472_2336_2233_2335_2337_2334_2338_2333_2339_369_473_368_370_2232_2332_2340_367_371_366_372_564_2331_2341_365_373_565_474_2231_2330_2342_364_374_566_2329_363_375_475_2230_362_376_2328_2138_476_2229_361_377_2137_2327_477_585_584_1392_1391_1393_1390_583_1389_582_1388_581_1387_580_1386_1485_579_1484_1385_1483_490_578_489_491_488_492_1384_1482_487_493_486_494_577_1383_1481_485_495_484_496_576_676_1296_1480_1295_1297_1294_1298_1382_1293_1299_483_497_675_1292_1300_1479_1291_1301_1381_482_498_674_1290_1302_1478_908_1651_403_1650_402_1649_401_224_1648_400_1472_223_225_1471_1473_222_226_1470_1474_221_227_1647_399_1469_1475_220_228_1468_1476_219_229_1646_1750_398_1749_1751_1556_1748_1467_1477_218_230_1555_1747_1554_1746_1645_397_217_231_329_1466_1553_1745_216_232_1552_1644_1744_308_396_500_307_499_1465_330_306_305_1551_1743_215_233_304_1464_1643_395_331_1550_1742_303_214_234_1463_1642_302_394_301_1462_393_300_1461_392_1376_446_445_2046_444_2045_443_2044_442_2043_441_2042_1951_2041_1950_1949_351_439_350_352_1948_2040_349_353_348_354_1947_347_355_438_2039_1946_346_356_1945_345_357_437_2038_344_358_1944_436_2037_343_359_1943_435_299_1460_298_1459_297_309_1458_296_310_1368_1367_1369_1457_1366_1370_1365_1371_207_295_311_206_208_1364_1372_1456_205_209_204_210_1363_1373_203_211_294_1455_1559_1362_1374_1558_202_212_1557_1361_1375_201_213_293_1454_200_1360_292_1453_199_391_1359_1377_291_360_2136_478_2135_378_379_479_2134_2326_380_2432_2431_2433_2430_2434_381_2325_2429_2133_2428_2132_2131_2130_2129_264_2128_263_265_262_266_2036_2228_261_267_260_268_2035_2127_2227_259_269_2034_2226_258_270_2126_2033_2225_257_271_2125_1549_1548_1547_1546_1545_120_1544_119_121_118_122_117_123_116_124_1452_1543_115_125_1451_114_126_1450_1542_113_127_1449_1641_1541_112_128_1448_1640_1540_198_197_1358_196_1357_195_1356_194_1355_193_1354_192_1264_1263_1265_1353_1262_1266_1261_1267_103_102_104_1260_1268_1352_101_105_100_106_1259_1269_99_107_1351_1258_1270_98_108_290_1257_1271_97_109_289_1350_96_110_288_1256_1272_1349_111_1255_1273_434_433_432_1856_1855_1857_1854_1858_431_1853_1859_430_1852_1851_429_1850_1849_339_338_340_337_341_336_342_1848_335_334_1847_333_1846_332_1942_1845_1289_480_1288_481_1287_1286_1285_1284_1283_1282_1281_1380_384_1280_385_386_1379_387_388_1279_1303_1411_1412_1413_773_1414_772_1415_771_872_1416_871_873_770_870_874_869_875_1417_868_876_769_867_877_1314_1418_1313_1315_768_1312_1316_866_878_1311_1317_1310_1318_1419_865_879_1309_1319_1511_864_880_1308_1320_1420_1512_1307_1321_1513_881_1421_1306_1322_1514_882_1422_272_2224_273_274_2223_275_276_2222_277_2221_278_2220_279_2219_2323_2322_2324_2321_280_2320_2319_2218_2318_281_2217_2317_282_2124_2316_176_2216_175_177_174_178_2123_2315_173_179_283_172_180_2215_1348_1347_1346_1345_8_1344_7_9_6_10_5_11_1447_4_12_1254_1446_1253_1445_1252_1444_3_13_1251_1443_2_14_1250_1442_1_15_1249_1441_0_16_1248_1440_17_1156_1155_1154_1153_1152_1343_1342_1341_1340_1339_1062_1061_1060_1338_1059_1058_1337_1057_1056_1336_1430_1335_1429_1334_1323_1324_1325_1326_1327_960_1328_961_962_963_964_1329_965_966_1330_967_1423_1331_968_1424_1332_1539_1639_1538_1638_1637_129_1636_1537_1635_26_130_25_27_24_28_1536_1634_23_29_22_30_131_1633_21_31_20_32_132_1632_19_33_133_18_34_134_843_844_845_2269_2268_2267_748_2266_749_750_2265_751_752_2264_753_2263_754_2262_1274_1275_1276_1277_1278_1844_256_2032_2031_2030_1843_255_2029_1842_254_2028_2027_1841_253_2026_240_1840_239_241_252_238_242_237_243_1941_2025_236_244_2122_1839_163_251_162_164_161_165_235_245_160_166_2024_2121_246_1838_159_167_250_158_168_2120_2023_1837_157_169_249_2119_2022_156_170_1836_1935_1934_2118_155_171_1933_2021_1932_2214_2213_2212_181_2211_182_2210_183_2209_80_184_2208_2312_79_81_2311_2313_78_82_2310_2314_77_83_2117_2309_76_84_2116_2308_185_75_85_2115_2307_74_86_186_2114_2306_73_87_2113_2305_187_72_88_2112_2304_188_660_659_658_657_656_2256_248_1936_1937_1938_247_1939_1940_1931_1930_1929_154_153_152_1928_151_150_1927_149_148_1926_147_1835_1925_146_1834_35_36_37_38_39_40_1728_2427_2426_2425_2424_383_382_2423_2422_2421_2420_2419_2418_2417_2416_1741_1740_1924_1923_1922_189_1921_190_56_1920_55_57_54_58_191_53_59_52_60_2408_2407_2409_2406_2410_51_61_2405_2411_145_2404_2412_50_62_1829_1828_1830_2020_1827_1831_2019_2403_2413_90_144_1826_1832_2018_89_91_49_63_92_284_1825_1833_2017_2402_2414_93_285_48_64_1824_2016_94_286_143_2401_2415_95_287_47_65_142_2400_46_66_141_389_390_1378_71_70_69_68_67_979_978_977_976_1520_1519_1521_1518_1522_1517_975_1516_1515_974_884_883_973_972_971_970_1739_1738_1737_136_1736_135_137_138_139_1735_140_1734_1733_1732_1731_1730_1729_1305_672_1304_673_45_41_42_43_44_755_756_757_2261_2260_2259_969_1425_1426_1427_1428_1333_2258_2257_,0_1_2_3_4_5_6_7_8_9_10_11_12_13_14_15_16_17_18_19_20_21_22_23_24_25_26_27_28_29_30_31_32_33_34_35_36_37_38_39_40_41_42_43_44_45_46_47_48_49_50_51_52_53_54_55_56_57_58_59_60_61_62_63_64_65_66_67_68_69_70_71_72_73_74_75_76_77_78_79_80_81_82_83_84_85_86_87_88_89_90_91_92_93_94_95_96_97_98_99_100_101_102_103_104_105_106_107_108_109_110_111_112_113_114_115_116_117_118_119_120_121_122_123_124_125_126_127_128_129_130_131_132_133_134_135_136_137_138_139_140_141_142_143_144_145_146_147_148_149_150_151_152_153_154_155_156_157_158_159_160_161_162_163_164_165_166_167_168_169_170_171_172_173_174_175_176_177_178_179_180_181_182_183_184_185_186_187_188_189_190_191_192_193_194_195_196_197_198_199_200_201_202_203_204_205_206_207_208_209_210_211_212_213_214_215_216_217_218_219_220_221_222_223_224_225_226_227_228_229_230_231_232_233_234_235_236_237_238_239_240_241_242_243_244_245_246_247_248_249_250_251_252_253_254_255_256_257_258_259_260_261_262_263_264_265_266_267_268_269_270_271_272_273_274_275_276_277_278_279_280_281_282_283_284_285_286_287_288_289_290_291_292_293_294_295_296_297_298_299_300_301_302_303_304_305_306_307_308_309_310_311_312_313_314_315_316_317_318_319_320_321_322_323_324_325_326_327_328_329_330_331_332_333_334_335_336_337_338_339_340_341_342_343_344_345_346_347_348_349_350_351_352_353_354_355_356_357_358_359_360_361_362_363_364_365_366_367_368_369_370_371_372_373_374_375_376_377_378_379_380_381_382_383_384_385_386_387_388_389_390_391_392_393_394_395_396_397_398_399_400_401_402_403_404_405_406_407_408_409_410_411_412_413_414_415_416_417_418_419_420_421_422_423_424_425_426_427_428_429_430_431_432_433_434_435_436_437_438_439_440_441_442_443_444_445_446_447_448_449_450_451_452_453_454_455_456_457_458_459_460_461_462_463_464_465_466_467_468_469_470_471_472_473_474_475_476_477_478_479_480_481_482_483_484_485_486_487_488_489_490_491_492_493_494_495_496_497_498_499_500_501_502_503_504_505_506_507_508_509_510_511_512_513_514_515_516_517_518_519_520_521_522_523_524_525_526_527_528_529_530_531_532_533_534_535_536_537_538_539_540_541_542_543_544_545_546_547_548_549_550_551_552_553_554_555_556_557_558_559_560_561_562_563_564_565_566_567_568_569_570_571_572_573_574_575_576_577_578_579_580_581_582_583_584_585_586_587_588_589_590_591_592_593_594_595_596_597_598_599_600_601_602_603_604_605_606_607_608_609_610_611_612_613_614_615_616_617_618_619_620_621_622_623_624_625_626_627_628_629_630_631_632_633_634_635_636_637_638_639_640_641_642_643_644_645_646_647_648_649_650_651_652_653_654_655_656_657_658_659_660_661_662_663_664_665_666_667_668_669_670_671_672_673_674_675_676_677_678_679_680_681_682_683_684_685_686_687_688_689_690_691_692_693_694_695_696_697_698_699_700_701_702_703_704_705_706_707_708_709_710_711_712_713_714_715_716_717_718_719_720_721_722_723_724_725_726_727_728_729_730_731_732_733_734_735_736_737_738_739_740_741_742_743_744_745_746_747_748_749_750_751_752_753_754_755_756_757_758_759_760_761_762_763_764_765_766_767_768_769_770_771_772_773_774_775_776_777_778_779_780_781_782_783_784_785_786_787_788_789_790_791_792_793_794_795_796_797_798_799_800_801_802_803_804_805_806_807_808_809_810_811_812_813_814_815_816_817_818_819_820_821_822_823_824_825_826_827_828_829_830_831_832_833_834_835_836_837_838_839_840_841_842_843_844_845_846_847_848_849_850_851_852_853_854_855_856_857_858_859_860_861_862_863_864_865_866_867_868_869_870_871_872_873_874_875_876_877_878_879_880_881_882_883_884_885_886_887_888_889_890_891_892_893_894_895_896_897_898_899_900_901_902_903_904_905_906_907_908_909_910_911_912_913_914_915_916_917_918_919_920_921_922_923_924_925_926_927_928_929_930_931_932_933_934_935_936_937_938_939_940_941_942_943_944_945_946_947_948_949_950_951_952_953_954_955_956_957_958_959_960_961_962_963_964_965_966_967_968_969_970_971_972_973_974_975_976_977_978_979_980_981_982_983_984_985_986_987_988_989_990_991_992_993_994_995_996_997_998_999_1000_1001_1002_1003_1004_1005_1006_1007_1008_1009_1010_1011_1012_1013_1014_1015_1016_1017_1018_1019_1020_1021_1022_1023_1024_1025_1026_1027_1028_1029_1030_1031_1032_1033_1034_1035_1036_1037_1038_1039_1040_1041_1042_1043_1044_1045_1046_1047_1048_1049_1050_1051_1052_1053_1054_1055_1056_1057_1058_1059_1060_1061_1062_1063_1064_1065_1066_1067_1068_1069_1070_1071_1072_1073_1074_1075_1076_1077_1078_1079_1080_1081_1082_1083_1084_1085_1086_1087_1088_1089_1090_1091_1092_1093_1094_1095_1096_1097_1098_1099_1100_1101_1102_1103_1104_1105_1106_1107_1108_1109_1110_1111_1112_1113_1114_1115_1116_1117_1118_1119_1120_1121_1122_1123_1124_1125_1126_1127_1128_1129_1130_1131_1132_1133_1134_1135_1136_1137_1138_1139_1140_1141_1142_1143_1144_1145_1146_1147_1148_1149_1150_1151_1152_1153_1154_1155_1156_1157_1158_1159_1160_1161_1162_1163_1164_1165_1166_1167_1168_1169_1170_1171_1172_1173_1174_1175_1176_1177_1178_1179_1180_1181_1182_1183_1184_1185_1186_1187_1188_1189_1190_1191_1192_1193_1194_1195_1196_1197_1198_1199_1200_1201_1202_1203_1204_1205_1206_1207_1208_1209_1210_1211_1212_1213_1214_1215_1216_1217_1218_1219_1220_1221_1222_1223_1224_1225_1226_1227_1228_1229_1230_1231_1232_1233_1234_1235_1236_1237_1238_1239_1240_1241_1242_1243_1244_1245_1246_1247_1248_1249_1250_1251_1252_1253_1254_1255_1256_1257_1258_1259_1260_1261_1262_1263_1264_1265_1266_1267_1268_1269_1270_1271_1272_1273_1274_1275_1276_1277_1278_1279_1280_1281_1282_1283_1284_1285_1286_1287_1288_1289_1290_1291_1292_1293_1294_1295_1296_1297_1298_1299_1300_1301_1302_1303_1304_1305_1306_1307_1308_1309_1310_1311_1312_1313_1314_1315_1316_1317_1318_1319_1320_1321_1322_1323_1324_1325_1326_1327_1328_1329_1330_1331_1332_1333_1334_1335_1336_1337_1338_1339_1340_1341_1342_1343_1344_1345_1346_1347_1348_1349_1350_1351_1352_1353_1354_1355_1356_1357_1358_1359_1360_1361_1362_1363_1364_1365_1366_1367_1368_1369_1370_1371_1372_1373_1374_1375_1376_1377_1378_1379_1380_1381_1382_1383_1384_1385_1386_1387_1388_1389_1390_1391_1392_1393_1394_1395_1396_1397_1398_1399_1400_1401_1402_1403_1404_1405_1406_1407_1408_1409_1410_1411_1412_1413_1414_1415_1416_1417_1418_1419_1420_1421_1422_1423_1424_1425_1426_1427_1428_1429_1430_1431_1432_1433_1434_1435_1436_1437_1438_1439_1440_1441_1442_1443_1444_1445_1446_1447_1448_1449_1450_1451_1452_1453_1454_1455_1456_1457_1458_1459_1460_1461_1462_1463_1464_1465_1466_1467_1468_1469_1470_1471_1472_1473_1474_1475_1476_1477_1478_1479_1480_1481_1482_1483_1484_1485_1486_1487_1488_1489_1490_1491_1492_1493_1494_1495_1496_1497_1498_1499_1500_1501_1502_1503_1504_1505_1506_1507_1508_1509_1510_1511_1512_1513_1514_1515_1516_1517_1518_1519_1520_1521_1522_1523_1524_1525_1526_1527_1528_1529_1530_1531_1532_1533_1534_1535_1536_1537_1538_1539_1540_1541_1542_1543_1544_1545_1546_1547_1548_1549_1550_1551_1552_1553_1554_1555_1556_1557_1558_1559_1560_1561_1562_1563_1564_1565_1566_1567_1568_1569_1570_1571_1572_1573_1574_1575_1576_1577_1578_1579_1580_1581_1582_1583_1584_1585_1586_1587_1588_1589_1590_1591_1592_1593_1594_1595_1596_1597_1598_1599_1600_1601_1602_1603_1604_1605_1606_1607_1608_1609_1610_1611_1612_1613_1614_1615_1616_1617_1618_1619_1620_1621_1622_1623_1624_1625_1626_1627_1628_1629_1630_1631_1632_1633_1634_1635_1636_1637_1638_1639_1640_1641_1642_1643_1644_1645_1646_1647_1648_1649_1650_1651_1652_1653_1654_1655_1656_1657_1658_1659_1660_1661_1662_1663_1664_1665_1666_1667_1668_1669_1670_1671_1672_1673_1674_1675_1676_1677_1678_1679_1680_1681_1682_1683_1684_1685_1686_1687_1688_1689_1690_1691_1692_1693_1694_1695_1696_1697_1698_1699_1700_1701_1702_1703_1704_1705_1706_1707_1708_1709_1710_1711_1712_1713_1714_1715_1716_1717_1718_1719_1720_1721_1722_1723_1724_1725_1726_1727_1728_1729_1730_1731_1732_1733_1734_1735_1736_1737_1738_1739_1740_1741_1742_1743_1744_1745_1746_1747_1748_1749_1750_1751_1752_1753_1754_1755_1756_1757_1758_1759_1760_1761_1762_1763_1764_1765_1766_1767_1768_1769_1770_1771_1772_1773_1774_1775_1776_1777_1778_1779_1780_1781_1782_1783_1784_1785_1786_1787_1788_1789_1790_1791_1792_1793_1794_1795_1796_1797_1798_1799_1800_1801_1802_1803_1804_1805_1806_1807_1808_1809_1810_1811_1812_1813_1814_1815_1816_1817_1818_1819_1820_1821_1822_1823_1824_1825_1826_1827_1828_1829_1830_1831_1832_1833_1834_1835_1836_1837_1838_1839_1840_1841_1842_1843_1844_1845_1846_1847_1848_1849_1850_1851_1852_1853_1854_1855_1856_1857_1858_1859_1860_1861_1862_1863_1864_1865_1866_1867_1868_1869_1870_1871_1872_1873_1874_1875_1876_1877_1878_1879_1880_1881_1882_1883_1884_1885_1886_1887_1888_1889_1890_1891_1892_1893_1894_1895_1896_1897_1898_1899_1900_1901_1902_1903_1904_1905_1906_1907_1908_1909_1910_1911_1912_1913_1914_1915_1916_1917_1918_1919_1920_1921_1922_1923_1924_1925_1926_1927_1928_1929_1930_1931_1932_1933_1934_1935_1936_1937_1938_1939_1940_1941_1942_1943_1944_1945_1946_1947_1948_1949_1950_1951_1952_1953_1954_1955_1956_1957_1958_1959_1960_1961_1962_1963_1964_1965_1966_1967_1968_1969_1970_1971_1972_1973_1974_1975_1976_1977_1978_1979_1980_1981_1982_1983_1984_1985_1986_1987_1988_1989_1990_1991_1992_1993_1994_1995_1996_1997_1998_1999_2000_2001_2002_2003_2004_2005_2006_2007_2008_2009_2010_2011_2012_2013_2014_2015_2016_2017_2018_2019_2020_2021_2022_2023_2024_2025_2026_2027_2028_2029_2030_2031_2032_2033_2034_2035_2036_2037_2038_2039_2040_2041_2042_2043_2044_2045_2046_2047_2048_2049_2050_2051_2052_2053_2054_2055_2056_2057_2058_2059_2060_2061_2062_2063_2064_2065_2066_2067_2068_2069_2070_2071_2072_2073_2074_2075_2076_2077_2078_2079_2080_2081_2082_2083_2084_2085_2086_2087_2088_2089_2090_2091_2092_2093_2094_2095_2096_2097_2098_2099_2100_2101_2102_2103_2104_2105_2106_2107_2108_2109_2110_2111_2112_2113_2114_2115_2116_2117_2118_2119_2120_2121_2122_2123_2124_2125_2126_2127_2128_2129_2130_2131_2132_2133_2134_2135_2136_2137_2138_2139_2140_2141_2142_2143_2144_2145_2146_2147_2148_2149_2150_2151_2152_2153_2154_2155_2156_2157_2158_2159_2160_2161_2162_2163_2164_2165_2166_2167_2168_2169_2170_2171_2172_2173_2174_2175_2176_2177_2178_2179_2180_2181_2182_2183_2184_2185_2186_2187_2188_2189_2190_2191_2192_2193_2194_2195_2196_2197_2198_2199_2200_2201_2202_2203_2204_2205_2206_2207_2208_2209_2210_2211_2212_2213_2214_2215_2216_2217_2218_2219_2220_2221_2222_2223_2224_2225_2226_2227_2228_2229_2230_2231_2232_2233_2234_2235_2236_2237_2238_2239_2240_2241_2242_2243_2244_2245_2246_2247_2248_2249_2250_2251_2252_2253_2254_2255_2256_2257_2258_2259_2260_2261_2262_2263_2264_2265_2266_2267_2268_2269_2270_2271_2272_2273_2274_2275_2276_2277_2278_2279_2280_2281_2282_2283_2284_2285_2286_2287_2288_2289_2290_2291_2292_2293_2294_2295_2296_2297_2298_2299_2300_2301_2302_2303_2304_2305_2306_2307_2308_2309_2310_2311_2312_2313_2314_2315_2316_2317_2318_2319_2320_2321_2322_2323_2324_2325_2326_2327_2328_2329_2330_2331_2332_2333_2334_2335_2336_2337_2338_2339_2340_2341_2342_2343_2344_2345_2346_2347_2348_2349_2350_2351_2352_2353_2354_2355_2356_2357_2358_2359_2360_2361_2362_2363_2364_2365_2366_2367_2368_2369_2370_2371_2372_2373_2374_2375_2376_2377_2378_2379_2380_2381_2382_2383_2384_2385_2386_2387_2388_2389_2390_2391_2392_2393_2394_2395_2396_2397_2398_2399_2400_2401_2402_2403_2404_2405_2406_2407_2408_2409_2410_2411_2412_2413_2414_2415_2416_2417_2418_2419_2420_2421_2422_2423_2424_2425_2426_2427_2428_2429_2430_2431_2432_2433_2434_2435_2436_2437_2438_2439_2440_2441_2442_2443_2444_2445_2446_2447_2448_2449_2450_2451_2452_2453_2454_2455_2456_2457_2458_2459_2460_2461_2462_2463_2464_2465_2466_2467_2468_2469_2470_2471_2472_2473_2474_2475_2476_2477_2478_2479_2480_2481_2482_2483_2484_2485_2486_2487_2488_2489_2490_2491_2492_2493_2494_2495_,28:{35;36;37;38;39;40;1728;}72:{71;70;69;68;67;}122:{1539;1639;1538;1638;1637;129;1636;1537;1635;26;130;25;27;24;28;1536;1634;23;29;22;30;131;1633;21;31;20;32;132;1632;19;33;133;18;34;134;}176:{2214;2213;2212;181;2211;182;2210;183;2209;80;184;2208;2312;79;81;2311;2313;78;82;2310;2314;77;83;2117;2309;76;84;2116;2308;185;75;85;2115;2307;74;86;186;2114;2306;73;87;2113;2305;187;72;88;2112;2304;188;}186:{189;190;191;2408;2407;2409;2406;2410;2405;2411;2404;2412;2403;2413;90;89;91;92;284;2402;2414;93;285;94;286;2401;2415;95;287;2400;}199:{198;197;1358;196;1357;195;1356;194;1355;193;1354;192;1264;1263;1265;1353;1262;1266;1261;1267;103;102;104;1260;1268;1352;101;105;100;106;1259;1269;99;107;1351;1258;1270;98;108;290;1257;1271;97;109;289;1350;96;110;288;1256;1272;1349;111;1255;1273;}216:{1549;1548;1547;1546;1545;120;1544;119;121;118;122;117;123;116;124;1452;1543;115;125;1451;114;126;1450;1542;113;127;1449;1641;1541;112;128;1448;1640;1540;}250:{248;1936;1937;1938;247;1939;1940;1931;1930;1929;154;153;152;1928;151;150;1927;149;148;1926;147;1835;1925;146;1834;}259:{256;2032;2031;2030;255;2029;254;2028;2027;253;2026;252;2025;2122;163;251;162;164;161;165;160;166;2024;2121;159;167;250;158;168;2120;2023;157;169;249;2119;2022;156;170;1935;1934;2118;155;171;1933;2021;1932;}303:{299;1460;298;1459;297;309;1458;296;310;1368;1367;1369;1457;1366;1370;1365;1371;207;295;311;206;208;1364;1372;1456;205;209;204;210;1363;1373;203;211;294;1455;1559;1362;1374;1558;202;212;1557;1361;1375;201;213;293;1454;200;1360;292;1453;199;391;1359;1377;291;}336:{1844;1843;1842;1841;240;1840;239;241;238;242;237;243;1941;236;244;1839;235;245;246;1838;1837;1836;}384:{389;390;1378;}404:{403;402;401;400;1472;1471;1473;1470;1474;399;1469;1475;1468;1476;398;1467;1477;397;1466;308;396;500;307;499;1465;306;305;304;1464;395;303;1463;302;394;301;1462;393;300;1461;392;1376;}435:{434;433;432;1856;1855;1857;1854;1858;431;1853;1859;430;1852;1851;429;1850;1849;339;338;340;337;341;336;342;1848;335;334;1847;333;1846;332;1942;1845;}447:{446;445;2046;444;2045;443;2044;442;2043;441;2042;1951;2041;1950;1949;351;439;350;352;1948;2040;349;353;348;354;1947;347;355;438;2039;1946;346;356;1945;345;357;437;2038;344;358;1944;436;2037;343;359;1943;435;}465:{466;467;2238;468;2237;469;2236;470;2235;471;2234;472;2336;2233;2335;2337;2334;2338;2333;2339;369;473;368;370;2232;2332;2340;367;371;366;372;564;2331;2341;365;373;565;474;2231;2330;2342;364;374;566;2329;363;375;475;2230;362;376;2328;2138;476;2229;361;377;2137;2327;477;}469:{478;378;379;479;2326;380;2432;2431;2433;2430;2434;381;2325;2429;2428;}568:{660;659;658;657;656;2256;}586:{585;584;1392;1391;1393;1390;583;1389;582;1388;581;1387;580;1386;1485;579;1484;1385;1483;490;578;489;491;488;492;1384;1482;487;493;486;494;577;1383;1481;485;495;484;496;576;676;1296;1480;1295;1297;1294;1298;1382;1293;1299;483;497;675;1292;1300;1479;1291;1301;1381;482;498;674;1290;1302;1478;}696:{695;1591;1593;694;1590;1594;693;1589;1595;692;1588;1596;691;1587;1597;690;702;1586;1598;689;703;1585;600;688;704;1496;1584;1688;599;601;1495;1497;1687;1689;598;602;790;1494;1498;1686;1690;597;603;789;1493;1499;1685;596;788;1492;1500;1684;687;705;1583;595;605;787;1491;1501;1683;594;606;686;706;786;1490;1502;1582;1682;593;607;785;1489;1503;1681;685;707;1581;592;608;784;1488;1504;1680;684;1580;}708:{701;700;699;698;697;604;696;1592;}720:{718;717;716;715;1875;1885;714;1874;1886;713;1873;1887;624;712;816;1784;1872;1888;623;625;815;1783;1785;622;626;814;1782;1786;621;813;1781;1787;620;812;1780;1788;711;1871;619;811;1779;1789;618;710;810;1778;1790;1870;617;809;1777;1791;709;1869;616;808;1776;1792;708;1868;}731:{724;723;722;721;821;628;820;720;1880;1879;1881;1878;1882;627;819;1877;1883;1876;1884;719;}842:{843;844;845;2269;2268;2267;748;2266;749;750;2265;751;752;2264;753;2263;754;2262;}909:{908;}921:{916;915;914;913;912;1896;1895;1897;1894;1898;1893;1899;1892;911;1891;1901;818;1010;1890;1902;910;817;1009;1889;1903;909;}950:{951;952;2376;2375;2374;953;2373;954;2372;955;2371;956;2370;957;2276;2369;2275;854;958;853;855;852;856;2368;2274;851;857;850;858;959;2273;2367;849;859;848;860;2272;2472;2471;2473;2366;2470;2474;2469;2475;847;861;2468;2476;2271;2365;2467;846;862;2270;2466;}970:{969;1425;1426;1427;1428;1333;}982:{979;978;977;976;1520;1519;1521;1518;1522;1517;975;1516;1515;974;884;883;973;972;971;970;}1027:{1026;1028;1025;1029;1024;1030;2096;2095;2097;2094;2098;1023;1031;2093;2099;1022;1032;2092;2100;2192;2191;2193;2190;2194;2091;2101;2189;2195;1021;1033;2188;2196;2090;2102;1020;1034;2187;2197;2089;2103;2186;2198;931;1019;1035;1123;930;932;1122;1124;929;933;1121;1125;928;934;1120;1126;2088;2104;2185;2199;927;935;1119;1127;1018;1036;926;936;1118;1128;2184;2200;2087;2105;925;937;1017;1037;1117;1129;2183;2201;2086;2106;924;938;1116;1130;1016;1038;2000;1999;2001;1998;2002;2182;2202;923;939;1115;1131;1997;2003;2085;2107;1996;2004;1015;1039;}1038:{1040;2288;2287;2289;2286;2290;1041;2285;2291;1042;2284;2292;1043;2283;2293;1044;2282;2294;1045;2281;2295;942;1046;1134;941;943;1133;1135;940;944;1132;1136;2280;2296;945;1137;946;1138;1047;2279;2297;947;1139;948;1048;1140;2384;2383;2385;2278;2298;2382;2386;2381;2387;949;1141;2380;2388;1027;1049;2277;2299;2379;2389;950;1142;2378;2390;1050;}1091:{1090;1092;1089;1093;1088;1094;1720;1719;1721;1718;1722;1087;1095;1717;1723;1086;1096;1716;1724;1816;1815;1817;1814;1818;1715;1725;1813;1819;1085;1097;1812;1820;1714;1726;1084;1098;1811;1821;1713;1727;1810;1822;995;1083;1099;1187;994;996;1186;1188;993;997;1185;1189;992;998;1184;1190;1712;1809;1823;991;1183;1082;1100;990;1000;1182;1192;1808;1711;989;1001;1081;1101;1181;1193;1710;988;1002;1180;1194;1080;1102;1624;1623;1625;1622;1626;1806;987;1003;1179;1195;1621;1627;1709;1620;1628;1079;}1103:{999;1191;1807;1091;}1104:{1900;}1110:{1907;1917;1906;1918;1202;1905;1919;1201;1008;1200;1904;1007;1199;1006;1198;}1115:{1114;1113;1112;2008;2007;2009;2006;2010;1111;2005;2011;1110;2012;2013;1109;2108;2014;1108;2109;2015;2110;1107;1211;1210;1212;1209;1213;1208;1214;2111;1207;1215;1106;1014;1206;1216;1013;1105;1205;1217;1012;1204;1218;1104;1912;1911;1913;1910;1914;1011;1203;1219;1909;1915;1908;1916;1103;}1158:{1156;1155;1154;1153;1152;1343;1342;1341;1340;1339;1062;1061;1060;1338;1059;1058;1337;1057;1056;1336;1430;1335;1429;1334;}1218:{1220;1221;1222;1223;1224;2207;2206;2205;1225;2204;2203;1226;1227;1228;}1241:{1245;1246;1235;1247;1234;2495;2494;1233;1232;2303;2302;1231;1230;1229;}1267:{1274;1275;1276;1277;1278;}1291:{1289;480;1288;481;1287;1286;1285;1284;1283;1282;1281;1380;384;1280;385;386;1379;387;388;1279;1303;}1306:{1305;672;1304;673;}1320:{1323;1324;1325;1326;1327;960;1328;961;962;963;964;1329;965;966;1330;967;1423;1331;968;1424;1332;}1351:{1348;1347;1346;1345;8;1344;7;9;6;10;5;11;1447;4;12;1254;1446;1253;1445;1252;1444;3;13;1251;1443;2;14;1250;1442;1;15;1249;1441;0;16;1248;1440;17;}1410:{1411;1412;1413;773;1414;772;1415;771;872;1416;871;873;770;870;874;869;875;1417;868;876;769;867;877;1314;1418;1313;1315;768;1312;1316;866;878;1311;1317;1310;1318;1419;865;879;1309;1319;1511;864;880;1308;1320;1420;1512;1307;1321;1513;881;1421;1306;1322;1514;882;1422;}1498:{683;783;682;782;781;1505;780;681;779;1402;1506;1401;1403;680;1400;1404;778;1399;1405;1398;1406;1507;679;777;1397;1407;776;1396;1408;1508;591;590;678;589;1395;1409;588;775;1487;1509;587;677;1394;1410;586;774;1486;1510;}1535:{1165;1164;1163;1162;1161;1439;1068;1160;1438;1437;1436;1067;1435;1159;1066;1434;1065;1433;1158;1064;1432;1157;1431;1063;}1627:{1629;1630;1078;1631;1077;1076;1176;1175;1177;1174;1178;1075;1173;1172;1074;1171;1073;1170;1531;1619;1530;1532;1529;1533;1072;1528;1534;1169;1527;1535;1618;1168;1526;1071;1525;1617;1167;1070;1524;984;1616;983;985;982;986;1166;1523;981;1069;980;1615;}1654:{1651;1650;1649;224;1648;223;225;222;226;221;227;1647;220;228;219;229;1646;1750;1749;1751;1556;1748;218;230;1555;1747;1554;1746;1645;217;231;329;1553;1745;216;232;1552;1644;1744;330;1551;1743;215;233;1643;331;1550;1742;214;234;1642;}1664:{415;417;1663;414;418;1662;413;419;1661;412;420;1660;411;421;1659;410;422;1658;409;423;1657;320;408;424;1568;1656;1760;319;321;1567;1569;1759;1761;318;322;1566;1570;1758;1762;317;323;1565;1571;1757;1763;316;324;1564;1756;407;425;1655;315;325;1563;1755;314;326;406;426;1562;1654;1754;313;327;1561;1753;405;427;1653;312;328;1560;1752;404;428;1652;}1676:{1677;1674;1678;1673;1679;512;1672;511;513;609;510;514;610;509;515;611;1671;508;612;1670;507;613;1669;506;614;1668;505;615;1579;1773;1578;1774;1577;1775;504;1576;1667;1575;503;1574;1666;1766;1573;1765;502;1665;1572;1764;501;416;1664;}1703:{1697;800;1696;799;801;798;802;797;803;1695;796;804;1605;1797;1604;1796;795;805;1603;1795;1694;794;806;1602;1794;793;807;1601;1693;1793;792;1600;1692;885;907;1599;791;1691;}1710:{1708;1707;1706;1705;896;1704;895;897;894;898;893;899;1703;892;900;891;901;1614;1702;1613;1805;1612;1804;890;902;1611;1803;1610;1802;1701;889;903;1609;1801;888;904;1608;1700;1800;1607;1799;887;905;1699;1606;1798;886;906;1698;}1729:{41;42;43;44;}1741:{1739;1738;1737;136;1736;135;137;138;139;1735;140;1734;1733;1732;1731;1730;1729;}1752:{1741;1740;}1779:{1772;1771;1770;1769;1676;520;1768;519;521;518;522;1675;1867;517;523;516;524;1767;}1912:{1005;1197;1004;1196;}1922:{45;}1925:{1924;1923;1922;1921;56;1920;55;57;54;58;53;59;52;60;51;61;145;50;62;1829;1828;1830;2020;1827;1831;2019;144;1826;1832;2018;49;63;1825;1833;2017;48;64;1824;2016;143;47;65;142;46;66;141;}1964:{533;532;531;530;1956;529;1866;1865;528;1864;1955;1863;527;1862;1954;1861;526;1953;1860;525;440;1952;}2061:{2060;2059;2058;2057;544;2056;543;545;542;546;541;547;2055;540;548;2054;539;549;538;550;1965;2053;2157;1964;1966;2156;2158;1963;1967;2155;2159;632;648;1962;1968;2154;2160;537;551;1961;2153;2052;536;552;1960;2152;631;649;1959;2051;2151;535;553;630;650;1958;2150;2050;534;554;1957;2149;629;651;2049;}2073:{736;2072;735;737;2071;734;738;2070;733;739;2069;732;740;2068;731;741;2067;730;742;2066;729;743;1977;2065;2169;728;744;1976;1978;2168;2170;1975;1979;2167;2171;1974;1980;2166;2172;1973;2165;640;2064;639;641;727;745;638;642;1972;2164;637;643;636;644;1971;2063;2163;726;746;635;645;1970;2162;634;646;2062;725;747;1969;2161;633;647;2061;}2085:{2084;2083;2082;2081;832;2080;831;833;830;834;829;835;2079;828;836;922;2078;827;837;921;826;838;1989;2077;2181;1988;1990;2180;1987;1991;2179;920;1986;1992;2178;825;839;1985;1993;2177;2076;824;840;1984;1994;2176;919;1983;1995;2075;2175;823;841;918;1982;2174;2074;822;842;1981;2173;917;2073;}2137:{360;2136;2135;2134;2133;2132;2131;2130;2129;264;2128;263;265;262;266;2036;2228;261;267;260;268;2035;2127;2227;259;269;2034;2226;258;270;2126;2033;2225;257;271;2125;}2151:{2148;555;2147;556;2146;557;2145;558;456;2144;455;457;559;454;458;453;459;2143;2247;452;460;560;2246;2248;2245;2249;2244;2250;451;461;2243;2251;2142;561;450;462;2242;2252;652;449;463;2141;2241;2253;562;653;448;464;2048;2240;2254;654;2140;563;2047;2239;2255;447;465;655;2139;}2227:{272;2224;273;274;2223;275;276;2222;277;2221;278;2220;279;2219;2323;2322;2324;2321;280;2320;2319;2218;2318;281;2217;2317;282;2124;2316;176;2216;175;177;174;178;2123;2315;173;179;283;172;180;2215;}2259:{2258;2257;}2271:{755;756;757;2261;2260;2259;}2389:{2391;1144;2392;1143;1145;1146;2393;1147;1148;2394;1051;1149;2395;1052;1150;2396;1053;1151;1054;2397;2485;2484;2486;2483;2487;2482;2488;1055;2481;2489;2398;2480;2490;2399;2479;2491;2300;2478;2492;1240;1239;1241;1238;1242;2301;2477;2493;1237;1243;1236;1244;2377;}2428:{2427;2426;2425;2424;383;382;2423;2422;2421;2420;2419;2418;2417;2416;}2447:{571;2438;570;2346;569;2345;2437;568;2344;2436;2343;567;2435;}2451:{2449;2448;671;670;2447;669;668;2446;667;2445;666;2444;665;2355;2443;2354;2356;2353;2357;664;2352;2351;2442;2350;663;2349;2441;662;2348;2440;575;574;2347;573;661;572;2439;}2462:{763;2454;762;2362;2453;761;2361;760;2360;2452;2359;759;2451;2358;758;2450;}2467:{2465;2464;863;2463;2462;2461;2460;2459;2458;2457;2364;2456;767;766;2363;765;764;2455;},538_539_540_541_542_543_544_545_546_547_548_549_550_551_552_553_554_555_556_618_619_620_666_667_668_706_707_708_798_799_891_892_986_987_988_1083_1084_1182_1183_1691_1692_1693_1694_1778_1779_1868_1869_1961_1962_2056_2057_2152_2153_2250_2251_2349_2350_2351_2452_2453_,1027-1026*0_1027-1028*0_1027-1025*0_1027-1029*0_1027-1024*0_1027-1030*0_1027-2096*0_1027-2095*0_1027-2097*0_1027-2094*0_1027-2098*0_1027-1023*0_1027-1031*0_1027-2093*0_1027-2099*0_1027-1022*0_1027-1032*0_1027-2092*0_1027-2100*0_1027-2192*0_1027-2191*0_1027-2193*0_1027-2190*0_1027-2194*0_1027-2091*0_1027-2101*0_1027-2189*0_1027-2195*0_1027-1021*0_1027-1033*0_1027-2188*0_1027-2196*0_1027-2090*0_1027-2102*0_1027-1020*0_1027-1034*0_1027-2187*0_1027-2197*0_1027-2089*0_1027-2103*0_1027-2186*0_1027-2198*0_1027-931*0_1027-1019*0_1027-1035*0_1027-1123*0_1027-930*0_1027-932*0_1027-1122*0_1027-1124*0_1027-929*0_1027-933*0_1027-1121*0_1027-1125*0_1027-928*0_1027-934*0_1027-1120*0_1027-1126*0_1027-2088*0_1027-2104*0_1027-2185*0_1027-2199*0_1027-927*0_1027-935*0_1027-1119*0_1027-1127*0_1027-1018*0_1027-1036*0_1027-926*0_1027-936*0_1027-1118*0_1027-1128*0_1027-2184*0_1027-2200*0_1027-2087*0_1027-2105*0_1027-925*0_1027-937*0_1027-1017*0_1027-1037*0_1027-1117*0_1027-1129*0_1027-2183*0_1027-2201*0_1027-2086*0_1027-2106*0_1027-924*0_1027-938*0_1027-1116*0_1027-1130*0_1027-1016*0_1027-1038*0_1027-2000*0_1027-1999*0_1027-2001*0_1027-1998*0_1027-2002*0_1027-2182*0_1027-2202*0_1027-923*0_1027-939*0_1027-1115*0_1027-1131*0_1027-1997*0_1027-2003*0_1027-2085*0_1027-2107*0_1027-1996*0_1027-2004*0_1027-1015*0_1027-1039*0_1038-1040*1_1038-2288*1_1038-2287*1_1038-2289*1_1038-2286*1_1038-2290*1_1038-1041*1_1038-2285*1_1038-2291*1_1038-1042*1_1038-2284*1_1038-2292*1_1038-1043*1_1038-2283*1_1038-2293*1_1038-1044*1_1038-2282*1_1038-2294*1_1038-1045*1_1038-2281*1_1038-2295*1_1038-942*1_1038-1046*1_1038-1134*1_1038-941*1_1038-943*1_1038-1133*1_1038-1135*1_1038-940*1_1038-944*1_1038-1132*1_1038-1136*1_1038-2280*1_1038-2296*1_1038-945*1_1038-1137*1_1038-946*1_1038-1138*1_1038-1047*1_1038-2279*1_1038-2297*1_1038-947*1_1038-1139*1_1038-948*1_1038-1048*1_1038-1140*1_1038-2384*1_1038-2383*1_1038-2385*1_1038-2278*1_1038-2298*1_1038-2382*1_1038-2386*1_1038-2381*1_1038-2387*1_1038-949*1_1038-1141*1_1038-2380*1_1038-2388*1_1038-1027*1_1038-1049*1_1038-2277*1_1038-2299*1_1038-2379*1_1038-2389*1_1038-950*1_1038-1142*1_1038-2378*1_1038-2390*1_1038-1050*1_2085-2084*1_2085-2083*1_2085-2082*1_2085-2081*1_2085-832*1_2085-2080*1_2085-831*1_2085-833*1_2085-830*1_2085-834*1_2085-829*1_2085-835*1_2085-2079*1_2085-828*1_2085-836*1_2085-922*1_2085-2078*1_2085-827*1_2085-837*1_2085-921*1_2085-826*1_2085-838*1_2085-1989*1_2085-2077*1_2085-2181*1_2085-1988*1_2085-1990*1_2085-2180*1_2085-1987*1_2085-1991*1_2085-2179*1_2085-920*1_2085-1986*1_2085-1992*1_2085-2178*1_2085-825*1_2085-839*1_2085-1985*1_2085-1993*1_2085-2177*1_2085-2076*1_2085-824*1_2085-840*1_2085-1984*1_2085-1994*1_2085-2176*1_2085-919*1_2085-1983*1_2085-1995*1_2085-2075*1_2085-2175*1_2085-823*1_2085-841*1_2085-918*1_2085-1982*1_2085-2174*1_2085-2074*1_2085-822*1_2085-842*1_2085-1981*1_2085-2173*1_2085-917*1_2085-2073*1_2389-2391*2_2389-1144*2_2389-2392*2_2389-1143*2_2389-1145*2_2389-1146*2_2389-2393*2_2389-1147*2_2389-1148*2_2389-2394*2_2389-1051*2_2389-1149*2_2389-2395*2_2389-1052*2_2389-1150*2_2389-2396*2_2389-1053*2_2389-1151*2_2389-1054*2_2389-2397*2_2389-2485*2_2389-2484*2_2389-2486*2_2389-2483*2_2389-2487*2_2389-2482*2_2389-2488*2_2389-1055*2_2389-2481*2_2389-2489*2_2389-2398*2_2389-2480*2_2389-2490*2_2389-2399*2_2389-2479*2_2389-2491*2_2389-2300*2_2389-2478*2_2389-2492*2_2389-1240*2_2389-1239*2_2389-1241*2_2389-1238*2_2389-1242*2_2389-2301*2_2389-2477*2_2389-2493*2_2389-1237*2_2389-1243*2_2389-1236*2_2389-1244*2_2389-2377*2_1115-1114*1_1115-1113*1_1115-1112*1_1115-2008*1_1115-2007*1_1115-2009*1_1115-2006*1_1115-2010*1_1115-1111*1_1115-2005*1_1115-2011*1_1115-1110*1_1115-2012*1_1115-2013*1_1115-1109*1_1115-2108*1_1115-2014*1_1115-1108*1_1115-2109*1_1115-2015*1_1115-2110*1_1115-1107*1_1115-1211*1_1115-1210*1_1115-1212*1_1115-1209*1_1115-1213*1_1115-1208*1_1115-1214*1_1115-2111*1_1115-1207*1_1115-1215*1_1115-1106*1_1115-1014*1_1115-1206*1_1115-1216*1_1115-1013*1_1115-1105*1_1115-1205*1_1115-1217*1_1115-1012*1_1115-1204*1_1115-1218*1_1115-1104*1_1115-1912*1_1115-1911*1_1115-1913*1_1115-1910*1_1115-1914*1_1115-1011*1_1115-1203*1_1115-1219*1_1115-1909*1_1115-1915*1_1115-1908*1_1115-1916*1_1115-1103*1_2073-736*2_2073-2072*2_2073-735*2_2073-737*2_2073-2071*2_2073-734*2_2073-738*2_2073-2070*2_2073-733*2_2073-739*2_2073-2069*2_2073-732*2_2073-740*2_2073-2068*2_2073-731*2_2073-741*2_2073-2067*2_2073-730*2_2073-742*2_2073-2066*2_2073-729*2_2073-743*2_2073-1977*2_2073-2065*2_2073-2169*2_2073-728*2_2073-744*2_2073-1976*2_2073-1978*2_2073-2168*2_2073-2170*2_2073-1975*2_2073-1979*2_2073-2167*2_2073-2171*2_2073-1974*2_2073-1980*2_2073-2166*2_2073-2172*2_2073-1973*2_2073-2165*2_2073-640*2_2073-2064*2_2073-639*2_2073-641*2_2073-727*2_2073-745*2_2073-638*2_2073-642*2_2073-1972*2_2073-2164*2_2073-637*2_2073-643*2_2073-636*2_2073-644*2_2073-1971*2_2073-2063*2_2073-2163*2_2073-726*2_2073-746*2_2073-635*2_2073-645*2_2073-1970*2_2073-2162*2_2073-634*2_2073-646*2_2073-2062*2_2073-725*2_2073-747*2_2073-1969*2_2073-2161*2_2073-633*2_2073-647*2_2073-2061*2_1241-1245*3_1241-1246*3_1241-1235*3_1241-1247*3_1241-1234*3_1241-2495*3_1241-2494*3_1241-1233*3_1241-1232*3_1241-2303*3_1241-2302*3_1241-1231*3_1241-1230*3_1241-1229*3_1104-1900*2_1103-999*2_1103-1191*2_1103-1807*2_1103-1091*2_2061-2060*3_2061-2059*3_2061-2058*3_2061-2057*3_2061-544*3_2061-2056*3_2061-543*3_2061-545*3_2061-542*3_2061-546*3_2061-541*3_2061-547*3_2061-2055*3_2061-540*3_2061-548*3_2061-2054*3_2061-539*3_2061-549*3_2061-538*3_2061-550*3_2061-1965*3_2061-2053*3_2061-2157*3_2061-1964*3_2061-1966*3_2061-2156*3_2061-2158*3_2061-1963*3_2061-1967*3_2061-2155*3_2061-2159*3_2061-632*3_2061-648*3_2061-1962*3_2061-1968*3_2061-2154*3_2061-2160*3_2061-537*3_2061-551*3_2061-1961*3_2061-2153*3_2061-2052*3_2061-536*3_2061-552*3_2061-1960*3_2061-2152*3_2061-631*3_2061-649*3_2061-1959*3_2061-2051*3_2061-2151*3_2061-535*3_2061-553*3_2061-630*3_2061-650*3_2061-1958*3_2061-2150*3_2061-2050*3_2061-534*3_2061-554*3_2061-1957*3_2061-2149*3_2061-629*3_2061-651*3_2061-2049*3_731-724*3_1091-1090*3_1091-1092*3_731-723*3_1091-1089*3_1091-1093*3_731-722*3_1091-1088*3_1091-1094*3_1091-1720*3_1091-1719*3_1091-1721*3_731-721*3_731-821*3_1091-1718*3_1091-1722*3_731-628*3_731-820*3_1091-1087*3_1091-1095*3_731-720*3_731-1880*3_731-1879*3_731-1881*3_1091-1717*3_1091-1723*3_731-1878*3_731-1882*3_731-627*3_731-819*3_731-1877*3_731-1883*3_731-1876*3_731-1884*3_1091-1086*3_1091-1096*3_1091-1716*3_1091-1724*3_1091-1816*3_1091-1815*3_1091-1817*3_731-719*3_1091-1814*3_1091-1818*3_1091-1715*3_1091-1725*3_1091-1813*3_1091-1819*3_1091-1085*3_1091-1097*3_1091-1812*3_1091-1820*3_1091-1714*3_1091-1726*3_1091-1084*3_1091-1098*3_1091-1811*3_1091-1821*3_1091-1713*3_1091-1727*3_1091-1810*3_1091-1822*3_1091-995*3_1091-1083*3_1091-1099*3_1091-1187*3_1091-994*3_1091-996*3_1091-1186*3_1091-1188*3_1091-993*3_1091-997*3_1091-1185*3_1091-1189*3_1091-992*3_1091-998*3_1091-1184*3_1091-1190*3_1091-1712*3_1091-1809*3_1091-1823*3_1091-991*3_1091-1183*3_1091-1082*3_1091-1100*3_1091-990*3_1091-1000*3_1091-1182*3_1091-1192*3_1091-1808*3_1091-1711*3_1091-989*3_1091-1001*3_1091-1081*3_1091-1101*3_1091-1181*3_1091-1193*3_1091-1710*3_1091-988*3_1091-1002*3_1091-1180*3_1091-1194*3_1091-1080*3_1091-1102*3_1091-1624*3_1091-1623*3_1091-1625*3_1091-1622*3_1091-1626*3_1091-1806*3_1091-987*3_1091-1003*3_1091-1179*3_1091-1195*3_1091-1621*3_1091-1627*3_1091-1709*3_1091-1620*3_1091-1628*3_1091-1079*3_1218-1220*2_921-916*2_1218-1221*2_921-915*2_1218-1222*2_921-914*2_1218-1223*2_921-913*2_1218-1224*2_921-912*2_921-1896*2_1218-2207*2_921-1895*2_921-1897*2_921-1894*2_921-1898*2_1218-2206*2_921-1893*2_921-1899*2_1218-2205*2_921-1892*2_1218-1225*2_921-911*2_1218-2204*2_921-1891*2_921-1901*2_921-818*2_921-1010*2_1218-2203*2_921-1890*2_921-1902*2_1218-1226*2_921-910*2_921-817*2_921-1009*2_921-1889*2_921-1903*2_1218-1227*2_921-909*2_1218-1228*2_720-718*4_720-717*4_720-716*4_720-715*4_720-1875*4_720-1885*4_720-714*4_720-1874*4_720-1886*4_720-713*4_720-1873*4_720-1887*4_720-624*4_720-712*4_720-816*4_720-1784*4_720-1872*4_720-1888*4_720-623*4_720-625*4_720-815*4_720-1783*4_720-1785*4_720-622*4_720-626*4_720-814*4_720-1782*4_720-1786*4_720-621*4_720-813*4_720-1781*4_720-1787*4_720-620*4_720-812*4_720-1780*4_720-1788*4_720-711*4_720-1871*4_1627-1629*4_720-619*4_720-811*4_720-1779*4_720-1789*4_720-618*4_720-710*4_720-810*4_720-1778*4_720-1790*4_720-1870*4_1627-1630*4_720-617*4_720-809*4_720-1777*4_720-1791*4_1627-1078*4_720-709*4_720-1869*4_1627-1631*4_720-616*4_720-808*4_720-1776*4_720-1792*4_1627-1077*4_720-708*4_720-1868*4_1627-1076*4_1627-1176*4_1627-1175*4_1627-1177*4_1627-1174*4_1627-1178*4_1627-1075*4_1627-1173*4_1627-1172*4_1627-1074*4_1627-1171*4_1627-1073*4_1627-1170*4_1627-1531*4_1627-1619*4_1627-1530*4_1627-1532*4_1627-1529*4_1627-1533*4_1627-1072*4_1627-1528*4_1627-1534*4_1627-1169*4_1627-1527*4_1627-1535*4_1627-1618*4_1627-1168*4_1627-1526*4_1627-1071*4_1627-1525*4_1627-1617*4_1627-1167*4_1627-1070*4_1627-1524*4_1627-984*4_1627-1616*4_1627-983*4_1627-985*4_1627-982*4_1627-986*4_1627-1166*4_1627-1523*4_1627-981*4_1627-1069*4_1627-980*4_1627-1615*4_1710-1708*4_1710-1707*4_1710-1706*4_1710-1705*4_1710-896*4_1710-1704*4_1710-895*4_1710-897*4_1710-894*4_1710-898*4_1710-893*4_1710-899*4_1710-1703*4_1710-892*4_1710-900*4_1710-891*4_1710-901*4_1710-1614*4_1710-1702*4_1710-1613*4_1710-1805*4_1710-1612*4_1710-1804*4_1710-890*4_1710-902*4_1710-1611*4_1710-1803*4_1710-1610*4_1710-1802*4_1710-1701*4_1710-889*4_1710-903*4_1710-1609*4_1710-1801*4_1710-888*4_1710-904*4_1710-1608*4_1710-1700*4_1710-1800*4_1710-1607*4_1710-1799*4_1710-887*4_1710-905*4_1710-1699*4_1710-1606*4_1710-1798*4_1710-886*4_1710-906*4_1710-1698*4_950-951*2_1110-1907*2_1110-1917*2_950-952*2_950-2376*2_950-2375*2_1110-1906*2_1110-1918*2_950-2374*2_1110-1202*2_950-953*2_1110-1905*2_1110-1919*2_1110-1201*2_950-2373*2_1110-1008*2_1110-1200*2_1110-1904*2_950-954*2_950-2372*2_1110-1007*2_1110-1199*2_950-955*2_1110-1006*2_1110-1198*2_950-2371*2_950-956*2_950-2370*2_950-957*2_950-2276*2_950-2369*2_950-2275*2_950-854*2_950-958*2_950-853*2_950-855*2_950-852*2_950-856*2_950-2368*2_950-2274*2_950-851*2_950-857*2_950-850*2_950-858*2_950-959*2_950-2273*2_950-2367*2_950-849*2_950-859*2_950-848*2_950-860*2_950-2272*2_950-2472*2_950-2471*2_950-2473*2_950-2366*2_950-2470*2_950-2474*2_950-2469*2_950-2475*2_950-847*2_950-861*2_950-2468*2_950-2476*2_950-2271*2_950-2365*2_950-2467*2_950-846*2_950-862*2_950-2270*2_950-2466*2_1912-1005*2_1912-1197*2_1912-1004*2_1912-1196*2_1703-1697*5_1703-800*5_1703-1696*5_1703-799*5_1703-801*5_1703-798*5_1703-802*5_1703-797*5_1703-803*5_1703-1695*5_1703-796*5_1703-804*5_1703-1605*5_1703-1797*5_1703-1604*5_1703-1796*5_1703-795*5_1703-805*5_1703-1603*5_1703-1795*5_1703-1694*5_1703-794*5_1703-806*5_1703-1602*5_1703-1794*5_1703-793*5_1703-807*5_1703-1601*5_1703-1693*5_1703-1793*5_1703-792*5_1703-1600*5_1703-1692*5_1703-885*5_1703-907*5_1703-1599*5_1703-791*5_1703-1691*5_2467-2465*3_2467-2464*3_2467-863*3_2467-2463*3_2467-2462*3_2467-2461*3_2467-2460*3_2467-2459*3_2467-2458*3_2467-2457*3_2467-2364*3_2467-2456*3_2467-767*3_2467-766*3_2467-2363*3_2467-765*3_2467-764*3_2467-2455*3_2462-763*4_2462-2454*4_2462-762*4_2462-2362*4_2462-2453*4_2462-761*4_2462-2361*4_2462-760*4_2462-2360*4_2462-2452*4_2462-2359*4_2462-759*4_2462-2451*4_2462-2358*4_2462-758*4_2462-2450*4_1779-1772*5_1779-1771*5_1779-1770*5_708-701*5_1779-1769*5_708-700*5_1779-1676*5_1779-520*5_1779-1768*5_1779-519*5_1779-521*5_1779-518*5_1779-522*5_1779-1675*5_1779-1867*5_1779-517*5_1779-523*5_708-699*5_1779-516*5_1779-524*5_1779-1767*5_708-698*5_708-697*5_708-604*5_708-696*5_708-1592*5_696-695*6_696-1591*6_696-1593*6_696-694*6_696-1590*6_696-1594*6_696-693*6_696-1589*6_696-1595*6_696-692*6_696-1588*6_696-1596*6_696-691*6_696-1587*6_696-1597*6_696-690*6_696-702*6_696-1586*6_696-1598*6_696-689*6_696-703*6_696-1585*6_696-600*6_696-688*6_696-704*6_696-1496*6_696-1584*6_696-1688*6_696-599*6_696-601*6_696-1495*6_696-1497*6_696-1687*6_696-1689*6_696-598*6_696-602*6_696-790*6_696-1494*6_696-1498*6_696-1686*6_696-1690*6_696-597*6_696-603*6_696-789*6_696-1493*6_696-1499*6_696-1685*6_696-596*6_696-788*6_696-1492*6_696-1500*6_696-1684*6_696-687*6_696-705*6_696-1583*6_696-595*6_696-605*6_696-787*6_696-1491*6_696-1501*6_696-1683*6_696-594*6_696-606*6_696-686*6_696-706*6_696-786*6_696-1490*6_696-1502*6_696-1582*6_696-1682*6_696-593*6_696-607*6_696-785*6_696-1489*6_696-1503*6_696-1681*6_696-685*6_696-707*6_696-1581*6_696-592*6_696-608*6_696-784*6_696-1488*6_696-1504*6_696-1680*6_696-684*6_696-1580*6_1964-533*4_1964-532*4_1964-531*4_1964-530*4_1964-1956*4_1964-529*4_1964-1866*4_1964-1865*4_1964-528*4_1964-1864*4_1964-1955*4_1964-1863*4_1964-527*4_1964-1862*4_1964-1954*4_1964-1861*4_1964-526*4_1964-1953*4_1964-1860*4_1964-525*4_1964-440*4_1964-1952*4_1676-1677*6_1676-1674*6_1676-1678*6_1676-1673*6_1676-1679*6_1676-512*6_1676-1672*6_1676-511*6_1676-513*6_1676-609*6_1676-510*6_1676-514*6_1676-610*6_1676-509*6_1676-515*6_1676-611*6_1676-1671*6_1676-508*6_1676-612*6_1676-1670*6_1676-507*6_1676-613*6_1676-1669*6_1676-506*6_1676-614*6_1676-1668*6_1676-505*6_1676-615*6_1676-1579*6_1676-1773*6_1676-1578*6_1676-1774*6_1676-1577*6_1676-1775*6_1676-504*6_1676-1576*6_1676-1667*6_1676-1575*6_1676-503*6_1676-1574*6_1676-1666*6_1676-1766*6_1676-1573*6_1676-1765*6_1676-502*6_1676-1665*6_1676-1572*6_1676-1764*6_1676-501*6_1676-416*6_1676-1664*6_2451-2449*5_2451-2448*5_2451-671*5_2451-670*5_2451-2447*5_2451-669*5_2451-668*5_2451-2446*5_2451-667*5_2451-2445*5_2451-666*5_2451-2444*5_2451-665*5_2451-2355*5_2451-2443*5_2451-2354*5_2451-2356*5_2451-2353*5_2451-2357*5_2451-664*5_2451-2352*5_2451-2351*5_2451-2442*5_2451-2350*5_2451-663*5_2451-2349*5_2451-2441*5_2451-662*5_2451-2348*5_2451-2440*5_2451-575*5_2451-574*5_2451-2347*5_2451-573*5_2451-661*5_2451-572*5_2451-2439*5_2447-571*6_2447-2438*6_2447-570*6_2447-2346*6_2447-569*6_2447-2345*6_2447-2437*6_2447-568*6_2447-2344*6_2447-2436*6_2447-2343*6_2447-567*6_2447-2435*6_2151-2148*4_2151-555*4_2151-2147*4_2151-556*4_2151-2146*4_2151-557*4_2151-2145*4_2151-558*4_2151-456*4_2151-2144*4_2151-455*4_2151-457*4_2151-559*4_2151-454*4_2151-458*4_2151-453*4_2151-459*4_2151-2143*4_2151-2247*4_2151-452*4_2151-460*4_2151-560*4_2151-2246*4_2151-2248*4_2151-2245*4_2151-2249*4_2151-2244*4_2151-2250*4_2151-451*4_2151-461*4_2151-2243*4_2151-2251*4_2151-2142*4_2151-561*4_2151-450*4_2151-462*4_2151-2242*4_2151-2252*4_2151-652*4_2151-449*4_2151-463*4_2151-2141*4_2151-2241*4_2151-2253*4_2151-562*4_2151-653*4_2151-448*4_2151-464*4_2151-2048*4_2151-2240*4_2151-2254*4_2151-654*4_2151-2140*4_2151-563*4_2151-2047*4_2151-2239*4_2151-2255*4_2151-447*4_2151-465*4_2151-655*4_2151-2139*4_1498-683*7_1498-783*7_1498-682*7_1498-782*7_1498-781*7_1498-1505*7_1498-780*7_1498-681*7_1498-779*7_1498-1402*7_1498-1506*7_1498-1401*7_1498-1403*7_1498-680*7_1498-1400*7_1498-1404*7_1498-778*7_1498-1399*7_1498-1405*7_1498-1398*7_1498-1406*7_1498-1507*7_1498-679*7_1498-777*7_1498-1397*7_1498-1407*7_1498-776*7_1498-1396*7_1498-1408*7_1498-1508*7_1498-591*7_1498-590*7_1498-678*7_1498-589*7_1498-1395*7_1498-1409*7_1498-588*7_1498-775*7_1498-1487*7_1498-1509*7_1498-587*7_1498-677*7_1498-1394*7_1498-1410*7_1498-586*7_1498-774*7_1498-1486*7_1498-1510*7_1535-1165*5_1535-1164*5_1535-1163*5_1535-1162*5_1535-1161*5_1535-1439*5_1535-1068*5_1535-1160*5_1535-1438*5_1535-1437*5_1535-1436*5_1535-1067*5_1535-1435*5_1535-1159*5_1535-1066*5_1535-1434*5_1535-1065*5_1535-1433*5_1535-1158*5_1535-1064*5_1535-1432*5_1535-1157*5_1535-1431*5_1535-1063*5_1664-415*7_1664-417*7_1664-1663*7_1664-414*7_1664-418*7_1664-1662*7_1664-413*7_1664-419*7_1664-1661*7_1664-412*7_1664-420*7_1664-1660*7_1664-411*7_1664-421*7_1664-1659*7_1664-410*7_1664-422*7_1664-1658*7_1664-409*7_1664-423*7_1664-1657*7_1664-320*7_1664-408*7_1664-424*7_1664-1568*7_1664-1656*7_1664-1760*7_1664-319*7_1664-321*7_1664-1567*7_1664-1569*7_1664-1759*7_1664-1761*7_1664-318*7_1664-322*7_1664-1566*7_1664-1570*7_1664-1758*7_1664-1762*7_1664-317*7_1664-323*7_1664-1565*7_1664-1571*7_1664-1757*7_1664-1763*7_1664-316*7_1664-324*7_1664-1564*7_1664-1756*7_1664-407*7_1664-425*7_1664-1655*7_1664-315*7_1664-325*7_1664-1563*7_1664-1755*7_1664-314*7_1664-326*7_1664-406*7_1664-426*7_1664-1562*7_1664-1654*7_1664-1754*7_1664-313*7_1664-327*7_1664-1561*7_1664-1753*7_1664-405*7_1664-427*7_1664-1653*7_1664-312*7_1664-328*7_1664-1560*7_1664-1752*7_1664-404*7_1664-428*7_1664-1652*7_465-466*5_465-467*5_465-2238*5_465-468*5_465-2237*5_465-469*5_465-2236*5_465-470*5_465-2235*5_465-471*5_465-2234*5_465-472*5_465-2336*5_465-2233*5_465-2335*5_465-2337*5_465-2334*5_465-2338*5_465-2333*5_465-2339*5_465-369*5_465-473*5_465-368*5_465-370*5_465-2232*5_465-2332*5_465-2340*5_465-367*5_465-371*5_465-366*5_465-372*5_465-564*5_465-2331*5_465-2341*5_465-365*5_465-373*5_465-565*5_465-474*5_465-2231*5_465-2330*5_465-2342*5_465-364*5_465-374*5_465-566*5_465-2329*5_465-363*5_465-375*5_465-475*5_465-2230*5_465-362*5_465-376*5_465-2328*5_465-2138*5_465-476*5_465-2229*5_465-361*5_465-377*5_465-2137*5_465-2327*5_465-477*5_586-585*8_586-584*8_586-1392*8_586-1391*8_586-1393*8_586-1390*8_586-583*8_586-1389*8_586-582*8_586-1388*8_586-581*8_586-1387*8_586-580*8_586-1386*8_586-1485*8_586-579*8_586-1484*8_586-1385*8_586-1483*8_586-490*8_586-578*8_586-489*8_586-491*8_586-488*8_586-492*8_586-1384*8_586-1482*8_586-487*8_586-493*8_586-486*8_586-494*8_586-577*8_586-1383*8_586-1481*8_586-485*8_586-495*8_586-484*8_586-496*8_586-576*8_586-676*8_586-1296*8_586-1480*8_586-1295*8_586-1297*8_586-1294*8_586-1298*8_586-1382*8_586-1293*8_586-1299*8_586-483*8_586-497*8_586-675*8_586-1292*8_586-1300*8_586-1479*8_586-1291*8_586-1301*8_586-1381*8_586-482*8_586-498*8_586-674*8_586-1290*8_586-1302*8_586-1478*8_909-908*3_1654-1651*8_404-403*8_1654-1650*8_404-402*8_1654-1649*8_404-401*8_1654-224*8_1654-1648*8_404-400*8_404-1472*8_1654-223*8_1654-225*8_404-1471*8_404-1473*8_1654-222*8_1654-226*8_404-1470*8_404-1474*8_1654-221*8_1654-227*8_1654-1647*8_404-399*8_404-1469*8_404-1475*8_1654-220*8_1654-228*8_404-1468*8_404-1476*8_1654-219*8_1654-229*8_1654-1646*8_1654-1750*8_404-398*8_1654-1749*8_1654-1751*8_1654-1556*8_1654-1748*8_404-1467*8_404-1477*8_1654-218*8_1654-230*8_1654-1555*8_1654-1747*8_1654-1554*8_1654-1746*8_1654-1645*8_404-397*8_1654-217*8_1654-231*8_1654-329*8_404-1466*8_1654-1553*8_1654-1745*8_1654-216*8_1654-232*8_1654-1552*8_1654-1644*8_1654-1744*8_404-308*8_404-396*8_404-500*8_404-307*8_404-499*8_404-1465*8_1654-330*8_404-306*8_404-305*8_1654-1551*8_1654-1743*8_1654-215*8_1654-233*8_404-304*8_404-1464*8_1654-1643*8_404-395*8_1654-331*8_1654-1550*8_1654-1742*8_404-303*8_1654-214*8_1654-234*8_404-1463*8_1654-1642*8_404-302*8_404-394*8_404-301*8_404-1462*8_404-393*8_404-300*8_404-1461*8_404-392*8_404-1376*8_447-446*5_447-445*5_447-2046*5_447-444*5_447-2045*5_447-443*5_447-2044*5_447-442*5_447-2043*5_447-441*5_447-2042*5_447-1951*5_447-2041*5_447-1950*5_447-1949*5_447-351*5_447-439*5_447-350*5_447-352*5_447-1948*5_447-2040*5_447-349*5_447-353*5_447-348*5_447-354*5_447-1947*5_447-347*5_447-355*5_447-438*5_447-2039*5_447-1946*5_447-346*5_447-356*5_447-1945*5_447-345*5_447-357*5_447-437*5_447-2038*5_447-344*5_447-358*5_447-1944*5_447-436*5_447-2037*5_447-343*5_447-359*5_447-1943*5_447-435*5_303-299*9_303-1460*9_303-298*9_303-1459*9_303-297*9_303-309*9_303-1458*9_303-296*9_303-310*9_303-1368*9_303-1367*9_303-1369*9_303-1457*9_303-1366*9_303-1370*9_303-1365*9_303-1371*9_303-207*9_303-295*9_303-311*9_303-206*9_303-208*9_303-1364*9_303-1372*9_303-1456*9_303-205*9_303-209*9_303-204*9_303-210*9_303-1363*9_303-1373*9_303-203*9_303-211*9_303-294*9_303-1455*9_303-1559*9_303-1362*9_303-1374*9_303-1558*9_303-202*9_303-212*9_303-1557*9_303-1361*9_303-1375*9_303-201*9_303-213*9_303-293*9_303-1454*9_303-200*9_303-1360*9_303-292*9_303-1453*9_303-199*9_303-391*9_303-1359*9_303-1377*9_303-291*9_2137-360*6_2137-2136*6_469-478*6_2137-2135*6_469-378*6_469-379*6_469-479*6_2137-2134*6_469-2326*6_469-380*6_469-2432*6_469-2431*6_469-2433*6_469-2430*6_469-2434*6_469-381*6_469-2325*6_469-2429*6_2137-2133*6_469-2428*6_2137-2132*6_2137-2131*6_2137-2130*6_2137-2129*6_2137-264*6_2137-2128*6_2137-263*6_2137-265*6_2137-262*6_2137-266*6_2137-2036*6_2137-2228*6_2137-261*6_2137-267*6_2137-260*6_2137-268*6_2137-2035*6_2137-2127*6_2137-2227*6_2137-259*6_2137-269*6_2137-2034*6_2137-2226*6_2137-258*6_2137-270*6_2137-2126*6_2137-2033*6_2137-2225*6_2137-257*6_2137-271*6_2137-2125*6_216-1549*9_216-1548*9_216-1547*9_216-1546*9_216-1545*9_216-120*9_216-1544*9_216-119*9_216-121*9_216-118*9_216-122*9_216-117*9_216-123*9_216-116*9_216-124*9_216-1452*9_216-1543*9_216-115*9_216-125*9_216-1451*9_216-114*9_216-126*9_216-1450*9_216-1542*9_216-113*9_216-127*9_216-1449*9_216-1641*9_216-1541*9_216-112*9_216-128*9_216-1448*9_216-1640*9_216-1540*9_199-198*10_199-197*10_199-1358*10_199-196*10_199-1357*10_199-195*10_199-1356*10_199-194*10_199-1355*10_199-193*10_199-1354*10_199-192*10_199-1264*10_199-1263*10_199-1265*10_199-1353*10_199-1262*10_199-1266*10_199-1261*10_199-1267*10_199-103*10_199-102*10_199-104*10_199-1260*10_199-1268*10_199-1352*10_199-101*10_199-105*10_199-100*10_199-106*10_199-1259*10_199-1269*10_199-99*10_199-107*10_199-1351*10_199-1258*10_199-1270*10_199-98*10_199-108*10_199-290*10_199-1257*10_199-1271*10_199-97*10_199-109*10_199-289*10_199-1350*10_199-96*10_199-110*10_199-288*10_199-1256*10_199-1272*10_199-1349*10_199-111*10_199-1255*10_199-1273*10_435-434*6_435-433*6_435-432*6_435-1856*6_435-1855*6_435-1857*6_435-1854*6_435-1858*6_435-431*6_435-1853*6_435-1859*6_435-430*6_435-1852*6_435-1851*6_435-429*6_435-1850*6_435-1849*6_435-339*6_435-338*6_435-340*6_435-337*6_435-341*6_435-336*6_435-342*6_435-1848*6_435-335*6_435-334*6_435-1847*6_435-333*6_435-1846*6_435-332*6_435-1942*6_435-1845*6_1291-1289*9_1291-480*9_1291-1288*9_1291-481*9_1291-1287*9_1291-1286*9_1291-1285*9_1291-1284*9_1291-1283*9_1291-1282*9_1291-1281*9_1291-1380*9_1291-384*9_1291-1280*9_1291-385*9_1291-386*9_1291-1379*9_1291-387*9_1291-388*9_1291-1279*9_1291-1303*9_1410-1411*8_1410-1412*8_1410-1413*8_1410-773*8_1410-1414*8_1410-772*8_1410-1415*8_1410-771*8_1410-872*8_1410-1416*8_1410-871*8_1410-873*8_1410-770*8_1410-870*8_1410-874*8_1410-869*8_1410-875*8_1410-1417*8_1410-868*8_1410-876*8_1410-769*8_1410-867*8_1410-877*8_1410-1314*8_1410-1418*8_1410-1313*8_1410-1315*8_1410-768*8_1410-1312*8_1410-1316*8_1410-866*8_1410-878*8_1410-1311*8_1410-1317*8_1410-1310*8_1410-1318*8_1410-1419*8_1410-865*8_1410-879*8_1410-1309*8_1410-1319*8_1410-1511*8_1410-864*8_1410-880*8_1410-1308*8_1410-1320*8_1410-1420*8_1410-1512*8_1410-1307*8_1410-1321*8_1410-1513*8_1410-881*8_1410-1421*8_1410-1306*8_1410-1322*8_1410-1514*8_1410-882*8_1410-1422*8_2227-272*7_2227-2224*7_2227-273*7_2227-274*7_2227-2223*7_2227-275*7_2227-276*7_2227-2222*7_2227-277*7_2227-2221*7_2227-278*7_2227-2220*7_2227-279*7_2227-2219*7_2227-2323*7_2227-2322*7_2227-2324*7_2227-2321*7_2227-280*7_2227-2320*7_2227-2319*7_2227-2218*7_2227-2318*7_2227-281*7_2227-2217*7_2227-2317*7_2227-282*7_2227-2124*7_2227-2316*7_2227-176*7_2227-2216*7_2227-175*7_2227-177*7_2227-174*7_2227-178*7_2227-2123*7_2227-2315*7_2227-173*7_2227-179*7_2227-283*7_2227-172*7_2227-180*7_2227-2215*7_1351-1348*11_1351-1347*11_1351-1346*11_1351-1345*11_1351-8*11_1351-1344*11_1351-7*11_1351-9*11_1351-6*11_1351-10*11_1351-5*11_1351-11*11_1351-1447*11_1351-4*11_1351-12*11_1351-1254*11_1351-1446*11_1351-1253*11_1351-1445*11_1351-1252*11_1351-1444*11_1351-3*11_1351-13*11_1351-1251*11_1351-1443*11_1351-2*11_1351-14*11_1351-1250*11_1351-1442*11_1351-1*11_1351-15*11_1351-1249*11_1351-1441*11_1351-0*11_1351-16*11_1351-1248*11_1351-1440*11_1351-17*11_1158-1156*6_1158-1155*6_1158-1154*6_1158-1153*6_1158-1152*6_1158-1343*6_1158-1342*6_1158-1341*6_1158-1340*6_1158-1339*6_1158-1062*6_1158-1061*6_1158-1060*6_1158-1338*6_1158-1059*6_1158-1058*6_1158-1337*6_1158-1057*6_1158-1056*6_1158-1336*6_1158-1430*6_1158-1335*6_1158-1429*6_1158-1334*6_1320-1323*9_1320-1324*9_1320-1325*9_1320-1326*9_1320-1327*9_1320-960*9_1320-1328*9_1320-961*9_1320-962*9_1320-963*9_1320-964*9_1320-1329*9_1320-965*9_1320-966*9_1320-1330*9_1320-967*9_1320-1423*9_1320-1331*9_1320-968*9_1320-1424*9_1320-1332*9_122-1539*10_122-1639*10_122-1538*10_122-1638*10_122-1637*10_122-129*10_122-1636*10_122-1537*10_122-1635*10_122-26*10_122-130*10_122-25*10_122-27*10_122-24*10_122-28*10_122-1536*10_122-1634*10_122-23*10_122-29*10_122-22*10_122-30*10_122-131*10_122-1633*10_122-21*10_122-31*10_122-20*10_122-32*10_122-132*10_122-1632*10_122-19*10_122-33*10_122-133*10_122-18*10_122-34*10_122-134*10_842-843*2_842-844*2_842-845*2_842-2269*2_842-2268*2_842-2267*2_842-748*2_842-2266*2_842-749*2_842-750*2_842-2265*2_842-751*2_842-752*2_842-2264*2_842-753*2_842-2263*2_842-754*2_842-2262*2_1267-1274*11_1267-1275*11_1267-1276*11_1267-1277*11_1267-1278*11_336-1844*7_259-256*7_259-2032*7_259-2031*7_259-2030*7_336-1843*7_259-255*7_259-2029*7_336-1842*7_259-254*7_259-2028*7_259-2027*7_336-1841*7_259-253*7_259-2026*7_336-240*7_336-1840*7_336-239*7_336-241*7_259-252*7_336-238*7_336-242*7_336-237*7_336-243*7_336-1941*7_259-2025*7_336-236*7_336-244*7_259-2122*7_336-1839*7_259-163*7_259-251*7_259-162*7_259-164*7_259-161*7_259-165*7_336-235*7_336-245*7_259-160*7_259-166*7_259-2024*7_259-2121*7_336-246*7_336-1838*7_259-159*7_259-167*7_259-250*7_259-158*7_259-168*7_259-2120*7_259-2023*7_336-1837*7_259-157*7_259-169*7_259-249*7_259-2119*7_259-2022*7_259-156*7_259-170*7_336-1836*7_259-1935*7_259-1934*7_259-2118*7_259-155*7_259-171*7_259-1933*7_259-2021*7_259-1932*7_176-2214*8_176-2213*8_176-2212*8_176-181*8_176-2211*8_176-182*8_176-2210*8_176-183*8_176-2209*8_176-80*8_176-184*8_176-2208*8_176-2312*8_176-79*8_176-81*8_176-2311*8_176-2313*8_176-78*8_176-82*8_176-2310*8_176-2314*8_176-77*8_176-83*8_176-2117*8_176-2309*8_176-76*8_176-84*8_176-2116*8_176-2308*8_176-185*8_176-75*8_176-85*8_176-2115*8_176-2307*8_176-74*8_176-86*8_176-186*8_176-2114*8_176-2306*8_176-73*8_176-87*8_176-2113*8_176-2305*8_176-187*8_176-72*8_176-88*8_176-2112*8_176-2304*8_176-188*8_568-660*7_568-659*7_568-658*7_568-657*7_568-656*7_568-2256*7_250-248*8_250-1936*8_250-1937*8_250-1938*8_250-247*8_250-1939*8_250-1940*8_250-1931*8_250-1930*8_250-1929*8_250-154*8_250-153*8_250-152*8_250-1928*8_250-151*8_250-150*8_250-1927*8_250-149*8_250-148*8_250-1926*8_250-147*8_250-1835*8_250-1925*8_250-146*8_250-1834*8_28-35*11_28-36*11_28-37*11_28-38*11_28-39*11_28-40*11_28-1728*11_2428-2427*7_2428-2426*7_2428-2425*7_2428-2424*7_2428-383*7_2428-382*7_2428-2423*7_2428-2422*7_2428-2421*7_2428-2420*7_2428-2419*7_2428-2418*7_2428-2417*7_2428-2416*7_1752-1741*8_1752-1740*8_1925-1924*9_1925-1923*9_1925-1922*9_186-189*9_1925-1921*9_186-190*9_1925-56*9_1925-1920*9_1925-55*9_1925-57*9_1925-54*9_1925-58*9_186-191*9_1925-53*9_1925-59*9_1925-52*9_1925-60*9_186-2408*9_186-2407*9_186-2409*9_186-2406*9_186-2410*9_1925-51*9_1925-61*9_186-2405*9_186-2411*9_1925-145*9_186-2404*9_186-2412*9_1925-50*9_1925-62*9_1925-1829*9_1925-1828*9_1925-1830*9_1925-2020*9_1925-1827*9_1925-1831*9_1925-2019*9_186-2403*9_186-2413*9_186-90*9_1925-144*9_1925-1826*9_1925-1832*9_1925-2018*9_186-89*9_186-91*9_1925-49*9_1925-63*9_186-92*9_186-284*9_1925-1825*9_1925-1833*9_1925-2017*9_186-2402*9_186-2414*9_186-93*9_186-285*9_1925-48*9_1925-64*9_1925-1824*9_1925-2016*9_186-94*9_186-286*9_1925-143*9_186-2401*9_186-2415*9_186-95*9_186-287*9_1925-47*9_1925-65*9_1925-142*9_186-2400*9_1925-46*9_1925-66*9_1925-141*9_384-389*10_384-390*10_384-1378*10_72-71*9_72-70*9_72-69*9_72-68*9_72-67*9_982-979*5_982-978*5_982-977*5_982-976*5_982-1520*5_982-1519*5_982-1521*5_982-1518*5_982-1522*5_982-1517*5_982-975*5_982-1516*5_982-1515*5_982-974*5_982-884*5_982-883*5_982-973*5_982-972*5_982-971*5_982-970*5_1741-1739*9_1741-1738*9_1741-1737*9_1741-136*9_1741-1736*9_1741-135*9_1741-137*9_1741-138*9_1741-139*9_1741-1735*9_1741-140*9_1741-1734*9_1741-1733*9_1741-1732*9_1741-1731*9_1741-1730*9_1741-1729*9_1306-1305*9_1306-672*9_1306-1304*9_1306-673*9_1922-45*10_1729-41*10_1729-42*10_1729-43*10_1729-44*10_2271-755*3_2271-756*3_2271-757*3_2271-2261*3_2271-2260*3_2271-2259*3_970-969*6_970-1425*6_970-1426*6_970-1427*6_970-1428*6_970-1333*6_2259-2258*4_2259-2257*4_
