"id","Scenario","Actual Range","Protocol","Buildings","Total nodes","Nodes on circ","Total coverage","Coverage on circ","Alert received mean time","Hops","Slots","Messages sent","Messages received", "Starting x", "Starting y","Starting node", "Vehicle distance", "Received node ids", "Node ids", "Transmission map", "Received on circ nodes", "Transmission vector"
0,1,500,500,0,2112,46,2110,46,-1700,3.30435,2.82609,156,2110,100,100,0,25,1056_1_1057_2_1058_3_1059_4_1060_5_1061_6_1062_7_1063_8_88_1064_1144_89_1145_90_1146_91_1147_92_1148_9_1065_93_1149_10_94_1066_1150_95_1151_11_1067_96_1152_12_1068_97_1153_98_1154_13_1069_99_1155_14_1070_100_1156_15_1071_101_1157_16_176_1072_1232_177_1233_102_178_1158_1234_179_1235_180_1236_181_1237_17_103_1073_1159_182_1238_183_1239_104_184_1160_1240_18_1074_185_1241_105_1161_186_1242_19_1075_187_1243_106_1162_20_188_1076_1244_1427_210_1090_124_1180_1428_211_1091_1267_292_125_1181_1429_293_36_212_1092_1268_1430_374_126_294_1182_1350_115_1172_1082_116_1173_1083_117_1174_1084_1260_28_118_1175_1085_1261_360_1176_359_361_358_362_1086_1262_357_363_356_364_355_365_287_1087_1177_1263_354_366_353_367_1343_288_352_368_1088_1264_1344_1178_369_1345_289_1089_1265_370_1346_1179_371_1347_290_1266_372_1348_1269_1270_1271_456_1272_455_457_454_458_453_459_1273_452_460_1274_451_461_450_462_1275_449_463_1183_1276_448_464_1184_1360_1185_1277_1361_447_465_1186_1362_1278_446_1171_1187_1363_276_1279_1170_1188_1364_275_445_274_1169_1189_1365_444_544_1280_273_543_545_542_546_541_547_272_540_548_1168_1190_1366_443_539_549_1281_271_538_550_1167_1191_1367_537_551_270_442_1282_536_552_1166_1192_1368_136_1592_1498_269_441_535_553_1591_1283_1093_1165_1193_1369_137_268_1094_534_554_1497_1095_1590_440_1096_228_35_37_1164_1194_1284_1370_267_533_555_34_38_138_1097_33_39_1589_1532_32_40_1408_1496_1098_1450_31_41_532_556_1246_266_1099_1163_1195_1371_1451_1588_139_229_30_42_1285_1245_1533_1100_1452_29_43_531_557_265_1587_1196_1372_44_140_316_1081_1101_1453_230_1286_530_558_1534_27_45_1322_1586_264_1080_1102_1454_1197_1373_141_317_476_26_46_529_559_231_477_1079_1103_1287_1455_1535_1321_1585_478_1617_25_47_142_318_24_48_232_1320_1584_1688_1409_1410_1411_1412_1413_119_1414_1415_120_1416_1417_121_1418_1499_1500_1501_1502_1503_1105_128_1504_127_129_130_1106_131_132_49_1505_133_1107_50_134_1506_1108_135_51_1507_1109_52_1508_1593_1110_1594_53_1509_1111_1595_1543_1545_1205_1542_1546_54_1510_1541_1547_1540_1548_617_1596_616_1112_715_1539_1549_1206_479_569_655_1538_1550_55_1511_714_1597_1537_1551_1207_1113_713_1299_480_656_1536_1552_570_56_216_1512_1672_215_217_1673_214_218_1598_1674_712_1208_385_737_1553_213_219_1675_1114_220_1676_481_657_1439_1473_386_738_1554_221_1677_571_57_143_1513_1599_222_1678_387_739_1555_1115_223_1679_482_658_1438_1474_388_572_740_1388_1556_144_224_1600_1680_58_1514_225_1681_145_1601_226_1682_59_1515_227_1683_146_1602_60_1516_1684_1339_1340_1341_1342_285_286_291_1375_528_1104_640_1376_641_466_642_467_643_560_1456_1359_1377_1457_1458_468_644_1459_1460_469_561_645_1358_1378_1461_620_619_470_646_618_1462_562_1357_1379_471_647_1449_1463_563_472_648_1356_1380_1448_1464_1447_1465_473_649_564_1355_1381_1446_1466_474_650_565_1354_1382_1445_1467_475_651_566_1444_1468_1353_1383_652_1116_1443_1469_375_567_727_376_726_728_1352_1384_373_377_653_725_729_1117_378_724_730_379_723_731_1442_1470_380_722_732_568_654_1544_1351_1385_381_733_1118_382_734_1441_1471_383_735_1386_1119_709_708_710_384_736_1440_1472_1297_707_711_706_705_1349_1387_704_1120_1298_1209_1121_1210_1122_1211_1123_0_1077_189_1078_190_191_1247_192_1248_1249_107_193_1250_1251_194_108_1252_195_109_1253_277_196_1254_110_278_573_574_483_484_575_485_1630_1629_1631_576_1628_1632_486_1627_1633_1626_1634_487_577_1625_1635_488_1624_1636_578_659_1623_1637_660_489_579_661_1622_1638_490_662_1621_1639_580_663_491_664_1620_1640_581_492_665_1619_1641_582_666_493_1618_1642_667_1557_583_494_1643_668_1558_1718_1717_1719_584_1644_1716_1720_495_1715_1721_669_1714_1722_401_1713_1723_1559_1645_496_1712_1724_585_402_670_1711_1725_403_1374_1646_1710_1726_744_1560_497_671_743_745_586_742_746_741_747_1709_1727_404_748_749_1647_672_1708_1728_498_750_1561_405_587_751_1707_1729_752_1648_639_673_406_499_1562_1706_1730_621_622_623_1202_1201_1203_624_1200_1204_1199_1198_625_1124_626_1125_627_1126_628_1212_1127_629_716_1213_792_1128_793_630_794_717_795_1214_796_797_1129_631_718_798_1215_799_1130_1290_1289_1291_632_800_1216_1288_1292_719_1293_1294_801_1295_1131_1217_720_1296_633_802_803_1218_1132_721_634_804_1219_1300_1133_635_805_1301_1220_806_1134_1302_295_296_1432_1431_1433_1434_297_1435_298_299_300_1426_301_1425_206_302_205_207_204_208_1424_1338_203_209_202_303_1337_1423_201_200_284_304_1336_1520_1519_1521_1422_1518_1517_199_1335_283_305_1421_198_1334_282_306_197_1420_1333_281_307_1419_1332_280_308_1256_1255_1257_1258_1259_1331_279_309_1330_310_1329_114_122_113_123_311_112_1328_111_312_1608_1327_1607_1609_1606_1610_1605_1611_1604_1603_1326_313_1325_314_1766_155_1765_156_1764_157_1763_1863_158_1762_1862_1861_1860_61_1859_159_249_1761_62_1858_63_1857_64_160_1760_1856_250_65_1855_1877_423_1878_161_66_1854_251_1879_505_424_1880_1801_67_1853_506_162_68_252_1852_1563_1564_753_1649_754_1650_1565_755_1475_1651_1566_756_1476_1652_1567_757_1477_1653_832_1568_831_833_758_830_834_1478_1654_829_835_1731_828_836_1732_827_837_1733_759_1479_1569_1655_826_838_1734_825_839_1735_760_824_840_1480_1656_1736_674_1570_823_841_1737_761_1481_1657_822_842_1738_675_1571_821_843_1739_762_1482_1658_676_820_844_1572_1740_807_1303_808_1304_809_1305_810_1306_1221_811_1307_1222_812_1308_1223_813_1309_888_1224_887_889_814_886_890_1310_885_891_884_892_883_893_1389_815_1135_1225_1311_882_894_1390_881_895_1391_816_880_896_1136_1312_1392_1226_897_1393_817_1137_1313_898_1394_1227_899_1395_818_1138_1314_900_1228_1396_243_244_69_245_1782_70_246_326_1783_1851_71_247_327_1850_328_1784_1849_72_248_1848_1864_329_1785_1865_330_73_1866_163_331_1522_1612_1523_1613_638_637_1531_1139_1140_1141_1142_1143_1229_968_969_970_1230_971_972_973_1231_974_975_976_977_978_979_1315_980_1316_845_1741_846_1742_1659_847_1743_763_848_1660_1744_1745_849_764_1661_1746_850_765_1662_1747_851_1573_766_1748_1663_852_1574_1749_767_927_926_928_1664_677_853_925_929_924_930_923_931_1575_1750_922_932_678_768_854_1824_1665_1823_1825_921_933_1822_1826_1821_1827_920_934_1576_1820_1828_1751_1819_1829_679_855_919_935_769_1666_1818_1830_918_936_1752_1577_1817_1831_680_856_1816_1832_917_937_770_1667_1753_1815_1833_1578_916_938_681_857_1814_1834_771_939_636_819_1397_1398_1399_903_902_904_1400_901_905_906_907_1486_908_1401_909_910_1487_911_1402_912_1488_913_1403_1489_914_253_254_255_1867_256_1868_1952_1951_1953_1950_1954_1869_1949_1955_257_1948_1956_1870_258_1947_1957_1871_1946_1958_259_339_164_338_340_165_337_341_166_336_342_1872_1945_1959_167_335_343_260_168_334_344_1944_1960_1873_169_261_333_345_1943_1961_1874_170_332_346_262_1942_1962_171_347_1875_263_172_348_1941_1963_1876_173_349_1940_1964_2040_2039_2041_2038_2042_2037_2043_174_350_2036_2044_1939_1965_2035_2045_2034_2046_175_351_2033_2047_1938_1966_2032_2048_1937_1967_2031_2049_75_427_74_76_426_428_77_425_429_78_430_2030_2050_79_431_80_422_432_1936_1968_1789_2029_2051_81_421_433_1881_82_420_434_2028_2052_1969_1790_83_419_435_1882_84_418_436_2027_2053_1791_1970_85_417_437_2026_2054_1883_86_416_438_1792_1971_2025_2055_87_415_439_315_319_1695_320_1696_1697_1698_1699_1614_1524_1700_1615_1525_1701_400_1616_399_398_1526_1702_397_396_395_1527_1703_394_393_407_392_408_1528_1704_391_409_1529_1705_390_410_389_411_1530_412_1436_1767_149_148_150_147_151_152_1768_153_154_1769_1770_1771_1772_1773_1774_1775_238_239_240_1776_241_242_1777_1778_1779_1404_1317_1405_1318_1406_988_987_989_1319_1407_986_990_985_991_984_992_983_993_982_994_981_995_996_997_998_999_1495_1000_1001_1437_1694_1693_1692_321_322_323_324_325_413_1668_1669_1754_1670_1579_1755_1580_1756_1671_940_1581_1757_1016_1015_1017_1014_1018_941_1013_1019_1582_1758_1012_1020_1011_1021_942_1010_1022_1583_1759_1009_1023_1835_1008_1024_1836_943_1837_1838_1007_1025_1839_944_1840_1026_1841_1027_1842_945_858_1843_1028_1844_946_859_1029_1845_1030_947_1846_1324_1323_1813_682_1812_683_1811_684_1810_685_686_687_1903_588_688_1902_1904_1901_1905_1900_1906_1907_689_1908_772_1909_690_773_1910_774_691_1911_775_1031_1847_692_776_1912_1032_777_1913_693_1033_778_1914_694_779_948_1034_1915_780_695_1035_949_1916_781_1991_696_1990_1992_1036_1917_1989_1993_950_1988_1994_1987_1995_782_1996_1037_1918_697_1997_951_1998_783_1919_1999_698_862_784_2000_863_864_1920_2001_699_785_865_2002_1921_866_2003_236_235_1793_1794_1788_1787_1786_414_611_612_2069_613_589_590_591_1809_592_1808_1687_1689_1686_1690_1685_1691_233_234_237_1780_1781_1483_2024_1006_1005_1004_1003_1002_1494_1493_503_1802_502_1803_1804_501_1805_500_600_1896_599_601_598_597_596_1806_595_1897_594_1807_593_1898_1899_1986_615_1484_1485_1490_867_868_1922_869_1923_870_1924_861_871_1925_860_872_2008_2007_2009_1926_2006_2010_2005_2011_873_2004_2012_1927_2013_874_954_953_955_952_956_1928_2014_957_958_875_1929_2015_959_876_960_2016_1930_961_2017_877_1931_786_962_2018_878_787_963_1932_2019_788_964_879_1933_2020_789_965_2096_2095_2097_1934_2094_2098_2021_2093_2099_790_966_2092_2100_2091_2101_1935_2022_2090_2102_791_967_2089_2103_1042_1041_1043_1040_1044_2088_2104_2023_1039_1045_1038_1046_2087_2105_1047_1048_2086_2106_1049_2085_2107_1050_1051_2084_2108_700_1052_2083_2109_701_1053_2082_2110_702_1054_23_1795_1796_1797_1798_1799_504_1800_507_508_509_510_511_1889_512_1888_1890_1887_1886_1885_1893_1884_1894_515_614_2072_2071_2073_2070_2074_2075_2068_2076_2067_2077_2066_2078_524_525_2065_2079_526_527_703_2064_2080_2063_2081_2062_2061_2060_2059_2058_2057_2056_915_1491_1492_602_603_1895_604_605_606_607_1985_608_1984_1983_609_1982_610_1981_1980_1979_516_1978_517_518_1977_519_520_1976_521_1975_522_1974_523_1973_1972_514_513_1891_1892_1055_2111_,0_1_2_3_4_5_6_7_8_9_10_11_12_13_14_15_16_17_18_19_20_21_22_23_24_25_26_27_28_29_30_31_32_33_34_35_36_37_38_39_40_41_42_43_44_45_46_47_48_49_50_51_52_53_54_55_56_57_58_59_60_61_62_63_64_65_66_67_68_69_70_71_72_73_74_75_76_77_78_79_80_81_82_83_84_85_86_87_88_89_90_91_92_93_94_95_96_97_98_99_100_101_102_103_104_105_106_107_108_109_110_111_112_113_114_115_116_117_118_119_120_121_122_123_124_125_126_127_128_129_130_131_132_133_134_135_136_137_138_139_140_141_142_143_144_145_146_147_148_149_150_151_152_153_154_155_156_157_158_159_160_161_162_163_164_165_166_167_168_169_170_171_172_173_174_175_176_177_178_179_180_181_182_183_184_185_186_187_188_189_190_191_192_193_194_195_196_197_198_199_200_201_202_203_204_205_206_207_208_209_210_211_212_213_214_215_216_217_218_219_220_221_222_223_224_225_226_227_228_229_230_231_232_233_234_235_236_237_238_239_240_241_242_243_244_245_246_247_248_249_250_251_252_253_254_255_256_257_258_259_260_261_262_263_264_265_266_267_268_269_270_271_272_273_274_275_276_277_278_279_280_281_282_283_284_285_286_287_288_289_290_291_292_293_294_295_296_297_298_299_300_301_302_303_304_305_306_307_308_309_310_311_312_313_314_315_316_317_318_319_320_321_322_323_324_325_326_327_328_329_330_331_332_333_334_335_336_337_338_339_340_341_342_343_344_345_346_347_348_349_350_351_352_353_354_355_356_357_358_359_360_361_362_363_364_365_366_367_368_369_370_371_372_373_374_375_376_377_378_379_380_381_382_383_384_385_386_387_388_389_390_391_392_393_394_395_396_397_398_399_400_401_402_403_404_405_406_407_408_409_410_411_412_413_414_415_416_417_418_419_420_421_422_423_424_425_426_427_428_429_430_431_432_433_434_435_436_437_438_439_440_441_442_443_444_445_446_447_448_449_450_451_452_453_454_455_456_457_458_459_460_461_462_463_464_465_466_467_468_469_470_471_472_473_474_475_476_477_478_479_480_481_482_483_484_485_486_487_488_489_490_491_492_493_494_495_496_497_498_499_500_501_502_503_504_505_506_507_508_509_510_511_512_513_514_515_516_517_518_519_520_521_522_523_524_525_526_527_528_529_530_531_532_533_534_535_536_537_538_539_540_541_542_543_544_545_546_547_548_549_550_551_552_553_554_555_556_557_558_559_560_561_562_563_564_565_566_567_568_569_570_571_572_573_574_575_576_577_578_579_580_581_582_583_584_585_586_587_588_589_590_591_592_593_594_595_596_597_598_599_600_601_602_603_604_605_606_607_608_609_610_611_612_613_614_615_616_617_618_619_620_621_622_623_624_625_626_627_628_629_630_631_632_633_634_635_636_637_638_639_640_641_642_643_644_645_646_647_648_649_650_651_652_653_654_655_656_657_658_659_660_661_662_663_664_665_666_667_668_669_670_671_672_673_674_675_676_677_678_679_680_681_682_683_684_685_686_687_688_689_690_691_692_693_694_695_696_697_698_699_700_701_702_703_704_705_706_707_708_709_710_711_712_713_714_715_716_717_718_719_720_721_722_723_724_725_726_727_728_729_730_731_732_733_734_735_736_737_738_739_740_741_742_743_744_745_746_747_748_749_750_751_752_753_754_755_756_757_758_759_760_761_762_763_764_765_766_767_768_769_770_771_772_773_774_775_776_777_778_779_780_781_782_783_784_785_786_787_788_789_790_791_792_793_794_795_796_797_798_799_800_801_802_803_804_805_806_807_808_809_810_811_812_813_814_815_816_817_818_819_820_821_822_823_824_825_826_827_828_829_830_831_832_833_834_835_836_837_838_839_840_841_842_843_844_845_846_847_848_849_850_851_852_853_854_855_856_857_858_859_860_861_862_863_864_865_866_867_868_869_870_871_872_873_874_875_876_877_878_879_880_881_882_883_884_885_886_887_888_889_890_891_892_893_894_895_896_897_898_899_900_901_902_903_904_905_906_907_908_909_910_911_912_913_914_915_916_917_918_919_920_921_922_923_924_925_926_927_928_929_930_931_932_933_934_935_936_937_938_939_940_941_942_943_944_945_946_947_948_949_950_951_952_953_954_955_956_957_958_959_960_961_962_963_964_965_966_967_968_969_970_971_972_973_974_975_976_977_978_979_980_981_982_983_984_985_986_987_988_989_990_991_992_993_994_995_996_997_998_999_1000_1001_1002_1003_1004_1005_1006_1007_1008_1009_1010_1011_1012_1013_1014_1015_1016_1017_1018_1019_1020_1021_1022_1023_1024_1025_1026_1027_1028_1029_1030_1031_1032_1033_1034_1035_1036_1037_1038_1039_1040_1041_1042_1043_1044_1045_1046_1047_1048_1049_1050_1051_1052_1053_1054_1055_1056_1057_1058_1059_1060_1061_1062_1063_1064_1065_1066_1067_1068_1069_1070_1071_1072_1073_1074_1075_1076_1077_1078_1079_1080_1081_1082_1083_1084_1085_1086_1087_1088_1089_1090_1091_1092_1093_1094_1095_1096_1097_1098_1099_1100_1101_1102_1103_1104_1105_1106_1107_1108_1109_1110_1111_1112_1113_1114_1115_1116_1117_1118_1119_1120_1121_1122_1123_1124_1125_1126_1127_1128_1129_1130_1131_1132_1133_1134_1135_1136_1137_1138_1139_1140_1141_1142_1143_1144_1145_1146_1147_1148_1149_1150_1151_1152_1153_1154_1155_1156_1157_1158_1159_1160_1161_1162_1163_1164_1165_1166_1167_1168_1169_1170_1171_1172_1173_1174_1175_1176_1177_1178_1179_1180_1181_1182_1183_1184_1185_1186_1187_1188_1189_1190_1191_1192_1193_1194_1195_1196_1197_1198_1199_1200_1201_1202_1203_1204_1205_1206_1207_1208_1209_1210_1211_1212_1213_1214_1215_1216_1217_1218_1219_1220_1221_1222_1223_1224_1225_1226_1227_1228_1229_1230_1231_1232_1233_1234_1235_1236_1237_1238_1239_1240_1241_1242_1243_1244_1245_1246_1247_1248_1249_1250_1251_1252_1253_1254_1255_1256_1257_1258_1259_1260_1261_1262_1263_1264_1265_1266_1267_1268_1269_1270_1271_1272_1273_1274_1275_1276_1277_1278_1279_1280_1281_1282_1283_1284_1285_1286_1287_1288_1289_1290_1291_1292_1293_1294_1295_1296_1297_1298_1299_1300_1301_1302_1303_1304_1305_1306_1307_1308_1309_1310_1311_1312_1313_1314_1315_1316_1317_1318_1319_1320_1321_1322_1323_1324_1325_1326_1327_1328_1329_1330_1331_1332_1333_1334_1335_1336_1337_1338_1339_1340_1341_1342_1343_1344_1345_1346_1347_1348_1349_1350_1351_1352_1353_1354_1355_1356_1357_1358_1359_1360_1361_1362_1363_1364_1365_1366_1367_1368_1369_1370_1371_1372_1373_1374_1375_1376_1377_1378_1379_1380_1381_1382_1383_1384_1385_1386_1387_1388_1389_1390_1391_1392_1393_1394_1395_1396_1397_1398_1399_1400_1401_1402_1403_1404_1405_1406_1407_1408_1409_1410_1411_1412_1413_1414_1415_1416_1417_1418_1419_1420_1421_1422_1423_1424_1425_1426_1427_1428_1429_1430_1431_1432_1433_1434_1435_1436_1437_1438_1439_1440_1441_1442_1443_1444_1445_1446_1447_1448_1449_1450_1451_1452_1453_1454_1455_1456_1457_1458_1459_1460_1461_1462_1463_1464_1465_1466_1467_1468_1469_1470_1471_1472_1473_1474_1475_1476_1477_1478_1479_1480_1481_1482_1483_1484_1485_1486_1487_1488_1489_1490_1491_1492_1493_1494_1495_1496_1497_1498_1499_1500_1501_1502_1503_1504_1505_1506_1507_1508_1509_1510_1511_1512_1513_1514_1515_1516_1517_1518_1519_1520_1521_1522_1523_1524_1525_1526_1527_1528_1529_1530_1531_1532_1533_1534_1535_1536_1537_1538_1539_1540_1541_1542_1543_1544_1545_1546_1547_1548_1549_1550_1551_1552_1553_1554_1555_1556_1557_1558_1559_1560_1561_1562_1563_1564_1565_1566_1567_1568_1569_1570_1571_1572_1573_1574_1575_1576_1577_1578_1579_1580_1581_1582_1583_1584_1585_1586_1587_1588_1589_1590_1591_1592_1593_1594_1595_1596_1597_1598_1599_1600_1601_1602_1603_1604_1605_1606_1607_1608_1609_1610_1611_1612_1613_1614_1615_1616_1617_1618_1619_1620_1621_1622_1623_1624_1625_1626_1627_1628_1629_1630_1631_1632_1633_1634_1635_1636_1637_1638_1639_1640_1641_1642_1643_1644_1645_1646_1647_1648_1649_1650_1651_1652_1653_1654_1655_1656_1657_1658_1659_1660_1661_1662_1663_1664_1665_1666_1667_1668_1669_1670_1671_1672_1673_1674_1675_1676_1677_1678_1679_1680_1681_1682_1683_1684_1685_1686_1687_1688_1689_1690_1691_1692_1693_1694_1695_1696_1697_1698_1699_1700_1701_1702_1703_1704_1705_1706_1707_1708_1709_1710_1711_1712_1713_1714_1715_1716_1717_1718_1719_1720_1721_1722_1723_1724_1725_1726_1727_1728_1729_1730_1731_1732_1733_1734_1735_1736_1737_1738_1739_1740_1741_1742_1743_1744_1745_1746_1747_1748_1749_1750_1751_1752_1753_1754_1755_1756_1757_1758_1759_1760_1761_1762_1763_1764_1765_1766_1767_1768_1769_1770_1771_1772_1773_1774_1775_1776_1777_1778_1779_1780_1781_1782_1783_1784_1785_1786_1787_1788_1789_1790_1791_1792_1793_1794_1795_1796_1797_1798_1799_1800_1801_1802_1803_1804_1805_1806_1807_1808_1809_1810_1811_1812_1813_1814_1815_1816_1817_1818_1819_1820_1821_1822_1823_1824_1825_1826_1827_1828_1829_1830_1831_1832_1833_1834_1835_1836_1837_1838_1839_1840_1841_1842_1843_1844_1845_1846_1847_1848_1849_1850_1851_1852_1853_1854_1855_1856_1857_1858_1859_1860_1861_1862_1863_1864_1865_1866_1867_1868_1869_1870_1871_1872_1873_1874_1875_1876_1877_1878_1879_1880_1881_1882_1883_1884_1885_1886_1887_1888_1889_1890_1891_1892_1893_1894_1895_1896_1897_1898_1899_1900_1901_1902_1903_1904_1905_1906_1907_1908_1909_1910_1911_1912_1913_1914_1915_1916_1917_1918_1919_1920_1921_1922_1923_1924_1925_1926_1927_1928_1929_1930_1931_1932_1933_1934_1935_1936_1937_1938_1939_1940_1941_1942_1943_1944_1945_1946_1947_1948_1949_1950_1951_1952_1953_1954_1955_1956_1957_1958_1959_1960_1961_1962_1963_1964_1965_1966_1967_1968_1969_1970_1971_1972_1973_1974_1975_1976_1977_1978_1979_1980_1981_1982_1983_1984_1985_1986_1987_1988_1989_1990_1991_1992_1993_1994_1995_1996_1997_1998_1999_2000_2001_2002_2003_2004_2005_2006_2007_2008_2009_2010_2011_2012_2013_2014_2015_2016_2017_2018_2019_2020_2021_2022_2023_2024_2025_2026_2027_2028_2029_2030_2031_2032_2033_2034_2035_2036_2037_2038_2039_2040_2041_2042_2043_2044_2045_2046_2047_2048_2049_2050_2051_2052_2053_2054_2055_2056_2057_2058_2059_2060_2061_2062_2063_2064_2065_2066_2067_2068_2069_2070_2071_2072_2073_2074_2075_2076_2077_2078_2079_2080_2081_2082_2083_2084_2085_2086_2087_2088_2089_2090_2091_2092_2093_2094_2095_2096_2097_2098_2099_2100_2101_2102_2103_2104_2105_2106_2107_2108_2109_2110_2111_,0:{1056;1;1057;2;1058;3;1059;4;1060;5;1061;6;1062;7;1063;8;88;1064;1144;89;1145;90;1146;91;1147;92;1148;9;1065;93;1149;10;94;1066;1150;95;1151;11;1067;96;1152;12;1068;97;1153;98;1154;13;1069;99;1155;14;1070;100;1156;15;1071;101;1157;16;176;1072;1232;177;1233;102;178;1158;1234;179;1235;180;1236;181;1237;17;103;1073;1159;182;1238;183;1239;104;184;1160;1240;18;1074;185;1241;105;1161;186;1242;19;1075;187;1243;106;1162;20;188;1076;1244;}15:{1409;1410;1411;1412;1413;119;1414;1415;120;1416;1417;121;1418;}40:{1499;1500;1501;1502;1503;128;1504;127;129;130;131;132;49;1505;133;50;134;1506;135;51;1507;52;1508;1593;1594;53;1509;1595;54;1510;1596;55;1511;1597;56;216;1512;1672;215;217;1673;214;218;1598;1674;213;219;1675;220;1676;221;1677;57;143;1513;1599;222;1678;223;1679;144;224;1600;1680;58;1514;225;1681;145;1601;226;1682;59;1515;227;1683;146;1602;60;1516;1684;}61:{1767;149;148;150;147;151;152;1768;153;154;1769;1770;1771;1772;1773;1774;1775;238;239;240;1776;241;242;1777;1778;1779;}77:{2024;}90:{0;1077;189;1078;190;191;1247;192;1248;1249;107;193;1250;1251;194;108;1252;195;109;1253;277;196;1254;110;278;}98:{115;116;117;28;118;}104:{1339;1340;1341;1342;285;286;291;}106:{1427;210;124;1428;211;292;125;1429;293;36;212;1430;126;294;}143:{243;244;69;245;1782;70;246;326;1783;1851;71;247;327;1850;328;1784;1849;72;248;1848;1864;329;1785;1865;330;73;1866;163;331;}212:{136;1592;1498;1591;137;1497;1590;228;35;37;34;38;138;33;39;1589;32;40;1408;1496;31;41;1588;139;229;30;42;29;43;1587;44;140;316;230;27;45;1322;1586;141;317;26;46;231;1321;1585;25;47;142;318;24;48;232;1320;1584;1688;}214:{1324;1323;}224:{315;319;1695;320;1696;1697;1698;1699;1614;1524;1700;1615;1525;1701;400;1616;399;398;1526;1702;397;396;395;1527;1703;394;393;407;392;408;1528;1704;391;409;1529;1705;390;410;389;411;1530;412;1436;}232:{1766;155;1765;156;1764;157;1763;1863;158;1762;1862;1861;1860;61;1859;159;249;1761;62;1858;63;1857;64;160;1760;1856;250;65;1855;161;66;1854;251;67;1853;162;68;252;1852;}251:{253;254;255;1867;256;1868;1952;1951;1953;1950;1954;1869;1949;1955;257;1948;1956;1870;258;1947;1957;1871;1946;1958;259;339;164;338;340;165;337;341;166;336;342;1872;1945;1959;167;335;343;260;168;334;344;1944;1960;1873;169;261;333;345;1943;1961;1874;170;332;346;262;1942;1962;171;347;1875;263;172;348;1941;1963;1876;173;349;1940;1964;2040;2039;2041;2038;2042;2037;2043;174;350;2036;2044;1939;1965;2035;2045;2034;2046;175;351;2033;2047;1938;1966;2032;2048;1937;1967;2031;2049;75;427;74;76;426;428;77;425;429;78;430;2030;2050;79;431;80;422;432;1936;1968;1789;2029;2051;81;421;433;1881;82;420;434;2028;2052;1969;1790;83;419;435;1882;84;418;436;2027;2053;1791;1970;85;417;437;2026;2054;1883;86;416;438;1792;1971;2025;2055;87;415;439;}294:{295;296;1432;1431;1433;1434;297;1435;298;299;300;1426;301;1425;206;302;205;207;204;208;1424;1338;203;209;202;303;1337;1423;201;200;284;304;1336;1520;1519;1521;1422;1518;1517;199;1335;283;305;1421;198;1334;282;306;197;1420;1333;281;307;1419;1332;280;308;1256;1255;1257;1258;1259;1331;279;309;1330;310;1329;114;122;113;123;311;112;1328;111;312;1608;1327;1607;1609;1606;1610;1605;1611;1604;1603;1326;313;1325;314;}307:{1437;1694;1693;1692;321;322;323;324;325;413;}318:{1877;423;1878;1879;505;424;1880;1801;506;}425:{1793;1794;1788;1787;1786;414;611;612;2069;613;}441:{1105;1106;1107;1108;1109;1110;1111;617;616;1112;1113;1114;1115;}533:{528;1104;620;619;618;1116;1117;1118;1119;709;708;710;707;711;706;705;704;1120;1209;1121;1210;1122;1211;1123;}548:{1205;715;1206;714;1207;713;1299;712;1208;}551:{1375;640;1376;641;466;642;467;643;560;1456;1359;1377;1457;1458;468;644;1459;1460;469;561;645;1358;1378;1461;470;646;1462;562;1357;1379;471;647;1449;1463;563;472;648;1356;1380;1448;1464;1447;1465;473;649;564;1355;1381;1446;1466;474;650;565;1354;1382;1445;1467;475;651;566;1444;1468;1353;1383;652;1443;1469;375;567;727;376;726;728;1352;1384;373;377;653;725;729;378;724;730;379;723;731;1442;1470;380;722;732;568;654;1544;1351;1385;381;733;382;734;1441;1471;383;735;1386;384;736;1440;1472;1297;1349;1387;1298;}552:{1543;1545;1542;1546;1541;1547;1540;1548;1539;1549;479;569;655;1538;1550;1537;1551;480;656;1536;1552;570;385;737;1553;481;657;1439;1473;386;738;1554;571;387;739;1555;482;658;1438;1474;388;572;740;1388;1556;}612:{614;2072;2071;2073;2070;2074;2075;2068;2076;2067;2077;2066;2078;524;525;2065;2079;526;527;703;2064;2080;2063;2081;2062;2061;2060;2059;2058;2057;2056;}712:{807;1303;808;1304;809;1305;810;1306;1221;811;1307;1222;812;1308;1223;813;1309;888;1224;887;889;814;886;890;1310;885;891;884;892;883;893;1389;815;1135;1225;1311;882;894;1390;881;895;1391;816;880;896;1136;1312;1392;1226;897;1393;817;1137;1313;898;1394;1227;899;1395;818;1138;1314;900;1228;1396;}727:{636;819;1397;1398;1399;903;902;904;1400;901;905;906;907;1486;908;1401;909;910;1487;911;1402;912;1488;913;1403;1489;914;}751:{845;1741;846;1742;1659;847;1743;763;848;1660;1744;1745;849;764;1661;1746;850;765;1662;1747;851;1573;766;1748;1663;852;1574;1749;767;927;926;928;1664;677;853;925;929;924;930;923;931;1575;1750;922;932;678;768;854;1824;1665;1823;1825;921;933;1822;1826;1821;1827;920;934;1576;1820;1828;1751;1819;1829;679;855;919;935;769;1666;1818;1830;918;936;1752;1577;1817;1831;680;856;1816;1832;917;937;770;1667;1753;1815;1833;1578;916;938;681;857;1814;1834;771;939;}866:{867;868;1922;869;1923;870;1924;861;871;1925;860;872;2008;2007;2009;1926;2006;2010;2005;2011;873;2004;2012;1927;2013;874;954;953;955;952;956;1928;2014;957;958;875;1929;2015;959;876;960;2016;1930;961;2017;877;1931;786;962;2018;878;787;963;1932;2019;788;964;879;1933;2020;789;965;2096;2095;2097;1934;2094;2098;2021;2093;2099;790;966;2092;2100;2091;2101;1935;2022;2090;2102;791;967;2089;2103;1042;1041;1043;1040;1044;2088;2104;2023;1039;1045;1038;1046;2087;2105;1047;1048;2086;2106;1049;2085;2107;1050;1051;2084;2108;700;1052;2083;2109;701;1053;2082;2110;702;1054;}900:{1404;1317;1405;1318;1406;988;987;989;1319;1407;986;990;985;991;984;992;983;993;982;994;981;995;996;997;998;999;1495;1000;1001;}931:{1031;1847;1032;1033;948;1034;1035;949;1036;950;1037;951;}1016:{1006;1005;1004;1003;1002;1494;1493;}1044:{1055;2111;}1114:{621;622;623;1202;1201;1203;624;1200;1204;1199;1198;625;1124;626;1125;627;1126;628;1212;1127;629;716;1213;792;1128;793;630;794;717;795;1214;796;797;1129;631;718;798;1215;799;1130;1290;1289;1291;632;800;1216;1288;1292;719;1293;1294;801;1295;1131;1217;720;1296;633;802;803;1218;1132;721;634;804;1219;1300;1133;635;805;1301;1220;806;1134;1302;}1128:{1139;1140;1141;1142;1143;1229;968;969;970;1230;971;972;973;1231;974;975;976;977;978;979;1315;980;1316;}1160:{1172;1082;1173;1083;1174;1084;1260;1175;1085;1261;360;1176;359;361;358;362;1086;1262;357;363;356;364;355;365;287;1087;1177;1263;354;366;353;367;1343;288;352;368;1088;1264;1344;1178;369;1345;289;1089;1265;370;1346;1179;371;1347;290;1266;372;1348;}1162:{1090;1180;1091;1267;1181;1092;1268;374;1182;1350;}1267:{1269;1270;1271;456;1272;455;457;454;458;453;459;1273;452;460;1274;451;461;450;462;1275;449;463;1183;1276;448;464;1184;1360;1185;1277;1361;447;465;1186;1362;1278;446;1171;1187;1363;276;1279;1170;1188;1364;275;445;274;1169;1189;1365;444;544;1280;273;543;545;542;546;541;547;272;540;548;1168;1190;1366;443;539;549;1281;271;538;550;1167;1191;1367;537;551;270;442;1282;536;552;1166;1192;1368;269;441;535;553;1283;1093;1165;1193;1369;268;1094;534;554;1095;440;1096;1164;1194;1284;1370;267;533;555;1097;1098;1450;532;556;266;1099;1163;1195;1371;1451;1285;1100;1452;531;557;265;1196;1372;1081;1101;1453;1286;530;558;264;1080;1102;1454;1197;1373;529;559;1079;1103;1287;1455;}1304:{1483;}1390:{915;1491;1492;}1429:{1532;1246;1245;1533;1534;476;477;1535;478;1617;}1505:{23;}1542:{573;574;483;484;575;485;1630;1629;1631;576;1628;1632;486;1627;1633;1626;1634;487;577;1625;1635;488;1624;1636;578;659;1623;1637;660;489;579;661;1622;1638;490;662;1621;1639;580;663;491;664;1620;1640;581;492;665;1619;1641;582;666;493;1618;1642;667;1557;583;494;1643;668;1558;1718;1717;1719;584;1644;1716;1720;495;1715;1721;669;1714;1722;401;1713;1723;1559;1645;496;1712;1724;585;402;670;1711;1725;403;1374;1646;1710;1726;744;1560;497;671;743;745;586;742;746;741;747;1709;1727;404;748;749;1647;672;1708;1728;498;750;1561;405;587;751;1707;1729;752;1648;639;673;406;499;1562;1706;1730;}1551:{638;637;1531;}1552:{1563;1564;753;1649;754;1650;1565;755;1475;1651;1566;756;1476;1652;1567;757;1477;1653;832;1568;831;833;758;830;834;1478;1654;829;835;1731;828;836;1732;827;837;1733;759;1479;1569;1655;826;838;1734;825;839;1735;760;824;840;1480;1656;1736;674;1570;823;841;1737;761;1481;1657;822;842;1738;675;1571;821;843;1739;762;1482;1658;676;820;844;1572;1740;}1560:{1484;1485;1490;}1593:{1522;1612;1523;1613;}1600:{1687;1689;1686;1690;1685;1691;233;234;237;1780;1781;}1612:{1795;1796;1797;1798;1799;504;1800;}1644:{589;590;591;1809;592;1808;}1658:{1668;1669;1754;1670;1579;1755;1580;1756;1671;940;1581;1757;1016;1015;1017;1014;1018;941;1013;1019;1582;1758;1012;1020;1011;1021;942;1010;1022;1583;1759;1009;1023;1835;1008;1024;1836;943;1837;1838;1007;1025;1839;944;1840;1026;1841;1027;1842;945;858;1843;1028;1844;946;859;1029;1845;1030;947;1846;}1762:{236;235;}1801:{507;508;509;510;511;1889;512;1888;1890;1887;1886;1885;1893;1884;1894;515;}1815:{1813;682;1812;683;1811;684;1810;685;686;687;1903;588;688;1902;1904;1901;1905;1900;1906;1907;689;1908;772;1909;690;773;1910;774;691;1911;775;692;776;1912;777;1913;693;778;1914;694;779;1915;780;695;1916;781;1991;696;1990;1992;1917;1989;1993;1988;1994;1987;1995;782;1996;1918;697;1997;1998;783;1919;1999;698;862;784;2000;863;864;1920;2001;699;785;865;2002;1921;866;2003;}1883:{503;1802;502;1803;1804;501;1805;500;600;1896;599;601;598;597;596;1806;595;1897;594;1807;593;1898;1899;1986;615;}1901:{602;603;1895;604;605;606;607;1985;608;1984;1983;609;1982;610;1981;1980;1979;516;1978;517;518;1977;519;520;1976;521;1975;522;1974;523;1973;1972;}1971:{514;513;1891;1892;},39_40_41_127_128_212_213_295_296_297_375_376_377_440_441_442_443_444_445_446_447_448_449_1095_1096_1097_1183_1184_1268_1269_1351_1352_1353_1431_1432_1433_1496_1497_1498_1499_1500_1501_1502_1503_1504_1505_,0-1056*0_0-1*0_0-1057*0_0-2*0_0-1058*0_0-3*0_0-1059*0_0-4*0_0-1060*0_0-5*0_0-1061*0_0-6*0_0-1062*0_0-7*0_0-1063*0_0-8*0_0-88*0_0-1064*0_0-1144*0_0-89*0_0-1145*0_0-90*0_0-1146*0_0-91*0_0-1147*0_0-92*0_0-1148*0_0-9*0_0-1065*0_0-93*0_0-1149*0_0-10*0_0-94*0_0-1066*0_0-1150*0_0-95*0_0-1151*0_0-11*0_0-1067*0_0-96*0_0-1152*0_0-12*0_0-1068*0_0-97*0_0-1153*0_0-98*0_0-1154*0_0-13*0_0-1069*0_0-99*0_0-1155*0_0-14*0_0-1070*0_0-100*0_0-1156*0_0-15*0_0-1071*0_0-101*0_0-1157*0_0-16*0_0-176*0_0-1072*0_0-1232*0_0-177*0_0-1233*0_0-102*0_0-178*0_0-1158*0_0-1234*0_0-179*0_0-1235*0_0-180*0_0-1236*0_0-181*0_0-1237*0_0-17*0_0-103*0_0-1073*0_0-1159*0_0-182*0_0-1238*0_0-183*0_0-1239*0_0-104*0_0-184*0_0-1160*0_0-1240*0_0-18*0_0-1074*0_0-185*0_0-1241*0_0-105*0_0-1161*0_0-186*0_0-1242*0_0-19*0_0-1075*0_0-187*0_0-1243*0_0-106*0_0-1162*0_0-20*0_0-188*0_0-1076*0_0-1244*0_106-1427*1_106-210*1_1162-1090*1_106-124*1_1162-1180*1_106-1428*1_106-211*1_1162-1091*1_1162-1267*1_106-292*1_106-125*1_1162-1181*1_106-1429*1_106-293*1_106-36*1_106-212*1_1162-1092*1_1162-1268*1_106-1430*1_1162-374*1_106-126*1_106-294*1_1162-1182*1_1162-1350*1_98-115*1_1160-1172*1_1160-1082*1_98-116*1_1160-1173*1_1160-1083*1_98-117*1_1160-1174*1_1160-1084*1_1160-1260*1_98-28*1_98-118*1_1160-1175*1_1160-1085*1_1160-1261*1_1160-360*1_1160-1176*1_1160-359*1_1160-361*1_1160-358*1_1160-362*1_1160-1086*1_1160-1262*1_1160-357*1_1160-363*1_1160-356*1_1160-364*1_1160-355*1_1160-365*1_1160-287*1_1160-1087*1_1160-1177*1_1160-1263*1_1160-354*1_1160-366*1_1160-353*1_1160-367*1_1160-1343*1_1160-288*1_1160-352*1_1160-368*1_1160-1088*1_1160-1264*1_1160-1344*1_1160-1178*1_1160-369*1_1160-1345*1_1160-289*1_1160-1089*1_1160-1265*1_1160-370*1_1160-1346*1_1160-1179*1_1160-371*1_1160-1347*1_1160-290*1_1160-1266*1_1160-372*1_1160-1348*1_1267-1269*2_1267-1270*2_1267-1271*2_1267-456*2_1267-1272*2_1267-455*2_1267-457*2_1267-454*2_1267-458*2_1267-453*2_1267-459*2_1267-1273*2_1267-452*2_1267-460*2_1267-1274*2_1267-451*2_1267-461*2_1267-450*2_1267-462*2_1267-1275*2_1267-449*2_1267-463*2_1267-1183*2_1267-1276*2_1267-448*2_1267-464*2_1267-1184*2_1267-1360*2_1267-1185*2_1267-1277*2_1267-1361*2_1267-447*2_1267-465*2_1267-1186*2_1267-1362*2_1267-1278*2_1267-446*2_1267-1171*2_1267-1187*2_1267-1363*2_1267-276*2_1267-1279*2_1267-1170*2_1267-1188*2_1267-1364*2_1267-275*2_1267-445*2_1267-274*2_1267-1169*2_1267-1189*2_1267-1365*2_1267-444*2_1267-544*2_1267-1280*2_1267-273*2_1267-543*2_1267-545*2_1267-542*2_1267-546*2_1267-541*2_1267-547*2_1267-272*2_1267-540*2_1267-548*2_1267-1168*2_1267-1190*2_1267-1366*2_1267-443*2_1267-539*2_1267-549*2_1267-1281*2_1267-271*2_1267-538*2_1267-550*2_1267-1167*2_1267-1191*2_1267-1367*2_1267-537*2_1267-551*2_1267-270*2_1267-442*2_1267-1282*2_1267-536*2_1267-552*2_1267-1166*2_1267-1192*2_1267-1368*2_212-136*2_212-1592*2_212-1498*2_1267-269*2_1267-441*2_1267-535*2_1267-553*2_212-1591*2_1267-1283*2_1267-1093*2_1267-1165*2_1267-1193*2_1267-1369*2_212-137*2_1267-268*2_1267-1094*2_1267-534*2_1267-554*2_212-1497*2_1267-1095*2_212-1590*2_1267-440*2_1267-1096*2_212-228*2_212-35*2_212-37*2_1267-1164*2_1267-1194*2_1267-1284*2_1267-1370*2_1267-267*2_1267-533*2_1267-555*2_212-34*2_212-38*2_212-138*2_1267-1097*2_212-33*2_212-39*2_212-1589*2_1429-1532*2_212-32*2_212-40*2_212-1408*2_212-1496*2_1267-1098*2_1267-1450*2_212-31*2_212-41*2_1267-532*2_1267-556*2_1429-1246*2_1267-266*2_1267-1099*2_1267-1163*2_1267-1195*2_1267-1371*2_1267-1451*2_212-1588*2_212-139*2_212-229*2_212-30*2_212-42*2_1267-1285*2_1429-1245*2_1429-1533*2_1267-1100*2_1267-1452*2_212-29*2_212-43*2_1267-531*2_1267-557*2_1267-265*2_212-1587*2_1267-1196*2_1267-1372*2_212-44*2_212-140*2_212-316*2_1267-1081*2_1267-1101*2_1267-1453*2_212-230*2_1267-1286*2_1267-530*2_1267-558*2_1429-1534*2_212-27*2_212-45*2_212-1322*2_212-1586*2_1267-264*2_1267-1080*2_1267-1102*2_1267-1454*2_1267-1197*2_1267-1373*2_212-141*2_212-317*2_1429-476*2_212-26*2_212-46*2_1267-529*2_1267-559*2_212-231*2_1429-477*2_1267-1079*2_1267-1103*2_1267-1287*2_1267-1455*2_1429-1535*2_212-1321*2_212-1585*2_1429-478*2_1429-1617*2_212-25*2_212-47*2_212-142*2_212-318*2_212-24*2_212-48*2_212-232*2_212-1320*2_212-1584*2_212-1688*2_15-1409*1_15-1410*1_15-1411*1_15-1412*1_15-1413*1_15-119*1_15-1414*1_15-1415*1_15-120*1_15-1416*1_15-1417*1_15-121*1_15-1418*1_40-1499*3_40-1500*3_40-1501*3_40-1502*3_40-1503*3_441-1105*3_40-128*3_40-1504*3_40-127*3_40-129*3_40-130*3_441-1106*3_40-131*3_40-132*3_40-49*3_40-1505*3_40-133*3_441-1107*3_40-50*3_40-134*3_40-1506*3_441-1108*3_40-135*3_40-51*3_40-1507*3_441-1109*3_40-52*3_40-1508*3_40-1593*3_441-1110*3_40-1594*3_40-53*3_40-1509*3_441-1111*3_40-1595*3_552-1543*3_552-1545*3_548-1205*3_552-1542*3_552-1546*3_40-54*3_40-1510*3_552-1541*3_552-1547*3_552-1540*3_552-1548*3_441-617*3_40-1596*3_441-616*3_441-1112*3_548-715*3_552-1539*3_552-1549*3_548-1206*3_552-479*3_552-569*3_552-655*3_552-1538*3_552-1550*3_40-55*3_40-1511*3_548-714*3_40-1597*3_552-1537*3_552-1551*3_548-1207*3_441-1113*3_548-713*3_548-1299*3_552-480*3_552-656*3_552-1536*3_552-1552*3_552-570*3_40-56*3_40-216*3_40-1512*3_40-1672*3_40-215*3_40-217*3_40-1673*3_40-214*3_40-218*3_40-1598*3_40-1674*3_548-712*3_548-1208*3_552-385*3_552-737*3_552-1553*3_40-213*3_40-219*3_40-1675*3_441-1114*3_40-220*3_40-1676*3_552-481*3_552-657*3_552-1439*3_552-1473*3_552-386*3_552-738*3_552-1554*3_40-221*3_40-1677*3_552-571*3_40-57*3_40-143*3_40-1513*3_40-1599*3_40-222*3_40-1678*3_552-387*3_552-739*3_552-1555*3_441-1115*3_40-223*3_40-1679*3_552-482*3_552-658*3_552-1438*3_552-1474*3_552-388*3_552-572*3_552-740*3_552-1388*3_552-1556*3_40-144*3_40-224*3_40-1600*3_40-1680*3_40-58*3_40-1514*3_40-225*3_40-1681*3_40-145*3_40-1601*3_40-226*3_40-1682*3_40-59*3_40-1515*3_40-227*3_40-1683*3_40-146*3_40-1602*3_40-60*3_40-1516*3_40-1684*3_104-1339*1_104-1340*1_104-1341*1_104-1342*1_104-285*1_104-286*1_104-291*1_551-1375*3_533-528*3_533-1104*3_551-640*3_551-1376*3_551-641*3_551-466*3_551-642*3_551-467*3_551-643*3_551-560*3_551-1456*3_551-1359*3_551-1377*3_551-1457*3_551-1458*3_551-468*3_551-644*3_551-1459*3_551-1460*3_551-469*3_551-561*3_551-645*3_551-1358*3_551-1378*3_551-1461*3_533-620*3_533-619*3_551-470*3_551-646*3_533-618*3_551-1462*3_551-562*3_551-1357*3_551-1379*3_551-471*3_551-647*3_551-1449*3_551-1463*3_551-563*3_551-472*3_551-648*3_551-1356*3_551-1380*3_551-1448*3_551-1464*3_551-1447*3_551-1465*3_551-473*3_551-649*3_551-564*3_551-1355*3_551-1381*3_551-1446*3_551-1466*3_551-474*3_551-650*3_551-565*3_551-1354*3_551-1382*3_551-1445*3_551-1467*3_551-475*3_551-651*3_551-566*3_551-1444*3_551-1468*3_551-1353*3_551-1383*3_551-652*3_533-1116*3_551-1443*3_551-1469*3_551-375*3_551-567*3_551-727*3_551-376*3_551-726*3_551-728*3_551-1352*3_551-1384*3_551-373*3_551-377*3_551-653*3_551-725*3_551-729*3_533-1117*3_551-378*3_551-724*3_551-730*3_551-379*3_551-723*3_551-731*3_551-1442*3_551-1470*3_551-380*3_551-722*3_551-732*3_551-568*3_551-654*3_551-1544*3_551-1351*3_551-1385*3_551-381*3_551-733*3_533-1118*3_551-382*3_551-734*3_551-1441*3_551-1471*3_551-383*3_551-735*3_551-1386*3_533-1119*3_533-709*3_533-708*3_533-710*3_551-384*3_551-736*3_551-1440*3_551-1472*3_551-1297*3_533-707*3_533-711*3_533-706*3_533-705*3_551-1349*3_551-1387*3_533-704*3_533-1120*3_551-1298*3_533-1209*3_533-1121*3_533-1210*3_533-1122*3_533-1211*3_533-1123*3_90-0*1_90-1077*1_90-189*1_90-1078*1_90-190*1_90-191*1_90-1247*1_90-192*1_90-1248*1_90-1249*1_90-107*1_90-193*1_90-1250*1_90-1251*1_90-194*1_90-108*1_90-1252*1_90-195*1_90-109*1_90-1253*1_90-277*1_90-196*1_90-1254*1_90-110*1_90-278*1_1542-573*4_1542-574*4_1542-483*4_1542-484*4_1542-575*4_1542-485*4_1542-1630*4_1542-1629*4_1542-1631*4_1542-576*4_1542-1628*4_1542-1632*4_1542-486*4_1542-1627*4_1542-1633*4_1542-1626*4_1542-1634*4_1542-487*4_1542-577*4_1542-1625*4_1542-1635*4_1542-488*4_1542-1624*4_1542-1636*4_1542-578*4_1542-659*4_1542-1623*4_1542-1637*4_1542-660*4_1542-489*4_1542-579*4_1542-661*4_1542-1622*4_1542-1638*4_1542-490*4_1542-662*4_1542-1621*4_1542-1639*4_1542-580*4_1542-663*4_1542-491*4_1542-664*4_1542-1620*4_1542-1640*4_1542-581*4_1542-492*4_1542-665*4_1542-1619*4_1542-1641*4_1542-582*4_1542-666*4_1542-493*4_1542-1618*4_1542-1642*4_1542-667*4_1542-1557*4_1542-583*4_1542-494*4_1542-1643*4_1542-668*4_1542-1558*4_1542-1718*4_1542-1717*4_1542-1719*4_1542-584*4_1542-1644*4_1542-1716*4_1542-1720*4_1542-495*4_1542-1715*4_1542-1721*4_1542-669*4_1542-1714*4_1542-1722*4_1542-401*4_1542-1713*4_1542-1723*4_1542-1559*4_1542-1645*4_1542-496*4_1542-1712*4_1542-1724*4_1542-585*4_1542-402*4_1542-670*4_1542-1711*4_1542-1725*4_1542-403*4_1542-1374*4_1542-1646*4_1542-1710*4_1542-1726*4_1542-744*4_1542-1560*4_1542-497*4_1542-671*4_1542-743*4_1542-745*4_1542-586*4_1542-742*4_1542-746*4_1542-741*4_1542-747*4_1542-1709*4_1542-1727*4_1542-404*4_1542-748*4_1542-749*4_1542-1647*4_1542-672*4_1542-1708*4_1542-1728*4_1542-498*4_1542-750*4_1542-1561*4_1542-405*4_1542-587*4_1542-751*4_1542-1707*4_1542-1729*4_1542-752*4_1542-1648*4_1542-639*4_1542-673*4_1542-406*4_1542-499*4_1542-1562*4_1542-1706*4_1542-1730*4_1114-621*4_1114-622*4_1114-623*4_1114-1202*4_1114-1201*4_1114-1203*4_1114-624*4_1114-1200*4_1114-1204*4_1114-1199*4_1114-1198*4_1114-625*4_1114-1124*4_1114-626*4_1114-1125*4_1114-627*4_1114-1126*4_1114-628*4_1114-1212*4_1114-1127*4_1114-629*4_1114-716*4_1114-1213*4_1114-792*4_1114-1128*4_1114-793*4_1114-630*4_1114-794*4_1114-717*4_1114-795*4_1114-1214*4_1114-796*4_1114-797*4_1114-1129*4_1114-631*4_1114-718*4_1114-798*4_1114-1215*4_1114-799*4_1114-1130*4_1114-1290*4_1114-1289*4_1114-1291*4_1114-632*4_1114-800*4_1114-1216*4_1114-1288*4_1114-1292*4_1114-719*4_1114-1293*4_1114-1294*4_1114-801*4_1114-1295*4_1114-1131*4_1114-1217*4_1114-720*4_1114-1296*4_1114-633*4_1114-802*4_1114-803*4_1114-1218*4_1114-1132*4_1114-721*4_1114-634*4_1114-804*4_1114-1219*4_1114-1300*4_1114-1133*4_1114-635*4_1114-805*4_1114-1301*4_1114-1220*4_1114-806*4_1114-1134*4_1114-1302*4_294-295*2_294-296*2_294-1432*2_294-1431*2_294-1433*2_294-1434*2_294-297*2_294-1435*2_294-298*2_294-299*2_294-300*2_294-1426*2_294-301*2_294-1425*2_294-206*2_294-302*2_294-205*2_294-207*2_294-204*2_294-208*2_294-1424*2_294-1338*2_294-203*2_294-209*2_294-202*2_294-303*2_294-1337*2_294-1423*2_294-201*2_294-200*2_294-284*2_294-304*2_294-1336*2_294-1520*2_294-1519*2_294-1521*2_294-1422*2_294-1518*2_294-1517*2_294-199*2_294-1335*2_294-283*2_294-305*2_294-1421*2_294-198*2_294-1334*2_294-282*2_294-306*2_294-197*2_294-1420*2_294-1333*2_294-281*2_294-307*2_294-1419*2_294-1332*2_294-280*2_294-308*2_294-1256*2_294-1255*2_294-1257*2_294-1258*2_294-1259*2_294-1331*2_294-279*2_294-309*2_294-1330*2_294-310*2_294-1329*2_294-114*2_294-122*2_294-113*2_294-123*2_294-311*2_294-112*2_294-1328*2_294-111*2_294-312*2_294-1608*2_294-1327*2_294-1607*2_294-1609*2_294-1606*2_294-1610*2_294-1605*2_294-1611*2_294-1604*2_294-1603*2_294-1326*2_294-313*2_294-1325*2_294-314*2_232-1766*3_232-155*3_232-1765*3_232-156*3_232-1764*3_232-157*3_232-1763*3_232-1863*3_232-158*3_232-1762*3_232-1862*3_232-1861*3_232-1860*3_232-61*3_232-1859*3_232-159*3_232-249*3_232-1761*3_232-62*3_232-1858*3_232-63*3_232-1857*3_232-64*3_232-160*3_232-1760*3_232-1856*3_232-250*3_232-65*3_232-1855*3_318-1877*3_318-423*3_318-1878*3_232-161*3_232-66*3_232-1854*3_232-251*3_318-1879*3_318-505*3_318-424*3_318-1880*3_318-1801*3_232-67*3_232-1853*3_318-506*3_232-162*3_232-68*3_232-252*3_232-1852*3_1552-1563*4_1552-1564*4_1552-753*4_1552-1649*4_1552-754*4_1552-1650*4_1552-1565*4_1552-755*4_1552-1475*4_1552-1651*4_1552-1566*4_1552-756*4_1552-1476*4_1552-1652*4_1552-1567*4_1552-757*4_1552-1477*4_1552-1653*4_1552-832*4_1552-1568*4_1552-831*4_1552-833*4_1552-758*4_1552-830*4_1552-834*4_1552-1478*4_1552-1654*4_1552-829*4_1552-835*4_1552-1731*4_1552-828*4_1552-836*4_1552-1732*4_1552-827*4_1552-837*4_1552-1733*4_1552-759*4_1552-1479*4_1552-1569*4_1552-1655*4_1552-826*4_1552-838*4_1552-1734*4_1552-825*4_1552-839*4_1552-1735*4_1552-760*4_1552-824*4_1552-840*4_1552-1480*4_1552-1656*4_1552-1736*4_1552-674*4_1552-1570*4_1552-823*4_1552-841*4_1552-1737*4_1552-761*4_1552-1481*4_1552-1657*4_1552-822*4_1552-842*4_1552-1738*4_1552-675*4_1552-1571*4_1552-821*4_1552-843*4_1552-1739*4_1552-762*4_1552-1482*4_1552-1658*4_1552-676*4_1552-820*4_1552-844*4_1552-1572*4_1552-1740*4_712-807*4_712-1303*4_712-808*4_712-1304*4_712-809*4_712-1305*4_712-810*4_712-1306*4_712-1221*4_712-811*4_712-1307*4_712-1222*4_712-812*4_712-1308*4_712-1223*4_712-813*4_712-1309*4_712-888*4_712-1224*4_712-887*4_712-889*4_712-814*4_712-886*4_712-890*4_712-1310*4_712-885*4_712-891*4_712-884*4_712-892*4_712-883*4_712-893*4_712-1389*4_712-815*4_712-1135*4_712-1225*4_712-1311*4_712-882*4_712-894*4_712-1390*4_712-881*4_712-895*4_712-1391*4_712-816*4_712-880*4_712-896*4_712-1136*4_712-1312*4_712-1392*4_712-1226*4_712-897*4_712-1393*4_712-817*4_712-1137*4_712-1313*4_712-898*4_712-1394*4_712-1227*4_712-899*4_712-1395*4_712-818*4_712-1138*4_712-1314*4_712-900*4_712-1228*4_712-1396*4_143-243*4_143-244*4_143-69*4_143-245*4_143-1782*4_143-70*4_143-246*4_143-326*4_143-1783*4_143-1851*4_143-71*4_143-247*4_143-327*4_143-1850*4_143-328*4_143-1784*4_143-1849*4_143-72*4_143-248*4_143-1848*4_143-1864*4_143-329*4_143-1785*4_143-1865*4_143-330*4_143-73*4_143-1866*4_143-163*4_143-331*4_1593-1522*4_1593-1612*4_1593-1523*4_1593-1613*4_1551-638*4_1551-637*4_1551-1531*4_1128-1139*5_1128-1140*5_1128-1141*5_1128-1142*5_1128-1143*5_1128-1229*5_1128-968*5_1128-969*5_1128-970*5_1128-1230*5_1128-971*5_1128-972*5_1128-973*5_1128-1231*5_1128-974*5_1128-975*5_1128-976*5_1128-977*5_1128-978*5_1128-979*5_1128-1315*5_1128-980*5_1128-1316*5_751-845*5_751-1741*5_751-846*5_751-1742*5_751-1659*5_751-847*5_751-1743*5_751-763*5_751-848*5_751-1660*5_751-1744*5_751-1745*5_751-849*5_751-764*5_751-1661*5_751-1746*5_751-850*5_751-765*5_751-1662*5_751-1747*5_751-851*5_751-1573*5_751-766*5_751-1748*5_751-1663*5_751-852*5_751-1574*5_751-1749*5_751-767*5_751-927*5_751-926*5_751-928*5_751-1664*5_751-677*5_751-853*5_751-925*5_751-929*5_751-924*5_751-930*5_751-923*5_751-931*5_751-1575*5_751-1750*5_751-922*5_751-932*5_751-678*5_751-768*5_751-854*5_751-1824*5_751-1665*5_751-1823*5_751-1825*5_751-921*5_751-933*5_751-1822*5_751-1826*5_751-1821*5_751-1827*5_751-920*5_751-934*5_751-1576*5_751-1820*5_751-1828*5_751-1751*5_751-1819*5_751-1829*5_751-679*5_751-855*5_751-919*5_751-935*5_751-769*5_751-1666*5_751-1818*5_751-1830*5_751-918*5_751-936*5_751-1752*5_751-1577*5_751-1817*5_751-1831*5_751-680*5_751-856*5_751-1816*5_751-1832*5_751-917*5_751-937*5_751-770*5_751-1667*5_751-1753*5_751-1815*5_751-1833*5_751-1578*5_751-916*5_751-938*5_751-681*5_751-857*5_751-1814*5_751-1834*5_751-771*5_751-939*5_727-636*4_727-819*4_727-1397*4_727-1398*4_727-1399*4_727-903*4_727-902*4_727-904*4_727-1400*4_727-901*4_727-905*4_727-906*4_727-907*4_727-1486*4_727-908*4_727-1401*4_727-909*4_727-910*4_727-1487*4_727-911*4_727-1402*4_727-912*4_727-1488*4_727-913*4_727-1403*4_727-1489*4_727-914*4_251-253*4_251-254*4_251-255*4_251-1867*4_251-256*4_251-1868*4_251-1952*4_251-1951*4_251-1953*4_251-1950*4_251-1954*4_251-1869*4_251-1949*4_251-1955*4_251-257*4_251-1948*4_251-1956*4_251-1870*4_251-258*4_251-1947*4_251-1957*4_251-1871*4_251-1946*4_251-1958*4_251-259*4_251-339*4_251-164*4_251-338*4_251-340*4_251-165*4_251-337*4_251-341*4_251-166*4_251-336*4_251-342*4_251-1872*4_251-1945*4_251-1959*4_251-167*4_251-335*4_251-343*4_251-260*4_251-168*4_251-334*4_251-344*4_251-1944*4_251-1960*4_251-1873*4_251-169*4_251-261*4_251-333*4_251-345*4_251-1943*4_251-1961*4_251-1874*4_251-170*4_251-332*4_251-346*4_251-262*4_251-1942*4_251-1962*4_251-171*4_251-347*4_251-1875*4_251-263*4_251-172*4_251-348*4_251-1941*4_251-1963*4_251-1876*4_251-173*4_251-349*4_251-1940*4_251-1964*4_251-2040*4_251-2039*4_251-2041*4_251-2038*4_251-2042*4_251-2037*4_251-2043*4_251-174*4_251-350*4_251-2036*4_251-2044*4_251-1939*4_251-1965*4_251-2035*4_251-2045*4_251-2034*4_251-2046*4_251-175*4_251-351*4_251-2033*4_251-2047*4_251-1938*4_251-1966*4_251-2032*4_251-2048*4_251-1937*4_251-1967*4_251-2031*4_251-2049*4_251-75*4_251-427*4_251-74*4_251-76*4_251-426*4_251-428*4_251-77*4_251-425*4_251-429*4_251-78*4_251-430*4_251-2030*4_251-2050*4_251-79*4_251-431*4_251-80*4_251-422*4_251-432*4_251-1936*4_251-1968*4_251-1789*4_251-2029*4_251-2051*4_251-81*4_251-421*4_251-433*4_251-1881*4_251-82*4_251-420*4_251-434*4_251-2028*4_251-2052*4_251-1969*4_251-1790*4_251-83*4_251-419*4_251-435*4_251-1882*4_251-84*4_251-418*4_251-436*4_251-2027*4_251-2053*4_251-1791*4_251-1970*4_251-85*4_251-417*4_251-437*4_251-2026*4_251-2054*4_251-1883*4_251-86*4_251-416*4_251-438*4_251-1792*4_251-1971*4_251-2025*4_251-2055*4_251-87*4_251-415*4_251-439*4_224-315*4_224-319*4_224-1695*4_224-320*4_224-1696*4_224-1697*4_224-1698*4_224-1699*4_224-1614*4_224-1524*4_224-1700*4_224-1615*4_224-1525*4_224-1701*4_224-400*4_224-1616*4_224-399*4_224-398*4_224-1526*4_224-1702*4_224-397*4_224-396*4_224-395*4_224-1527*4_224-1703*4_224-394*4_224-393*4_224-407*4_224-392*4_224-408*4_224-1528*4_224-1704*4_224-391*4_224-409*4_224-1529*4_224-1705*4_224-390*4_224-410*4_224-389*4_224-411*4_224-1530*4_224-412*4_224-1436*4_61-1767*4_61-149*4_61-148*4_61-150*4_61-147*4_61-151*4_61-152*4_61-1768*4_61-153*4_61-154*4_61-1769*4_61-1770*4_61-1771*4_61-1772*4_61-1773*4_61-1774*4_61-1775*4_61-238*4_61-239*4_61-240*4_61-1776*4_61-241*4_61-242*4_61-1777*4_61-1778*4_61-1779*4_900-1404*5_900-1317*5_900-1405*5_900-1318*5_900-1406*5_900-988*5_900-987*5_900-989*5_900-1319*5_900-1407*5_900-986*5_900-990*5_900-985*5_900-991*5_900-984*5_900-992*5_900-983*5_900-993*5_900-982*5_900-994*5_900-981*5_900-995*5_900-996*5_900-997*5_900-998*5_900-999*5_900-1495*5_900-1000*5_900-1001*5_307-1437*3_307-1694*3_307-1693*3_307-1692*3_307-321*3_307-322*3_307-323*3_307-324*3_307-325*3_307-413*3_1658-1668*5_1658-1669*5_1658-1754*5_1658-1670*5_1658-1579*5_1658-1755*5_1658-1580*5_1658-1756*5_1658-1671*5_1658-940*5_1658-1581*5_1658-1757*5_1658-1016*5_1658-1015*5_1658-1017*5_1658-1014*5_1658-1018*5_1658-941*5_1658-1013*5_1658-1019*5_1658-1582*5_1658-1758*5_1658-1012*5_1658-1020*5_1658-1011*5_1658-1021*5_1658-942*5_1658-1010*5_1658-1022*5_1658-1583*5_1658-1759*5_1658-1009*5_1658-1023*5_1658-1835*5_1658-1008*5_1658-1024*5_1658-1836*5_1658-943*5_1658-1837*5_1658-1838*5_1658-1007*5_1658-1025*5_1658-1839*5_1658-944*5_1658-1840*5_1658-1026*5_1658-1841*5_1658-1027*5_1658-1842*5_1658-945*5_1658-858*5_1658-1843*5_1658-1028*5_1658-1844*5_1658-946*5_1658-859*5_1658-1029*5_1658-1845*5_1658-1030*5_1658-947*5_1658-1846*5_214-1324*4_214-1323*4_1815-1813*6_1815-682*6_1815-1812*6_1815-683*6_1815-1811*6_1815-684*6_1815-1810*6_1815-685*6_1815-686*6_1815-687*6_1815-1903*6_1815-588*6_1815-688*6_1815-1902*6_1815-1904*6_1815-1901*6_1815-1905*6_1815-1900*6_1815-1906*6_1815-1907*6_1815-689*6_1815-1908*6_1815-772*6_1815-1909*6_1815-690*6_1815-773*6_1815-1910*6_1815-774*6_1815-691*6_1815-1911*6_1815-775*6_931-1031*6_931-1847*6_1815-692*6_1815-776*6_1815-1912*6_931-1032*6_1815-777*6_1815-1913*6_1815-693*6_931-1033*6_1815-778*6_1815-1914*6_1815-694*6_1815-779*6_931-948*6_931-1034*6_1815-1915*6_1815-780*6_1815-695*6_931-1035*6_931-949*6_1815-1916*6_1815-781*6_1815-1991*6_1815-696*6_1815-1990*6_1815-1992*6_931-1036*6_1815-1917*6_1815-1989*6_1815-1993*6_931-950*6_1815-1988*6_1815-1994*6_1815-1987*6_1815-1995*6_1815-782*6_1815-1996*6_931-1037*6_1815-1918*6_1815-697*6_1815-1997*6_931-951*6_1815-1998*6_1815-783*6_1815-1919*6_1815-1999*6_1815-698*6_1815-862*6_1815-784*6_1815-2000*6_1815-863*6_1815-864*6_1815-1920*6_1815-2001*6_1815-699*6_1815-785*6_1815-865*6_1815-2002*6_1815-1921*6_1815-866*6_1815-2003*6_1762-236*4_1762-235*4_425-1793*5_425-1794*5_425-1788*5_425-1787*5_425-1786*5_425-414*5_425-611*5_425-612*5_425-2069*5_425-613*5_1644-589*5_1644-590*5_1644-591*5_1644-1809*5_1644-592*5_1644-1808*5_1600-1687*4_1600-1689*4_1600-1686*4_1600-1690*4_1600-1685*4_1600-1691*4_1600-233*4_1600-234*4_1600-237*4_1600-1780*4_1600-1781*4_1304-1483*5_77-2024*5_1016-1006*6_1016-1005*6_1016-1004*6_1016-1003*6_1016-1002*6_1016-1494*6_1016-1493*6_1883-503*5_1883-1802*5_1883-502*5_1883-1803*5_1883-1804*5_1883-501*5_1883-1805*5_1883-500*5_1883-600*5_1883-1896*5_1883-599*5_1883-601*5_1883-598*5_1883-597*5_1883-596*5_1883-1806*5_1883-595*5_1883-1897*5_1883-594*5_1883-1807*5_1883-593*5_1883-1898*5_1883-1899*5_1883-1986*5_1883-615*5_1560-1484*5_1560-1485*5_1560-1490*5_866-867*7_866-868*7_866-1922*7_866-869*7_866-1923*7_866-870*7_866-1924*7_866-861*7_866-871*7_866-1925*7_866-860*7_866-872*7_866-2008*7_866-2007*7_866-2009*7_866-1926*7_866-2006*7_866-2010*7_866-2005*7_866-2011*7_866-873*7_866-2004*7_866-2012*7_866-1927*7_866-2013*7_866-874*7_866-954*7_866-953*7_866-955*7_866-952*7_866-956*7_866-1928*7_866-2014*7_866-957*7_866-958*7_866-875*7_866-1929*7_866-2015*7_866-959*7_866-876*7_866-960*7_866-2016*7_866-1930*7_866-961*7_866-2017*7_866-877*7_866-1931*7_866-786*7_866-962*7_866-2018*7_866-878*7_866-787*7_866-963*7_866-1932*7_866-2019*7_866-788*7_866-964*7_866-879*7_866-1933*7_866-2020*7_866-789*7_866-965*7_866-2096*7_866-2095*7_866-2097*7_866-1934*7_866-2094*7_866-2098*7_866-2021*7_866-2093*7_866-2099*7_866-790*7_866-966*7_866-2092*7_866-2100*7_866-2091*7_866-2101*7_866-1935*7_866-2022*7_866-2090*7_866-2102*7_866-791*7_866-967*7_866-2089*7_866-2103*7_866-1042*7_866-1041*7_866-1043*7_866-1040*7_866-1044*7_866-2088*7_866-2104*7_866-2023*7_866-1039*7_866-1045*7_866-1038*7_866-1046*7_866-2087*7_866-2105*7_866-1047*7_866-1048*7_866-2086*7_866-2106*7_866-1049*7_866-2085*7_866-2107*7_866-1050*7_866-1051*7_866-2084*7_866-2108*7_866-700*7_866-1052*7_866-2083*7_866-2109*7_866-701*7_866-1053*7_866-2082*7_866-2110*7_866-702*7_866-1054*7_1505-23*4_1612-1795*5_1612-1796*5_1612-1797*5_1612-1798*5_1612-1799*5_1612-504*5_1612-1800*5_1801-507*4_1801-508*4_1801-509*4_1801-510*4_1801-511*4_1801-1889*4_1801-512*4_1801-1888*4_1801-1890*4_1801-1887*4_1801-1886*4_1801-1885*4_1801-1893*4_1801-1884*4_1801-1894*4_1801-515*4_612-614*6_612-2072*6_612-2071*6_612-2073*6_612-2070*6_612-2074*6_612-2075*6_612-2068*6_612-2076*6_612-2067*6_612-2077*6_612-2066*6_612-2078*6_612-524*6_612-525*6_612-2065*6_612-2079*6_612-526*6_612-527*6_612-703*6_612-2064*6_612-2080*6_612-2063*6_612-2081*6_612-2062*6_612-2061*6_612-2060*6_612-2059*6_612-2058*6_612-2057*6_612-2056*6_1390-915*5_1390-1491*5_1390-1492*5_1901-602*7_1901-603*7_1901-1895*7_1901-604*7_1901-605*7_1901-606*7_1901-607*7_1901-1985*7_1901-608*7_1901-1984*7_1901-1983*7_1901-609*7_1901-1982*7_1901-610*7_1901-1981*7_1901-1980*7_1901-1979*7_1901-516*7_1901-1978*7_1901-517*7_1901-518*7_1901-1977*7_1901-519*7_1901-520*7_1901-1976*7_1901-521*7_1901-1975*7_1901-522*7_1901-1974*7_1901-523*7_1901-1973*7_1901-1972*7_1971-514*5_1971-513*5_1971-1891*5_1971-1892*5_1044-1055*8_1044-2111*8_
