"id","Scenario","Actual Range","Protocol","Buildings","Total nodes","Nodes on circ","Total coverage","Coverage on circ","Alert received mean time","Hops","Slots","Messages sent","Messages received", "Starting x", "Starting y","Starting node", "Vehicle distance", "Received node ids", "Node ids", "Transmission map", "Received on circ nodes", "Transmission vector"
0,1,100,300,1,1776,80,289,7,580651,19.2857,513.286,213,289,1153.84,1884.7,310,25,309_311_308_312_314_315_316_310_274_317_318_319_273_272_320_321_1195_279_278_850_271_849_848_270_1460_281_282_259_268_277_288_289_1461_1462_290_292_216_1463_1464_1459_220_217_218_221_219_222_175_173_260_261_257_262_263_256_229_1458_174_176_334_342_264_331_228_265_332_227_333_283_847_853_284_852_851_337_341_338_276_275_294_226_177_178_172_215_339_340_171_203_230_255_266_267_223_285_286_204_201_205_140_139_206_138_141_343_344_1473_200_199_198_207_137_142_208_143_209_170_214_212_211_179_210_145_605_134_144_606_345_346_351_197_196_135_607_1474_1471_751_750_749_168_167_166_165_649_348_352_573_574_350_353_1494_1495_593_1470_587_1472_1563_650_1496_1497_1469_1498_603_604_163_1500_1501_1502_1503_572_162_592_161_571_588_595_160_570_357_356_568_354_355_378_359_372_371_360_589_590_159_157_156_439_596_379_373_1528_1527_164_440_155_154_576_575_151_586_150_152_370_368_367_1504_1505_1526_1531_1525_1530_577_594_381_383_1524_1529_438_441_437_436_361_362_363_364_153_434_433_374_375_376_1519_1518_366_365_408_407_382_384_432_431_430_429_585_567_385_1517_406_442_443_444_394_428_427_393_426_395_425_396_423_392_409_386_1516_865_387_388_389_390_412_414_415_1541_416_411_410_566_1515_1542_445_448_1533_1534_,0_1_2_3_4_5_6_7_8_9_10_11_12_13_14_15_16_17_18_19_20_21_22_23_24_25_26_27_28_29_30_31_32_33_34_35_36_37_38_39_40_41_42_43_44_45_46_47_48_49_50_51_52_53_54_55_56_57_58_59_60_61_62_63_64_65_66_67_68_69_70_71_72_73_74_75_76_77_78_79_80_81_82_83_84_85_86_87_88_89_90_91_92_93_94_95_96_97_98_99_100_101_102_103_104_105_106_107_108_109_110_111_112_113_114_115_116_117_118_119_120_121_122_123_124_125_126_127_128_129_130_131_132_133_134_135_136_137_138_139_140_141_142_143_144_145_146_147_148_149_150_151_152_153_154_155_156_157_158_159_160_161_162_163_164_165_166_167_168_169_170_171_172_173_174_175_176_177_178_179_180_181_182_183_184_185_186_187_188_189_190_191_192_193_194_195_196_197_198_199_200_201_202_203_204_205_206_207_208_209_210_211_212_213_214_215_216_217_218_219_220_221_222_223_224_225_226_227_228_229_230_231_232_233_234_235_236_237_238_239_240_241_242_243_244_245_246_247_248_249_250_251_252_253_254_255_256_257_258_259_260_261_262_263_264_265_266_267_268_269_270_271_272_273_274_275_276_277_278_279_280_281_282_283_284_285_286_287_288_289_290_291_292_293_294_295_296_297_298_299_300_301_302_303_304_305_306_307_308_309_310_311_312_313_314_315_316_317_318_319_320_321_322_323_324_325_326_327_328_329_330_331_332_333_334_335_336_337_338_339_340_341_342_343_344_345_346_347_348_349_350_351_352_353_354_355_356_357_358_359_360_361_362_363_364_365_366_367_368_369_370_371_372_373_374_375_376_377_378_379_380_381_382_383_384_385_386_387_388_389_390_391_392_393_394_395_396_397_398_399_400_401_402_403_404_405_406_407_408_409_410_411_412_413_414_415_416_417_418_419_420_421_422_423_424_425_426_427_428_429_430_431_432_433_434_435_436_437_438_439_440_441_442_443_444_445_446_447_448_449_450_451_452_453_454_455_456_457_458_459_460_461_462_463_464_465_466_467_468_469_470_471_472_473_474_475_476_477_478_479_480_481_482_483_484_485_486_487_488_489_490_491_492_493_494_495_496_497_498_499_500_501_502_503_504_505_506_507_508_509_510_511_512_513_514_515_516_517_518_519_520_521_522_523_524_525_526_527_528_529_530_531_532_533_534_535_536_537_538_539_540_541_542_543_544_545_546_547_548_549_550_551_552_553_554_555_556_557_558_559_560_561_562_563_564_565_566_567_568_569_570_571_572_573_574_575_576_577_578_579_580_581_582_583_584_585_586_587_588_589_590_591_592_593_594_595_596_597_598_599_600_601_602_603_604_605_606_607_608_609_610_611_612_613_614_615_616_617_618_619_620_621_622_623_624_625_626_627_628_629_630_631_632_633_634_635_636_637_638_639_640_641_642_643_644_645_646_647_648_649_650_651_652_653_654_655_656_657_658_659_660_661_662_663_664_665_666_667_668_669_670_671_672_673_674_675_676_677_678_679_680_681_682_683_684_685_686_687_688_689_690_691_692_693_694_695_696_697_698_699_700_701_702_703_704_705_706_707_708_709_710_711_712_713_714_715_716_717_718_719_720_721_722_723_724_725_726_727_728_729_730_731_732_733_734_735_736_737_738_739_740_741_742_743_744_745_746_747_748_749_750_751_752_753_754_755_756_757_758_759_760_761_762_763_764_765_766_767_768_769_770_771_772_773_774_775_776_777_778_779_780_781_782_783_784_785_786_787_788_789_790_791_792_793_794_795_796_797_798_799_800_801_802_803_804_805_806_807_808_809_810_811_812_813_814_815_816_817_818_819_820_821_822_823_824_825_826_827_828_829_830_831_832_833_834_835_836_837_838_839_840_841_842_843_844_845_846_847_848_849_850_851_852_853_854_855_856_857_858_859_860_861_862_863_864_865_866_867_868_869_870_871_872_873_874_875_876_877_878_879_880_881_882_883_884_885_886_887_888_889_890_891_892_893_894_895_896_897_898_899_900_901_902_903_904_905_906_907_908_909_910_911_912_913_914_915_916_917_918_919_920_921_922_923_924_925_926_927_928_929_930_931_932_933_934_935_936_937_938_939_940_941_942_943_944_945_946_947_948_949_950_951_952_953_954_955_956_957_958_959_960_961_962_963_964_965_966_967_968_969_970_971_972_973_974_975_976_977_978_979_980_981_982_983_984_985_986_987_988_989_990_991_992_993_994_995_996_997_998_999_1000_1001_1002_1003_1004_1005_1006_1007_1008_1009_1010_1011_1012_1013_1014_1015_1016_1017_1018_1019_1020_1021_1022_1023_1024_1025_1026_1027_1028_1029_1030_1031_1032_1033_1034_1035_1036_1037_1038_1039_1040_1041_1042_1043_1044_1045_1046_1047_1048_1049_1050_1051_1052_1053_1054_1055_1056_1057_1058_1059_1060_1061_1062_1063_1064_1065_1066_1067_1068_1069_1070_1071_1072_1073_1074_1075_1076_1077_1078_1079_1080_1081_1082_1083_1084_1085_1086_1087_1088_1089_1090_1091_1092_1093_1094_1095_1096_1097_1098_1099_1100_1101_1102_1103_1104_1105_1106_1107_1108_1109_1110_1111_1112_1113_1114_1115_1116_1117_1118_1119_1120_1121_1122_1123_1124_1125_1126_1127_1128_1129_1130_1131_1132_1133_1134_1135_1136_1137_1138_1139_1140_1141_1142_1143_1144_1145_1146_1147_1148_1149_1150_1151_1152_1153_1154_1155_1156_1157_1158_1159_1160_1161_1162_1163_1164_1165_1166_1167_1168_1169_1170_1171_1172_1173_1174_1175_1176_1177_1178_1179_1180_1181_1182_1183_1184_1185_1186_1187_1188_1189_1190_1191_1192_1193_1194_1195_1196_1197_1198_1199_1200_1201_1202_1203_1204_1205_1206_1207_1208_1209_1210_1211_1212_1213_1214_1215_1216_1217_1218_1219_1220_1221_1222_1223_1224_1225_1226_1227_1228_1229_1230_1231_1232_1233_1234_1235_1236_1237_1238_1239_1240_1241_1242_1243_1244_1245_1246_1247_1248_1249_1250_1251_1252_1253_1254_1255_1256_1257_1258_1259_1260_1261_1262_1263_1264_1265_1266_1267_1268_1269_1270_1271_1272_1273_1274_1275_1276_1277_1278_1279_1280_1281_1282_1283_1284_1285_1286_1287_1288_1289_1290_1291_1292_1293_1294_1295_1296_1297_1298_1299_1300_1301_1302_1303_1304_1305_1306_1307_1308_1309_1310_1311_1312_1313_1314_1315_1316_1317_1318_1319_1320_1321_1322_1323_1324_1325_1326_1327_1328_1329_1330_1331_1332_1333_1334_1335_1336_1337_1338_1339_1340_1341_1342_1343_1344_1345_1346_1347_1348_1349_1350_1351_1352_1353_1354_1355_1356_1357_1358_1359_1360_1361_1362_1363_1364_1365_1366_1367_1368_1369_1370_1371_1372_1373_1374_1375_1376_1377_1378_1379_1380_1381_1382_1383_1384_1385_1386_1387_1388_1389_1390_1391_1392_1393_1394_1395_1396_1397_1398_1399_1400_1401_1402_1403_1404_1405_1406_1407_1408_1409_1410_1411_1412_1413_1414_1415_1416_1417_1418_1419_1420_1421_1422_1423_1424_1425_1426_1427_1428_1429_1430_1431_1432_1433_1434_1435_1436_1437_1438_1439_1440_1441_1442_1443_1444_1445_1446_1447_1448_1449_1450_1451_1452_1453_1454_1455_1456_1457_1458_1459_1460_1461_1462_1463_1464_1465_1466_1467_1468_1469_1470_1471_1472_1473_1474_1475_1476_1477_1478_1479_1480_1481_1482_1483_1484_1485_1486_1487_1488_1489_1490_1491_1492_1493_1494_1495_1496_1497_1498_1499_1500_1501_1502_1503_1504_1505_1506_1507_1508_1509_1510_1511_1512_1513_1514_1515_1516_1517_1518_1519_1520_1521_1522_1523_1524_1525_1526_1527_1528_1529_1530_1531_1532_1533_1534_1535_1536_1537_1538_1539_1540_1541_1542_1543_1544_1545_1546_1547_1548_1549_1550_1551_1552_1553_1554_1555_1556_1557_1558_1559_1560_1561_1562_1563_1564_1565_1566_1567_1568_1569_1570_1571_1572_1573_1574_1575_1576_1577_1578_1579_1580_1581_1582_1583_1584_1585_1586_1587_1588_1589_1590_1591_1592_1593_1594_1595_1596_1597_1598_1599_1600_1601_1602_1603_1604_1605_1606_1607_1608_1609_1610_1611_1612_1613_1614_1615_1616_1617_1618_1619_1620_1621_1622_1623_1624_1625_1626_1627_1628_1629_1630_1631_1632_1633_1634_1635_1636_1637_1638_1639_1640_1641_1642_1643_1644_1645_1646_1647_1648_1649_1650_1651_1652_1653_1654_1655_1656_1657_1658_1659_1660_1661_1662_1663_1664_1665_1666_1667_1668_1669_1670_1671_1672_1673_1674_1675_1676_1677_1678_1679_1680_1681_1682_1683_1684_1685_1686_1687_1688_1689_1690_1691_1692_1693_1694_1695_1696_1697_1698_1699_1700_1701_1702_1703_1704_1705_1706_1707_1708_1709_1710_1711_1712_1713_1714_1715_1716_1717_1718_1719_1720_1721_1722_1723_1724_1725_1726_1727_1728_1729_1730_1731_1732_1733_1734_1735_1736_1737_1738_1739_1740_1741_1742_1743_1744_1745_1746_1747_1748_1749_1750_1751_1752_1753_1754_1755_1756_1757_1758_1759_1760_1761_1762_1763_1764_1765_1766_1767_1768_1769_1770_1771_1772_1773_1774_1775_,135:{649;}139:{207;137;142;208;143;}141:{209;}154:{585;}156:{151;586;150;152;}160:{164;440;155;154;576;575;}165:{163;}166:{587;}167:{573;574;}168:{166;165;}170:{167;}171:{168;}172:{170;}173:{171;203;}175:{177;178;172;}176:{215;}198:{196;}200:{197;}201:{200;199;198;}203:{204;201;205;140;139;206;138;141;}208:{145;605;134;144;606;}214:{210;}215:{214;212;211;179;}216:{218;221;219;222;175;173;}218:{174;176;334;}220:{337;341;338;}229:{230;255;266;267;}256:{264;331;228;265;332;227;333;}263:{226;}266:{223;}268:{262;263;256;229;}271:{260;261;257;}272:{278;850;271;849;848;270;}273:{279;}274:{273;272;}278:{276;275;294;}279:{281;282;259;268;277;}282:{288;289;}289:{290;292;216;}290:{220;217;}292:{342;}309:{274;}310:{309;311;308;312;314;}314:{315;316;310;}316:{317;318;319;}317:{320;}318:{321;}319:{1195;}320:{1460;}338:{343;344;}339:{750;749;}340:{751;}341:{339;340;}344:{345;346;351;}345:{348;352;}348:{593;}351:{350;353;}353:{357;356;568;354;355;378;359;372;371;360;}357:{865;}359:{384;}360:{361;362;363;364;}367:{366;365;408;407;}371:{370;368;367;}373:{374;375;376;}378:{379;373;}379:{567;385;}382:{386;}385:{387;}387:{388;389;390;}393:{566;}408:{406;}415:{416;411;410;}416:{445;448;}423:{414;415;}426:{412;}432:{442;443;444;}433:{432;431;430;429;}437:{434;433;}439:{438;441;437;436;}440:{382;}443:{394;428;427;393;426;395;425;396;423;}444:{392;409;}575:{153;}587:{572;162;592;161;571;588;595;160;570;}588:{589;590;159;157;156;439;596;}590:{577;}593:{594;381;383;}606:{135;607;}649:{650;}650:{603;604;}847:{285;286;}848:{283;847;853;284;852;851;}1195:{1461;1462;}1458:{1473;}1459:{1458;}1462:{1463;1464;1459;}1471:{1472;1563;}1473:{1474;1471;}1474:{1494;1495;}1494:{1470;}1495:{1496;1497;1469;1498;}1498:{1500;1501;1502;1503;}1501:{1528;1527;}1503:{1504;1505;1526;1531;1525;1530;}1516:{1515;1542;}1517:{1541;}1518:{1516;}1519:{1517;}1525:{1519;1518;}1526:{1524;1529;}1533:{1534;}1542:{1533;},392_432_433_434_566_1533_1534_,310-309*0_310-311*0_310-308*0_310-312*0_310-314*0_314-315*1_314-316*1_314-310*1_309-274*1_316-317*2_316-318*2_316-319*2_274-273*2_274-272*2_317-320*3_318-321*4_319-1195*5_273-279*3_272-278*4_272-850*4_272-271*4_272-849*4_272-848*4_272-270*4_320-1460*6_279-281*4_279-282*4_279-259*4_279-268*4_279-277*4_282-288*5_282-289*5_1195-1461*6_1195-1462*6_289-290*6_289-292*6_289-216*6_1462-1463*7_1462-1464*7_1462-1459*7_290-220*7_290-217*7_216-218*8_216-221*8_216-219*8_216-222*8_216-175*8_216-173*8_271-260*5_271-261*5_271-257*5_268-262*5_268-263*5_268-256*5_268-229*5_1459-1458*8_218-174*9_218-176*9_218-334*9_292-342*7_256-264*6_256-331*6_256-228*6_256-265*6_256-332*6_256-227*6_256-333*6_848-283*6_848-847*6_848-853*6_848-284*6_848-852*6_848-851*6_220-337*8_220-341*8_220-338*8_278-276*5_278-275*5_278-294*5_263-226*8_175-177*9_175-178*9_175-172*9_176-215*10_341-339*10_341-340*10_173-171*9_173-203*9_229-230*6_229-255*6_229-266*6_229-267*6_266-223*7_847-285*7_847-286*7_203-204*10_203-201*10_203-205*10_203-140*10_203-139*10_203-206*10_203-138*10_203-141*10_338-343*11_338-344*11_1458-1473*9_201-200*11_201-199*11_201-198*11_139-207*11_139-137*11_139-142*11_139-208*11_139-143*11_141-209*11_172-170*10_215-214*11_215-212*11_215-211*11_215-179*11_214-210*12_208-145*12_208-605*12_208-134*12_208-144*12_208-606*12_344-345*12_344-346*12_344-351*12_200-197*12_198-196*12_606-135*13_606-607*13_1473-1474*10_1473-1471*10_340-751*11_339-750*11_339-749*11_171-168*10_170-167*11_168-166*11_168-165*11_135-649*14_345-348*13_345-352*13_167-573*12_167-574*12_351-350*13_351-353*13_1474-1494*11_1474-1495*11_348-593*14_1494-1470*12_166-587*12_1471-1472*11_1471-1563*11_649-650*15_1495-1496*12_1495-1497*12_1495-1469*12_1495-1498*12_650-603*16_650-604*16_165-163*13_1498-1500*13_1498-1501*13_1498-1502*13_1498-1503*13_587-572*13_587-162*13_587-592*13_587-161*13_587-571*13_587-588*13_587-595*13_587-160*13_587-570*13_353-357*14_353-356*14_353-568*14_353-354*14_353-355*14_353-378*14_353-359*14_353-372*14_353-371*14_353-360*14_588-589*14_588-590*14_588-159*14_588-157*14_588-156*14_588-439*14_588-596*14_378-379*15_378-373*15_1501-1528*14_1501-1527*14_160-164*15_160-440*15_160-155*15_160-154*15_160-576*15_160-575*15_156-151*15_156-586*15_156-150*15_156-152*15_371-370*15_371-368*15_371-367*15_1503-1504*14_1503-1505*14_1503-1526*14_1503-1531*14_1503-1525*14_1503-1530*14_590-577*16_593-594*15_593-381*15_593-383*15_1526-1524*15_1526-1529*15_439-438*15_439-441*15_439-437*15_439-436*15_360-361*15_360-362*15_360-363*15_360-364*15_575-153*17_437-434*16_437-433*16_373-374*16_373-375*16_373-376*16_1525-1519*16_1525-1518*16_367-366*16_367-365*16_367-408*16_367-407*16_440-382*16_359-384*15_433-432*17_433-431*17_433-430*17_433-429*17_154-585*17_379-567*16_379-385*16_1519-1517*17_408-406*17_432-442*18_432-443*18_432-444*18_443-394*19_443-428*19_443-427*19_443-393*19_443-426*19_443-395*19_443-425*19_443-396*19_443-423*19_444-392*19_444-409*19_382-386*17_1518-1516*17_357-865*16_385-387*18_387-388*19_387-389*19_387-390*19_426-412*20_423-414*21_423-415*21_1517-1541*18_415-416*22_415-411*22_415-410*22_393-566*21_1516-1515*18_1516-1542*18_416-445*23_416-448*23_1542-1533*19_1533-1534*20_
