"id","Scenario","Actual Range","Protocol","Buildings","Total nodes","Nodes on circ","Total coverage","Coverage on circ","Alert received mean time","Hops","Slots","Messages sent","Messages received", "Starting x", "Starting y","Starting node", "Vehicle distance", "Received node ids", "Node ids", "Transmission map", "Received on circ nodes", "Transmission vector"
0,1,500,500,0,1344,31,1344,31,4713.03,3.6129,4.83871,161,1344,2200,1550,646,25,645_647_644_648_1175_1174_643_649_1173_642_650_1172_641_651_1171_640_652_1170_639_653_1169_638_654_1168_637_655_1167_636_656_1091_1090_1166_1089_1088_635_657_1087_1165_1086_562_634_658_561_563_560_564_1164_1085_559_565_558_566_1084_557_567_633_659_1163_556_568_1083_555_569_632_660_1259_1082_1162_1258_1257_554_570_1256_1081_1255_553_571_631_661_1161_1254_552_572_1080_1253_630_662_1160_1252_551_573_1079_1251_550_574_629_663_1159_1078_1250_549_575_1249_628_664_1077_1158_548_576_1248_1076_627_665_1157_1247_547_577_1075_1246_546_578_626_666_1074_1073_1072_1071_1070_1069_468_1068_467_469_466_470_465_471_1067_464_472_463_473_545_1066_462_474_544_461_475_1065_543_460_476_1064_542_459_477_991_1063_990_992_541_989_993_458_478_988_994_1156_987_995_1155_540_986_996_1062_1154_457_479_985_997_1153_456_480_984_998_1152_539_1061_983_999_1151_455_481_538_982_1000_1060_1150_981_1001_1149_454_482_537_1059_980_1002_1148_453_483_536_979_1003_1147_1058_452_484_978_1004_1146_535_1057_451_485_977_1005_1145_534_384_1056_383_385_382_386_976_1006_1144_381_387_450_486_380_388_379_389_533_646_378_390_975_1007_1055_1143_624_623_625_622_621_620_619_618_532_617_531_616_530_615_917_916_918_529_915_919_614_914_920_913_921_528_912_922_613_911_923_612_910_527_909_611_526_908_907_610_525_906_609_524_905_608_904_523_449_607_903_522_448_902_447_606_521_446_901_667_579_580_668_581_669_582_583_670_1245_584_671_1244_1340_585_1339_1341_1338_1342_1337_1343_1336_586_1243_1335_1334_587_1333_1242_1332_1241_1331_1330_1240_1329_1328_1239_1327_1238_1326_1237_1325_492_1236_1324_1054_1053_1052_1051_391_1050_392_1049_377_393_1048_376_394_1047_375_395_1046_374_396_1140_1045_1139_1141_1138_1142_1137_1136_301_373_397_300_302_1044_1135_299_303_298_304_1134_297_305_296_306_372_398_972_971_973_1043_1133_970_974_969_295_307_968_1132_294_308_967_371_399_1042_1131_966_293_309_965_1130_292_310_370_400_1041_964_1129_291_311_963_369_401_1040_290_312_1128_962_289_313_368_402_961_1039_1127_288_314_960_1126_367_403_1038_959_287_315_1125_366_404_1037_958_286_316_1124_957_285_317_365_405_487_605_604_603_602_1036_601_1035_600_839_1034_838_837_836_599_1033_1123_835_1122_218_598_834_217_219_216_220_1032_1121_215_221_214_222_833_1120_213_223_597_1031_832_212_224_1119_211_225_596_831_1030_1118_210_226_956_520_830_955_1117_209_227_519_595_1029_954_518_208_228_1116_829_953_517_318_594_952_1028_207_229_1115_516_828_951_206_230_319_515_593_1027_950_1114_827_514_205_231_949_284_320_592_1113_1026_826_513_204_232_948_1112_512_283_321_591_825_947_1025_203_233_511_1111_946_824_202_234_282_322_590_510_823_589_509_822_508_588_1110_1109_140_1108_141_1107_142_1106_194_143_1105_144_1104_193_1014_1103_145_114_192_864_863_865_1013_862_866_1102_146_861_867_860_868_406_113_281_859_869_1101_191_147_235_858_870_112_280_857_871_407_111_279_190_856_872_931_855_873_408_1224_1223_1225_110_278_1222_1226_1221_1227_189_854_874_930_1220_1228_109_277_409_853_875_1219_1229_188_1218_1230_108_276_852_876_929_410_1217_1231_851_877_107_187_275_1216_1232_488_411_1215_1233_489_1214_1234_412_490_1213_1235_323_491_413_324_1212_325_493_414_1211_326_494_1210_415_327_495_1209_416_328_496_1208_329_417_497_364_363_362_361_360_888_887_889_886_890_885_891_359_884_892_358_883_893_882_894_357_881_895_356_880_896_355_879_897_354_878_898_353_899_445_352_444_900_443_274_442_351_273_441_272_350_440_271_439_349_270_438_269_437_348_804_803_805_802_806_801_807_800_808_268_436_799_809_347_798_810_797_811_267_435_796_812_346_266_434_795_813_794_814_265_345_433_1024_1023_1022_1021_132_1020_131_133_130_134_129_135_1019_128_136_1018_127_137_126_138_1017_125_139_1016_124_1015_123_122_941_940_942_121_939_943_938_944_937_945_120_936_1012_935_934_119_1011_933_118_932_1010_1100_1099_117_1009_1098_201_116_148_1097_48_1008_47_49_46_50_45_51_44_52_200_928_1096_43_53_115_149_42_54_41_55_199_927_1095_150_40_56_926_1094_39_57_198_151_38_58_925_1093_186_185_195_184_196_183_197_182_181_180_780_779_781_778_782_777_783_776_784_179_775_785_774_786_106_178_105_104_773_787_103_102_772_788_101_177_100_771_789_99_176_770_790_850_98_769_791_97_175_849_96_264_768_792_174_848_95_263_767_793_94_262_173_847_766_93_261_172_765_846_92_260_764_171_845_91_259_763_90_170_258_755_754_753_752_751_750_749_748_747_746_745_507_506_505_504_744_743_742_741_740_739_738_737_257_256_255_344_254_343_36_924_342_253_35_37_34_33_32_341_31_252_708_707_709_706_710_30_705_711_844_340_704_712_29_703_713_843_28_702_714_339_701_715_27_842_700_716_338_26_841_25_24_840_23_59_60_1092_61_62_63_64_65_66_67_68_69_70_169_168_696_695_697_694_698_693_699_22_692_691_21_690_689_20_688_19_687_89_88_686_18_87_86_685_17_85_84_684_16_683_15_682_14_681_13_680_679_12_756_757_758_759_760_678_11_10_9_8_7_418_419_1308_1307_1309_1306_1310_1305_1311_1304_1312_1303_1313_1302_1314_1301_1315_1300_1316_1299_1317_1298_1318_1297_1319_333_501_332_334_500_502_331_335_499_503_330_498_1296_1320_1295_1321_1294_1322_1293_1323_1292_1291_1290_1207_1289_717_718_719_336_720_337_721_722_723_724_725_726_727_728_729_730_731_420_732_421_422_423_424_425_733_426_427_428_734_429_430_735_815_431_432_736_816_1206_1205_1204_1203_1202_236_237_238_1201_239_240_1200_241_1199_242_243_1198_244_1197_245_1196_246_1195_247_248_1194_249_1288_1287_1286_1285_1284_251_250_1283_1282_1281_1280_1279_1278_1277_1276_1275_1274_1273_1193_1272_167_166_165_164_1192_163_162_1271_1191_161_160_1190_1270_762_761_6_5_4_677_3_676_675_2_674_1_673_0_672_152_153_1269_1268_1267_1266_1265_159_1264_158_1263_157_1262_1189_156_1188_1187_1186_1185_1261_155_1184_1183_1260_83_82_154_81_1182_80_79_1181_78_1180_77_76_1179_75_1178_74_1177_73_72_1176_71_821_820_819_818_817_,0_1_2_3_4_5_6_7_8_9_10_11_12_13_14_15_16_17_18_19_20_21_22_23_24_25_26_27_28_29_30_31_32_33_34_35_36_37_38_39_40_41_42_43_44_45_46_47_48_49_50_51_52_53_54_55_56_57_58_59_60_61_62_63_64_65_66_67_68_69_70_71_72_73_74_75_76_77_78_79_80_81_82_83_84_85_86_87_88_89_90_91_92_93_94_95_96_97_98_99_100_101_102_103_104_105_106_107_108_109_110_111_112_113_114_115_116_117_118_119_120_121_122_123_124_125_126_127_128_129_130_131_132_133_134_135_136_137_138_139_140_141_142_143_144_145_146_147_148_149_150_151_152_153_154_155_156_157_158_159_160_161_162_163_164_165_166_167_168_169_170_171_172_173_174_175_176_177_178_179_180_181_182_183_184_185_186_187_188_189_190_191_192_193_194_195_196_197_198_199_200_201_202_203_204_205_206_207_208_209_210_211_212_213_214_215_216_217_218_219_220_221_222_223_224_225_226_227_228_229_230_231_232_233_234_235_236_237_238_239_240_241_242_243_244_245_246_247_248_249_250_251_252_253_254_255_256_257_258_259_260_261_262_263_264_265_266_267_268_269_270_271_272_273_274_275_276_277_278_279_280_281_282_283_284_285_286_287_288_289_290_291_292_293_294_295_296_297_298_299_300_301_302_303_304_305_306_307_308_309_310_311_312_313_314_315_316_317_318_319_320_321_322_323_324_325_326_327_328_329_330_331_332_333_334_335_336_337_338_339_340_341_342_343_344_345_346_347_348_349_350_351_352_353_354_355_356_357_358_359_360_361_362_363_364_365_366_367_368_369_370_371_372_373_374_375_376_377_378_379_380_381_382_383_384_385_386_387_388_389_390_391_392_393_394_395_396_397_398_399_400_401_402_403_404_405_406_407_408_409_410_411_412_413_414_415_416_417_418_419_420_421_422_423_424_425_426_427_428_429_430_431_432_433_434_435_436_437_438_439_440_441_442_443_444_445_446_447_448_449_450_451_452_453_454_455_456_457_458_459_460_461_462_463_464_465_466_467_468_469_470_471_472_473_474_475_476_477_478_479_480_481_482_483_484_485_486_487_488_489_490_491_492_493_494_495_496_497_498_499_500_501_502_503_504_505_506_507_508_509_510_511_512_513_514_515_516_517_518_519_520_521_522_523_524_525_526_527_528_529_530_531_532_533_534_535_536_537_538_539_540_541_542_543_544_545_546_547_548_549_550_551_552_553_554_555_556_557_558_559_560_561_562_563_564_565_566_567_568_569_570_571_572_573_574_575_576_577_578_579_580_581_582_583_584_585_586_587_588_589_590_591_592_593_594_595_596_597_598_599_600_601_602_603_604_605_606_607_608_609_610_611_612_613_614_615_616_617_618_619_620_621_622_623_624_625_626_627_628_629_630_631_632_633_634_635_636_637_638_639_640_641_642_643_644_645_646_647_648_649_650_651_652_653_654_655_656_657_658_659_660_661_662_663_664_665_666_667_668_669_670_671_672_673_674_675_676_677_678_679_680_681_682_683_684_685_686_687_688_689_690_691_692_693_694_695_696_697_698_699_700_701_702_703_704_705_706_707_708_709_710_711_712_713_714_715_716_717_718_719_720_721_722_723_724_725_726_727_728_729_730_731_732_733_734_735_736_737_738_739_740_741_742_743_744_745_746_747_748_749_750_751_752_753_754_755_756_757_758_759_760_761_762_763_764_765_766_767_768_769_770_771_772_773_774_775_776_777_778_779_780_781_782_783_784_785_786_787_788_789_790_791_792_793_794_795_796_797_798_799_800_801_802_803_804_805_806_807_808_809_810_811_812_813_814_815_816_817_818_819_820_821_822_823_824_825_826_827_828_829_830_831_832_833_834_835_836_837_838_839_840_841_842_843_844_845_846_847_848_849_850_851_852_853_854_855_856_857_858_859_860_861_862_863_864_865_866_867_868_869_870_871_872_873_874_875_876_877_878_879_880_881_882_883_884_885_886_887_888_889_890_891_892_893_894_895_896_897_898_899_900_901_902_903_904_905_906_907_908_909_910_911_912_913_914_915_916_917_918_919_920_921_922_923_924_925_926_927_928_929_930_931_932_933_934_935_936_937_938_939_940_941_942_943_944_945_946_947_948_949_950_951_952_953_954_955_956_957_958_959_960_961_962_963_964_965_966_967_968_969_970_971_972_973_974_975_976_977_978_979_980_981_982_983_984_985_986_987_988_989_990_991_992_993_994_995_996_997_998_999_1000_1001_1002_1003_1004_1005_1006_1007_1008_1009_1010_1011_1012_1013_1014_1015_1016_1017_1018_1019_1020_1021_1022_1023_1024_1025_1026_1027_1028_1029_1030_1031_1032_1033_1034_1035_1036_1037_1038_1039_1040_1041_1042_1043_1044_1045_1046_1047_1048_1049_1050_1051_1052_1053_1054_1055_1056_1057_1058_1059_1060_1061_1062_1063_1064_1065_1066_1067_1068_1069_1070_1071_1072_1073_1074_1075_1076_1077_1078_1079_1080_1081_1082_1083_1084_1085_1086_1087_1088_1089_1090_1091_1092_1093_1094_1095_1096_1097_1098_1099_1100_1101_1102_1103_1104_1105_1106_1107_1108_1109_1110_1111_1112_1113_1114_1115_1116_1117_1118_1119_1120_1121_1122_1123_1124_1125_1126_1127_1128_1129_1130_1131_1132_1133_1134_1135_1136_1137_1138_1139_1140_1141_1142_1143_1144_1145_1146_1147_1148_1149_1150_1151_1152_1153_1154_1155_1156_1157_1158_1159_1160_1161_1162_1163_1164_1165_1166_1167_1168_1169_1170_1171_1172_1173_1174_1175_1176_1177_1178_1179_1180_1181_1182_1183_1184_1185_1186_1187_1188_1189_1190_1191_1192_1193_1194_1195_1196_1197_1198_1199_1200_1201_1202_1203_1204_1205_1206_1207_1208_1209_1210_1211_1212_1213_1214_1215_1216_1217_1218_1219_1220_1221_1222_1223_1224_1225_1226_1227_1228_1229_1230_1231_1232_1233_1234_1235_1236_1237_1238_1239_1240_1241_1242_1243_1244_1245_1246_1247_1248_1249_1250_1251_1252_1253_1254_1255_1256_1257_1258_1259_1260_1261_1262_1263_1264_1265_1266_1267_1268_1269_1270_1271_1272_1273_1274_1275_1276_1277_1278_1279_1280_1281_1282_1283_1284_1285_1286_1287_1288_1289_1290_1291_1292_1293_1294_1295_1296_1297_1298_1299_1300_1301_1302_1303_1304_1305_1306_1307_1308_1309_1310_1311_1312_1313_1314_1315_1316_1317_1318_1319_1320_1321_1322_1323_1324_1325_1326_1327_1328_1329_1330_1331_1332_1333_1334_1335_1336_1337_1338_1339_1340_1341_1342_1343_,27:{22;21;20;19;18;17;16;15;14;13;12;756;757;758;759;760;11;10;9;8;7;}50:{59;60;1092;61;62;63;64;65;66;67;68;69;70;}176:{169;168;696;695;697;694;698;693;699;692;691;690;689;688;687;89;88;686;87;86;685;85;84;684;683;682;681;680;679;678;}190:{186;185;195;184;196;183;197;182;181;180;780;779;781;778;782;777;783;776;784;179;775;785;774;786;106;178;105;104;773;787;103;102;772;788;101;177;100;771;789;99;176;770;790;850;98;769;791;97;175;849;96;264;768;792;174;848;95;263;767;793;94;262;173;847;766;93;261;172;765;846;92;260;764;171;845;91;259;763;90;170;258;}207:{194;193;114;192;864;863;865;862;866;861;867;860;868;113;281;859;869;191;858;870;112;280;857;871;111;279;190;856;872;931;855;873;110;278;189;854;874;930;109;277;853;875;188;108;276;852;876;929;851;877;107;187;275;}215:{1110;1109;140;1108;141;1107;142;1106;143;1105;144;1104;1014;1103;145;1013;1102;146;1101;147;235;}221:{152;153;}270:{257;256;255;344;254;343;342;253;341;252;708;707;709;706;710;705;711;340;704;712;703;713;702;714;339;701;715;700;716;338;}302:{1036;1035;1034;1033;1123;1122;218;217;219;216;220;1032;1121;215;221;214;222;1120;213;223;1031;212;224;1119;211;225;1030;1118;210;226;956;955;1117;209;227;1029;954;208;228;1116;953;318;952;1028;207;229;1115;951;206;230;319;1027;950;1114;205;231;949;284;320;1113;1026;204;232;948;1112;283;321;947;1025;203;233;1111;946;202;234;282;322;}317:{1206;1205;1204;1203;1202;236;237;238;1201;239;240;1200;241;1199;242;243;1198;244;1197;245;1196;246;1195;247;248;1194;249;}365:{364;363;362;361;360;888;887;889;886;890;885;891;359;884;892;358;883;893;882;894;357;881;895;356;880;896;355;879;897;354;878;898;353;899;445;352;444;900;443;274;442;351;273;441;272;350;440;271;439;349;270;438;269;437;348;804;803;805;802;806;801;807;800;808;268;436;799;809;347;798;810;797;811;267;435;796;812;346;266;434;795;813;794;814;265;345;433;}385:{1054;1053;1052;1051;391;1050;392;1049;377;393;1048;376;394;1047;375;395;1046;374;396;1140;1045;1139;1141;1138;1142;1137;1136;301;373;397;300;302;1044;1135;299;303;298;304;1134;297;305;296;306;372;398;972;971;973;1043;1133;970;974;969;295;307;968;1132;294;308;967;371;399;1042;1131;966;293;309;965;1130;292;310;370;400;1041;964;1129;291;311;963;369;401;1040;290;312;1128;962;289;313;368;402;961;1039;1127;288;314;960;1126;367;403;1038;959;287;315;1125;366;404;1037;958;286;316;1124;957;285;317;365;405;}397:{406;407;408;1224;1223;1225;1222;1226;1221;1227;1220;1228;409;1219;1229;1218;1230;410;1217;1231;1216;1232;488;411;1215;1233;489;1214;1234;412;490;1213;1235;323;491;413;324;1212;325;493;414;1211;326;494;1210;415;327;495;1209;416;328;496;1208;329;417;497;}417:{418;419;1308;1307;1309;1306;1310;1305;1311;1304;1312;1303;1313;1302;1314;1301;1315;1300;1316;1299;1317;1298;1318;1297;1319;333;501;332;334;500;502;331;335;499;503;330;498;1296;1320;1295;1321;1294;1322;1293;1323;1292;1291;1290;1207;1289;}592:{755;754;753;752;751;750;749;748;747;746;745;507;506;505;504;744;743;742;741;740;739;738;737;}608:{605;604;603;602;601;600;839;838;837;836;599;835;598;834;833;597;832;596;831;520;830;519;595;518;829;517;594;516;828;515;593;827;514;592;826;513;512;591;825;511;824;590;510;823;589;509;822;508;588;}646:{645;647;644;648;1175;1174;643;649;1173;642;650;1172;641;651;1171;640;652;1170;639;653;1169;638;654;1168;637;655;1167;636;656;1091;1090;1166;1089;1088;635;657;1087;1165;1086;562;634;658;561;563;560;564;1164;1085;559;565;558;566;1084;557;567;633;659;1163;556;568;1083;555;569;632;660;1259;1082;1162;1258;1257;554;570;1256;1081;1255;553;571;631;661;1161;1254;552;572;1080;1253;630;662;1160;1252;551;573;1079;1251;550;574;629;663;1159;1078;1250;549;575;1249;628;664;1077;1158;548;576;1248;1076;627;665;1157;1247;547;577;1075;1246;546;578;626;666;}716:{717;718;719;336;720;337;721;722;723;724;725;726;727;728;729;730;731;420;732;421;422;423;424;425;733;426;427;428;734;429;430;735;815;431;432;736;816;}740:{821;820;819;818;817;}765:{762;761;6;5;4;677;3;676;675;2;674;1;673;0;672;}939:{36;924;35;37;34;33;32;31;30;844;29;843;28;27;842;26;841;25;24;840;23;}1001:{624;623;625;622;621;620;619;618;532;617;531;616;530;615;917;916;918;529;915;919;614;914;920;913;921;528;912;922;613;911;923;612;910;527;909;611;526;908;907;610;525;906;609;524;905;608;904;523;449;607;903;522;448;902;447;606;521;446;901;}1025:{1024;1023;1022;1021;132;1020;131;133;130;134;129;135;1019;128;136;1018;127;137;126;138;1017;125;139;1016;124;1015;123;122;941;940;942;121;939;943;938;944;937;945;120;936;1012;935;934;119;1011;933;118;932;1010;1100;1099;117;1009;1098;201;116;148;1097;48;1008;47;49;46;50;45;51;44;52;200;928;1096;43;53;115;149;42;54;41;55;199;927;1095;150;40;56;926;1094;39;57;198;151;38;58;925;1093;}1071:{487;}1075:{1074;1073;1072;1071;1070;1069;468;1068;467;469;466;470;465;471;1067;464;472;463;473;545;1066;462;474;544;461;475;1065;543;460;476;1064;542;459;477;991;1063;990;992;541;989;993;458;478;988;994;1156;987;995;1155;540;986;996;1062;1154;457;479;985;997;1153;456;480;984;998;1152;539;1061;983;999;1151;455;481;538;982;1000;1060;1150;981;1001;1149;454;482;537;1059;980;1002;1148;453;483;536;979;1003;1147;1058;452;484;978;1004;1146;535;1057;451;485;977;1005;1145;534;384;1056;383;385;382;386;976;1006;1144;381;387;450;486;380;388;379;389;533;646;378;390;975;1007;1055;1143;}1256:{667;579;580;668;581;669;582;583;670;1245;584;671;1244;1340;585;1339;1341;1338;1342;1337;1343;1336;586;1243;1335;1334;587;1333;1242;1332;1241;1331;1330;1240;1329;1328;1239;1327;1238;1326;1237;1325;492;1236;1324;}1274:{1269;1268;1267;1266;1265;159;1264;158;1263;157;1262;1189;156;1188;1187;1186;1185;1261;155;1184;1183;1260;83;82;154;81;1182;80;79;1181;78;1180;77;76;1179;75;1178;74;1177;73;72;1176;71;}1290:{1288;1287;1286;1285;1284;251;250;1283;1282;1281;1280;1279;1278;1277;1276;1275;1274;1273;1193;1272;167;166;165;164;1192;163;162;1271;1191;161;160;1190;1270;},375_376_377_378_379_409_410_411_412_413_445_446_447_523_524_605_606_607_902_903_904_974_975_1053_1054_1136_1137_1222_1223_1313_1314_,646-645*0_646-647*0_646-644*0_646-648*0_646-1175*0_646-1174*0_646-643*0_646-649*0_646-1173*0_646-642*0_646-650*0_646-1172*0_646-641*0_646-651*0_646-1171*0_646-640*0_646-652*0_646-1170*0_646-639*0_646-653*0_646-1169*0_646-638*0_646-654*0_646-1168*0_646-637*0_646-655*0_646-1167*0_646-636*0_646-656*0_646-1091*0_646-1090*0_646-1166*0_646-1089*0_646-1088*0_646-635*0_646-657*0_646-1087*0_646-1165*0_646-1086*0_646-562*0_646-634*0_646-658*0_646-561*0_646-563*0_646-560*0_646-564*0_646-1164*0_646-1085*0_646-559*0_646-565*0_646-558*0_646-566*0_646-1084*0_646-557*0_646-567*0_646-633*0_646-659*0_646-1163*0_646-556*0_646-568*0_646-1083*0_646-555*0_646-569*0_646-632*0_646-660*0_646-1259*0_646-1082*0_646-1162*0_646-1258*0_646-1257*0_646-554*0_646-570*0_646-1256*0_646-1081*0_646-1255*0_646-553*0_646-571*0_646-631*0_646-661*0_646-1161*0_646-1254*0_646-552*0_646-572*0_646-1080*0_646-1253*0_646-630*0_646-662*0_646-1160*0_646-1252*0_646-551*0_646-573*0_646-1079*0_646-1251*0_646-550*0_646-574*0_646-629*0_646-663*0_646-1159*0_646-1078*0_646-1250*0_646-549*0_646-575*0_646-1249*0_646-628*0_646-664*0_646-1077*0_646-1158*0_646-548*0_646-576*0_646-1248*0_646-1076*0_646-627*0_646-665*0_646-1157*0_646-1247*0_646-547*0_646-577*0_646-1075*0_646-1246*0_646-546*0_646-578*0_646-626*0_646-666*0_1075-1074*1_1075-1073*1_1075-1072*1_1075-1071*1_1075-1070*1_1075-1069*1_1075-468*1_1075-1068*1_1075-467*1_1075-469*1_1075-466*1_1075-470*1_1075-465*1_1075-471*1_1075-1067*1_1075-464*1_1075-472*1_1075-463*1_1075-473*1_1075-545*1_1075-1066*1_1075-462*1_1075-474*1_1075-544*1_1075-461*1_1075-475*1_1075-1065*1_1075-543*1_1075-460*1_1075-476*1_1075-1064*1_1075-542*1_1075-459*1_1075-477*1_1075-991*1_1075-1063*1_1075-990*1_1075-992*1_1075-541*1_1075-989*1_1075-993*1_1075-458*1_1075-478*1_1075-988*1_1075-994*1_1075-1156*1_1075-987*1_1075-995*1_1075-1155*1_1075-540*1_1075-986*1_1075-996*1_1075-1062*1_1075-1154*1_1075-457*1_1075-479*1_1075-985*1_1075-997*1_1075-1153*1_1075-456*1_1075-480*1_1075-984*1_1075-998*1_1075-1152*1_1075-539*1_1075-1061*1_1075-983*1_1075-999*1_1075-1151*1_1075-455*1_1075-481*1_1075-538*1_1075-982*1_1075-1000*1_1075-1060*1_1075-1150*1_1075-981*1_1075-1001*1_1075-1149*1_1075-454*1_1075-482*1_1075-537*1_1075-1059*1_1075-980*1_1075-1002*1_1075-1148*1_1075-453*1_1075-483*1_1075-536*1_1075-979*1_1075-1003*1_1075-1147*1_1075-1058*1_1075-452*1_1075-484*1_1075-978*1_1075-1004*1_1075-1146*1_1075-535*1_1075-1057*1_1075-451*1_1075-485*1_1075-977*1_1075-1005*1_1075-1145*1_1075-534*1_1075-384*1_1075-1056*1_1075-383*1_1075-385*1_1075-382*1_1075-386*1_1075-976*1_1075-1006*1_1075-1144*1_1075-381*1_1075-387*1_1075-450*1_1075-486*1_1075-380*1_1075-388*1_1075-379*1_1075-389*1_1075-533*1_1075-646*1_1075-378*1_1075-390*1_1075-975*1_1075-1007*1_1075-1055*1_1075-1143*1_1001-624*2_1001-623*2_1001-625*2_1001-622*2_1001-621*2_1001-620*2_1001-619*2_1001-618*2_1001-532*2_1001-617*2_1001-531*2_1001-616*2_1001-530*2_1001-615*2_1001-917*2_1001-916*2_1001-918*2_1001-529*2_1001-915*2_1001-919*2_1001-614*2_1001-914*2_1001-920*2_1001-913*2_1001-921*2_1001-528*2_1001-912*2_1001-922*2_1001-613*2_1001-911*2_1001-923*2_1001-612*2_1001-910*2_1001-527*2_1001-909*2_1001-611*2_1001-526*2_1001-908*2_1001-907*2_1001-610*2_1001-525*2_1001-906*2_1001-609*2_1001-524*2_1001-905*2_1001-608*2_1001-904*2_1001-523*2_1001-449*2_1001-607*2_1001-903*2_1001-522*2_1001-448*2_1001-902*2_1001-447*2_1001-606*2_1001-521*2_1001-446*2_1001-901*2_1256-667*1_1256-579*1_1256-580*1_1256-668*1_1256-581*1_1256-669*1_1256-582*1_1256-583*1_1256-670*1_1256-1245*1_1256-584*1_1256-671*1_1256-1244*1_1256-1340*1_1256-585*1_1256-1339*1_1256-1341*1_1256-1338*1_1256-1342*1_1256-1337*1_1256-1343*1_1256-1336*1_1256-586*1_1256-1243*1_1256-1335*1_1256-1334*1_1256-587*1_1256-1333*1_1256-1242*1_1256-1332*1_1256-1241*1_1256-1331*1_1256-1330*1_1256-1240*1_1256-1329*1_1256-1328*1_1256-1239*1_1256-1327*1_1256-1238*1_1256-1326*1_1256-1237*1_1256-1325*1_1256-492*1_1256-1236*1_1256-1324*1_385-1054*2_385-1053*2_385-1052*2_385-1051*2_385-391*2_385-1050*2_385-392*2_385-1049*2_385-377*2_385-393*2_385-1048*2_385-376*2_385-394*2_385-1047*2_385-375*2_385-395*2_385-1046*2_385-374*2_385-396*2_385-1140*2_385-1045*2_385-1139*2_385-1141*2_385-1138*2_385-1142*2_385-1137*2_385-1136*2_385-301*2_385-373*2_385-397*2_385-300*2_385-302*2_385-1044*2_385-1135*2_385-299*2_385-303*2_385-298*2_385-304*2_385-1134*2_385-297*2_385-305*2_385-296*2_385-306*2_385-372*2_385-398*2_385-972*2_385-971*2_385-973*2_385-1043*2_385-1133*2_385-970*2_385-974*2_385-969*2_385-295*2_385-307*2_385-968*2_385-1132*2_385-294*2_385-308*2_385-967*2_385-371*2_385-399*2_385-1042*2_385-1131*2_385-966*2_385-293*2_385-309*2_385-965*2_385-1130*2_385-292*2_385-310*2_385-370*2_385-400*2_385-1041*2_385-964*2_385-1129*2_385-291*2_385-311*2_385-963*2_385-369*2_385-401*2_385-1040*2_385-290*2_385-312*2_385-1128*2_385-962*2_385-289*2_385-313*2_385-368*2_385-402*2_385-961*2_385-1039*2_385-1127*2_385-288*2_385-314*2_385-960*2_385-1126*2_385-367*2_385-403*2_385-1038*2_385-959*2_385-287*2_385-315*2_385-1125*2_385-366*2_385-404*2_385-1037*2_385-958*2_385-286*2_385-316*2_385-1124*2_385-957*2_385-285*2_385-317*2_385-365*2_385-405*2_1071-487*3_608-605*3_608-604*3_608-603*3_608-602*3_302-1036*3_608-601*3_302-1035*3_608-600*3_608-839*3_302-1034*3_608-838*3_608-837*3_608-836*3_608-599*3_302-1033*3_302-1123*3_608-835*3_302-1122*3_302-218*3_608-598*3_608-834*3_302-217*3_302-219*3_302-216*3_302-220*3_302-1032*3_302-1121*3_302-215*3_302-221*3_302-214*3_302-222*3_608-833*3_302-1120*3_302-213*3_302-223*3_608-597*3_302-1031*3_608-832*3_302-212*3_302-224*3_302-1119*3_302-211*3_302-225*3_608-596*3_608-831*3_302-1030*3_302-1118*3_302-210*3_302-226*3_302-956*3_608-520*3_608-830*3_302-955*3_302-1117*3_302-209*3_302-227*3_608-519*3_608-595*3_302-1029*3_302-954*3_608-518*3_302-208*3_302-228*3_302-1116*3_608-829*3_302-953*3_608-517*3_302-318*3_608-594*3_302-952*3_302-1028*3_302-207*3_302-229*3_302-1115*3_608-516*3_608-828*3_302-951*3_302-206*3_302-230*3_302-319*3_608-515*3_608-593*3_302-1027*3_302-950*3_302-1114*3_608-827*3_608-514*3_302-205*3_302-231*3_302-949*3_302-284*3_302-320*3_608-592*3_302-1113*3_302-1026*3_608-826*3_608-513*3_302-204*3_302-232*3_302-948*3_302-1112*3_608-512*3_302-283*3_302-321*3_608-591*3_608-825*3_302-947*3_302-1025*3_302-203*3_302-233*3_608-511*3_302-1111*3_302-946*3_608-824*3_302-202*3_302-234*3_302-282*3_302-322*3_608-590*3_608-510*3_608-823*3_608-589*3_608-509*3_608-822*3_608-508*3_608-588*3_215-1110*4_215-1109*4_215-140*4_215-1108*4_215-141*4_215-1107*4_215-142*4_215-1106*4_207-194*4_215-143*4_215-1105*4_215-144*4_215-1104*4_207-193*4_215-1014*4_215-1103*4_215-145*4_207-114*4_207-192*4_207-864*4_207-863*4_207-865*4_215-1013*4_207-862*4_207-866*4_215-1102*4_215-146*4_207-861*4_207-867*4_207-860*4_207-868*4_397-406*4_207-113*4_207-281*4_207-859*4_207-869*4_215-1101*4_207-191*4_215-147*4_215-235*4_207-858*4_207-870*4_207-112*4_207-280*4_207-857*4_207-871*4_397-407*4_207-111*4_207-279*4_207-190*4_207-856*4_207-872*4_207-931*4_207-855*4_207-873*4_397-408*4_397-1224*4_397-1223*4_397-1225*4_207-110*4_207-278*4_397-1222*4_397-1226*4_397-1221*4_397-1227*4_207-189*4_207-854*4_207-874*4_207-930*4_397-1220*4_397-1228*4_207-109*4_207-277*4_397-409*4_207-853*4_207-875*4_397-1219*4_397-1229*4_207-188*4_397-1218*4_397-1230*4_207-108*4_207-276*4_207-852*4_207-876*4_207-929*4_397-410*4_397-1217*4_397-1231*4_207-851*4_207-877*4_207-107*4_207-187*4_207-275*4_397-1216*4_397-1232*4_397-488*4_397-411*4_397-1215*4_397-1233*4_397-489*4_397-1214*4_397-1234*4_397-412*4_397-490*4_397-1213*4_397-1235*4_397-323*4_397-491*4_397-413*4_397-324*4_397-1212*4_397-325*4_397-493*4_397-414*4_397-1211*4_397-326*4_397-494*4_397-1210*4_397-415*4_397-327*4_397-495*4_397-1209*4_397-416*4_397-328*4_397-496*4_397-1208*4_397-329*4_397-417*4_397-497*4_365-364*3_365-363*3_365-362*3_365-361*3_365-360*3_365-888*3_365-887*3_365-889*3_365-886*3_365-890*3_365-885*3_365-891*3_365-359*3_365-884*3_365-892*3_365-358*3_365-883*3_365-893*3_365-882*3_365-894*3_365-357*3_365-881*3_365-895*3_365-356*3_365-880*3_365-896*3_365-355*3_365-879*3_365-897*3_365-354*3_365-878*3_365-898*3_365-353*3_365-899*3_365-445*3_365-352*3_365-444*3_365-900*3_365-443*3_365-274*3_365-442*3_365-351*3_365-273*3_365-441*3_365-272*3_365-350*3_365-440*3_365-271*3_365-439*3_365-349*3_365-270*3_365-438*3_365-269*3_365-437*3_365-348*3_365-804*3_365-803*3_365-805*3_365-802*3_365-806*3_365-801*3_365-807*3_365-800*3_365-808*3_365-268*3_365-436*3_365-799*3_365-809*3_365-347*3_365-798*3_365-810*3_365-797*3_365-811*3_365-267*3_365-435*3_365-796*3_365-812*3_365-346*3_365-266*3_365-434*3_365-795*3_365-813*3_365-794*3_365-814*3_365-265*3_365-345*3_365-433*3_1025-1024*4_1025-1023*4_1025-1022*4_1025-1021*4_1025-132*4_1025-1020*4_1025-131*4_1025-133*4_1025-130*4_1025-134*4_1025-129*4_1025-135*4_1025-1019*4_1025-128*4_1025-136*4_1025-1018*4_1025-127*4_1025-137*4_1025-126*4_1025-138*4_1025-1017*4_1025-125*4_1025-139*4_1025-1016*4_1025-124*4_1025-1015*4_1025-123*4_1025-122*4_1025-941*4_1025-940*4_1025-942*4_1025-121*4_1025-939*4_1025-943*4_1025-938*4_1025-944*4_1025-937*4_1025-945*4_1025-120*4_1025-936*4_1025-1012*4_1025-935*4_1025-934*4_1025-119*4_1025-1011*4_1025-933*4_1025-118*4_1025-932*4_1025-1010*4_1025-1100*4_1025-1099*4_1025-117*4_1025-1009*4_1025-1098*4_1025-201*4_1025-116*4_1025-148*4_1025-1097*4_1025-48*4_1025-1008*4_1025-47*4_1025-49*4_1025-46*4_1025-50*4_1025-45*4_1025-51*4_1025-44*4_1025-52*4_1025-200*4_1025-928*4_1025-1096*4_1025-43*4_1025-53*4_1025-115*4_1025-149*4_1025-42*4_1025-54*4_1025-41*4_1025-55*4_1025-199*4_1025-927*4_1025-1095*4_1025-150*4_1025-40*4_1025-56*4_1025-926*4_1025-1094*4_1025-39*4_1025-57*4_1025-198*4_1025-151*4_1025-38*4_1025-58*4_1025-925*4_1025-1093*4_190-186*5_190-185*5_190-195*5_190-184*5_190-196*5_190-183*5_190-197*5_190-182*5_190-181*5_190-180*5_190-780*5_190-779*5_190-781*5_190-778*5_190-782*5_190-777*5_190-783*5_190-776*5_190-784*5_190-179*5_190-775*5_190-785*5_190-774*5_190-786*5_190-106*5_190-178*5_190-105*5_190-104*5_190-773*5_190-787*5_190-103*5_190-102*5_190-772*5_190-788*5_190-101*5_190-177*5_190-100*5_190-771*5_190-789*5_190-99*5_190-176*5_190-770*5_190-790*5_190-850*5_190-98*5_190-769*5_190-791*5_190-97*5_190-175*5_190-849*5_190-96*5_190-264*5_190-768*5_190-792*5_190-174*5_190-848*5_190-95*5_190-263*5_190-767*5_190-793*5_190-94*5_190-262*5_190-173*5_190-847*5_190-766*5_190-93*5_190-261*5_190-172*5_190-765*5_190-846*5_190-92*5_190-260*5_190-764*5_190-171*5_190-845*5_190-91*5_190-259*5_190-763*5_190-90*5_190-170*5_190-258*5_592-755*4_592-754*4_592-753*4_592-752*4_592-751*4_592-750*4_592-749*4_592-748*4_592-747*4_592-746*4_592-745*4_592-507*4_592-506*4_592-505*4_592-504*4_592-744*4_592-743*4_592-742*4_592-741*4_592-740*4_592-739*4_592-738*4_592-737*4_270-257*5_270-256*5_270-255*5_270-344*5_270-254*5_270-343*5_939-36*5_939-924*5_270-342*5_270-253*5_939-35*5_939-37*5_939-34*5_939-33*5_939-32*5_270-341*5_939-31*5_270-252*5_270-708*5_270-707*5_270-709*5_270-706*5_270-710*5_939-30*5_270-705*5_270-711*5_939-844*5_270-340*5_270-704*5_270-712*5_939-29*5_270-703*5_270-713*5_939-843*5_939-28*5_270-702*5_270-714*5_270-339*5_270-701*5_270-715*5_939-27*5_939-842*5_270-700*5_270-716*5_270-338*5_939-26*5_939-841*5_939-25*5_939-24*5_939-840*5_939-23*5_50-59*5_50-60*5_50-1092*5_50-61*5_50-62*5_50-63*5_50-64*5_50-65*5_50-66*5_50-67*5_50-68*5_50-69*5_50-70*5_176-169*6_176-168*6_176-696*6_176-695*6_176-697*6_176-694*6_176-698*6_176-693*6_176-699*6_27-22*6_176-692*6_176-691*6_27-21*6_176-690*6_176-689*6_27-20*6_176-688*6_27-19*6_176-687*6_176-89*6_176-88*6_176-686*6_27-18*6_176-87*6_176-86*6_176-685*6_27-17*6_176-85*6_176-84*6_176-684*6_27-16*6_176-683*6_27-15*6_176-682*6_27-14*6_176-681*6_27-13*6_176-680*6_176-679*6_27-12*6_27-756*6_27-757*6_27-758*6_27-759*6_27-760*6_176-678*6_27-11*6_27-10*6_27-9*6_27-8*6_27-7*6_417-418*5_417-419*5_417-1308*5_417-1307*5_417-1309*5_417-1306*5_417-1310*5_417-1305*5_417-1311*5_417-1304*5_417-1312*5_417-1303*5_417-1313*5_417-1302*5_417-1314*5_417-1301*5_417-1315*5_417-1300*5_417-1316*5_417-1299*5_417-1317*5_417-1298*5_417-1318*5_417-1297*5_417-1319*5_417-333*5_417-501*5_417-332*5_417-334*5_417-500*5_417-502*5_417-331*5_417-335*5_417-499*5_417-503*5_417-330*5_417-498*5_417-1296*5_417-1320*5_417-1295*5_417-1321*5_417-1294*5_417-1322*5_417-1293*5_417-1323*5_417-1292*5_417-1291*5_417-1290*5_417-1207*5_417-1289*5_716-717*6_716-718*6_716-719*6_716-336*6_716-720*6_716-337*6_716-721*6_716-722*6_716-723*6_716-724*6_716-725*6_716-726*6_716-727*6_716-728*6_716-729*6_716-730*6_716-731*6_716-420*6_716-732*6_716-421*6_716-422*6_716-423*6_716-424*6_716-425*6_716-733*6_716-426*6_716-427*6_716-428*6_716-734*6_716-429*6_716-430*6_716-735*6_716-815*6_716-431*6_716-432*6_716-736*6_716-816*6_317-1206*6_317-1205*6_317-1204*6_317-1203*6_317-1202*6_317-236*6_317-237*6_317-238*6_317-1201*6_317-239*6_317-240*6_317-1200*6_317-241*6_317-1199*6_317-242*6_317-243*6_317-1198*6_317-244*6_317-1197*6_317-245*6_317-1196*6_317-246*6_317-1195*6_317-247*6_317-248*6_317-1194*6_317-249*6_1290-1288*7_1290-1287*7_1290-1286*7_1290-1285*7_1290-1284*7_1290-251*7_1290-250*7_1290-1283*7_1290-1282*7_1290-1281*7_1290-1280*7_1290-1279*7_1290-1278*7_1290-1277*7_1290-1276*7_1290-1275*7_1290-1274*7_1290-1273*7_1290-1193*7_1290-1272*7_1290-167*7_1290-166*7_1290-165*7_1290-164*7_1290-1192*7_1290-163*7_1290-162*7_1290-1271*7_1290-1191*7_1290-161*7_1290-160*7_1290-1190*7_1290-1270*7_765-762*6_765-761*6_765-6*6_765-5*6_765-4*6_765-677*6_765-3*6_765-676*6_765-675*6_765-2*6_765-674*6_765-1*6_765-673*6_765-0*6_765-672*6_221-152*7_221-153*7_1274-1269*8_1274-1268*8_1274-1267*8_1274-1266*8_1274-1265*8_1274-159*8_1274-1264*8_1274-158*8_1274-1263*8_1274-157*8_1274-1262*8_1274-1189*8_1274-156*8_1274-1188*8_1274-1187*8_1274-1186*8_1274-1185*8_1274-1261*8_1274-155*8_1274-1184*8_1274-1183*8_1274-1260*8_1274-83*8_1274-82*8_1274-154*8_1274-81*8_1274-1182*8_1274-80*8_1274-79*8_1274-1181*8_1274-78*8_1274-1180*8_1274-77*8_1274-76*8_1274-1179*8_1274-75*8_1274-1178*8_1274-74*8_1274-1177*8_1274-73*8_1274-72*8_1274-1176*8_1274-71*8_740-821*5_740-820*5_740-819*5_740-818*5_740-817*5_
0,1,500,500,0,1344,31,1344,31,5215.55,3.48387,6.67742,486,1344,2200,1550,646,25,645_647_644_648_1175_1174_643_649_1173_642_650_1172_641_651_1171_640_652_1170_639_653_1169_638_654_1168_637_655_1167_636_656_1091_1090_1166_1089_1088_635_657_1087_1165_1086_562_634_658_561_563_560_564_1164_1085_559_565_558_566_1084_557_567_633_659_1163_556_568_1083_555_569_632_660_1259_1082_1162_1258_1257_554_570_1256_1081_1255_553_571_631_661_1161_1254_552_572_1080_1253_630_662_1160_1252_551_573_1079_1251_550_574_629_663_1159_1078_1250_549_575_1249_628_664_1077_1158_548_576_1248_1076_627_665_1157_1247_547_577_1075_1246_546_578_626_666_1245_1244_1243_1242_579_1241_580_1240_581_1239_1156_582_1238_1155_487_583_486_488_1237_485_489_1154_484_490_483_491_482_492_584_1236_1153_481_493_480_494_1152_1235_585_479_495_1151_1234_478_496_586_646_477_497_1150_1233_587_476_498_1149_1232_475_499_667_1332_1331_1333_1330_1334_1329_1335_1148_1328_1336_474_500_668_1231_1327_1337_1326_1338_1147_1325_1339_473_501_669_1230_1324_1340_472_502_670_1323_1341_1146_1229_1322_1342_1074_471_503_671_1073_1072_1071_1070_1069_468_1068_467_469_466_470_465_1067_464_463_1066_462_1065_461_545_460_544_1064_459_543_1063_458_542_990_1062_989_991_988_992_987_993_457_541_986_994_985_995_1061_456_540_984_996_983_997_1060_455_539_982_998_981_999_1059_454_538_980_1000_1058_453_537_979_1001_978_1002_1057_452_536_977_1003_1145_384_1056_383_385_451_535_382_386_381_387_380_388_976_1004_1144_379_389_378_390_450_534_1055_975_1005_1143_377_391_376_392_449_533_974_1006_1054_1142_393_394_1053_395_1052_396_1140_1051_1139_1141_1138_1137_1050_397_1136_1049_1135_398_1134_1048_1133_399_1047_1132_400_1046_1131_305_401_304_306_1045_303_307_1130_302_308_301_309_300_310_402_1044_1129_299_311_298_312_1128_1043_375_403_297_313_1127_1042_296_314_374_404_295_315_1126_1041_373_405_294_316_1125_1040_293_317_372_406_972_971_973_970_969_968_1124_292_318_967_1039_371_407_966_965_1123_291_319_1038_964_370_408_1224_1223_1225_1222_1226_290_320_963_1221_1227_1122_1220_1228_1037_1219_962_1218_289_321_369_409_625_624_1007_623_622_621_620_619_618_617_616_615_614_613_612_923_922_921_920_919_611_918_532_917_610_916_531_915_530_609_914_529_913_608_528_912_607_911_527_910_526_606_909_908_907_906_905_904_525_448_903_447_524_902_446_901_445_523_444_900_522_443_899_442_521_898_441_520_897_440_896_519_439_895_438_518_368_367_366_365_364_363_362_894_893_892_891_361_890_889_360_888_887_359_886_885_358_884_357_883_882_961_356_881_288_960_287_355_286_285_284_880_283_282_354_959_879_281_280_353_437_878_958_1320_1343_1319_1318_1317_1316_1315_1314_1313_1312_1311_1310_1309_419_418_1308_417_416_415_414_1307_413_412_1306_411_410_1305_1304_1303_1302_1301_279_278_877_957_1217_1216_1215_1214_1213_324_1212_323_325_322_326_327_1211_328_329_1210_330_1209_331_332_1208_333_1207_334_1206_1300_1299_335_1298_1205_1297_1296_1295_1204_1294_1203_1293_1292_1202_1291_1290_1201_1121_1289_240_1200_239_241_238_242_237_243_236_244_1120_1288_235_245_234_246_1199_1119_1287_233_247_232_248_1118_1198_1286_605_604_603_602_601_600_839_838_837_599_836_835_598_834_833_597_832_596_831_595_830_594_829_517_516_828_593_515_827_514_592_513_826_591_512_825_511_590_824_510_589_823_509_588_755_754_508_753_822_752_751_750_507_352_351_350_349_348_804_803_805_802_806_801_807_800_808_275_347_274_276_876_799_809_273_277_272_798_810_271_270_346_797_811_875_269_796_812_268_436_345_874_795_813_267_435_794_814_266_344_434_873_793_815_265_433_343_872_264_432_792_816_263_431_342_791_817_871_262_430_790_818_341_870_261_429_789_819_340_869_260_428_788_820_259_339_427_1321_821_951_950_949_205_426_204_948_203_947_231_202_946_1113_1112_1111_1110_1025_1109_1197_1196_1195_1194_1193_1192_230_1191_229_249_1190_228_250_1116_1115_1117_1189_1114_155_227_251_154_156_1188_153_157_152_158_151_159_150_160_226_1284_1187_1283_1285_1282_1281_149_161_1108_1280_148_162_1279_225_1186_1107_1278_147_163_1277_1106_146_164_224_1185_1276_1105_145_165_1275_1184_144_166_1104_1274_143_167_1103_1183_1273_142_1272_1102_1182_1271_141_1101_1181_1270_140_1100_1269_139_956_955_954_953_952_207_206_208_1036_209_210_211_1035_212_201_213_1034_200_214_1033_199_215_198_216_1032_945_197_217_1031_196_218_944_1030_195_868_943_867_1029_194_866_942_1028_193_865_192_864_941_1027_863_191_258_257_256_255_254_253_252_708_707_709_787_706_710_705_711_786_704_712_703_713_785_702_714_784_701_715_783_700_716_782_699_717_175_174_176_781_173_177_698_718_172_178_171_179_170_180_338_780_697_719_169_181_337_168_182_336_696_720_779_183_695_721_778_184_694_722_777_693_723_776_692_724_775_691_725_774_690_726_773_115_114_113_112_111_859_858_860_857_861_110_856_862_855_854_930_109_853_108_852_929_851_107_850_928_849_106_927_848_105_847_926_104_846_925_103_845_1099_36_924_35_37_34_38_844_33_39_102_32_40_31_41_30_42_843_506_505_504_744_743_745_742_746_741_747_740_748_739_749_738_737_736_425_735_424_423_734_422_733_421_420_732_731_730_729_728_727_223_222_221_220_219_188_187_189_186_190_185_1180_1179_1178_1177_72_1176_71_73_70_74_69_75_68_76_67_77_1268_66_78_1267_1098_1266_65_79_1097_1265_64_80_1096_1264_63_81_1095_1263_62_82_1094_1262_61_83_1093_1261_60_1092_1260_59_43_44_45_931_46_932_29_47_933_28_48_1008_1009_934_1010_1011_1012_27_49_935_1013_1014_26_50_122_121_123_120_124_936_1015_119_125_118_126_1016_25_51_117_127_937_116_128_1017_129_24_52_840_841_842_938_1018_130_1019_23_53_131_939_132_1020_22_54_940_133_1021_134_21_55_1022_135_20_1023_136_1024_19_18_772_771_770_769_98_97_99_96_100_768_95_101_94_93_767_92_91_766_90_89_765_88_689_688_764_87_687_86_763_686_85_685_762_84_684_683_761_682_1026_17_16_15_14_13_12_756_757_758_759_11_760_10_9_8_7_6_5_4_3_2_1_0_672_673_674_675_676_677_678_138_137_58_57_56_681_680_679_,0_1_2_3_4_5_6_7_8_9_10_11_12_13_14_15_16_17_18_19_20_21_22_23_24_25_26_27_28_29_30_31_32_33_34_35_36_37_38_39_40_41_42_43_44_45_46_47_48_49_50_51_52_53_54_55_56_57_58_59_60_61_62_63_64_65_66_67_68_69_70_71_72_73_74_75_76_77_78_79_80_81_82_83_84_85_86_87_88_89_90_91_92_93_94_95_96_97_98_99_100_101_102_103_104_105_106_107_108_109_110_111_112_113_114_115_116_117_118_119_120_121_122_123_124_125_126_127_128_129_130_131_132_133_134_135_136_137_138_139_140_141_142_143_144_145_146_147_148_149_150_151_152_153_154_155_156_157_158_159_160_161_162_163_164_165_166_167_168_169_170_171_172_173_174_175_176_177_178_179_180_181_182_183_184_185_186_187_188_189_190_191_192_193_194_195_196_197_198_199_200_201_202_203_204_205_206_207_208_209_210_211_212_213_214_215_216_217_218_219_220_221_222_223_224_225_226_227_228_229_230_231_232_233_234_235_236_237_238_239_240_241_242_243_244_245_246_247_248_249_250_251_252_253_254_255_256_257_258_259_260_261_262_263_264_265_266_267_268_269_270_271_272_273_274_275_276_277_278_279_280_281_282_283_284_285_286_287_288_289_290_291_292_293_294_295_296_297_298_299_300_301_302_303_304_305_306_307_308_309_310_311_312_313_314_315_316_317_318_319_320_321_322_323_324_325_326_327_328_329_330_331_332_333_334_335_336_337_338_339_340_341_342_343_344_345_346_347_348_349_350_351_352_353_354_355_356_357_358_359_360_361_362_363_364_365_366_367_368_369_370_371_372_373_374_375_376_377_378_379_380_381_382_383_384_385_386_387_388_389_390_391_392_393_394_395_396_397_398_399_400_401_402_403_404_405_406_407_408_409_410_411_412_413_414_415_416_417_418_419_420_421_422_423_424_425_426_427_428_429_430_431_432_433_434_435_436_437_438_439_440_441_442_443_444_445_446_447_448_449_450_451_452_453_454_455_456_457_458_459_460_461_462_463_464_465_466_467_468_469_470_471_472_473_474_475_476_477_478_479_480_481_482_483_484_485_486_487_488_489_490_491_492_493_494_495_496_497_498_499_500_501_502_503_504_505_506_507_508_509_510_511_512_513_514_515_516_517_518_519_520_521_522_523_524_525_526_527_528_529_530_531_532_533_534_535_536_537_538_539_540_541_542_543_544_545_546_547_548_549_550_551_552_553_554_555_556_557_558_559_560_561_562_563_564_565_566_567_568_569_570_571_572_573_574_575_576_577_578_579_580_581_582_583_584_585_586_587_588_589_590_591_592_593_594_595_596_597_598_599_600_601_602_603_604_605_606_607_608_609_610_611_612_613_614_615_616_617_618_619_620_621_622_623_624_625_626_627_628_629_630_631_632_633_634_635_636_637_638_639_640_641_642_643_644_645_646_647_648_649_650_651_652_653_654_655_656_657_658_659_660_661_662_663_664_665_666_667_668_669_670_671_672_673_674_675_676_677_678_679_680_681_682_683_684_685_686_687_688_689_690_691_692_693_694_695_696_697_698_699_700_701_702_703_704_705_706_707_708_709_710_711_712_713_714_715_716_717_718_719_720_721_722_723_724_725_726_727_728_729_730_731_732_733_734_735_736_737_738_739_740_741_742_743_744_745_746_747_748_749_750_751_752_753_754_755_756_757_758_759_760_761_762_763_764_765_766_767_768_769_770_771_772_773_774_775_776_777_778_779_780_781_782_783_784_785_786_787_788_789_790_791_792_793_794_795_796_797_798_799_800_801_802_803_804_805_806_807_808_809_810_811_812_813_814_815_816_817_818_819_820_821_822_823_824_825_826_827_828_829_830_831_832_833_834_835_836_837_838_839_840_841_842_843_844_845_846_847_848_849_850_851_852_853_854_855_856_857_858_859_860_861_862_863_864_865_866_867_868_869_870_871_872_873_874_875_876_877_878_879_880_881_882_883_884_885_886_887_888_889_890_891_892_893_894_895_896_897_898_899_900_901_902_903_904_905_906_907_908_909_910_911_912_913_914_915_916_917_918_919_920_921_922_923_924_925_926_927_928_929_930_931_932_933_934_935_936_937_938_939_940_941_942_943_944_945_946_947_948_949_950_951_952_953_954_955_956_957_958_959_960_961_962_963_964_965_966_967_968_969_970_971_972_973_974_975_976_977_978_979_980_981_982_983_984_985_986_987_988_989_990_991_992_993_994_995_996_997_998_999_1000_1001_1002_1003_1004_1005_1006_1007_1008_1009_1010_1011_1012_1013_1014_1015_1016_1017_1018_1019_1020_1021_1022_1023_1024_1025_1026_1027_1028_1029_1030_1031_1032_1033_1034_1035_1036_1037_1038_1039_1040_1041_1042_1043_1044_1045_1046_1047_1048_1049_1050_1051_1052_1053_1054_1055_1056_1057_1058_1059_1060_1061_1062_1063_1064_1065_1066_1067_1068_1069_1070_1071_1072_1073_1074_1075_1076_1077_1078_1079_1080_1081_1082_1083_1084_1085_1086_1087_1088_1089_1090_1091_1092_1093_1094_1095_1096_1097_1098_1099_1100_1101_1102_1103_1104_1105_1106_1107_1108_1109_1110_1111_1112_1113_1114_1115_1116_1117_1118_1119_1120_1121_1122_1123_1124_1125_1126_1127_1128_1129_1130_1131_1132_1133_1134_1135_1136_1137_1138_1139_1140_1141_1142_1143_1144_1145_1146_1147_1148_1149_1150_1151_1152_1153_1154_1155_1156_1157_1158_1159_1160_1161_1162_1163_1164_1165_1166_1167_1168_1169_1170_1171_1172_1173_1174_1175_1176_1177_1178_1179_1180_1181_1182_1183_1184_1185_1186_1187_1188_1189_1190_1191_1192_1193_1194_1195_1196_1197_1198_1199_1200_1201_1202_1203_1204_1205_1206_1207_1208_1209_1210_1211_1212_1213_1214_1215_1216_1217_1218_1219_1220_1221_1222_1223_1224_1225_1226_1227_1228_1229_1230_1231_1232_1233_1234_1235_1236_1237_1238_1239_1240_1241_1242_1243_1244_1245_1246_1247_1248_1249_1250_1251_1252_1253_1254_1255_1256_1257_1258_1259_1260_1261_1262_1263_1264_1265_1266_1267_1268_1269_1270_1271_1272_1273_1274_1275_1276_1277_1278_1279_1280_1281_1282_1283_1284_1285_1286_1287_1288_1289_1290_1291_1292_1293_1294_1295_1296_1297_1298_1299_1300_1301_1302_1303_1304_1305_1306_1307_1308_1309_1310_1311_1312_1313_1314_1315_1316_1317_1318_1319_1320_1321_1322_1323_1324_1325_1326_1327_1328_1329_1330_1331_1332_1333_1334_1335_1336_1337_1338_1339_1340_1341_1342_1343_,19:{17;16;15;14;13;12;756;757;758;759;11;760;10;9;8;7;6;5;4;3;2;1;0;672;673;674;675;676;677;678;}38:{43;44;45;931;46;932;29;47;933;28;48;1008;1009;934;1010;1011;1012;27;49;935;1013;1014;26;50;122;121;123;120;124;936;1015;119;125;118;126;1016;25;51;117;127;937;116;128;1017;129;24;52;840;841;842;938;1018;130;1019;23;53;131;939;132;1020;22;54;940;133;1021;134;21;55;1022;135;20;1023;136;1024;19;18;}97:{681;680;679;}182:{772;771;770;769;98;97;99;96;100;768;95;101;94;93;767;92;91;766;90;89;765;88;689;688;764;87;687;86;763;686;85;685;762;84;684;683;761;682;}239:{1197;1196;1195;1194;1193;1192;230;1191;229;249;1190;228;250;1116;1115;1117;1189;1114;155;227;251;154;156;1188;153;157;152;158;151;159;150;160;226;1284;1187;1283;1285;1282;1281;149;161;1108;1280;148;162;1279;225;1186;1107;1278;147;163;1277;1106;146;164;224;1185;1276;1105;145;165;1275;1184;144;166;1104;1274;143;167;1103;1183;1273;142;1272;1102;1182;1271;141;1101;1181;1270;140;1100;1269;139;}259:{258;257;256;255;254;253;252;708;707;709;787;706;710;705;711;786;704;712;703;713;785;702;714;784;701;715;783;700;716;782;699;717;175;174;176;781;173;177;698;718;172;178;171;179;170;180;338;780;697;719;169;181;337;168;182;336;696;720;779;183;695;721;778;184;694;722;777;693;723;776;692;724;775;691;725;774;690;726;773;}272:{188;187;189;186;190;185;}291:{956;955;954;953;952;207;206;208;1036;209;210;211;1035;212;201;213;1034;200;214;1033;199;215;198;216;1032;945;197;217;1031;196;218;944;1030;195;868;943;867;1029;194;866;942;1028;193;865;192;864;941;1027;863;191;}306:{231;1113;1112;1111;1110;1025;1109;}319:{221;220;219;}359:{352;351;350;349;348;804;803;805;802;806;801;807;800;808;275;347;274;276;876;799;809;273;277;272;798;810;271;270;346;797;811;875;269;796;812;268;436;345;874;795;813;267;435;794;814;266;344;434;873;793;815;265;433;343;872;264;432;792;816;263;431;342;791;817;871;262;430;790;818;341;870;261;429;789;819;340;869;260;428;788;820;259;339;427;}389:{393;394;1053;395;1052;396;1140;1051;1139;1141;1138;1137;1050;397;1136;1049;1135;398;1134;1048;1133;399;1047;1132;400;1046;1131;305;401;304;306;1045;303;307;1130;302;308;301;309;300;310;402;1044;1129;299;311;298;312;1128;1043;375;403;297;313;1127;1042;296;314;374;404;295;315;1126;1041;373;405;294;316;1125;1040;293;317;372;406;972;971;973;970;969;968;1124;292;318;967;1039;371;407;966;965;1123;291;319;1038;964;370;408;1224;1223;1225;1222;1226;290;320;963;1221;1227;1122;1220;1228;1037;1219;962;1218;289;321;369;409;}503:{1320;1319;1318;1317;1316;1315;1314;1313;1312;1311;1310;1309;419;418;1308;417;416;415;414;1307;413;412;1306;411;410;1305;1304;1303;1302;1301;}513:{506;505;504;744;743;745;742;746;741;747;740;748;739;749;738;737;736;425;735;424;423;734;422;733;421;420;732;731;730;729;728;727;}538:{909;908;907;906;905;904;525;448;903;447;524;902;446;901;445;523;444;900;522;443;899;442;521;898;441;520;897;440;896;519;439;895;438;518;}571:{1245;1244;1243;1242;579;1241;580;1240;581;1239;1156;582;1238;1155;487;583;486;488;1237;485;489;1154;484;490;483;491;482;492;584;1236;1153;481;493;480;494;1152;1235;585;479;495;1151;1234;478;496;586;646;477;497;1150;1233;587;476;498;1149;1232;475;499;667;1332;1331;1333;1330;1334;1329;1335;1148;1328;1336;474;500;668;1231;1327;1337;1326;1338;1147;1325;1339;473;501;669;1230;1324;1340;472;502;670;1323;1341;1146;1229;1322;1342;1074;471;503;671;}607:{605;604;603;602;601;600;839;838;837;599;836;835;598;834;833;597;832;596;831;595;830;594;829;517;516;828;593;515;827;514;592;513;826;591;512;825;511;590;824;510;589;823;509;588;755;754;508;753;822;752;751;750;507;}626:{625;624;1007;623;622;621;620;619;618;617;616;615;614;613;612;923;922;921;920;919;611;918;532;917;610;916;531;915;530;609;914;529;913;608;528;912;607;911;527;910;526;606;}646:{645;647;644;648;1175;1174;643;649;1173;642;650;1172;641;651;1171;640;652;1170;639;653;1169;638;654;1168;637;655;1167;636;656;1091;1090;1166;1089;1088;635;657;1087;1165;1086;562;634;658;561;563;560;564;1164;1085;559;565;558;566;1084;557;567;633;659;1163;556;568;1083;555;569;632;660;1259;1082;1162;1258;1257;554;570;1256;1081;1255;553;571;631;661;1161;1254;552;572;1080;1253;630;662;1160;1252;551;573;1079;1251;550;574;629;663;1159;1078;1250;549;575;1249;628;664;1077;1158;548;576;1248;1076;627;665;1157;1247;547;577;1075;1246;546;578;626;666;}908:{821;426;}943:{115;114;113;112;111;859;858;860;857;861;110;856;862;855;854;930;109;853;108;852;929;851;107;850;928;849;106;927;848;105;847;926;104;846;925;103;845;36;924;35;37;34;38;844;33;39;102;32;40;31;41;30;42;843;}977:{279;278;877;957;}978:{368;367;366;365;364;363;362;894;893;892;891;361;890;889;360;888;887;359;886;885;358;884;357;883;882;961;356;881;288;960;287;355;286;285;284;880;283;282;354;959;879;281;280;353;437;878;958;}1031:{1099;}1043:{1026;}1046:{951;950;949;205;204;948;203;947;202;946;}1074:{1073;1072;1071;1070;1069;468;1068;467;469;466;470;465;1067;464;463;1066;462;1065;461;545;460;544;1064;459;543;1063;458;542;990;1062;989;991;988;992;987;993;457;541;986;994;985;995;1061;456;540;984;996;983;997;1060;455;539;982;998;981;999;1059;454;538;980;1000;1058;453;537;979;1001;978;1002;1057;452;536;977;1003;1145;384;1056;383;385;451;535;382;386;381;387;380;388;976;1004;1144;379;389;378;390;450;534;1055;975;1005;1143;377;391;376;392;449;533;974;1006;1054;1142;}1111:{138;137;58;57;56;}1187:{1180;1179;1178;1177;72;1176;71;73;70;74;69;75;68;76;67;77;1268;66;78;1267;1098;1266;65;79;1097;1265;64;80;1096;1264;63;81;1095;1263;62;82;1094;1262;61;83;1093;1261;60;1092;1260;59;}1207:{223;222;}1218:{1217;1216;1215;1214;1213;324;1212;323;325;322;326;327;1211;328;329;1210;330;1209;331;332;1208;333;1207;334;1206;1300;1299;335;1298;1205;1297;1296;1295;1204;1294;1203;1293;1292;1202;1291;1290;1201;1121;1289;240;1200;239;241;238;242;237;243;236;244;1120;1288;235;245;234;246;1199;1119;1287;233;247;232;248;1118;1198;1286;}1306:{1321;}1341:{1343;},375_376_377_378_379_409_410_411_412_413_445_446_447_523_524_605_606_607_902_903_904_974_975_1053_1054_1136_1137_1222_1223_1313_1314_,646-645*0_646-647*0_646-644*0_646-648*0_646-1175*0_646-1174*0_646-643*0_646-649*0_646-1173*0_646-642*0_646-650*0_646-1172*0_646-641*0_646-651*0_646-1171*0_646-640*0_646-652*0_646-1170*0_646-639*0_646-653*0_646-1169*0_646-638*0_646-654*0_646-1168*0_646-637*0_646-655*0_646-1167*0_646-636*0_646-656*0_646-1091*0_646-1090*0_646-1166*0_646-1089*0_646-1088*0_646-635*0_646-657*0_646-1087*0_646-1165*0_646-1086*0_646-562*0_646-634*0_646-658*0_646-561*0_646-563*0_646-560*0_646-564*0_646-1164*0_646-1085*0_646-559*0_646-565*0_646-558*0_646-566*0_646-1084*0_646-557*0_646-567*0_646-633*0_646-659*0_646-1163*0_646-556*0_646-568*0_646-1083*0_646-555*0_646-569*0_646-632*0_646-660*0_646-1259*0_646-1082*0_646-1162*0_646-1258*0_646-1257*0_646-554*0_646-570*0_646-1256*0_646-1081*0_646-1255*0_646-553*0_646-571*0_646-631*0_646-661*0_646-1161*0_646-1254*0_646-552*0_646-572*0_646-1080*0_646-1253*0_646-630*0_646-662*0_646-1160*0_646-1252*0_646-551*0_646-573*0_646-1079*0_646-1251*0_646-550*0_646-574*0_646-629*0_646-663*0_646-1159*0_646-1078*0_646-1250*0_646-549*0_646-575*0_646-1249*0_646-628*0_646-664*0_646-1077*0_646-1158*0_646-548*0_646-576*0_646-1248*0_646-1076*0_646-627*0_646-665*0_646-1157*0_646-1247*0_646-547*0_646-577*0_646-1075*0_646-1246*0_646-546*0_646-578*0_646-626*0_646-666*0_571-1245*1_571-1244*1_571-1243*1_571-1242*1_571-579*1_571-1241*1_571-580*1_571-1240*1_571-581*1_571-1239*1_571-1156*1_571-582*1_571-1238*1_571-1155*1_571-487*1_571-583*1_571-486*1_571-488*1_571-1237*1_571-485*1_571-489*1_571-1154*1_571-484*1_571-490*1_571-483*1_571-491*1_571-482*1_571-492*1_571-584*1_571-1236*1_571-1153*1_571-481*1_571-493*1_571-480*1_571-494*1_571-1152*1_571-1235*1_571-585*1_571-479*1_571-495*1_571-1151*1_571-1234*1_571-478*1_571-496*1_571-586*1_571-646*1_571-477*1_571-497*1_571-1150*1_571-1233*1_571-587*1_571-476*1_571-498*1_571-1149*1_571-1232*1_571-475*1_571-499*1_571-667*1_571-1332*1_571-1331*1_571-1333*1_571-1330*1_571-1334*1_571-1329*1_571-1335*1_571-1148*1_571-1328*1_571-1336*1_571-474*1_571-500*1_571-668*1_571-1231*1_571-1327*1_571-1337*1_571-1326*1_571-1338*1_571-1147*1_571-1325*1_571-1339*1_571-473*1_571-501*1_571-669*1_571-1230*1_571-1324*1_571-1340*1_571-472*1_571-502*1_571-670*1_571-1323*1_571-1341*1_571-1146*1_571-1229*1_571-1322*1_571-1342*1_571-1074*1_571-471*1_571-503*1_571-671*1_1074-1073*2_1074-1072*2_1074-1071*2_1074-1070*2_1074-1069*2_1074-468*2_1074-1068*2_1074-467*2_1074-469*2_1074-466*2_1074-470*2_1074-465*2_1074-1067*2_1074-464*2_1074-463*2_1074-1066*2_1074-462*2_1074-1065*2_1074-461*2_1074-545*2_1074-460*2_1074-544*2_1074-1064*2_1074-459*2_1074-543*2_1074-1063*2_1074-458*2_1074-542*2_1074-990*2_1074-1062*2_1074-989*2_1074-991*2_1074-988*2_1074-992*2_1074-987*2_1074-993*2_1074-457*2_1074-541*2_1074-986*2_1074-994*2_1074-985*2_1074-995*2_1074-1061*2_1074-456*2_1074-540*2_1074-984*2_1074-996*2_1074-983*2_1074-997*2_1074-1060*2_1074-455*2_1074-539*2_1074-982*2_1074-998*2_1074-981*2_1074-999*2_1074-1059*2_1074-454*2_1074-538*2_1074-980*2_1074-1000*2_1074-1058*2_1074-453*2_1074-537*2_1074-979*2_1074-1001*2_1074-978*2_1074-1002*2_1074-1057*2_1074-452*2_1074-536*2_1074-977*2_1074-1003*2_1074-1145*2_1074-384*2_1074-1056*2_1074-383*2_1074-385*2_1074-451*2_1074-535*2_1074-382*2_1074-386*2_1074-381*2_1074-387*2_1074-380*2_1074-388*2_1074-976*2_1074-1004*2_1074-1144*2_1074-379*2_1074-389*2_1074-378*2_1074-390*2_1074-450*2_1074-534*2_1074-1055*2_1074-975*2_1074-1005*2_1074-1143*2_1074-377*2_1074-391*2_1074-376*2_1074-392*2_1074-449*2_1074-533*2_1074-974*2_1074-1006*2_1074-1054*2_1074-1142*2_389-393*3_389-394*3_389-1053*3_389-395*3_389-1052*3_389-396*3_389-1140*3_389-1051*3_389-1139*3_389-1141*3_389-1138*3_389-1137*3_389-1050*3_389-397*3_389-1136*3_389-1049*3_389-1135*3_389-398*3_389-1134*3_389-1048*3_389-1133*3_389-399*3_389-1047*3_389-1132*3_389-400*3_389-1046*3_389-1131*3_389-305*3_389-401*3_389-304*3_389-306*3_389-1045*3_389-303*3_389-307*3_389-1130*3_389-302*3_389-308*3_389-301*3_389-309*3_389-300*3_389-310*3_389-402*3_389-1044*3_389-1129*3_389-299*3_389-311*3_389-298*3_389-312*3_389-1128*3_389-1043*3_389-375*3_389-403*3_389-297*3_389-313*3_389-1127*3_389-1042*3_389-296*3_389-314*3_389-374*3_389-404*3_389-295*3_389-315*3_389-1126*3_389-1041*3_389-373*3_389-405*3_389-294*3_389-316*3_389-1125*3_389-1040*3_389-293*3_389-317*3_389-372*3_389-406*3_389-972*3_389-971*3_389-973*3_389-970*3_389-969*3_389-968*3_389-1124*3_389-292*3_389-318*3_389-967*3_389-1039*3_389-371*3_389-407*3_389-966*3_389-965*3_389-1123*3_389-291*3_389-319*3_389-1038*3_389-964*3_389-370*3_389-408*3_389-1224*3_389-1223*3_389-1225*3_389-1222*3_389-1226*3_389-290*3_389-320*3_389-963*3_389-1221*3_389-1227*3_389-1122*3_389-1220*3_389-1228*3_389-1037*3_389-1219*3_389-962*3_389-1218*3_389-289*3_389-321*3_389-369*3_389-409*3_626-625*1_626-624*1_626-1007*1_626-623*1_626-622*1_626-621*1_626-620*1_626-619*1_626-618*1_626-617*1_626-616*1_626-615*1_626-614*1_626-613*1_626-612*1_626-923*1_626-922*1_626-921*1_626-920*1_626-919*1_626-611*1_626-918*1_626-532*1_626-917*1_626-610*1_626-916*1_626-531*1_626-915*1_626-530*1_626-609*1_626-914*1_626-529*1_626-913*1_626-608*1_626-528*1_626-912*1_626-607*1_626-911*1_626-527*1_626-910*1_626-526*1_626-606*1_538-909*3_538-908*3_538-907*3_538-906*3_538-905*3_538-904*3_538-525*3_538-448*3_538-903*3_538-447*3_538-524*3_538-902*3_538-446*3_538-901*3_538-445*3_538-523*3_538-444*3_538-900*3_538-522*3_538-443*3_538-899*3_538-442*3_538-521*3_538-898*3_538-441*3_538-520*3_538-897*3_538-440*3_538-896*3_538-519*3_538-439*3_538-895*3_538-438*3_538-518*3_978-368*4_978-367*4_978-366*4_978-365*4_978-364*4_978-363*4_978-362*4_978-894*4_978-893*4_978-892*4_978-891*4_978-361*4_978-890*4_978-889*4_978-360*4_978-888*4_978-887*4_978-359*4_978-886*4_978-885*4_978-358*4_978-884*4_978-357*4_978-883*4_978-882*4_978-961*4_978-356*4_978-881*4_978-288*4_978-960*4_978-287*4_978-355*4_978-286*4_978-285*4_978-284*4_978-880*4_978-283*4_978-282*4_978-354*4_978-959*4_978-879*4_978-281*4_978-280*4_978-353*4_978-437*4_978-878*4_978-958*4_503-1320*2_1341-1343*2_503-1319*2_503-1318*2_503-1317*2_503-1316*2_503-1315*2_503-1314*2_503-1313*2_503-1312*2_503-1311*2_503-1310*2_503-1309*2_503-419*2_503-418*2_503-1308*2_503-417*2_503-416*2_503-415*2_503-414*2_503-1307*2_503-413*2_503-412*2_503-1306*2_503-411*2_503-410*2_503-1305*2_503-1304*2_503-1303*2_503-1302*2_503-1301*2_977-279*4_977-278*4_977-877*4_977-957*4_1218-1217*4_1218-1216*4_1218-1215*4_1218-1214*4_1218-1213*4_1218-324*4_1218-1212*4_1218-323*4_1218-325*4_1218-322*4_1218-326*4_1218-327*4_1218-1211*4_1218-328*4_1218-329*4_1218-1210*4_1218-330*4_1218-1209*4_1218-331*4_1218-332*4_1218-1208*4_1218-333*4_1218-1207*4_1218-334*4_1218-1206*4_1218-1300*4_1218-1299*4_1218-335*4_1218-1298*4_1218-1205*4_1218-1297*4_1218-1296*4_1218-1295*4_1218-1204*4_1218-1294*4_1218-1203*4_1218-1293*4_1218-1292*4_1218-1202*4_1218-1291*4_1218-1290*4_1218-1201*4_1218-1121*4_1218-1289*4_1218-240*4_1218-1200*4_1218-239*4_1218-241*4_1218-238*4_1218-242*4_1218-237*4_1218-243*4_1218-236*4_1218-244*4_1218-1120*4_1218-1288*4_1218-235*4_1218-245*4_1218-234*4_1218-246*4_1218-1199*4_1218-1119*4_1218-1287*4_1218-233*4_1218-247*4_1218-232*4_1218-248*4_1218-1118*4_1218-1198*4_1218-1286*4_607-605*4_607-604*4_607-603*4_607-602*4_607-601*4_607-600*4_607-839*4_607-838*4_607-837*4_607-599*4_607-836*4_607-835*4_607-598*4_607-834*4_607-833*4_607-597*4_607-832*4_607-596*4_607-831*4_607-595*4_607-830*4_607-594*4_607-829*4_607-517*4_607-516*4_607-828*4_607-593*4_607-515*4_607-827*4_607-514*4_607-592*4_607-513*4_607-826*4_607-591*4_607-512*4_607-825*4_607-511*4_607-590*4_607-824*4_607-510*4_607-589*4_607-823*4_607-509*4_607-588*4_607-755*4_607-754*4_607-508*4_607-753*4_607-822*4_607-752*4_607-751*4_607-750*4_607-507*4_359-352*5_359-351*5_359-350*5_359-349*5_359-348*5_359-804*5_359-803*5_359-805*5_359-802*5_359-806*5_359-801*5_359-807*5_359-800*5_359-808*5_359-275*5_359-347*5_359-274*5_359-276*5_359-876*5_359-799*5_359-809*5_359-273*5_359-277*5_359-272*5_359-798*5_359-810*5_359-271*5_359-270*5_359-346*5_359-797*5_359-811*5_359-875*5_359-269*5_359-796*5_359-812*5_359-268*5_359-436*5_359-345*5_359-874*5_359-795*5_359-813*5_359-267*5_359-435*5_359-794*5_359-814*5_359-266*5_359-344*5_359-434*5_359-873*5_359-793*5_359-815*5_359-265*5_359-433*5_359-343*5_359-872*5_359-264*5_359-432*5_359-792*5_359-816*5_359-263*5_359-431*5_359-342*5_359-791*5_359-817*5_359-871*5_359-262*5_359-430*5_359-790*5_359-818*5_359-341*5_359-870*5_359-261*5_359-429*5_359-789*5_359-819*5_359-340*5_359-869*5_359-260*5_359-428*5_359-788*5_359-820*5_359-259*5_359-339*5_359-427*5_1306-1321*5_908-821*5_1046-951*5_1046-950*5_1046-949*5_1046-205*5_908-426*5_1046-204*5_1046-948*5_1046-203*5_1046-947*5_306-231*5_1046-202*5_1046-946*5_306-1113*5_306-1112*5_306-1111*5_306-1110*5_306-1025*5_306-1109*5_239-1197*5_239-1196*5_239-1195*5_239-1194*5_239-1193*5_239-1192*5_239-230*5_239-1191*5_239-229*5_239-249*5_239-1190*5_239-228*5_239-250*5_239-1116*5_239-1115*5_239-1117*5_239-1189*5_239-1114*5_239-155*5_239-227*5_239-251*5_239-154*5_239-156*5_239-1188*5_239-153*5_239-157*5_239-152*5_239-158*5_239-151*5_239-159*5_239-150*5_239-160*5_239-226*5_239-1284*5_239-1187*5_239-1283*5_239-1285*5_239-1282*5_239-1281*5_239-149*5_239-161*5_239-1108*5_239-1280*5_239-148*5_239-162*5_239-1279*5_239-225*5_239-1186*5_239-1107*5_239-1278*5_239-147*5_239-163*5_239-1277*5_239-1106*5_239-146*5_239-164*5_239-224*5_239-1185*5_239-1276*5_239-1105*5_239-145*5_239-165*5_239-1275*5_239-1184*5_239-144*5_239-166*5_239-1104*5_239-1274*5_239-143*5_239-167*5_239-1103*5_239-1183*5_239-1273*5_239-142*5_239-1272*5_239-1102*5_239-1182*5_239-1271*5_239-141*5_239-1101*5_239-1181*5_239-1270*5_239-140*5_239-1100*5_239-1269*5_239-139*5_291-956*6_291-955*6_291-954*6_291-953*6_291-952*6_291-207*6_291-206*6_291-208*6_291-1036*6_291-209*6_291-210*6_291-211*6_291-1035*6_291-212*6_291-201*6_291-213*6_291-1034*6_291-200*6_291-214*6_291-1033*6_291-199*6_291-215*6_291-198*6_291-216*6_291-1032*6_291-945*6_291-197*6_291-217*6_291-1031*6_291-196*6_291-218*6_291-944*6_291-1030*6_291-195*6_291-868*6_291-943*6_291-867*6_291-1029*6_291-194*6_291-866*6_291-942*6_291-1028*6_291-193*6_291-865*6_291-192*6_291-864*6_291-941*6_291-1027*6_291-863*6_291-191*6_259-258*6_259-257*6_259-256*6_259-255*6_259-254*6_259-253*6_259-252*6_259-708*6_259-707*6_259-709*6_259-787*6_259-706*6_259-710*6_259-705*6_259-711*6_259-786*6_259-704*6_259-712*6_259-703*6_259-713*6_259-785*6_259-702*6_259-714*6_259-784*6_259-701*6_259-715*6_259-783*6_259-700*6_259-716*6_259-782*6_259-699*6_259-717*6_259-175*6_259-174*6_259-176*6_259-781*6_259-173*6_259-177*6_259-698*6_259-718*6_259-172*6_259-178*6_259-171*6_259-179*6_259-170*6_259-180*6_259-338*6_259-780*6_259-697*6_259-719*6_259-169*6_259-181*6_259-337*6_259-168*6_259-182*6_259-336*6_259-696*6_259-720*6_259-779*6_259-183*6_259-695*6_259-721*6_259-778*6_259-184*6_259-694*6_259-722*6_259-777*6_259-693*6_259-723*6_259-776*6_259-692*6_259-724*6_259-775*6_259-691*6_259-725*6_259-774*6_259-690*6_259-726*6_259-773*6_943-115*7_943-114*7_943-113*7_943-112*7_943-111*7_943-859*7_943-858*7_943-860*7_943-857*7_943-861*7_943-110*7_943-856*7_943-862*7_943-855*7_943-854*7_943-930*7_943-109*7_943-853*7_943-108*7_943-852*7_943-929*7_943-851*7_943-107*7_943-850*7_943-928*7_943-849*7_943-106*7_943-927*7_943-848*7_943-105*7_943-847*7_943-926*7_943-104*7_943-846*7_943-925*7_943-103*7_943-845*7_1031-1099*7_943-36*7_943-924*7_943-35*7_943-37*7_943-34*7_943-38*7_943-844*7_943-33*7_943-39*7_943-102*7_943-32*7_943-40*7_943-31*7_943-41*7_943-30*7_943-42*7_943-843*7_513-506*6_513-505*6_513-504*6_513-744*6_513-743*6_513-745*6_513-742*6_513-746*6_513-741*6_513-747*6_513-740*6_513-748*6_513-739*6_513-749*6_513-738*6_513-737*6_513-736*6_513-425*6_513-735*6_513-424*6_513-423*6_513-734*6_513-422*6_513-733*6_513-421*6_513-420*6_513-732*6_513-731*6_513-730*6_513-729*6_513-728*6_513-727*6_1207-223*6_1207-222*6_319-221*6_319-220*6_319-219*6_272-188*7_272-187*7_272-189*7_272-186*7_272-190*7_272-185*7_1187-1180*7_1187-1179*7_1187-1178*7_1187-1177*7_1187-72*7_1187-1176*7_1187-71*7_1187-73*7_1187-70*7_1187-74*7_1187-69*7_1187-75*7_1187-68*7_1187-76*7_1187-67*7_1187-77*7_1187-1268*7_1187-66*7_1187-78*7_1187-1267*7_1187-1098*7_1187-1266*7_1187-65*7_1187-79*7_1187-1097*7_1187-1265*7_1187-64*7_1187-80*7_1187-1096*7_1187-1264*7_1187-63*7_1187-81*7_1187-1095*7_1187-1263*7_1187-62*7_1187-82*7_1187-1094*7_1187-1262*7_1187-61*7_1187-83*7_1187-1093*7_1187-1261*7_1187-60*7_1187-1092*7_1187-1260*7_1187-59*7_38-43*8_38-44*8_38-45*8_38-931*8_38-46*8_38-932*8_38-29*8_38-47*8_38-933*8_38-28*8_38-48*8_38-1008*8_38-1009*8_38-934*8_38-1010*8_38-1011*8_38-1012*8_38-27*8_38-49*8_38-935*8_38-1013*8_38-1014*8_38-26*8_38-50*8_38-122*8_38-121*8_38-123*8_38-120*8_38-124*8_38-936*8_38-1015*8_38-119*8_38-125*8_38-118*8_38-126*8_38-1016*8_38-25*8_38-51*8_38-117*8_38-127*8_38-937*8_38-116*8_38-128*8_38-1017*8_38-129*8_38-24*8_38-52*8_38-840*8_38-841*8_38-842*8_38-938*8_38-1018*8_38-130*8_38-1019*8_38-23*8_38-53*8_38-131*8_38-939*8_38-132*8_38-1020*8_38-22*8_38-54*8_38-940*8_38-133*8_38-1021*8_38-134*8_38-21*8_38-55*8_38-1022*8_38-135*8_38-20*8_38-1023*8_38-136*8_38-1024*8_38-19*8_38-18*8_182-772*7_182-771*7_182-770*7_182-769*7_182-98*7_182-97*7_182-99*7_182-96*7_182-100*7_182-768*7_182-95*7_182-101*7_182-94*7_182-93*7_182-767*7_182-92*7_182-91*7_182-766*7_182-90*7_182-89*7_182-765*7_182-88*7_182-689*7_182-688*7_182-764*7_182-87*7_182-687*7_182-86*7_182-763*7_182-686*7_182-85*7_182-685*7_182-762*7_182-84*7_182-684*7_182-683*7_182-761*7_182-682*7_1043-1026*7_19-17*9_19-16*9_19-15*9_19-14*9_19-13*9_19-12*9_19-756*9_19-757*9_19-758*9_19-759*9_19-11*9_19-760*9_19-10*9_19-9*9_19-8*9_19-7*9_19-6*9_19-5*9_19-4*9_19-3*9_19-2*9_19-1*9_19-0*9_19-672*9_19-673*9_19-674*9_19-675*9_19-676*9_19-677*9_19-678*9_1111-138*8_1111-137*8_1111-58*8_1111-57*8_1111-56*8_97-681*10_97-680*10_97-679*10_
