"id","Scenario","Actual Range","Protocol","Buildings","Total nodes","Nodes on circ","Total coverage","Coverage on circ","Alert received mean time","Hops","Slots","Messages sent","Messages received", "Starting x", "Starting y","Starting node", "Vehicle distance", "Received node ids", "Node ids", "Transmission map", "Received on circ nodes", "Transmission vector"
0,1,100,100,0,600,3,600,3,1.14977e+07,4.29497e+09,11494,191,600,0,100,0,25,1_2_3_4_5_0_6_7_8_9_10_11_12_13_14_15_16_17_18_19_20_21_22_23_24_25_26_27_28_29_30_31_32_33_34_35_36_37_38_39_40_41_42_43_44_45_46_47_48_49_50_51_52_53_54_55_56_57_58_59_60_61_62_63_64_65_66_67_68_69_70_71_72_73_74_75_76_77_78_79_80_81_82_83_84_85_86_87_88_89_90_91_92_93_94_95_96_97_98_99_100_101_102_103_104_105_106_107_108_109_110_111_112_113_114_115_116_117_118_119_120_121_122_123_124_125_126_127_128_129_130_131_132_133_134_135_136_137_138_139_140_141_142_143_144_145_146_147_148_149_150_151_152_153_154_155_156_157_158_159_160_161_162_163_164_165_166_167_168_169_170_171_172_173_174_175_176_177_178_179_180_181_182_183_184_185_186_187_188_189_190_191_192_193_194_195_196_197_198_199_200_201_202_203_204_205_206_207_208_209_210_211_212_213_214_215_216_217_218_219_220_221_222_223_224_225_226_227_228_229_230_231_232_233_234_235_236_237_238_239_240_241_242_243_244_245_246_247_248_249_250_251_252_253_254_255_256_257_258_259_260_261_262_263_264_265_266_267_268_269_270_271_272_273_274_275_276_277_278_279_280_281_282_283_284_285_286_287_288_289_290_291_292_293_294_295_296_297_298_299_300_301_302_303_304_305_306_307_308_309_310_311_312_313_314_315_316_317_318_319_320_321_322_323_324_325_326_327_328_329_330_331_332_333_334_335_336_337_338_339_340_341_342_343_344_345_346_347_348_349_350_351_352_353_354_355_356_357_358_359_360_361_362_363_364_365_366_367_368_369_370_371_372_373_374_375_376_377_378_379_380_381_382_383_384_385_386_387_388_389_390_391_392_393_394_395_396_397_398_399_400_401_402_403_404_405_406_407_408_409_410_411_412_413_414_415_416_417_418_419_420_421_422_423_424_425_426_427_428_429_430_431_432_433_434_435_436_437_438_439_440_441_442_443_444_445_446_447_448_449_450_451_452_453_454_455_456_457_458_459_460_461_462_463_464_465_466_467_468_469_470_471_472_473_474_475_476_477_478_479_480_481_482_483_484_485_486_487_488_489_490_491_492_493_494_495_496_497_498_499_500_501_502_503_504_505_506_507_508_509_510_511_512_513_514_515_516_517_518_519_520_521_522_523_524_525_526_527_528_529_530_531_532_533_534_535_536_537_538_539_540_541_542_543_544_545_546_547_548_549_550_551_552_553_554_555_556_557_558_559_560_561_562_563_564_565_566_567_568_569_570_571_572_573_574_575_576_577_578_579_580_581_582_583_584_585_586_587_588_589_590_591_592_593_594_595_596_597_598_599_,0_1_2_3_4_5_6_7_8_9_10_11_12_13_14_15_16_17_18_19_20_21_22_23_24_25_26_27_28_29_30_31_32_33_34_35_36_37_38_39_40_41_42_43_44_45_46_47_48_49_50_51_52_53_54_55_56_57_58_59_60_61_62_63_64_65_66_67_68_69_70_71_72_73_74_75_76_77_78_79_80_81_82_83_84_85_86_87_88_89_90_91_92_93_94_95_96_97_98_99_100_101_102_103_104_105_106_107_108_109_110_111_112_113_114_115_116_117_118_119_120_121_122_123_124_125_126_127_128_129_130_131_132_133_134_135_136_137_138_139_140_141_142_143_144_145_146_147_148_149_150_151_152_153_154_155_156_157_158_159_160_161_162_163_164_165_166_167_168_169_170_171_172_173_174_175_176_177_178_179_180_181_182_183_184_185_186_187_188_189_190_191_192_193_194_195_196_197_198_199_200_201_202_203_204_205_206_207_208_209_210_211_212_213_214_215_216_217_218_219_220_221_222_223_224_225_226_227_228_229_230_231_232_233_234_235_236_237_238_239_240_241_242_243_244_245_246_247_248_249_250_251_252_253_254_255_256_257_258_259_260_261_262_263_264_265_266_267_268_269_270_271_272_273_274_275_276_277_278_279_280_281_282_283_284_285_286_287_288_289_290_291_292_293_294_295_296_297_298_299_300_301_302_303_304_305_306_307_308_309_310_311_312_313_314_315_316_317_318_319_320_321_322_323_324_325_326_327_328_329_330_331_332_333_334_335_336_337_338_339_340_341_342_343_344_345_346_347_348_349_350_351_352_353_354_355_356_357_358_359_360_361_362_363_364_365_366_367_368_369_370_371_372_373_374_375_376_377_378_379_380_381_382_383_384_385_386_387_388_389_390_391_392_393_394_395_396_397_398_399_400_401_402_403_404_405_406_407_408_409_410_411_412_413_414_415_416_417_418_419_420_421_422_423_424_425_426_427_428_429_430_431_432_433_434_435_436_437_438_439_440_441_442_443_444_445_446_447_448_449_450_451_452_453_454_455_456_457_458_459_460_461_462_463_464_465_466_467_468_469_470_471_472_473_474_475_476_477_478_479_480_481_482_483_484_485_486_487_488_489_490_491_492_493_494_495_496_497_498_499_500_501_502_503_504_505_506_507_508_509_510_511_512_513_514_515_516_517_518_519_520_521_522_523_524_525_526_527_528_529_530_531_532_533_534_535_536_537_538_539_540_541_542_543_544_545_546_547_548_549_550_551_552_553_554_555_556_557_558_559_560_561_562_563_564_565_566_567_568_569_570_571_572_573_574_575_576_577_578_579_580_581_582_583_584_585_586_587_588_589_590_591_592_593_594_595_596_597_598_599_,0:{1;2;3;}3:{4;5;0;6;}6:{7;8;9;}9:{10;11;12;}12:{13;14;15;}15:{16;17;18;19;}19:{20;21;22;23;}23:{24;25;26;}26:{27;28;29;}29:{30;31;32;33;}33:{34;35;36;37;}37:{38;39;40;41;}41:{42;43;44;}44:{45;46;47;}47:{48;49;50;51;}51:{52;53;54;}54:{55;56;57;58;}58:{59;60;61;62;}62:{63;64;65;}63:{66;}66:{67;68;69;}67:{70;71;}71:{72;73;74;}74:{75;76;77;}76:{78;79;}79:{80;81;82;}82:{83;84;85;}85:{86;87;88;89;}89:{90;91;92;}92:{93;94;95;96;}96:{97;98;99;}99:{100;101;102;103;}103:{104;105;106;107;}107:{108;109;110;111;}111:{112;113;114;115;}115:{116;117;118;119;}118:{120;121;122;}122:{123;124;125;126;}126:{127;128;129;}129:{130;131;132;}132:{133;134;135;136;}136:{137;138;139;140;}140:{141;142;143;144;}143:{145;146;147;}147:{148;149;150;}150:{151;152;153;}152:{154;155;}154:{156;157;158;}158:{159;160;161;162;}162:{163;164;165;166;}166:{167;168;169;}167:{170;171;}171:{172;173;174;175;}175:{176;177;178;179;}179:{180;181;182;}181:{183;184;185;}185:{186;187;188;}188:{189;190;191;192;}191:{193;194;}194:{195;196;197;198;}198:{199;200;201;}201:{202;203;204;205;}205:{206;207;208;}208:{209;210;211;}211:{212;213;214;215;}215:{216;217;218;}218:{219;220;221;222;}222:{223;224;225;226;}226:{227;228;229;}229:{230;231;232;}232:{233;234;235;}235:{236;237;238;}237:{239;240;}240:{241;242;243;}243:{244;245;246;}244:{247;248;}248:{249;250;251;}251:{252;253;254;255;}255:{256;257;258;}258:{259;260;261;262;}262:{263;264;265;}263:{266;}266:{267;268;269;270;}270:{271;272;273;274;}274:{275;276;277;}275:{278;}278:{279;280;281;}279:{282;}282:{283;284;285;}285:{286;287;288;}288:{289;290;291;292;}292:{293;294;295;}294:{296;297;298;}298:{299;300;301;}301:{302;303;304;}302:{305;}305:{306;307;308;}306:{309;310;}310:{311;312;313;}313:{314;315;316;}314:{317;318;}318:{319;320;321;}321:{322;323;324;325;}325:{326;327;328;329;}329:{330;331;332;333;}333:{334;335;336;337;}337:{338;339;340;341;}341:{342;343;344;}344:{345;346;347;}347:{348;349;350;}349:{351;352;}351:{353;354;355;}354:{356;357;}357:{358;359;360;361;}361:{362;363;364;365;}365:{366;367;368;369;}369:{370;371;372;373;}373:{374;375;376;}376:{377;378;379;380;}380:{381;382;383;}382:{384;385;}385:{386;387;388;}386:{389;}389:{390;391;392;}392:{393;394;395;396;}395:{397;398;}398:{399;400;401;}400:{402;403;}402:{404;405;}403:{406;407;}407:{408;409;410;411;}411:{412;413;414;}414:{415;416;417;418;}418:{419;420;421;422;}422:{423;424;425;426;}426:{427;428;429;430;}430:{431;432;433;434;}434:{435;436;437;}436:{438;439;}439:{440;441;442;}441:{443;444;445;}445:{446;447;448;449;}449:{450;451;452;453;}453:{454;455;456;}456:{457;458;459;460;}460:{461;462;463;}461:{464;465;}465:{466;467;468;469;}469:{470;471;472;}472:{473;474;475;476;}476:{477;478;479;}479:{480;481;482;483;}483:{484;485;486;}486:{487;488;489;}489:{490;491;492;}492:{493;494;495;496;}496:{497;498;499;}499:{500;501;502;}502:{503;504;505;}504:{506;507;508;}508:{509;510;511;512;}512:{513;514;515;}515:{516;517;518;}518:{519;520;521;}521:{522;523;524;525;}525:{526;527;528;}526:{529;530;}530:{531;532;533;}533:{534;535;536;}535:{537;538;}538:{539;540;541;542;}542:{543;544;545;546;}546:{547;548;549;550;}550:{551;552;553;}553:{554;555;556;557;}557:{558;559;560;}559:{561;562;}562:{563;564;565;566;}566:{567;568;569;}568:{570;571;572;}572:{573;574;575;576;}576:{577;578;579;580;}580:{581;582;583;584;}584:{585;586;587;}587:{588;589;590;}588:{591;592;}592:{593;594;595;}593:{596;597;}597:{598;599;},559_560_561_,0-1*0_0-2*0_0-3*0_3-4*1_3-5*1_3-0*1_3-6*1_6-7*2_6-8*2_6-9*2_9-10*3_9-11*3_9-12*3_12-13*4_12-14*4_12-15*4_15-16*5_15-17*5_15-18*5_15-19*5_19-20*6_19-21*6_19-22*6_19-23*6_23-24*7_23-25*7_23-26*7_26-27*8_26-28*8_26-29*8_29-30*9_29-31*9_29-32*9_29-33*9_33-34*10_33-35*10_33-36*10_33-37*10_37-38*11_37-39*11_37-40*11_37-41*11_41-42*12_41-43*12_41-44*12_44-45*13_44-46*13_44-47*13_47-48*14_47-49*14_47-50*14_47-51*14_51-52*15_51-53*15_51-54*15_54-55*16_54-56*16_54-57*16_54-58*16_58-59*17_58-60*17_58-61*17_58-62*17_62-63*18_62-64*18_62-65*18_63-66*19_66-67*20_66-68*20_66-69*20_67-70*21_67-71*21_71-72*22_71-73*22_71-74*22_74-75*23_74-76*23_74-77*23_76-78*24_76-79*24_79-80*25_79-81*25_79-82*25_82-83*26_82-84*26_82-85*26_85-86*27_85-87*27_85-88*27_85-89*27_89-90*28_89-91*28_89-92*28_92-93*29_92-94*29_92-95*29_92-96*29_96-97*30_96-98*30_96-99*30_99-100*31_99-101*31_99-102*31_99-103*31_103-104*32_103-105*32_103-106*32_103-107*32_107-108*33_107-109*33_107-110*33_107-111*33_111-112*34_111-113*34_111-114*34_111-115*34_115-116*35_115-117*35_115-118*35_115-119*35_118-120*36_118-121*36_118-122*36_122-123*37_122-124*37_122-125*37_122-126*37_126-127*38_126-128*38_126-129*38_129-130*39_129-131*39_129-132*39_132-133*40_132-134*40_132-135*40_132-136*40_136-137*41_136-138*41_136-139*41_136-140*41_140-141*42_140-142*42_140-143*42_140-144*42_143-145*43_143-146*43_143-147*43_147-148*44_147-149*44_147-150*44_150-151*45_150-152*45_150-153*45_152-154*46_152-155*46_154-156*47_154-157*47_154-158*47_158-159*48_158-160*48_158-161*48_158-162*48_162-163*49_162-164*49_162-165*49_162-166*49_166-167*50_166-168*50_166-169*50_167-170*51_167-171*51_171-172*52_171-173*52_171-174*52_171-175*52_175-176*53_175-177*53_175-178*53_175-179*53_179-180*54_179-181*54_179-182*54_181-183*55_181-184*55_181-185*55_185-186*56_185-187*56_185-188*56_188-189*57_188-190*57_188-191*57_188-192*57_191-193*58_191-194*58_194-195*59_194-196*59_194-197*59_194-198*59_198-199*60_198-200*60_198-201*60_201-202*61_201-203*61_201-204*61_201-205*61_205-206*62_205-207*62_205-208*62_208-209*63_208-210*63_208-211*63_211-212*64_211-213*64_211-214*64_211-215*64_215-216*65_215-217*65_215-218*65_218-219*66_218-220*66_218-221*66_218-222*66_222-223*67_222-224*67_222-225*67_222-226*67_226-227*68_226-228*68_226-229*68_229-230*69_229-231*69_229-232*69_232-233*70_232-234*70_232-235*70_235-236*71_235-237*71_235-238*71_237-239*72_237-240*72_240-241*73_240-242*73_240-243*73_243-244*74_243-245*74_243-246*74_244-247*75_244-248*75_248-249*76_248-250*76_248-251*76_251-252*77_251-253*77_251-254*77_251-255*77_255-256*78_255-257*78_255-258*78_258-259*79_258-260*79_258-261*79_258-262*79_262-263*80_262-264*80_262-265*80_263-266*81_266-267*82_266-268*82_266-269*82_266-270*82_270-271*83_270-272*83_270-273*83_270-274*83_274-275*84_274-276*84_274-277*84_275-278*85_278-279*86_278-280*86_278-281*86_279-282*87_282-283*88_282-284*88_282-285*88_285-286*89_285-287*89_285-288*89_288-289*90_288-290*90_288-291*90_288-292*90_292-293*91_292-294*91_292-295*91_294-296*92_294-297*92_294-298*92_298-299*93_298-300*93_298-301*93_301-302*94_301-303*94_301-304*94_302-305*95_305-306*96_305-307*96_305-308*96_306-309*97_306-310*97_310-311*98_310-312*98_310-313*98_313-314*99_313-315*99_313-316*99_314-317*100_314-318*100_318-319*101_318-320*101_318-321*101_321-322*102_321-323*102_321-324*102_321-325*102_325-326*103_325-327*103_325-328*103_325-329*103_329-330*104_329-331*104_329-332*104_329-333*104_333-334*105_333-335*105_333-336*105_333-337*105_337-338*106_337-339*106_337-340*106_337-341*106_341-342*107_341-343*107_341-344*107_344-345*108_344-346*108_344-347*108_347-348*109_347-349*109_347-350*109_349-351*110_349-352*110_351-353*111_351-354*111_351-355*111_354-356*112_354-357*112_357-358*113_357-359*113_357-360*113_357-361*113_361-362*114_361-363*114_361-364*114_361-365*114_365-366*115_365-367*115_365-368*115_365-369*115_369-370*116_369-371*116_369-372*116_369-373*116_373-374*117_373-375*117_373-376*117_376-377*118_376-378*118_376-379*118_376-380*118_380-381*119_380-382*119_380-383*119_382-384*120_382-385*120_385-386*121_385-387*121_385-388*121_386-389*122_389-390*123_389-391*123_389-392*123_392-393*124_392-394*124_392-395*124_392-396*124_395-397*125_395-398*125_398-399*126_398-400*126_398-401*126_400-402*127_400-403*127_402-404*4294967168_402-405*4294967168_403-406*4294967168_403-407*4294967168_407-408*4294967169_407-409*4294967169_407-410*4294967169_407-411*4294967169_411-412*4294967170_411-413*4294967170_411-414*4294967170_414-415*4294967171_414-416*4294967171_414-417*4294967171_414-418*4294967171_418-419*4294967172_418-420*4294967172_418-421*4294967172_418-422*4294967172_422-423*4294967173_422-424*4294967173_422-425*4294967173_422-426*4294967173_426-427*4294967174_426-428*4294967174_426-429*4294967174_426-430*4294967174_430-431*4294967175_430-432*4294967175_430-433*4294967175_430-434*4294967175_434-435*4294967176_434-436*4294967176_434-437*4294967176_436-438*4294967177_436-439*4294967177_439-440*4294967178_439-441*4294967178_439-442*4294967178_441-443*4294967179_441-444*4294967179_441-445*4294967179_445-446*4294967180_445-447*4294967180_445-448*4294967180_445-449*4294967180_449-450*4294967181_449-451*4294967181_449-452*4294967181_449-453*4294967181_453-454*4294967182_453-455*4294967182_453-456*4294967182_456-457*4294967183_456-458*4294967183_456-459*4294967183_456-460*4294967183_460-461*4294967184_460-462*4294967184_460-463*4294967184_461-464*4294967185_461-465*4294967185_465-466*4294967186_465-467*4294967186_465-468*4294967186_465-469*4294967186_469-470*4294967187_469-471*4294967187_469-472*4294967187_472-473*4294967188_472-474*4294967188_472-475*4294967188_472-476*4294967188_476-477*4294967189_476-478*4294967189_476-479*4294967189_479-480*4294967190_479-481*4294967190_479-482*4294967190_479-483*4294967190_483-484*4294967191_483-485*4294967191_483-486*4294967191_486-487*4294967192_486-488*4294967192_486-489*4294967192_489-490*4294967193_489-491*4294967193_489-492*4294967193_492-493*4294967194_492-494*4294967194_492-495*4294967194_492-496*4294967194_496-497*4294967195_496-498*4294967195_496-499*4294967195_499-500*4294967196_499-501*4294967196_499-502*4294967196_502-503*4294967197_502-504*4294967197_502-505*4294967197_504-506*4294967198_504-507*4294967198_504-508*4294967198_508-509*4294967199_508-510*4294967199_508-511*4294967199_508-512*4294967199_512-513*4294967200_512-514*4294967200_512-515*4294967200_515-516*4294967201_515-517*4294967201_515-518*4294967201_518-519*4294967202_518-520*4294967202_518-521*4294967202_521-522*4294967203_521-523*4294967203_521-524*4294967203_521-525*4294967203_525-526*4294967204_525-527*4294967204_525-528*4294967204_526-529*4294967205_526-530*4294967205_530-531*4294967206_530-532*4294967206_530-533*4294967206_533-534*4294967207_533-535*4294967207_533-536*4294967207_535-537*4294967208_535-538*4294967208_538-539*4294967209_538-540*4294967209_538-541*4294967209_538-542*4294967209_542-543*4294967210_542-544*4294967210_542-545*4294967210_542-546*4294967210_546-547*4294967211_546-548*4294967211_546-549*4294967211_546-550*4294967211_550-551*4294967212_550-552*4294967212_550-553*4294967212_553-554*4294967213_553-555*4294967213_553-556*4294967213_553-557*4294967213_557-558*4294967214_557-559*4294967214_557-560*4294967214_559-561*4294967215_559-562*4294967215_562-563*4294967216_562-564*4294967216_562-565*4294967216_562-566*4294967216_566-567*4294967217_566-568*4294967217_566-569*4294967217_568-570*4294967218_568-571*4294967218_568-572*4294967218_572-573*4294967219_572-574*4294967219_572-575*4294967219_572-576*4294967219_576-577*4294967220_576-578*4294967220_576-579*4294967220_576-580*4294967220_580-581*4294967221_580-582*4294967221_580-583*4294967221_580-584*4294967221_584-585*4294967222_584-586*4294967222_584-587*4294967222_587-588*4294967223_587-589*4294967223_587-590*4294967223_588-591*4294967224_588-592*4294967224_592-593*4294967225_592-594*4294967225_592-595*4294967225_593-596*4294967226_593-597*4294967226_597-598*4294967227_597-599*4294967227_
0,1,100,100,0,600,3,600,3,1.14977e+07,4.29497e+09,11494,191,600,0,100,0,25,1_2_3_4_5_0_6_7_8_9_10_11_12_13_14_15_16_17_18_19_20_21_22_23_24_25_26_27_28_29_30_31_32_33_34_35_36_37_38_39_40_41_42_43_44_45_46_47_48_49_50_51_52_53_54_55_56_57_58_59_60_61_62_63_64_65_66_67_68_69_70_71_72_73_74_75_76_77_78_79_80_81_82_83_84_85_86_87_88_89_90_91_92_93_94_95_96_97_98_99_100_101_102_103_104_105_106_107_108_109_110_111_112_113_114_115_116_117_118_119_120_121_122_123_124_125_126_127_128_129_130_131_132_133_134_135_136_137_138_139_140_141_142_143_144_145_146_147_148_149_150_151_152_153_154_155_156_157_158_159_160_161_162_163_164_165_166_167_168_169_170_171_172_173_174_175_176_177_178_179_180_181_182_183_184_185_186_187_188_189_190_191_192_193_194_195_196_197_198_199_200_201_202_203_204_205_206_207_208_209_210_211_212_213_214_215_216_217_218_219_220_221_222_223_224_225_226_227_228_229_230_231_232_233_234_235_236_237_238_239_240_241_242_243_244_245_246_247_248_249_250_251_252_253_254_255_256_257_258_259_260_261_262_263_264_265_266_267_268_269_270_271_272_273_274_275_276_277_278_279_280_281_282_283_284_285_286_287_288_289_290_291_292_293_294_295_296_297_298_299_300_301_302_303_304_305_306_307_308_309_310_311_312_313_314_315_316_317_318_319_320_321_322_323_324_325_326_327_328_329_330_331_332_333_334_335_336_337_338_339_340_341_342_343_344_345_346_347_348_349_350_351_352_353_354_355_356_357_358_359_360_361_362_363_364_365_366_367_368_369_370_371_372_373_374_375_376_377_378_379_380_381_382_383_384_385_386_387_388_389_390_391_392_393_394_395_396_397_398_399_400_401_402_403_404_405_406_407_408_409_410_411_412_413_414_415_416_417_418_419_420_421_422_423_424_425_426_427_428_429_430_431_432_433_434_435_436_437_438_439_440_441_442_443_444_445_446_447_448_449_450_451_452_453_454_455_456_457_458_459_460_461_462_463_464_465_466_467_468_469_470_471_472_473_474_475_476_477_478_479_480_481_482_483_484_485_486_487_488_489_490_491_492_493_494_495_496_497_498_499_500_501_502_503_504_505_506_507_508_509_510_511_512_513_514_515_516_517_518_519_520_521_522_523_524_525_526_527_528_529_530_531_532_533_534_535_536_537_538_539_540_541_542_543_544_545_546_547_548_549_550_551_552_553_554_555_556_557_558_559_560_561_562_563_564_565_566_567_568_569_570_571_572_573_574_575_576_577_578_579_580_581_582_583_584_585_586_587_588_589_590_591_592_593_594_595_596_597_598_599_,0_1_2_3_4_5_6_7_8_9_10_11_12_13_14_15_16_17_18_19_20_21_22_23_24_25_26_27_28_29_30_31_32_33_34_35_36_37_38_39_40_41_42_43_44_45_46_47_48_49_50_51_52_53_54_55_56_57_58_59_60_61_62_63_64_65_66_67_68_69_70_71_72_73_74_75_76_77_78_79_80_81_82_83_84_85_86_87_88_89_90_91_92_93_94_95_96_97_98_99_100_101_102_103_104_105_106_107_108_109_110_111_112_113_114_115_116_117_118_119_120_121_122_123_124_125_126_127_128_129_130_131_132_133_134_135_136_137_138_139_140_141_142_143_144_145_146_147_148_149_150_151_152_153_154_155_156_157_158_159_160_161_162_163_164_165_166_167_168_169_170_171_172_173_174_175_176_177_178_179_180_181_182_183_184_185_186_187_188_189_190_191_192_193_194_195_196_197_198_199_200_201_202_203_204_205_206_207_208_209_210_211_212_213_214_215_216_217_218_219_220_221_222_223_224_225_226_227_228_229_230_231_232_233_234_235_236_237_238_239_240_241_242_243_244_245_246_247_248_249_250_251_252_253_254_255_256_257_258_259_260_261_262_263_264_265_266_267_268_269_270_271_272_273_274_275_276_277_278_279_280_281_282_283_284_285_286_287_288_289_290_291_292_293_294_295_296_297_298_299_300_301_302_303_304_305_306_307_308_309_310_311_312_313_314_315_316_317_318_319_320_321_322_323_324_325_326_327_328_329_330_331_332_333_334_335_336_337_338_339_340_341_342_343_344_345_346_347_348_349_350_351_352_353_354_355_356_357_358_359_360_361_362_363_364_365_366_367_368_369_370_371_372_373_374_375_376_377_378_379_380_381_382_383_384_385_386_387_388_389_390_391_392_393_394_395_396_397_398_399_400_401_402_403_404_405_406_407_408_409_410_411_412_413_414_415_416_417_418_419_420_421_422_423_424_425_426_427_428_429_430_431_432_433_434_435_436_437_438_439_440_441_442_443_444_445_446_447_448_449_450_451_452_453_454_455_456_457_458_459_460_461_462_463_464_465_466_467_468_469_470_471_472_473_474_475_476_477_478_479_480_481_482_483_484_485_486_487_488_489_490_491_492_493_494_495_496_497_498_499_500_501_502_503_504_505_506_507_508_509_510_511_512_513_514_515_516_517_518_519_520_521_522_523_524_525_526_527_528_529_530_531_532_533_534_535_536_537_538_539_540_541_542_543_544_545_546_547_548_549_550_551_552_553_554_555_556_557_558_559_560_561_562_563_564_565_566_567_568_569_570_571_572_573_574_575_576_577_578_579_580_581_582_583_584_585_586_587_588_589_590_591_592_593_594_595_596_597_598_599_,0:{1;2;3;}3:{4;5;0;6;}6:{7;8;9;}9:{10;11;12;}12:{13;14;15;}15:{16;17;18;19;}19:{20;21;22;23;}23:{24;25;26;}26:{27;28;29;}29:{30;31;32;33;}33:{34;35;36;37;}37:{38;39;40;41;}41:{42;43;44;}44:{45;46;47;}47:{48;49;50;51;}51:{52;53;54;}54:{55;56;57;58;}58:{59;60;61;62;}62:{63;64;65;}63:{66;}66:{67;68;69;}67:{70;71;}71:{72;73;74;}74:{75;76;77;}76:{78;79;}79:{80;81;82;}82:{83;84;85;}85:{86;87;88;89;}89:{90;91;92;}92:{93;94;95;96;}96:{97;98;99;}99:{100;101;102;103;}103:{104;105;106;107;}107:{108;109;110;111;}111:{112;113;114;115;}115:{116;117;118;119;}118:{120;121;122;}122:{123;124;125;126;}126:{127;128;129;}129:{130;131;132;}132:{133;134;135;136;}136:{137;138;139;140;}140:{141;142;143;144;}143:{145;146;147;}147:{148;149;150;}150:{151;152;153;}152:{154;155;}154:{156;157;158;}158:{159;160;161;162;}162:{163;164;165;166;}166:{167;168;169;}167:{170;171;}171:{172;173;174;175;}175:{176;177;178;179;}179:{180;181;182;}181:{183;184;185;}185:{186;187;188;}188:{189;190;191;192;}191:{193;194;}194:{195;196;197;198;}198:{199;200;201;}201:{202;203;204;205;}205:{206;207;208;}208:{209;210;211;}211:{212;213;214;215;}215:{216;217;218;}218:{219;220;221;222;}222:{223;224;225;226;}226:{227;228;229;}229:{230;231;232;}232:{233;234;235;}235:{236;237;238;}237:{239;240;}240:{241;242;243;}243:{244;245;246;}244:{247;248;}248:{249;250;251;}251:{252;253;254;255;}255:{256;257;258;}258:{259;260;261;262;}262:{263;264;265;}263:{266;}266:{267;268;269;270;}270:{271;272;273;274;}274:{275;276;277;}275:{278;}278:{279;280;281;}279:{282;}282:{283;284;285;}285:{286;287;288;}288:{289;290;291;292;}292:{293;294;295;}294:{296;297;298;}298:{299;300;301;}301:{302;303;304;}302:{305;}305:{306;307;308;}306:{309;310;}310:{311;312;313;}313:{314;315;316;}314:{317;318;}318:{319;320;321;}321:{322;323;324;325;}325:{326;327;328;329;}329:{330;331;332;333;}333:{334;335;336;337;}337:{338;339;340;341;}341:{342;343;344;}344:{345;346;347;}347:{348;349;350;}349:{351;352;}351:{353;354;355;}354:{356;357;}357:{358;359;360;361;}361:{362;363;364;365;}365:{366;367;368;369;}369:{370;371;372;373;}373:{374;375;376;}376:{377;378;379;380;}380:{381;382;383;}382:{384;385;}385:{386;387;388;}386:{389;}389:{390;391;392;}392:{393;394;395;396;}395:{397;398;}398:{399;400;401;}400:{402;403;}402:{404;405;}403:{406;407;}407:{408;409;410;411;}411:{412;413;414;}414:{415;416;417;418;}418:{419;420;421;422;}422:{423;424;425;426;}426:{427;428;429;430;}430:{431;432;433;434;}434:{435;436;437;}436:{438;439;}439:{440;441;442;}441:{443;444;445;}445:{446;447;448;449;}449:{450;451;452;453;}453:{454;455;456;}456:{457;458;459;460;}460:{461;462;463;}461:{464;465;}465:{466;467;468;469;}469:{470;471;472;}472:{473;474;475;476;}476:{477;478;479;}479:{480;481;482;483;}483:{484;485;486;}486:{487;488;489;}489:{490;491;492;}492:{493;494;495;496;}496:{497;498;499;}499:{500;501;502;}502:{503;504;505;}504:{506;507;508;}508:{509;510;511;512;}512:{513;514;515;}515:{516;517;518;}518:{519;520;521;}521:{522;523;524;525;}525:{526;527;528;}526:{529;530;}530:{531;532;533;}533:{534;535;536;}535:{537;538;}538:{539;540;541;542;}542:{543;544;545;546;}546:{547;548;549;550;}550:{551;552;553;}553:{554;555;556;557;}557:{558;559;560;}559:{561;562;}562:{563;564;565;566;}566:{567;568;569;}568:{570;571;572;}572:{573;574;575;576;}576:{577;578;579;580;}580:{581;582;583;584;}584:{585;586;587;}587:{588;589;590;}588:{591;592;}592:{593;594;595;}593:{596;597;}597:{598;599;},559_560_561_,0-1*0_0-2*0_0-3*0_3-4*1_3-5*1_3-0*1_3-6*1_6-7*2_6-8*2_6-9*2_9-10*3_9-11*3_9-12*3_12-13*4_12-14*4_12-15*4_15-16*5_15-17*5_15-18*5_15-19*5_19-20*6_19-21*6_19-22*6_19-23*6_23-24*7_23-25*7_23-26*7_26-27*8_26-28*8_26-29*8_29-30*9_29-31*9_29-32*9_29-33*9_33-34*10_33-35*10_33-36*10_33-37*10_37-38*11_37-39*11_37-40*11_37-41*11_41-42*12_41-43*12_41-44*12_44-45*13_44-46*13_44-47*13_47-48*14_47-49*14_47-50*14_47-51*14_51-52*15_51-53*15_51-54*15_54-55*16_54-56*16_54-57*16_54-58*16_58-59*17_58-60*17_58-61*17_58-62*17_62-63*18_62-64*18_62-65*18_63-66*19_66-67*20_66-68*20_66-69*20_67-70*21_67-71*21_71-72*22_71-73*22_71-74*22_74-75*23_74-76*23_74-77*23_76-78*24_76-79*24_79-80*25_79-81*25_79-82*25_82-83*26_82-84*26_82-85*26_85-86*27_85-87*27_85-88*27_85-89*27_89-90*28_89-91*28_89-92*28_92-93*29_92-94*29_92-95*29_92-96*29_96-97*30_96-98*30_96-99*30_99-100*31_99-101*31_99-102*31_99-103*31_103-104*32_103-105*32_103-106*32_103-107*32_107-108*33_107-109*33_107-110*33_107-111*33_111-112*34_111-113*34_111-114*34_111-115*34_115-116*35_115-117*35_115-118*35_115-119*35_118-120*36_118-121*36_118-122*36_122-123*37_122-124*37_122-125*37_122-126*37_126-127*38_126-128*38_126-129*38_129-130*39_129-131*39_129-132*39_132-133*40_132-134*40_132-135*40_132-136*40_136-137*41_136-138*41_136-139*41_136-140*41_140-141*42_140-142*42_140-143*42_140-144*42_143-145*43_143-146*43_143-147*43_147-148*44_147-149*44_147-150*44_150-151*45_150-152*45_150-153*45_152-154*46_152-155*46_154-156*47_154-157*47_154-158*47_158-159*48_158-160*48_158-161*48_158-162*48_162-163*49_162-164*49_162-165*49_162-166*49_166-167*50_166-168*50_166-169*50_167-170*51_167-171*51_171-172*52_171-173*52_171-174*52_171-175*52_175-176*53_175-177*53_175-178*53_175-179*53_179-180*54_179-181*54_179-182*54_181-183*55_181-184*55_181-185*55_185-186*56_185-187*56_185-188*56_188-189*57_188-190*57_188-191*57_188-192*57_191-193*58_191-194*58_194-195*59_194-196*59_194-197*59_194-198*59_198-199*60_198-200*60_198-201*60_201-202*61_201-203*61_201-204*61_201-205*61_205-206*62_205-207*62_205-208*62_208-209*63_208-210*63_208-211*63_211-212*64_211-213*64_211-214*64_211-215*64_215-216*65_215-217*65_215-218*65_218-219*66_218-220*66_218-221*66_218-222*66_222-223*67_222-224*67_222-225*67_222-226*67_226-227*68_226-228*68_226-229*68_229-230*69_229-231*69_229-232*69_232-233*70_232-234*70_232-235*70_235-236*71_235-237*71_235-238*71_237-239*72_237-240*72_240-241*73_240-242*73_240-243*73_243-244*74_243-245*74_243-246*74_244-247*75_244-248*75_248-249*76_248-250*76_248-251*76_251-252*77_251-253*77_251-254*77_251-255*77_255-256*78_255-257*78_255-258*78_258-259*79_258-260*79_258-261*79_258-262*79_262-263*80_262-264*80_262-265*80_263-266*81_266-267*82_266-268*82_266-269*82_266-270*82_270-271*83_270-272*83_270-273*83_270-274*83_274-275*84_274-276*84_274-277*84_275-278*85_278-279*86_278-280*86_278-281*86_279-282*87_282-283*88_282-284*88_282-285*88_285-286*89_285-287*89_285-288*89_288-289*90_288-290*90_288-291*90_288-292*90_292-293*91_292-294*91_292-295*91_294-296*92_294-297*92_294-298*92_298-299*93_298-300*93_298-301*93_301-302*94_301-303*94_301-304*94_302-305*95_305-306*96_305-307*96_305-308*96_306-309*97_306-310*97_310-311*98_310-312*98_310-313*98_313-314*99_313-315*99_313-316*99_314-317*100_314-318*100_318-319*101_318-320*101_318-321*101_321-322*102_321-323*102_321-324*102_321-325*102_325-326*103_325-327*103_325-328*103_325-329*103_329-330*104_329-331*104_329-332*104_329-333*104_333-334*105_333-335*105_333-336*105_333-337*105_337-338*106_337-339*106_337-340*106_337-341*106_341-342*107_341-343*107_341-344*107_344-345*108_344-346*108_344-347*108_347-348*109_347-349*109_347-350*109_349-351*110_349-352*110_351-353*111_351-354*111_351-355*111_354-356*112_354-357*112_357-358*113_357-359*113_357-360*113_357-361*113_361-362*114_361-363*114_361-364*114_361-365*114_365-366*115_365-367*115_365-368*115_365-369*115_369-370*116_369-371*116_369-372*116_369-373*116_373-374*117_373-375*117_373-376*117_376-377*118_376-378*118_376-379*118_376-380*118_380-381*119_380-382*119_380-383*119_382-384*120_382-385*120_385-386*121_385-387*121_385-388*121_386-389*122_389-390*123_389-391*123_389-392*123_392-393*124_392-394*124_392-395*124_392-396*124_395-397*125_395-398*125_398-399*126_398-400*126_398-401*126_400-402*127_400-403*127_402-404*4294967168_402-405*4294967168_403-406*4294967168_403-407*4294967168_407-408*4294967169_407-409*4294967169_407-410*4294967169_407-411*4294967169_411-412*4294967170_411-413*4294967170_411-414*4294967170_414-415*4294967171_414-416*4294967171_414-417*4294967171_414-418*4294967171_418-419*4294967172_418-420*4294967172_418-421*4294967172_418-422*4294967172_422-423*4294967173_422-424*4294967173_422-425*4294967173_422-426*4294967173_426-427*4294967174_426-428*4294967174_426-429*4294967174_426-430*4294967174_430-431*4294967175_430-432*4294967175_430-433*4294967175_430-434*4294967175_434-435*4294967176_434-436*4294967176_434-437*4294967176_436-438*4294967177_436-439*4294967177_439-440*4294967178_439-441*4294967178_439-442*4294967178_441-443*4294967179_441-444*4294967179_441-445*4294967179_445-446*4294967180_445-447*4294967180_445-448*4294967180_445-449*4294967180_449-450*4294967181_449-451*4294967181_449-452*4294967181_449-453*4294967181_453-454*4294967182_453-455*4294967182_453-456*4294967182_456-457*4294967183_456-458*4294967183_456-459*4294967183_456-460*4294967183_460-461*4294967184_460-462*4294967184_460-463*4294967184_461-464*4294967185_461-465*4294967185_465-466*4294967186_465-467*4294967186_465-468*4294967186_465-469*4294967186_469-470*4294967187_469-471*4294967187_469-472*4294967187_472-473*4294967188_472-474*4294967188_472-475*4294967188_472-476*4294967188_476-477*4294967189_476-478*4294967189_476-479*4294967189_479-480*4294967190_479-481*4294967190_479-482*4294967190_479-483*4294967190_483-484*4294967191_483-485*4294967191_483-486*4294967191_486-487*4294967192_486-488*4294967192_486-489*4294967192_489-490*4294967193_489-491*4294967193_489-492*4294967193_492-493*4294967194_492-494*4294967194_492-495*4294967194_492-496*4294967194_496-497*4294967195_496-498*4294967195_496-499*4294967195_499-500*4294967196_499-501*4294967196_499-502*4294967196_502-503*4294967197_502-504*4294967197_502-505*4294967197_504-506*4294967198_504-507*4294967198_504-508*4294967198_508-509*4294967199_508-510*4294967199_508-511*4294967199_508-512*4294967199_512-513*4294967200_512-514*4294967200_512-515*4294967200_515-516*4294967201_515-517*4294967201_515-518*4294967201_518-519*4294967202_518-520*4294967202_518-521*4294967202_521-522*4294967203_521-523*4294967203_521-524*4294967203_521-525*4294967203_525-526*4294967204_525-527*4294967204_525-528*4294967204_526-529*4294967205_526-530*4294967205_530-531*4294967206_530-532*4294967206_530-533*4294967206_533-534*4294967207_533-535*4294967207_533-536*4294967207_535-537*4294967208_535-538*4294967208_538-539*4294967209_538-540*4294967209_538-541*4294967209_538-542*4294967209_542-543*4294967210_542-544*4294967210_542-545*4294967210_542-546*4294967210_546-547*4294967211_546-548*4294967211_546-549*4294967211_546-550*4294967211_550-551*4294967212_550-552*4294967212_550-553*4294967212_553-554*4294967213_553-555*4294967213_553-556*4294967213_553-557*4294967213_557-558*4294967214_557-559*4294967214_557-560*4294967214_559-561*4294967215_559-562*4294967215_562-563*4294967216_562-564*4294967216_562-565*4294967216_562-566*4294967216_566-567*4294967217_566-568*4294967217_566-569*4294967217_568-570*4294967218_568-571*4294967218_568-572*4294967218_572-573*4294967219_572-574*4294967219_572-575*4294967219_572-576*4294967219_576-577*4294967220_576-578*4294967220_576-579*4294967220_576-580*4294967220_580-581*4294967221_580-582*4294967221_580-583*4294967221_580-584*4294967221_584-585*4294967222_584-586*4294967222_584-587*4294967222_587-588*4294967223_587-589*4294967223_587-590*4294967223_588-591*4294967224_588-592*4294967224_592-593*4294967225_592-594*4294967225_592-595*4294967225_593-596*4294967226_593-597*4294967226_597-598*4294967227_597-599*4294967227_
